baseline_aupr	baseline_auroc	cluster_id	lagged_edges	lagged_edges2	nan_edges	percent_lagged_x	percent_lagged2	swing_aupr	swing_aupr2	swing_aupr3	swing_aupr4	swing_aupr5	swing_auroc	swing_auroc2	swing_auroc3	swing_auroc4	swing_auroc5	total_edges_x	norm_swing_aupr	norm_swing_aupr2	norm_swing_aupr3	norm_swing_aupr4	norm_swing_aupr5	norm_swing_auroc	norm_swing_auroc2	norm_swing_auroc3	norm_swing_auroc4	norm_swing_auroc5	lag_mean	lag_median	percent_lagged_y	total_edges_y
1.0	0.6504428921486946	0.8448381049076157	-0.7064657549232912	-0.6658339010158504	-0.7389960777989087	-0.6110285105152613	-0.3564328280618283	0.9996437623511686	0.9973032527952448	0.9974755267745364	0.9996190461339803	0.9987237104675611	0.7754174531445783	0.9177615440797855	0.9507704698572276	0.7739617519975255	0.7631643206647479	-0.749509868311571	-0.5743728599941159	-0.9541354933883286	-0.9622096494829128	-0.5551787857319014	-0.6922607490610072	0.008205035647124909	0.6871738349367683	0.7554214165392036	-0.04341346497970415	0.6430398801791136	-0.32024908424416065	-0.32024908424416065	-0.6603046913034875	-0.742325453716499
0.6504428921486946	1.0	0.9323007350151107	-0.45259053937972166	-0.7526068037409319	-0.7496051468521066	-0.3209029916226565	-0.7439276840711333	0.6308707782303087	0.6088573982976494	0.6084329155890249	0.6334920215493874	0.6364151780655344	0.9805624555217076	0.8963086310135521	0.8529726491970553	0.9748547189798386	0.8666968659764196	-0.587267253581789	-0.9667784095145419	-0.7830904207018534	-0.7806634232221711	-0.864461653573967	-0.6388439846947426	-0.7273752611776524	-0.09853735328809411	-0.004887438983227181	-0.7281657138993028	0.4352567749705941	-0.7835834383509575	-0.7835834383509575	-0.40105687185976446	-0.5693165267830319
0.8448381049076157	0.9323007350151107	1.0	-0.46511118577531607	-0.6638124816880339	-0.6997882046486831	-0.3243759199160326	-0.5246790003642889	0.8302678159082472	0.8069076640194727	0.8074605305800525	0.8304375008380468	0.843523646894875	0.9575245473262891	0.9652114481057371	0.9635465553493209	0.9441204990344881	0.9666430504051843	-0.5828302590761786	-0.9229008212865589	-0.9515216983655815	-0.9480663824223988	-0.8933014605918113	-0.5882231053593296	-0.5265306350331733	0.19893796600366992	0.31791821019968486	-0.5704106057976054	0.6920719967068568	-0.5500166645806914	-0.5500166645806914	-0.4042286971697455	-0.5658919362768611
-0.7064657549232912	-0.45259053937972166	-0.46511118577531607	1.0	0.9026322805493787	0.9244733392466759	0.9882446355046666	0.7034298630814593	-0.712107487486774	-0.7413743716675685	-0.7384958119803006	-0.7182003713123553	-0.6721610188764615	-0.595380371364852	-0.6793119350037788	-0.6504445917353149	-0.6299212851698894	-0.23454142158367586	0.9874787350980008	0.2250205904384888	0.5238937873416556	0.5501018084641113	0.030480305257081165	0.9663246593954454	-0.2009766629715161	-0.5695221753635378	-0.5043331400149758	-0.2508650156907891	0.08765795375334248	0.6220389698705415	0.6220389698705415	0.9976357922958528	0.9906734010712211
-0.6658339010158504	-0.7526068037409319	-0.6638124816880339	0.9026322805493787	1.0	0.9941797492314466	0.8482777189716596	0.9195275310460478	-0.6598147315171508	-0.6736166870531817	-0.6708162289322213	-0.6666069012436461	-0.6284520403510465	-0.8264348196204487	-0.8069439917635124	-0.7469126506162734	-0.8537501360072277	-0.45186703429998026	0.9541092887334038	0.559773528488385	0.5962237916246497	0.6151200691220653	0.3387185574247765	0.9829039993240238	0.23804741824486747	-0.22291421032462155	-0.19740846924246738	0.17872554642734204	0.03413510577914382	0.8824819625588657	0.8824819625588657	0.8860965337304728	0.9490343377685797
-0.7389960777989087	-0.7496051468521066	-0.6997882046486831	0.9244733392466759	0.9941797492314466	1.0	0.8659063595321711	0.8728659245473008	-0.7343025368447721	-0.7478649061282449	-0.7453069240157623	-0.740488169128359	-0.7047188339392464	-0.8381687410827219	-0.8457392032434972	-0.7970261839272248	-0.8636356960441366	-0.49348219881894506	0.9722775957545706	0.5603387068564875	0.6607954289647793	0.6797146233681435	0.3568268326992498	0.987858099904481	0.18453007481779712	-0.31631071386876297	-0.29833830241548404	0.1371343209887761	-0.04436145058334207	0.8309804896169272	0.8309804896169272	0.9046229108843319	0.967348131224055
-0.6110285105152613	-0.3209029916226565	-0.3243759199160326	0.9882446355046666	0.8482777189716596	0.8659063595321711	1.0	0.6577433031972555	-0.6196576521436585	-0.654978696152215	-0.6518192463732659	-0.6261071306457812	-0.574763530633415	-0.46975360607064215	-0.5593845533583476	-0.5293875821953945	-0.5088959131104944	-0.08416373127012476	0.954183571604055	0.0796211573163799	0.3970013388243948	0.42560006032382813	-0.12218079010767259	0.9300057049575603	-0.3090081169161282	-0.5782463006640697	-0.4882492236383589	-0.3693646595569268	0.21039056041382428	0.5661518257190842	0.5661518257190842	0.9961644127412864	0.9605539769652459
-0.3564328280618283	-0.7439276840711333	-0.5246790003642889	0.7034298630814593	0.9195275310460478	0.8728659245473008	0.6577433031972555	1.0	-0.34431352759932726	-0.35332853606240383	-0.3501654695667423	-0.35225964874324667	-0.31358717678237236	-0.7477754654080397	-0.6244043494307492	-0.5302347260074223	-0.7754900749956963	-0.3263445777767966	0.7753929885233507	0.5725371304355871	0.3488272468450295	0.36354633131999686	0.3195513671431821	0.8524270555875778	0.4770821982260659	0.1684225241683378	0.20348813651322073	0.3870895259185153	0.2508817141413795	0.9928569623661723	0.9928569623661723	0.6952959705451375	0.7684602889546255
0.9996437623511686	0.6308707782303087	0.8302678159082472	-0.712107487486774	-0.6598147315171508	-0.7343025368447721	-0.6196576521436585	-0.34431352759932726	1.0	0.9986939910018859	0.9988502026254392	0.9999563094476626	0.9984309777329483	0.7597798896090303	0.9077895767202402	0.9423605585377142	0.7588857334921648	0.7470856910885183	-0.7510892283814806	-0.5523200962975694	-0.9466732726445377	-0.9552327024347244	-0.5340863575001379	-0.6911132722046899	0.03487192376383669	0.7060923173417021	0.7713890513228163	-0.016846634245063913	0.6361172740720303	-0.30540179213453694	-0.30540179213453694	-0.6670228958012288	-0.744444168702266
0.9973032527952448	0.6088573982976494	0.8069076640194727	-0.7413743716675685	-0.6736166870531817	-0.7478649061282449	-0.654978696152215	-0.35332853606240383	0.9986939910018859	1.0	0.9999907102492802	0.998932872151299	0.9945066274650403	0.7443155116231758	0.8971244641281889	0.9306759665141047	0.7457689078665055	0.7137628292085232	-0.7739154003427435	-0.5192725938936084	-0.929591026507297	-0.9396544690726932	-0.49312368056433553	-0.7121657648897772	0.07229267650691311	0.7286063484621473	0.7850842599358677	0.024843682271979674	0.6008281023455845	-0.30888416711042394	-0.30888416711042394	-0.6989985096522822	-0.7682555204837646
0.9974755267745364	0.6084329155890249	0.8074605305800525	-0.7384958119803006	-0.6708162289322213	-0.7453069240157623	-0.6518192463732659	-0.3501654695667423	0.9988502026254392	0.9999907102492802	1.0	0.999049753130631	0.9948924426893967	0.7436863027036589	0.896796818740578	0.9307322538614348	0.7449306774194263	0.7153519612537016	-0.7711950916405328	-0.5198623031621725	-0.9304941364606761	-0.9404435687766224	-0.4948866210064072	-0.709230785867968	0.07185654164339865	0.7287667176215828	0.7858878481125227	0.023847367825640585	0.6041754246964668	-0.3059867127002966	-0.3059867127002966	-0.6959519616675419	-0.7654976286695173
0.9996190461339803	0.6334920215493874	0.8304375008380468	-0.7182003713123553	-0.6666069012436461	-0.740488169128359	-0.6261071306457812	-0.35225964874324667	0.9999563094476626	0.998932872151299	0.999049753130631	1.0	0.9979343703564106	0.7625911341135946	0.9095589281252789	0.9431832894383639	0.762110765079894	0.7450784618478135	-0.7571579276538418	-0.5528881242096336	-0.9455746990608458	-0.9543491527299898	-0.5320114723707314	-0.6978390350280754	0.033808031231406445	0.7045322036384204	0.7686689197436065	-0.016695513172108486	0.6295352799281378	-0.3129623105301726	-0.3129623105301726	-0.6733863750844363	-0.7505518184356931
0.9987237104675611	0.6364151780655344	0.843523646894875	-0.6721610188764615	-0.6284520403510465	-0.7047188339392464	-0.574763530633415	-0.31358717678237236	0.9984309777329483	0.9945066274650403	0.9948924426893967	0.9979343703564106	1.0	0.7599632836212141	0.9074277052440046	0.9454263179208068	0.7562385830818408	0.7738341097412407	-0.7155009101893556	-0.5717060050610452	-0.9591335135825351	-0.9660051770754948	-0.5667916417406228	-0.654929024980949	0.01246573154657803	0.6935815055393729	0.7681750115862224	-0.04565011285761761	0.6781338060047498	-0.27969444427606605	-0.27969444427606605	-0.6245412616528633	-0.7080858729594367
0.7754174531445783	0.9805624555217076	0.9575245473262891	-0.595380371364852	-0.8264348196204487	-0.8381687410827219	-0.46975360607064215	-0.7477754654080397	0.7597798896090303	0.7443155116231758	0.7436863027036589	0.7625911341135946	0.7599632836212141	1.0	0.962415156497342	0.9288833547625418	0.9987202548203382	0.8654820664956199	-0.712379403187105	-0.9165199216909311	-0.858193931501415	-0.8602885800778168	-0.8081162573720319	-0.7434612848736436	-0.5785916491226927	0.09083014610988818	0.17240518602569768	-0.5823264430892675	0.45500874091868193	-0.7660167363568641	-0.7660167363568641	-0.5450239518773953	-0.6967120242402424
0.9177615440797855	0.8963086310135521	0.9652114481057371	-0.6793119350037788	-0.8069439917635124	-0.8457392032434972	-0.5593845533583476	-0.6244043494307492	0.9077895767202402	0.8971244641281889	0.896796818740578	0.9095589281252789	0.9074277052440046	0.962415156497342	1.0	0.9930146514617888	0.9610578368527659	0.8718469111872112	-0.7712979775268703	-0.8229560327078725	-0.9497554962925072	-0.9545888964771013	-0.7461726558234827	-0.7662450296957715	-0.3598093611349165	0.3529528576792089	0.43336763411770995	-0.3841890639871823	0.5616163901232191	-0.6201874975160873	-0.6201874975160873	-0.6278547476409659	-0.7583741588097975
0.9507704698572276	0.8529726491970553	0.9635465553493209	-0.6504445917353149	-0.7469126506162734	-0.7970261839272248	-0.5293875821953945	-0.5302347260074223	0.9423605585377142	0.9306759665141047	0.9307322538614348	0.9431832894383639	0.9454263179208068	0.9288833547625418	0.9930146514617888	1.0	0.9242571619990816	0.8871857594055714	-0.7362728488339741	-0.7936456163052337	-0.9786740968762958	-0.982477921477758	-0.7455733351332077	-0.7172007883262884	-0.2969435850366587	0.42871569548674476	0.5177805250659631	-0.33588402714927446	0.6382253486277442	-0.5235491102615318	-0.5235491102615318	-0.5967082589836996	-0.7237456065687531
0.7739617519975255	0.9748547189798386	0.9441204990344881	-0.6299212851698894	-0.8537501360072277	-0.8636356960441366	-0.5088959131104944	-0.7754900749956963	0.7588857334921648	0.7457689078665055	0.7449306774194263	0.762110765079894	0.7562385830818408	0.9987202548203382	0.9610578368527659	0.9242571619990816	1.0	0.8400314707814677	-0.7430240243626376	-0.8984767901693583	-0.844954257662089	-0.8485478669621976	-0.7779330336516258	-0.7748997677289067	-0.5593409967561003	0.09982744457118646	0.17289738896623527	-0.5571200570952942	0.41551894492341623	-0.7893576839360795	-0.7893576839360795	-0.5819359912457515	-0.7280517933901287
0.7631643206647479	0.8666968659764196	0.9666430504051843	-0.23454142158367586	-0.45186703429998026	-0.49348219881894506	-0.08416373127012476	-0.3263445777767966	0.7470856910885183	0.7137628292085232	0.7153519612537016	0.7450784618478135	0.7738341097412407	0.8654820664956199	0.8718469111872112	0.8871857594055714	0.8400314707814677	1.0	-0.36082613885841996	-0.9231436917112519	-0.9212848534579565	-0.9102845315685094	-0.9599511652325317	-0.3619409609601496	-0.5757417169937006	0.12783670068287956	0.27915075817354673	-0.6460841068117096	0.826340172494391	-0.3722956048601992	-0.3722956048601992	-0.16753407363790357	-0.3419597536297171
-0.749509868311571	-0.587267253581789	-0.5828302590761786	0.9874787350980008	0.9541092887334038	0.9722775957545706	0.954183571604055	0.7753929885233507	-0.7510892283814806	-0.7739154003427435	-0.7711950916405328	-0.7571579276538418	-0.7155009101893556	-0.712379403187105	-0.7712979775268703	-0.7362728488339741	-0.7430240243626376	-0.36082613885841996	1.0	0.37386904962007855	0.6073342382266835	0.6307724217437066	0.1770322649237948	0.991111367596997	-0.05034376201938498	-0.4917858201528789	-0.4480246860308855	-0.09685813757697166	0.011783448264828434	0.7087090496221905	0.7087090496221905	0.9766564640857941	0.9997557244397122
-0.5743728599941159	-0.9667784095145419	-0.9229008212865589	0.2250205904384888	0.559773528488385	0.5603387068564875	0.0796211573163799	0.5725371304355871	-0.5523200962975694	-0.5192725938936084	-0.5198623031621725	-0.5528881242096336	-0.5717060050610452	-0.9165199216909311	-0.8229560327078725	-0.7936456163052337	-0.8984767901693583	-0.9231436917112519	0.37386904962007855	1.0	0.7664753924571303	0.7561411162358924	0.9597310975214699	0.4252459307838342	0.8132662769924575	0.19305522460513858	0.06409708233617788	0.8392817383443587	-0.5746392496293586	0.6358186467708802	0.6358186467708802	0.16599524820788147	0.35327867667054647
-0.9541354933883286	-0.7830904207018534	-0.9515216983655815	0.5238937873416556	0.5962237916246497	0.6607954289647793	0.3970013388243948	0.3488272468450295	-0.9466732726445377	-0.929591026507297	-0.9304941364606761	-0.9455746990608458	-0.9591335135825351	-0.858193931501415	-0.9497554962925072	-0.9786740968762958	-0.844954257662089	-0.9212848534579565	0.6073342382266835	0.7664753924571303	1.0	0.9995003480833112	0.7767428766101814	0.5716990380833555	0.2536869922006954	-0.4790867106243529	-0.5914640717519678	0.3193783993873855	-0.7786631105690888	0.3483977247871002	0.3483977247871002	0.4649171307315978	0.5943395039454781
-0.9622096494829128	-0.7806634232221711	-0.9480663824223988	0.5501018084641113	0.6151200691220653	0.6797146233681435	0.42560006032382813	0.36354633131999686	-0.9552327024347244	-0.9396544690726932	-0.9404435687766224	-0.9543491527299898	-0.9660051770754948	-0.8602885800778168	-0.9545888964771013	-0.982477921477758	-0.8485478669621976	-0.9102845315685094	0.6307724217437066	0.7561411162358924	0.9995003480833112	1.0	0.7600292256285328	0.5943225407481513	0.23627207294387795	-0.49505465194612414	-0.602729604924542	0.29928105355597223	-0.7615495535220972	0.3597391442320858	0.3597391442320858	0.49226095171573586	0.6182269714224858
-0.5551787857319014	-0.864461653573967	-0.8933014605918113	0.030480305257081165	0.3387185574247765	0.3568268326992498	-0.12218079010767259	0.3195513671431821	-0.5340863575001379	-0.49312368056433553	-0.4948866210064072	-0.5320114723707314	-0.5667916417406228	-0.8081162573720319	-0.7461726558234827	-0.7455733351332077	-0.7779330336516258	-0.9599511652325317	0.1770322649237948	0.9597310975214699	0.7767428766101814	0.7600292256285328	1.0	0.20827888532627198	0.7670885563608254	0.1494811985079767	-0.01150639217481683	0.8287528193320765	-0.7565828375734698	0.3937068876819294	0.3937068876819294	-0.035211456806115995	0.15569879987518304
-0.6922607490610072	-0.6388439846947426	-0.5882231053593296	0.9663246593954454	0.9829039993240238	0.987858099904481	0.9300057049575603	0.8524270555875778	-0.6911132722046899	-0.7121657648897772	-0.709230785867968	-0.6978390350280754	-0.654929024980949	-0.7434612848736436	-0.7662450296957715	-0.7172007883262884	-0.7748997677289067	-0.3619409609601496	0.991111367596997	0.4252459307838342	0.5716990380833555	0.5943225407481513	0.20827888532627198	1.0	0.055346796537658435	-0.3716189945240028	-0.326948447884272	-0.002695659292799438	0.0680001193606671	0.795304137142256	0.795304137142256	0.9560528897461413	0.9895640488439248
0.008205035647124909	-0.7273752611776524	-0.5265306350331733	-0.2009766629715161	0.23804741824486747	0.18453007481779712	-0.3090081169161282	0.4770821982260659	0.03487192376383669	0.07229267650691311	0.07185654164339865	0.033808031231406445	0.01246573154657803	-0.5785916491226927	-0.3598093611349165	-0.2969435850366587	-0.5593409967561003	-0.5757417169937006	-0.05034376201938498	0.8132662769924575	0.2536869922006954	0.23627207294387795	0.7670885563608254	0.055346796537658435	1.0	0.7272925745447925	0.6233083837297418	0.9902233067591844	-0.21792178374896948	0.5781286047081309	0.5781286047081309	-0.23907500386000427	-0.0701663960144593
0.6871738349367683	-0.09853735328809411	0.19893796600366992	-0.5695221753635378	-0.22291421032462155	-0.31631071386876297	-0.5782463006640697	0.1684225241683378	0.7060923173417021	0.7286063484621473	0.7287667176215828	0.7045322036384204	0.6935815055393729	0.09083014610988818	0.3529528576792089	0.42871569548674476	0.09982744457118646	0.12783670068287956	-0.4917858201528789	0.19305522460513858	-0.4790867106243529	-0.49505465194612414	0.1494811985079767	-0.3716189945240028	0.7272925745447925	1.0	0.9828625254409502	0.6742482718924807	0.34196786694035264	0.2615596892552842	0.2615596892552842	-0.5627798697678665	-0.5006587157608039
0.7554214165392036	-0.004887438983227181	0.31791821019968486	-0.5043331400149758	-0.19740846924246738	-0.29833830241548404	-0.4882492236383589	0.20348813651322073	0.7713890513228163	0.7850842599358677	0.7858878481125227	0.7686689197436065	0.7681750115862224	0.17240518602569768	0.43336763411770995	0.5177805250659631	0.17289738896623527	0.27915075817354673	-0.4480246860308855	0.06409708233617788	-0.5914640717519678	-0.602729604924542	-0.01150639217481683	-0.326948447884272	0.6233083837297418	0.9828625254409502	1.0	0.5499999773029134	0.5093338949196722	0.28129469267645535	0.28129469267645535	-0.48584891816826	-0.4534465958426324
-0.04341346497970415	-0.7281657138993028	-0.5704106057976054	-0.2508650156907891	0.17872554642734204	0.1371343209887761	-0.3693646595569268	0.3870895259185153	-0.016846634245063913	0.024843682271979674	0.023847367825640585	-0.016695513172108486	-0.04565011285761761	-0.5823264430892675	-0.3841890639871823	-0.33588402714927446	-0.5571200570952942	-0.6460841068117096	-0.09685813757697166	0.8392817383443587	0.3193783993873855	0.29928105355597223	0.8287528193320765	-0.002695659292799438	0.9902233067591844	0.6742482718924807	0.5499999773029134	1.0	-0.3439845442794589	0.4922160154589809	0.4922160154589809	-0.29531829825763806	-0.11770199333012288
0.6430398801791136	0.4352567749705941	0.6920719967068568	0.08765795375334248	0.03413510577914382	-0.04436145058334207	0.21039056041382428	0.2508817141413795	0.6361172740720303	0.6008281023455845	0.6041754246964668	0.6295352799281378	0.6781338060047498	0.45500874091868193	0.5616163901232191	0.6382253486277442	0.41551894492341623	0.826340172494391	0.011783448264828434	-0.5746392496293586	-0.7786631105690888	-0.7615495535220972	-0.7565828375734698	0.0680001193606671	-0.21792178374896948	0.34196786694035264	0.5093338949196722	-0.3439845442794589	1.0	0.21271877071290984	0.21271877071290984	0.15041386899390283	0.025567945713609836
-0.32024908424416065	-0.7835834383509575	-0.5500166645806914	0.6220389698705415	0.8824819625588657	0.8309804896169272	0.5661518257190842	0.9928569623661723	-0.30540179213453694	-0.30888416711042394	-0.3059867127002966	-0.3129623105301726	-0.27969444427606605	-0.7660167363568641	-0.6201874975160873	-0.5235491102615318	-0.7893576839360795	-0.3722956048601992	0.7087090496221905	0.6358186467708802	0.3483977247871002	0.3597391442320858	0.3937068876819294	0.795304137142256	0.5781286047081309	0.2615596892552842	0.28129469267645535	0.4922160154589809	0.21271877071290984	1.0	1.0	0.6099219713036177	0.6996901329609205
-0.32024908424416065	-0.7835834383509575	-0.5500166645806914	0.6220389698705415	0.8824819625588657	0.8309804896169272	0.5661518257190842	0.9928569623661723	-0.30540179213453694	-0.30888416711042394	-0.3059867127002966	-0.3129623105301726	-0.27969444427606605	-0.7660167363568641	-0.6201874975160873	-0.5235491102615318	-0.7893576839360795	-0.3722956048601992	0.7087090496221905	0.6358186467708802	0.3483977247871002	0.3597391442320858	0.3937068876819294	0.795304137142256	0.5781286047081309	0.2615596892552842	0.28129469267645535	0.4922160154589809	0.21271877071290984	1.0	1.0	0.6099219713036177	0.6996901329609205
-0.6603046913034875	-0.40105687185976446	-0.4042286971697455	0.9976357922958528	0.8860965337304728	0.9046229108843319	0.9961644127412864	0.6952959705451375	-0.6670228958012288	-0.6989985096522822	-0.6959519616675419	-0.6733863750844363	-0.6245412616528633	-0.5450239518773953	-0.6278547476409659	-0.5967082589836996	-0.5819359912457515	-0.16753407363790357	0.9766564640857941	0.16599524820788147	0.4649171307315978	0.49226095171573586	-0.035211456806115995	0.9560528897461413	-0.23907500386000427	-0.5627798697678665	-0.48584891816826	-0.29531829825763806	0.15041386899390283	0.6099219713036177	0.6099219713036177	1.0	0.9811634496650075
-0.742325453716499	-0.5693165267830319	-0.5658919362768611	0.9906734010712211	0.9490343377685797	0.967348131224055	0.9605539769652459	0.7684602889546255	-0.744444168702266	-0.7682555204837646	-0.7654976286695173	-0.7505518184356931	-0.7080858729594367	-0.6967120242402424	-0.7583741588097975	-0.7237456065687531	-0.7280517933901287	-0.3419597536297171	0.9997557244397122	0.35327867667054647	0.5943395039454781	0.6182269714224858	0.15569879987518304	0.9895640488439248	-0.0701663960144593	-0.5006587157608039	-0.4534465958426324	-0.11770199333012288	0.025567945713609836	0.6996901329609205	0.6996901329609205	0.9811634496650075	1.0
