Time	G1	G2	G3	G4	G5	G6	G7	G8	G9	G10	G11	G12	G13	G14	G15	G16	G17	G18	G19	G20	G21	G22	G23	G24	G25	G26	G27	G28	G29	G30	G31	G32	G33	G34	G35	G36	G37	G38	G39	G40	G41	G42	G43	G44	G45	G46	G47	G48	G49	G50	G51	G52	G53	G54	G55	G56	G57	G58	G59	G60	G61	G62	G63	G64	G65	G66	G67	G68	G69	G70	G71	G72	G73	G74	G75	G76	G77	G78	G79	G80	G81	G82	G83	G84	G85	G86	G87	G88	G89	G90	G91	G92	G93	G94	G95	G96	G97	G98	G99	G100

0	0.0094491	0.6355617	1.0459758	0.0876986	0.4170952	0.0015965	0.0357302	0.0201856	0.7842026	0.5482911	0.1482550	0.1067167	0.0074763	0.0795139	0.9263252	0.4386615	0.5117037	1.0187251	0.9869150	0.9112762	0.0675828	0.6396705	0.9879649	0.9056811	1.0249936	0.8053086	0.8415975	0.0956169	0.2807776	0.0361236	0.3476186	0.0945586	0.7647381	0.8073502	0.2691465	0.9854445	0.2644993	0.7761342	0.3511720	0.0142404	0.9503393	0.3956488	0.0912837	0.0721673	0.8039584	0.5632487	0.5721011	0.9104100	0.8750489	0.3877912	0.0490860	0.3690556	1.0040851	0.0016799	0.7496314	0.4296180	0.7445798	0.3138374	0.4763448	0.9977159	0.8917758	0.5763065	0.2317245	0.3844034	0.5377636	0.4876338	1.0898320	0.8135737	0.5024926	0.0491368	0.3912071	0.2335426	0.3169327	0.9297559	0.3112694	0.3637340	0.9584119	0.1589398	0.2670455	0.6498318	0.7931145	1.0351174	0.1402507	0.6535788	1.0095359	0.4184859	0.2245238	0.5131035	0.6073464	0.7854143	0.4606182	0.1309775	0.4648780	0.5528648	0.0723851	0.5781484	0.2784400	0.0363961	0.5378107	0.9932421
50	0.0042080	0.6529485	0.9848648	0.1344214	0.2891016	0.0004498	0.0639163	0.0493244	0.7793392	0.4393848	0.1627061	0.2132853	0.0004413	0.1398182	0.8233070	0.4121321	0.4105789	0.9995925	0.8960337	0.9470769	0.0637172	0.6628701	0.9637008	0.9850929	0.7209935	0.6581296	0.8112577	0.0955580	0.2211615	0.0517385	0.1530967	0.0624916	0.6934074	0.6136629	0.2750590	0.9697676	0.2094931	0.7014664	0.4454931	0.4056661	0.8954873	0.4462252	0.0642156	0.1371057	0.6854957	0.3272332	0.5616891	0.7770445	0.9094663	0.3465643	0.0617186	0.3315316	0.9890732	0.0001439	0.8349843	0.4295342	0.7576451	0.2479447	0.4434354	0.9622052	0.8225282	0.6912180	0.3126282	0.1470664	0.4735596	0.4210407	1.0939114	0.7851833	0.4366734	0.0427716	0.3131699	0.2895415	0.2155327	0.9820371	0.3517787	0.4505514	0.8751062	0.5236230	0.2037633	0.5095651	0.7879685	0.9417013	0.1184496	0.6212171	0.9701615	0.3924250	0.2364667	0.5327447	0.5095623	0.7236030	0.5262272	0.2180917	0.4472031	0.4980820	0.1554206	0.6644036	0.3241120	0.0231315	0.4889218	0.9930919
100	0.0110429	0.6084590	0.9666858	0.1201252	0.2044427	0.0005405	0.0522959	0.0730125	0.7199812	0.5327399	0.1848702	0.2998576	0.0005255	0.1241807	0.8154132	0.4543756	0.5118624	0.9505691	0.9322282	0.9710852	0.0644584	0.7887414	1.0723187	1.0062543	0.6272120	0.6407900	0.8540019	0.0998267	0.1883334	0.0414108	0.0638638	0.0798838	0.6869540	0.5338568	0.2260002	0.9359226	0.1685952	0.6180195	0.5780210	0.5481767	0.9003549	0.4490136	0.0675817	0.2070782	0.6275809	0.3050520	0.5520409	0.8731071	0.9536461	0.3450122	0.0912245	0.3719032	0.9871411	0.0005741	0.8503765	0.3743377	0.7205685	0.2157671	0.4866072	1.0188186	0.7820395	0.9113671	0.3901068	0.0965858	0.4035886	0.5306476	0.9924725	0.7466381	0.5381417	0.0668307	0.2579007	0.3952726	0.2288982	0.9414697	0.3080264	0.2642463	0.7398022	0.8311305	0.1656325	0.4560170	0.7636468	1.0460795	0.2137032	0.6195984	1.0782331	0.4547051	0.4014091	0.5447197	0.4917185	0.7369937	0.5305508	0.3440253	0.4367879	0.4434564	0.0804454	0.6462351	0.2532397	0.0293307	0.2850177	0.9925783
150	0.0142340	0.5710826	0.9457984	0.1065904	0.1835213	0.0017236	0.0387247	0.0949639	0.7370066	0.5289398	0.1867443	0.4230693	0.0101737	0.1325211	0.8082891	0.4538907	0.4624812	0.9343138	0.8775969	0.8820550	0.1398065	0.8147568	1.0252175	1.0760809	0.5792723	0.5961254	0.9169784	0.0874123	0.1509275	0.0341013	0.0446020	0.1186559	0.5946323	0.5006835	0.2328167	0.8904948	0.1837121	0.5972811	0.5951696	0.6082641	0.9478765	0.4887570	0.1162765	0.2646513	0.6411790	0.2485113	0.6381814	0.8003551	0.9922299	0.3537008	0.1025793	0.3751772	0.9906606	0.0017319	0.9353236	0.3264964	0.7562472	0.2133963	0.4976821	0.9848503	0.5608101	0.8691543	0.4370778	0.1518687	0.4262966	0.4992011	0.9892615	0.8111280	0.5028444	0.1123665	0.1927316	0.3901206	0.2732594	0.8159220	0.2126702	0.1938670	0.6983833	0.9253784	0.1731520	0.5435835	0.7881570	0.8821797	0.2849745	0.5312454	1.0364993	0.4787742	0.4762430	0.5824045	0.5354735	0.6906750	0.4701241	0.3751431	0.3493379	0.3967435	0.0513252	0.6226772	0.2280287	0.0395449	0.1973781	0.9233808
200	0.0236710	0.6246455	1.0122107	0.0859052	0.1656656	0.0001495	0.0411978	0.0900966	0.7071171	0.5748055	0.1307895	0.4377215	0.0055436	0.0972718	0.8686232	0.4795491	0.4741751	0.8878733	1.0248159	0.8135472	0.1895177	0.8099642	0.9522770	1.1183562	0.5993399	0.7554208	0.9408981	0.1081095	0.1178043	0.0484039	0.0208035	0.1231987	0.5591612	0.4899994	0.3215632	0.9491456	0.1635908	0.5134241	0.5931279	0.7518713	0.9336378	0.4131990	0.1919341	0.3053542	0.6163571	0.1889798	0.6401105	0.8801594	0.9189303	0.3186320	0.0882296	0.4669383	0.9057325	0.0000036	0.8945416	0.2634535	0.6578009	0.1886406	0.5030494	0.9557104	0.5384768	0.9612431	0.3841518	0.2642216	0.4614780	0.4905616	0.9570062	0.8052079	0.4094374	0.1109279	0.1394191	0.4015501	0.3264544	0.8214894	0.1686022	0.1355493	0.6044054	0.8371952	0.1785225	0.5260984	0.7176159	1.0152283	0.3693550	0.5585516	0.9830469	0.4155102	0.5335189	0.5809385	0.4735534	0.7141344	0.4223553	0.3226514	0.3483404	0.4135189	0.0340390	0.5160255	0.1942479	0.0290338	0.1434435	0.8343530
250	0.0146006	0.5754139	1.1035262	0.1003731	0.2297095	0.0015185	0.0382317	0.1076029	0.6683208	0.5403246	0.2128908	0.4578808	0.0058599	0.0902513	0.7551163	0.4553431	0.5350959	0.9424100	0.8370146	0.8924769	0.1919440	0.8651745	0.9068688	1.0285154	0.5747192	0.7583976	1.0078036	0.1086109	0.0935147	0.0430269	0.0140204	0.1942938	0.5809042	0.4831305	0.3764173	1.0061569	0.1828435	0.4721381	0.5623203	0.7202597	0.9810379	0.3953910	0.3320653	0.3083932	0.6700121	0.2087047	0.6034114	0.8814492	0.9444209	0.2851963	0.1048997	0.4516415	0.9442538	0.0017292	1.0160641	0.1649175	0.6627528	0.2241859	0.5191169	1.0296003	0.4661531	0.9364100	0.3568441	0.2999421	0.4662784	0.5249078	1.0970031	0.8053267	0.3649223	0.1081922	0.1558342	0.3495894	0.3903937	0.7678590	0.1429121	0.1130384	0.5209958	0.8993814	0.1871948	0.4816916	0.6961418	0.9012058	0.4037780	0.5568297	0.9168630	0.4000872	0.6375460	0.5409951	0.3006674	0.7896492	0.4089421	0.3631193	0.4117917	0.4192016	0.0874029	0.5917070	0.2628152	0.0212393	0.0798328	0.8015943
300	0.0064780	0.5527833	0.9648730	0.1274524	0.1708738	0.0011359	0.0261908	0.0819574	0.6955082	0.6083686	0.2352871	0.5240706	0.0060830	0.1162622	0.7907697	0.4361507	0.4446265	1.0077400	0.8760416	0.9698889	0.2337893	0.8981395	0.9858762	0.9566663	0.5732614	0.7772424	1.0949296	0.0716407	0.0889004	0.0340350	0.0249252	0.1499510	0.6119869	0.5432157	0.4054011	1.0431885	0.1842499	0.4924959	0.4526458	0.7238155	1.1139345	0.3440564	0.3206851	0.3297260	0.5547344	0.2015218	0.7024287	0.9071167	0.9804292	0.2437988	0.0956392	0.4944390	0.8932718	0.0041005	1.0634689	0.1622577	0.7114586	0.2518169	0.4901753	1.0240320	0.4748501	0.7647421	0.3804628	0.3221077	0.5008253	0.5162123	1.0687985	0.8229491	0.3993915	0.1337531	0.1118149	0.3897858	0.4906516	0.8150062	0.0658372	0.0982534	0.5004359	0.9333624	0.1643099	0.4576270	0.6879677	0.8852846	0.4192104	0.5831792	1.0368926	0.4488143	0.5335467	0.5476228	0.4374764	0.9867449	0.4039398	0.3609117	0.4105831	0.4118088	0.1400446	0.6327780	0.3030439	0.0108367	0.0678765	0.7513093
350	0.0143344	0.5588823	1.0537711	0.1583150	0.1249114	0.0023167	0.0369513	0.1379395	0.6437999	0.6179440	0.2369427	0.5048071	0.0100986	0.1493606	0.9131232	0.4537765	0.4983074	0.9902666	0.8200459	0.9671629	0.2360150	1.0054515	0.9885944	0.9363958	0.6336341	0.7663438	0.9940026	0.0760703	0.0832632	0.0257653	0.0300637	0.1569717	0.5001200	0.5174558	0.4452240	1.0778520	0.2183580	0.4713269	0.4851717	0.7342704	0.9817652	0.2774943	0.3594502	0.2404450	0.6248519	0.2559318	0.6201631	0.8151363	0.9326075	0.2499002	0.0809961	0.4981066	0.9523272	0.0006951	1.0396064	0.1978939	0.7308490	0.3063303	0.6237260	0.9590692	0.4419622	0.7801898	0.5085286	0.4136123	0.4739083	0.4672083	0.9779209	0.7877442	0.4881697	0.1872215	0.0839795	0.4272448	0.5937829	0.8872966	0.0788654	0.0947455	0.5570515	0.9403428	0.2003145	0.4792853	0.7888199	0.9708385	0.3690665	0.4120906	0.9421970	0.4432600	0.5057808	0.5336339	0.4279230	0.9023994	0.4918117	0.4047985	0.3867420	0.3932016	0.2841720	0.6609577	0.3402914	0.0368774	0.0471977	0.7558397
400	0.0099503	0.5399664	1.1173521	0.1485299	0.1453194	0.0013816	0.0283645	0.1749757	0.6803989	0.5484846	0.2056455	0.4257017	0.0008170	0.1182982	0.9275368	0.4421714	0.4988443	0.8357272	0.9202633	0.8247997	0.2277870	0.9451196	0.9258509	1.0304456	0.6255756	0.8900484	0.9000729	0.0845391	0.0362334	0.0228921	0.0114462	0.2427588	0.5181559	0.4863562	0.5312493	1.0407831	0.2157218	0.4967919	0.5274256	0.6739403	0.8455138	0.2960566	0.2462155	0.2619047	0.5733309	0.2742463	0.5813313	0.7852500	1.0001220	0.2515492	0.1275189	0.5912088	0.9699096	0.0061691	1.0653009	0.1842319	0.6671677	0.3116208	0.5968182	0.9484491	0.4085496	0.8221606	0.4662112	0.4180620	0.4352547	0.4538698	0.9580609	0.7382324	0.4321207	0.2013990	0.0534731	0.3901142	0.6395943	0.9140076	0.0890690	0.1111469	0.5566456	1.0279914	0.2003442	0.4426492	0.6981059	0.8298938	0.4314109	0.4453070	0.9473960	0.4906821	0.4482233	0.4772228	0.4751547	0.9580872	0.4849354	0.3774395	0.4304674	0.3887461	0.3951603	0.6293798	0.3318029	0.0358097	0.0447578	0.7322202
450	0.0113128	0.5798888	1.1408465	0.1264725	0.1377738	0.0016750	0.0508721	0.1550727	0.6421689	0.5764896	0.1492708	0.4735436	0.0027579	0.1348650	0.8785957	0.4184677	0.4499109	0.9450533	0.9817021	0.8891973	0.2456737	0.9968873	0.9839017	0.8463874	0.6281755	0.9035102	0.8588755	0.0772120	0.0326948	0.0176372	0.0226747	0.2391968	0.6125068	0.5078049	0.4604232	0.9377787	0.2220774	0.4699852	0.6534693	0.6861693	0.8037656	0.3179133	0.2626761	0.3029715	0.5190525	0.2225759	0.6180015	0.8025002	1.0273032	0.2179037	0.1407124	0.5606875	0.8635308	0.0061652	1.0420243	0.1292004	0.6758006	0.2657509	0.6361728	0.9843450	0.5110991	0.9042132	0.4786718	0.3734335	0.4860674	0.4891571	1.0104760	0.6845864	0.4405384	0.2767654	0.0659046	0.4079054	0.6487406	0.9195628	0.0989795	0.1021294	0.5170542	1.0102612	0.2334995	0.5349942	0.7000794	0.9832497	0.3760039	0.3566812	0.9354839	0.5660795	0.5359472	0.4659514	0.5433928	0.9334112	0.4368036	0.3938117	0.3852399	0.4499475	0.3199070	0.4894009	0.2895530	0.0173553	0.0502286	0.7500000
500	0.0107417	0.5911127	1.0112344	0.1150160	0.1559653	0.0005185	0.0373099	0.1496120	0.6057366	0.5166785	0.1972746	0.4484575	0.0032523	0.0937148	0.9682582	0.3649843	0.4552228	0.8805131	0.8725239	0.9240379	0.2490399	1.0130420	0.9600996	0.9494961	0.5851869	0.8457923	0.8271148	0.0694787	0.0459183	0.0188643	0.0258175	0.2459365	0.5348799	0.4668798	0.4529071	0.9647504	0.1623527	0.5000640	0.7089674	0.7288891	0.7902367	0.3440723	0.3581720	0.3226265	0.5618350	0.1842700	0.6827680	0.8834402	0.9424279	0.2291085	0.1217343	0.5744816	0.8676033	0.0047602	1.0906549	0.0680882	0.6411372	0.3189541	0.6102333	1.0110979	0.4677043	0.8891162	0.4441345	0.3413320	0.5428741	0.4783024	0.9028427	0.7275104	0.5226208	0.2638862	0.0991561	0.4374222	0.6239773	0.8391975	0.1105005	0.1149385	0.5163835	0.8539896	0.1765174	0.5153038	0.7987178	0.9783216	0.3976359	0.3475599	0.9252258	0.5549382	0.5119204	0.4167581	0.5241949	0.9885762	0.4066473	0.4483513	0.3925485	0.4187441	0.3102918	0.4396681	0.2399365	0.0282446	0.0590491	0.6652197
550	0.0097624	0.5941448	1.0430005	0.1597202	0.2394759	0.0006398	0.0392513	0.0800569	0.6815869	0.5372064	0.2394937	0.3167840	0.0030534	0.0766931	0.9130199	0.3820768	0.5941879	0.9966032	0.8454682	0.9122744	0.2445210	0.7625160	0.9572847	0.9681498	0.7271515	0.8183696	0.6923211	0.0595369	0.0433210	0.0147566	0.1835962	0.2251747	0.6223122	0.5044705	0.4543958	0.7617438	0.1096390	0.6384549	0.5804239	0.5208812	0.8346529	0.3352107	0.3884753	0.2041623	0.6518644	0.3192962	0.6985512	0.8489563	0.9205422	0.2053588	0.1163586	0.4983602	0.8471400	0.0054004	1.0220002	0.1123023	0.6772181	0.3244887	0.6282268	1.0896214	0.4195931	0.7562518	0.4528604	0.4301902	0.5422057	0.4225230	0.8110053	0.8409263	0.5326162	0.2151749	0.1901427	0.2677003	0.5890176	0.8886412	0.1085559	0.0989904	0.5266590	0.5028199	0.1590978	0.5527835	0.8373052	0.9691365	0.3553135	0.3683482	0.9357118	0.5197102	0.5325992	0.4171936	0.6207413	0.9187894	0.4891052	0.4937484	0.4562627	0.6094217	0.3539094	0.4877833	0.2241035	0.0356155	0.0438278	0.6549375
600	0.0137578	0.6584685	1.0222358	0.1635179	0.4308393	0.0000000	0.0410421	0.0503388	0.7203747	0.5022992	0.2028639	0.2032769	0.0015905	0.1117575	0.9137984	0.4684220	0.5063664	0.9536128	0.8828456	0.8519561	0.1908386	0.7625409	0.9448214	0.9278125	0.7630714	0.7637120	0.7087114	0.0851111	0.0785108	0.0310587	0.3335435	0.1625506	0.5931746	0.7044924	0.3586872	0.6355359	0.0931500	0.6659314	0.3921157	0.3064681	0.7525981	0.2828619	0.2361570	0.1410922	0.8163403	0.3764151	0.6683297	0.7643013	0.8937269	0.2794269	0.1067309	0.3900021	0.7651817	0.0091246	0.8111654	0.1584134	0.6524282	0.4189859	0.5952538	1.0189082	0.4822473	0.5886655	0.4841328	0.3163804	0.5259073	0.3786027	0.6274915	0.7310557	0.4865129	0.1723616	0.2628555	0.2236451	0.5466238	0.9483560	0.1304458	0.0883123	0.6063663	0.2082495	0.1988471	0.5654947	0.7317416	0.9443903	0.2315366	0.3253494	0.9905205	0.5053531	0.4464612	0.3997268	0.6100007	0.9544049	0.4356141	0.4631602	0.4814056	0.5502933	0.3788556	0.4682596	0.2470925	0.0352164	0.0555136	0.7382723
650	0.0174593	0.6550793	0.8982537	0.2321560	0.4766205	0.0015959	0.0354642	0.0330627	0.6482249	0.5091696	0.1222520	0.1319893	0.0002002	0.1145346	0.8720452	0.4865438	0.4648474	1.0916484	0.8750135	0.8530054	0.1537456	0.7213980	1.0011426	1.1010860	0.7689099	0.6779301	0.8138829	0.0974383	0.1346007	0.0260783	0.2814541	0.1553056	0.5953873	0.8164356	0.4324416	0.7054370	0.1262763	0.6660030	0.3038714	0.1398041	0.7014824	0.3626071	0.1297521	0.0735047	0.7336594	0.4170536	0.5107665	0.7345129	0.8066081	0.2959164	0.1185615	0.3843870	0.7641187	0.0073033	0.7851401	0.2208841	0.6670897	0.3976384	0.5270216	0.9742337	0.6151656	0.5125891	0.5237029	0.3602070	0.5628173	0.4031372	0.6064986	0.8203740	0.4774516	0.1048634	0.3127518	0.2323644	0.5235557	0.9231246	0.1759165	0.1001514	0.6773475	0.0596417	0.1690154	0.6118472	0.7378249	0.9386753	0.1402344	0.3158673	1.0362061	0.4069174	0.4491589	0.3130121	0.7551155	0.9306202	0.4333100	0.4822699	0.4143464	0.5561505	0.3396786	0.4426398	0.2961618	0.0406655	0.0497836	0.8470384
700	0.0102394	0.7320207	0.9593748	0.1645151	0.4505719	0.0000324	0.0255171	0.0259523	0.6621437	0.4734114	0.1483668	0.0992378	0.0075686	0.1048882	0.8661737	0.4859830	0.4649536	0.9869289	0.9742125	0.8976279	0.1296826	0.6267657	1.0294322	1.1084451	0.8581160	0.6940076	0.9104909	0.0806255	0.1765700	0.0324562	0.3618392	0.1363235	0.5061230	0.8645876	0.3589820	0.7432349	0.1657438	0.7194786	0.3415225	0.0651942	0.7498304	0.4227871	0.1096079	0.0719734	0.8104099	0.5038306	0.5364280	0.7910984	0.7656256	0.2729148	0.1301778	0.4315540	0.8069088	0.0065729	0.8095927	0.3319165	0.7315667	0.4018175	0.6123837	1.0203369	0.5687856	0.5105948	0.5495915	0.2892515	0.5982320	0.4882726	0.8787453	0.8617961	0.4399875	0.0743254	0.3982393	0.1925923	0.5135183	0.9888994	0.2209670	0.1594800	0.7804750	0.0607049	0.2120734	0.5958260	0.8058840	0.8865029	0.1319862	0.3129375	0.9687182	0.3869203	0.4396517	0.2978988	0.5871963	0.8780543	0.5383659	0.4083971	0.4238563	0.5834606	0.2996634	0.5796520	0.2918658	0.0238100	0.0740759	0.9399687
750	0.0107422	0.7074170	0.9356247	0.1264199	0.4400408	0.0018095	0.0283285	0.0290577	0.7671208	0.4192175	0.1077911	0.1048296	0.0070040	0.1069765	0.8157378	0.4542383	0.4835187	1.0312860	0.9360553	0.8892227	0.1166277	0.6261519	0.9983015	0.9358481	0.9346709	0.7114161	0.9184263	0.0804466	0.1889356	0.0325120	0.3582627	0.1160256	0.6652982	0.8771862	0.3490466	0.8566879	0.2054944	0.7837113	0.3639238	0.0285172	0.9079101	0.3992524	0.0583446	0.0408376	0.7735909	0.5311431	0.6221999	0.8746171	0.8842691	0.2712510	0.1098303	0.4511834	0.9185495	0.0075747	0.7821043	0.3743365	0.7289004	0.3365595	0.5898706	1.1126524	0.6748026	0.5960721	0.4417627	0.2668759	0.5883386	0.5156148	0.8521951	0.8785593	0.4685927	0.0800827	0.3567608	0.1709814	0.3751261	0.9793259	0.2437700	0.2668514	0.8653152	0.1604506	0.2573664	0.6841470	0.8429815	0.9231816	0.1366169	0.3661072	1.0341477	0.3693304	0.3467677	0.3796344	0.6155783	0.7619577	0.5397663	0.4294377	0.3623943	0.6221499	0.2440399	0.5313569	0.2724341	0.0350351	0.2163872	0.9421685
800	0.0067170	0.6173724	0.9269150	0.1334490	0.4441476	0.0004430	0.0190176	0.0137200	0.7557476	0.4230710	0.0881919	0.1010463	0.0047025	0.1165959	0.8864085	0.4419159	0.3931042	0.9814473	0.9645139	0.8536144	0.0747447	0.5628607	0.9899475	0.9365792	0.8932830	0.6689153	0.8753397	0.0761621	0.2110190	0.0364410	0.4132205	0.1151707	0.6261640	0.8295396	0.3653805	0.9318987	0.1938214	0.7444887	0.3470526	0.0119790	1.0153110	0.4844220	0.0904441	0.0518015	0.7335399	0.4010678	0.5854057	0.8287614	0.8692775	0.3049475	0.0942641	0.3456634	0.9864771	0.0032732	0.7657062	0.3892168	0.7956683	0.2984583	0.5395337	0.9453078	0.7234790	0.5469589	0.2516025	0.2877536	0.5909059	0.6035596	0.9689377	0.8850548	0.4704410	0.0413465	0.3267469	0.1640897	0.3717812	0.9597193	0.2928605	0.3379743	0.8946397	0.2968291	0.2439204	0.6185688	0.8045806	0.9927477	0.1201710	0.4558512	1.0535512	0.3584195	0.3286691	0.4369418	0.5144356	0.8182031	0.5533041	0.3717382	0.4254472	0.5392279	0.1501988	0.5689291	0.3017021	0.0298061	0.3336040	0.9446548
850	0.0133199	0.6443682	1.0005247	0.0999390	0.3870868	0.0000936	0.0305100	0.0072891	0.7453674	0.4401342	0.1065930	0.0985225	0.0008803	0.1103665	0.9288442	0.3381958	0.4005651	0.9309262	0.9872243	0.9325810	0.0720407	0.6156135	0.9801608	0.9267221	0.8811447	0.7148036	0.9072098	0.0922400	0.1782542	0.0460076	0.3502379	0.1324342	0.6886449	0.8435923	0.2965903	0.7452171	0.1750848	0.6827995	0.3711093	0.0202041	0.9943087	0.4756258	0.0877756	0.0751064	0.7341721	0.5439907	0.5962833	0.7592013	0.7422463	0.2821473	0.1004005	0.3617189	1.0481789	0.0021249	0.7837180	0.4367677	0.7887876	0.2703126	0.4634047	0.9359437	0.7117115	0.6540753	0.1549016	0.2872691	0.5036411	0.5456519	0.9112771	0.7807487	0.4200995	0.0367331	0.3255341	0.1696678	0.3325417	0.9486373	0.2561068	0.2706259	0.9127014	0.1821708	0.2574114	0.6354412	0.7410681	0.9898886	0.1256476	0.5661295	1.0355670	0.4206202	0.3536120	0.4739170	0.4645598	0.8268040	0.6327774	0.2128972	0.4139251	0.5999957	0.1153149	0.6722129	0.2634745	0.0258061	0.4693009	0.8513570
900	0.0225302	0.6889377	1.0994100	0.1079429	0.4401853	0.0017467	0.0370921	0.0148953	0.7756800	0.3962142	0.1336458	0.1165533	0.0012884	0.1116645	0.8706482	0.2950871	0.5432714	0.9667921	1.0484889	0.9275763	0.0628997	0.6155786	0.9615279	1.0215814	0.9759919	0.8126369	0.9867513	0.0706084	0.1905769	0.0323847	0.4134320	0.0941135	0.6949698	0.8871708	0.2612231	0.8297910	0.1645448	0.6486421	0.4204201	0.0370948	0.9829260	0.4479298	0.0810194	0.0435915	0.6932018	0.4994315	0.4845783	0.8046452	0.8008900	0.2481881	0.1017697	0.2970025	1.0581583	0.0025012	0.7177866	0.4531430	0.7720920	0.3118339	0.5055748	0.9478710	0.7992897	0.5690828	0.1583481	0.2670743	0.4594618	0.5211440	0.8646292	0.7525071	0.4387772	0.0336722	0.4304575	0.2351048	0.3060058	0.8809275	0.3014856	0.2179345	0.9074977	0.2121520	0.2410217	0.7717126	0.6594840	0.9466245	0.1009544	0.4982813	0.9415750	0.3827937	0.3562587	0.5541945	0.5164631	0.8430041	0.5353130	0.1956764	0.4320308	0.5517923	0.0662943	0.6552945	0.2532770	0.0322405	0.5508191	0.8230032
950	0.0204083	0.7143023	1.0397817	0.1179304	0.4566718	0.0004717	0.0108780	0.0205084	0.7578731	0.3677932	0.1277572	0.1099146	0.0053669	0.1121699	0.8711331	0.3594062	0.4457831	0.9845859	1.0325049	0.8584448	0.0943152	0.5931967	1.0947611	1.0246274	0.9812213	0.7470805	0.9471730	0.0781842	0.2350526	0.0266889	0.3840257	0.0960730	0.7035478	0.8178895	0.2859974	0.9003404	0.2479671	0.6813153	0.4090763	0.0254720	0.8931199	0.4640913	0.0799563	0.0415068	0.6573406	0.5815786	0.5202763	0.8422135	0.8280319	0.2421908	0.1094771	0.2793400	0.8637163	0.0015732	0.7756887	0.3988388	0.7715178	0.2907992	0.4523926	0.9941981	0.7433379	0.5696517	0.1445011	0.3237929	0.5260407	0.5222481	0.8912791	0.6835349	0.4886744	0.0459002	0.4338076	0.1959583	0.2394311	0.8456481	0.2498110	0.3145173	0.9231052	0.2570930	0.2516932	0.7115359	0.7491673	0.9220095	0.1212559	0.5189420	1.0109216	0.3573485	0.2696532	0.4572052	0.6229404	0.7239908	0.4845067	0.2809866	0.4342359	0.6141505	0.0718470	0.6128105	0.2679199	0.0224963	0.5292358	0.9145021
1000	0.0193627	0.5864032	1.0819193	0.1057935	0.5099599	0.0013718	0.0236680	0.0172081	0.8189789	0.3307045	0.1486726	0.0959053	0.0028742	0.1326454	0.8943665	0.4072749	0.4611622	0.9742140	0.9509022	0.8376399	0.0452433	0.6180447	1.0520878	0.9928020	0.8844592	0.7437584	0.8974736	0.0746905	0.2229361	0.0234483	0.3640613	0.1131303	0.6196621	0.7780887	0.2702917	0.8347859	0.3153214	0.7164919	0.4508315	0.0288458	0.9554240	0.4418793	0.0773551	0.0771085	0.6342292	0.5780818	0.5211454	0.7774779	0.7954772	0.2806022	0.0922853	0.3185077	0.8306513	0.0037958	0.7139411	0.4767285	0.8056959	0.3229690	0.4747623	1.0130574	0.7373124	0.5984166	0.1678759	0.3042257	0.5082803	0.5503337	0.9355282	0.7524268	0.5047570	0.0322817	0.4241639	0.0968105	0.2218329	0.9611020	0.2097379	0.3649898	0.9700893	0.2492320	0.2964800	0.6072370	0.8426162	1.0546100	0.1071190	0.6331433	0.9963522	0.3172693	0.2332985	0.5092920	0.5522917	0.7667970	0.4980119	0.2367826	0.5206336	0.5515497	0.0595702	0.6098225	0.2767715	0.0266199	0.5347704	0.9636541

0	0.0094491	0.6355617	1.0459758	0.0876986	0.4170952	0.0015965	0.0357302	0.0201856	0.7842026	0.5482911	0.1482550	0.1067167	0.0074763	0.0795139	0.9263252	0.4386615	0.5117037	1.0187251	0.9869150	0.9112762	0.0675828	0.6396705	0.9879649	0.9056811	1.0249936	0.8053086	0.8415975	0.0956169	0.2807776	0.0361236	0.3476186	0.0945586	0.7647381	0.8073502	0.2691465	0.9854445	0.2644993	0.7761342	0.3511720	0.0142404	0.9503393	0.3956488	0.0912837	0.0721673	0.8039584	0.5632487	0.5721011	0.9104100	0.8750489	0.3877912	0.0490860	0.3690556	1.0040851	0.0016799	0.7496314	0.4296180	0.7445798	0.3138374	0.4763448	0.9977159	0.8917758	0.5763065	0.2317245	0.3844034	0.5377636	0.4876338	1.0898320	0.8135737	0.5024926	0.0491368	0.3912071	0.2335426	0.3169327	0.9297559	0.3112694	0.3637340	0.9584119	0.1589398	0.2670455	0.6498318	0.7931145	1.0351174	0.1402507	0.6535788	1.0095359	0.4184859	0.2245238	0.5131035	0.6073464	0.7854143	0.4606182	0.1309775	0.4648780	0.5528648	0.0723851	0.5781484	0.2784400	0.0363961	0.5378107	0.9932421
50	0.0154342	0.6286166	1.0394400	0.1511382	0.4644011	0.0038300	0.3095979	0.2052430	0.5931111	0.7001843	0.1225622	0.1263223	0.0039395	0.0802177	0.8023270	0.4184369	0.4455581	1.0368612	0.7560549	0.7807621	0.0731066	0.6781152	0.9557682	0.8148832	0.8300087	0.6593675	0.9102625	0.1214366	0.2428152	0.0244095	0.4265097	0.0925975	0.6812727	0.7185570	0.2716221	0.8164777	0.1716107	0.7701250	0.2788819	0.0230457	0.9130487	0.6091757	0.3083734	0.0810105	0.7184128	0.2567019	0.7667367	0.8322977	0.7246841	0.5036024	0.0797815	0.4609784	0.9617005	0.0048695	0.7507468	0.5656941	0.5634488	0.3051972	0.6796024	0.9008447	0.6508948	0.5359274	0.2978339	0.3328436	0.3792557	0.6766277	0.9867081	0.6706368	0.4261248	0.2060566	0.3955669	0.2666127	0.2517425	0.8311318	0.3082553	0.3098411	0.9565550	0.1825420	0.2220445	0.5618297	0.7046285	0.9107142	0.2402319	0.5124608	0.9119219	0.4287544	0.3652113	0.4871880	0.6350287	0.7730748	0.5433817	0.1898944	0.3913357	0.5260018	0.1495796	0.5948075	0.3163260	0.0383188	0.5078208	0.9695553
100	0.0150567	0.6622634	0.8384821	0.1364509	0.4759512	0.0372425	0.6625208	0.3806616	0.5649509	0.7165735	0.1168517	0.1091548	0.0028948	0.0470859	0.8375206	0.4134119	0.3622487	0.9339465	0.5219984	0.4984964	0.0830909	0.6336997	0.9259589	0.6291573	0.9469496	0.6489602	0.8586751	0.0772947	0.1896169	0.0178803	0.3274749	0.0661970	0.7991802	0.7041671	0.3633876	0.5735978	0.0880014	0.7605625	0.3316011	0.1836953	0.9604221	0.4868213	0.4997638	0.0424678	0.7684960	0.1938443	0.8629681	0.7438745	0.8347307	0.6210106	0.0685744	0.3953395	0.9423520	0.0049192	0.7313452	0.5325717	0.3742038	0.3292773	0.7958299	0.8826439	0.5177765	0.4791114	0.3078864	0.3066609	0.3609079	0.6752299	0.8678342	0.6209952	0.4939429	0.3230165	0.3777783	0.3108961	0.3026766	0.8424470	0.3387263	0.2416419	0.9317519	0.1021230	0.1533398	0.4063094	0.6571640	0.9164444	0.4426432	0.6124538	0.9165459	0.4065984	0.5030459	0.4741579	0.8052876	0.8421700	0.4550749	0.2612300	0.4214564	0.5410917	0.2969308	0.7168879	0.3785374	0.0265592	0.4588230	1.0057818
150	0.0216929	0.6409326	0.9123633	0.1262137	0.3840372	0.0955771	0.6569191	0.5047951	0.5908017	0.7126564	0.1728923	0.1039952	0.0015664	0.0459544	0.7779906	0.4419242	0.4980704	0.8707894	0.4067445	0.3245830	0.0656435	0.6882154	0.9838552	0.6140368	0.9405038	0.7066380	0.8278099	0.0707375	0.1552658	0.0137361	0.3435339	0.0532862	0.7713611	0.6479427	0.4477425	0.3001798	0.0525608	0.7398903	0.4269425	0.3979269	1.0042994	0.3730410	0.6049076	0.0150222	0.8418368	0.1128302	0.9960120	0.6444924	0.8318663	0.6884515	0.0461925	0.4211227	0.9308373	0.0088763	0.8353450	0.5726102	0.3472365	0.3879741	0.8544565	0.9363420	0.5256038	0.4249155	0.3586221	0.4487385	0.2582604	0.7412325	0.7316321	0.5489944	0.4412047	0.3314739	0.4124700	0.2944542	0.4490565	0.7774663	0.2936630	0.1729769	0.8923119	0.0524866	0.1450622	0.3513604	0.6794714	0.7242693	0.5416658	0.6779186	0.9917413	0.4240223	0.5408734	0.4160222	0.7329996	1.0117503	0.5131231	0.3047525	0.5553902	0.5171138	0.4794954	0.6333126	0.5061267	0.0303792	0.2788038	0.8867685
200	0.0276039	0.5752124	0.9600571	0.1006553	0.2681782	0.1439235	0.8154108	0.5548731	0.5354324	0.7799195	0.1948072	0.1000112	0.0072004	0.0426674	0.6226311	0.4401573	0.5850119	0.8472965	0.4235422	0.2694829	0.0698010	0.6159734	0.9638988	0.6436290	0.9205158	0.7049365	0.6235641	0.0827617	0.1029956	0.0116634	0.2865683	0.0263874	0.8604013	0.6812719	0.4790358	0.2165390	0.0496080	0.7932967	0.3893691	0.6924193	1.0116659	0.3549392	0.5885910	0.0137714	0.9248771	0.0963510	0.8992439	0.5014671	0.8780316	0.7004934	0.0230976	0.5089094	0.8066312	0.0031015	0.7652325	0.7696815	0.3329567	0.5291207	0.8587152	0.8771314	0.4286559	0.3402836	0.3903953	0.3363601	0.2171585	0.6254548	0.5524438	0.4912220	0.4613183	0.4304392	0.4331155	0.2280211	0.6656757	0.8283870	0.3676828	0.2174916	0.8658833	0.0268240	0.1231727	0.3197986	0.6979814	0.7322561	0.5748904	0.7285977	1.0388475	0.4175300	0.6430106	0.3488807	0.7951998	0.9650012	0.6072067	0.3209515	0.5404124	0.5059368	0.5420561	0.5602018	0.6524667	0.0659268	0.1204740	0.9554881
250	0.0256336	0.5348314	1.0047637	0.0690891	0.1723540	0.1957097	0.8328923	0.5982603	0.4383298	0.8358530	0.3461956	0.0891659	0.0181853	0.0630780	0.5749655	0.4602912	0.5602964	0.8650516	0.4166925	0.2684631	0.0739197	0.6695969	0.9107579	0.5965848	0.9221727	0.6710014	0.6264625	0.0754260	0.0692565	0.0154618	0.3089912	0.0078412	0.8728315	0.7308175	0.5915702	0.1603581	0.0521576	0.7578800	0.3352013	0.7664263	1.1113457	0.3513217	0.6034641	0.0064105	0.9267126	0.0902655	0.7722877	0.4943984	0.8148097	0.6957239	0.0122322	0.5533184	0.7250957	0.0061811	0.7765335	0.8748043	0.2749758	0.6492032	0.8513133	0.9427888	0.3909696	0.3268038	0.4999243	0.2552261	0.1771538	0.6757443	0.5222038	0.4257075	0.4986646	0.4880373	0.3841536	0.1071148	0.7106008	0.8431791	0.4511211	0.2179237	0.8074060	0.0370903	0.1036076	0.3246223	0.5989807	0.6024860	0.6343047	0.7368913	1.0284662	0.4719094	0.7272910	0.3716145	0.8467096	1.0159828	0.6315775	0.3751281	0.5412700	0.5140819	0.4915004	0.5399423	0.7569570	0.0645584	0.0778813	1.0346331
300	0.0174023	0.5589684	0.9271692	0.0554434	0.1136318	0.1868516	0.7621557	0.6264052	0.4332895	0.8296357	0.3984350	0.0957966	0.0366120	0.0759038	0.5443867	0.4985198	0.5631444	0.9015534	0.3265275	0.2243333	0.0613150	0.7150033	0.9263050	0.6161073	0.8739623	0.7414579	0.5900267	0.0725886	0.0398218	0.0182012	0.3341012	0.0036888	0.9030136	0.7844574	0.6253805	0.1351434	0.0364246	0.8181392	0.3539616	0.7747308	1.0157246	0.3117835	0.6071129	0.0036696	0.8839679	0.1539990	0.9065625	0.4703369	0.7423990	0.7222486	0.0198107	0.5127138	0.5483517	0.0131980	0.8246348	0.8698696	0.2779684	0.6053158	0.7950259	0.9216710	0.3132375	0.3031498	0.6600025	0.2200769	0.2058645	0.6072194	0.4479656	0.3893844	0.5082713	0.7590417	0.3988990	0.0781620	0.7732371	0.7946457	0.3550052	0.1865949	0.7440809	0.0328598	0.0916114	0.3481246	0.6277794	0.7074596	0.6520499	0.6257832	0.9297828	0.5056999	0.7864551	0.4433887	0.8833732	1.0614434	0.6119617	0.4780306	0.4669269	0.4480795	0.3762045	0.4870884	0.8108243	0.0790093	0.0596366	1.0584746
350	0.0156140	0.5416039	0.9261956	0.0359007	0.0514201	0.1988756	0.6909538	0.6130746	0.3828695	0.7958381	0.3827900	0.0991266	0.0459167	0.0631886	0.5880583	0.4860709	0.5222628	0.8388724	0.2354497	0.2060667	0.0580504	0.7852122	0.8910744	0.5865738	0.8988399	0.8108804	0.5187964	0.0706769	0.0669663	0.0127016	0.2881301	0.0106200	0.7933339	0.7543531	0.7492250	0.1263272	0.0386697	0.8323542	0.3134609	0.8459149	1.0205421	0.3110241	0.6775509	0.0111843	0.9228334	0.1075620	0.8080588	0.3469476	0.7063969	0.6453868	0.0335549	0.6064519	0.3819585	0.0043683	0.8079391	0.8534264	0.3172209	0.6414284	0.8245365	0.8537321	0.1739426	0.2944172	0.7566766	0.2001148	0.1957729	0.6046405	0.4802067	0.3142312	0.4627430	0.8044461	0.3782223	0.0578725	0.8245773	0.8733971	0.3780770	0.2376456	0.6727625	0.0388791	0.0859331	0.3000817	0.5890496	0.6851940	0.7491579	0.6546032	0.9930949	0.5717788	0.7183182	0.5243268	0.8920556	0.9047719	0.6126242	0.5377757	0.4249906	0.3924464	0.3858982	0.5006425	0.7965231	0.1145991	0.0473724	1.1495041
400	0.0310945	0.5964121	0.9805418	0.0507818	0.0375286	0.1986265	0.8004311	0.6031866	0.4407938	0.8419832	0.3604858	0.0860291	0.0537055	0.0877595	0.6120990	0.4726412	0.5638599	0.6230509	0.3134881	0.2290622	0.0668789	0.7277055	0.9381564	0.5777755	0.8624140	0.9567814	0.4587040	0.0717136	0.0499498	0.0300899	0.3148407	0.0200024	0.8408028	0.7493851	0.7729875	0.1103370	0.0231372	0.8580622	0.2896469	0.8297561	0.9238229	0.3444377	0.6638318	0.0093373	0.9516169	0.1163891	0.7991385	0.3591086	0.8112306	0.6730532	0.0683086	0.7253370	0.2831820	0.0015564	0.7985336	0.8461659	0.3272404	0.7105115	0.8595851	0.9022158	0.1120802	0.2953279	0.7657546	0.3220780	0.1564194	0.6523996	0.4365625	0.2637254	0.4883897	0.8803653	0.4082295	0.0323329	0.8915231	0.9812241	0.3925919	0.2088103	0.6598043	0.0409753	0.0673364	0.3277596	0.6201655	0.7020840	0.8088626	0.7241122	0.9078601	0.5558163	0.6663561	0.5576677	0.8991608	0.9661580	0.6729943	0.5503912	0.3474723	0.3769765	0.3487308	0.5021378	0.8003214	0.1236896	0.0207823	1.0880999
450	0.0240384	0.5830308	0.9833006	0.0490960	0.0520941	0.1899386	0.8326203	0.6135513	0.4249030	0.8830061	0.3426080	0.0943283	0.0393628	0.0613014	0.6125799	0.5160915	0.6636741	0.6088190	0.3346433	0.2601281	0.0791274	0.7513291	0.9973705	0.6311327	0.8850275	0.9793651	0.4738330	0.0626871	0.0376533	0.0113451	0.3483932	0.0128841	0.8742291	0.7735506	0.7322562	0.1109619	0.0336492	0.7664266	0.3080424	0.8608289	1.0056519	0.3171578	0.6987658	0.0034699	0.9476577	0.0982873	0.7458217	0.4001743	0.7174505	0.6535226	0.0478963	0.7550911	0.3090549	0.0041816	0.9237220	0.8352327	0.3052730	0.7939534	0.7911187	0.9214703	0.0859016	0.2251729	0.7045749	0.2861532	0.1402505	0.6234633	0.4989718	0.2943908	0.5045481	0.8958042	0.5342497	0.0188987	0.8487456	0.9130220	0.4749619	0.2090866	0.7630420	0.0397191	0.0880931	0.3330521	0.5829529	0.7479121	0.7834889	0.6585697	0.8786841	0.6460176	0.5909611	0.5694116	0.9329875	0.9839326	0.7205912	0.6725833	0.3726574	0.4035205	0.3748250	0.5122985	0.7281378	0.0954662	0.0226471	0.9275249
500	0.0210843	0.5398272	1.0130744	0.0459645	0.0467665	0.1685963	0.7313950	0.6283975	0.4156030	0.8247498	0.3080402	0.1215387	0.0429758	0.0696217	0.5347488	0.4469073	0.6785255	0.5574470	0.2395839	0.2135587	0.0517420	0.8244759	0.9454899	0.5794431	0.8406522	0.9881734	0.4555926	0.0507417	0.0477490	0.0223560	0.3657916	0.0074896	0.8543080	0.7439025	0.7776802	0.1239366	0.0251591	0.7118803	0.2713412	0.8254316	0.9403096	0.3368672	0.7008509	0.0033882	0.8949308	0.1280393	0.8028895	0.3297547	0.7114413	0.7271950	0.1004382	0.6455276	0.2675963	0.0008845	0.8449551	0.8667037	0.3511863	0.7667839	0.7485408	0.9009715	0.0783778	0.2971817	0.7873392	0.2461576	0.1945271	0.5965849	0.3888339	0.3001346	0.5108392	0.9968823	0.4826118	0.0244737	0.8887244	0.9424532	0.4503126	0.1584793	0.7475409	0.0579978	0.0732103	0.3791233	0.6153745	0.7647396	0.7472349	0.6323372	0.9363730	0.6609095	0.6458024	0.6760502	0.8524373	0.9916498	0.7282741	0.6732272	0.4575078	0.4724903	0.3667684	0.5179883	0.8729343	0.1044769	0.0148306	0.9255999
550	0.0128992	0.5585280	0.9021527	0.0287607	0.0745019	0.1763714	0.5534325	0.4228039	0.3974035	0.6118668	0.2539862	0.1070570	0.0530204	0.1023232	0.6541168	0.4475090	0.8617467	0.5443427	0.3879606	0.3363940	0.0437722	0.7341280	0.9731826	0.8032812	0.9098789	0.8740028	0.4858077	0.0748689	0.0386154	0.0113778	0.3513690	0.0053322	0.8857516	0.7311407	0.8049212	0.1922730	0.0494666	0.7681622	0.3055091	0.7869232	0.8518958	0.3086727	0.5285990	0.0137136	0.8922722	0.3136386	0.4735248	0.3611265	0.7619066	0.6133988	0.1021980	0.7251706	0.2922784	0.0005563	0.7889932	0.8285244	0.4517580	0.7432789	0.6270854	0.9610233	0.1131576	0.2764054	0.6829492	0.2807524	0.2293163	0.4332091	0.3804524	0.3965505	0.4654156	0.9248502	0.4515959	0.0099595	0.9695099	0.9586529	0.4325242	0.2417384	0.7073567	0.0302686	0.1026363	0.4245947	0.6380974	0.7160433	0.6018685	0.5664499	0.9776482	0.5709021	0.4996891	0.6139604	0.8579261	0.8837376	0.6106387	0.5860105	0.5132383	0.3928866	0.3230632	0.5569553	0.8047687	0.1569812	0.0381341	0.9472315
600	0.0128764	0.6529544	0.9969198	0.0388919	0.0681659	0.1657899	0.2487182	0.1880925	0.5361122	0.4828121	0.1928111	0.0975569	0.0643000	0.1361905	0.6729347	0.4530555	0.8460714	0.5331503	0.6541303	0.6384433	0.0554305	0.6139492	1.0000050	0.8738536	0.8622558	0.6953700	0.5715471	0.0874693	0.0374652	0.0310168	0.4011127	0.0300088	0.7948924	0.8252050	0.6477986	0.5059361	0.0926237	0.8360743	0.3075938	0.5812281	0.8409116	0.2227617	0.2600869	0.0270348	0.7904448	0.5475168	0.2788696	0.3873434	0.6865232	0.4682579	0.0879971	0.5987949	0.2327407	0.0011669	0.7015715	0.7262959	0.5674623	0.6420530	0.5299169	1.0284879	0.1943873	0.3276328	0.6720652	0.2785533	0.2703608	0.3376950	0.4753248	0.4665540	0.4772991	0.8481757	0.4592953	0.1009320	0.9692657	0.9958040	0.4116610	0.1825489	0.8270464	0.0410179	0.1477788	0.4202568	0.7279578	0.7933802	0.4137239	0.6154060	0.9267553	0.5579598	0.4697365	0.6369627	0.7709766	0.9593665	0.5853978	0.6229815	0.5279006	0.3938798	0.3064861	0.5568260	0.7717265	0.1307641	0.0227682	1.0240779
650	0.0095489	0.6404545	0.9666613	0.0837757	0.1129828	0.1063090	0.1236918	0.0788711	0.6350300	0.4341122	0.1256198	0.1037107	0.0635722	0.1224189	0.7693228	0.5649179	0.7750863	0.6736678	0.7115426	0.7888373	0.0425058	0.6206935	0.9881093	0.9474016	0.7193943	0.7060348	0.6953766	0.1190393	0.0901882	0.0359372	0.5645503	0.0230878	0.7269610	0.9357267	0.4849255	0.8237610	0.2630710	0.7536637	0.2279184	0.2762657	0.6303750	0.2170415	0.1568787	0.0478084	0.7390447	0.8202540	0.2460793	0.6038919	0.8113489	0.3963226	0.0866200	0.4349018	0.3080962	0.0019220	0.7157805	0.6652842	0.7149224	0.5596994	0.4341220	1.0258386	0.2681975	0.3603855	0.5389220	0.2757940	0.3953361	0.3688410	0.6497901	0.5807832	0.4400723	0.6903423	0.4335061	0.1829517	0.8834732	0.9429412	0.3758375	0.2117931	0.8560623	0.0652610	0.2161818	0.4687424	0.7686060	1.0236831	0.2226156	0.4865591	1.0033569	0.4627315	0.4260167	0.5960627	0.7020246	0.8660339	0.5738748	0.5002888	0.4749138	0.4911797	0.1895269	0.6647336	0.5971909	0.0933387	0.0231852	1.0793008
700	0.0269199	0.6074456	0.9202167	0.1777988	0.1989207	0.0474850	0.0816881	0.0476098	0.8383161	0.4924402	0.1170651	0.1219639	0.0481086	0.1590316	0.8245111	0.4497735	0.5867307	0.8936877	0.8379190	0.8408697	0.0384327	0.6665792	1.0242555	0.9970862	0.7189042	0.6593327	0.7561319	0.0790687	0.2346090	0.0619639	0.5234830	0.0713671	0.6595190	0.9590751	0.4067629	0.9515799	0.4526977	0.7559774	0.2437600	0.0957998	0.5295279	0.3403925	0.1166430	0.0625822	0.5304003	0.8899943	0.3062117	0.6689573	0.8599307	0.3065158	0.0817399	0.4533122	0.4672165	0.0012456	0.6832118	0.5639666	0.7018010	0.4924707	0.4360648	0.9768545	0.3067681	0.4184290	0.3057708	0.3002668	0.5157808	0.5077274	0.8007266	0.6973903	0.4450228	0.4431465	0.4385500	0.2213581	0.6848001	0.8410361	0.3484358	0.2206572	0.8746291	0.1129313	0.3272459	0.5789385	0.8650870	0.8574561	0.1854033	0.3751782	0.9090260	0.4137780	0.4304249	0.4913999	0.5963555	0.9123596	0.5200707	0.4374230	0.3918494	0.5117429	0.2703345	0.5710801	0.4909080	0.0651862	0.0400489	1.0902625
750	0.0310384	0.6363062	1.0179091	0.2316494	0.3280074	0.0208404	0.0504740	0.0330216	0.8171152	0.4232591	0.1246266	0.1162990	0.0120840	0.1314913	0.8375579	0.4243784	0.4845794	1.0515813	0.9329858	0.8352962	0.0714789	0.6966310	1.0018892	0.9371751	0.7763201	0.6198031	0.8078469	0.0866041	0.4040774	0.0630027	0.4491407	0.0636596	0.6133741	1.0353674	0.2593240	1.0218486	0.5861411	0.7417568	0.2481527	0.0556451	0.6749505	0.3998015	0.0621034	0.0729223	0.5940841	0.8579392	0.3648024	0.7302489	0.8228773	0.2770637	0.1018510	0.4419373	0.5908896	0.0106746	0.7264985	0.4846586	0.7841616	0.3979441	0.4377219	1.0787519	0.4232151	0.5433074	0.3452365	0.3302581	0.5349130	0.5522360	0.9571914	0.7416031	0.4728366	0.2478165	0.4061883	0.2818038	0.5373053	0.8579599	0.3164957	0.4157647	0.9252557	0.1730397	0.3486243	0.6405063	0.8670734	1.0110066	0.1552943	0.4886838	0.9297711	0.4275727	0.3925741	0.3837442	0.5365785	0.8046804	0.5550652	0.4529559	0.3739971	0.5161177	0.3226558	0.5223894	0.3726735	0.0450302	0.1528227	1.0205002
800	0.0280241	0.6943807	1.0900035	0.2161228	0.4251300	0.0112813	0.0333385	0.0331825	0.7816024	0.2641311	0.1558817	0.0860178	0.0062604	0.1149802	0.9470158	0.3940333	0.4834987	1.0945611	0.9932694	0.7806994	0.0932822	0.6943812	0.9771874	1.0534933	0.7304071	0.6777501	0.7431664	0.0994401	0.4154373	0.0723956	0.5071977	0.1140231	0.5714777	0.8998840	0.2746337	1.0160582	0.5437030	0.6919575	0.3577428	0.0347598	0.8123828	0.4458089	0.0578671	0.1058246	0.5827025	0.7400117	0.4911795	0.7565453	0.8059522	0.3210201	0.0964685	0.3644658	0.7681051	0.0232264	0.6729404	0.4526318	0.7870433	0.3461423	0.4393284	1.1173996	0.6853063	0.5948765	0.3131852	0.3535610	0.6769532	0.6585835	0.9116880	0.7841918	0.4957856	0.1001088	0.4146558	0.2759887	0.4386381	0.9103604	0.2492129	0.5703508	0.9920346	0.3113482	0.3290533	0.7813696	0.8416221	0.9645259	0.1330426	0.5978598	0.9264766	0.4041986	0.2687882	0.3223351	0.5000922	0.7555557	0.4776717	0.4400307	0.3887267	0.5736755	0.3066298	0.6438141	0.3151894	0.0224239	0.3025666	0.9885364
850	0.0191885	0.7370499	1.0219143	0.1979287	0.4056137	0.0153657	0.0322772	0.0303151	0.9803060	0.2109144	0.1898914	0.1072638	0.0019723	0.0950248	0.8648464	0.3852032	0.4304455	0.9890114	0.9598946	0.8171681	0.0937103	0.6015183	1.0543995	0.9783699	0.8098809	0.6168447	0.7388018	0.0861229	0.4340454	0.0579966	0.4485196	0.1579692	0.5773205	0.8939083	0.3099661	0.9186274	0.4327011	0.7159464	0.3678324	0.0185527	0.9870959	0.4904636	0.0663827	0.0982467	0.6617226	0.6668442	0.5539006	0.7725667	0.8395058	0.2959547	0.1082030	0.3677184	0.8276183	0.0193405	0.7198496	0.3709000	0.7662963	0.2804953	0.4889229	1.0184916	0.7644435	0.5584868	0.3878294	0.3019839	0.5481190	0.6123142	0.9410601	0.7382309	0.4765876	0.0726684	0.4110549	0.2361064	0.4342839	0.9291176	0.2093135	0.5670809	0.9626057	0.4891484	0.3842880	0.7185680	0.8233908	1.0227600	0.1684047	0.7262346	0.8961637	0.4310289	0.2035320	0.3437406	0.4975745	0.7872702	0.5342989	0.3704878	0.3201106	0.5728622	0.1915953	0.5893747	0.3184466	0.0119661	0.4195313	1.0277592
900	0.0195895	0.6843211	1.0994960	0.2123335	0.4236140	0.0079722	0.0145590	0.0371523	0.9605410	0.2545456	0.1247153	0.0885047	0.0080229	0.1410136	0.8597803	0.4147900	0.4332634	1.0051441	0.9218988	0.8105514	0.0925750	0.6194821	1.0017690	0.9576872	0.8626403	0.6820376	0.8359265	0.0759661	0.4164805	0.0535500	0.4840809	0.2029433	0.6007034	0.7979135	0.2610589	0.8771257	0.3914137	0.7469212	0.3415207	0.0099383	0.9909649	0.4350913	0.0617378	0.1119633	0.6381144	0.5367599	0.5125930	0.8746667	0.7506463	0.3274795	0.0948506	0.3626907	0.8780013	0.0164749	0.7164513	0.3520089	0.7922348	0.3218925	0.4974555	0.9927708	0.8040187	0.5480235	0.4126169	0.2701030	0.5635950	0.5665008	0.9971441	0.7694889	0.4902315	0.0821066	0.4214146	0.1917125	0.3722949	0.9186758	0.2606827	0.5629734	0.9436720	0.4494308	0.3716013	0.6592887	0.8076240	1.0626091	0.1330407	0.7208733	0.9375518	0.3948079	0.1826516	0.3764377	0.5382425	0.6496347	0.4108626	0.2913027	0.3460001	0.5768414	0.1588843	0.6419208	0.3086781	0.0167727	0.5099588	1.0244290
950	0.0202588	0.5891331	1.0314418	0.1628160	0.5170400	0.0009189	0.0132918	0.0167295	0.9235681	0.3069634	0.1756526	0.1167476	0.0074004	0.0899130	0.8328284	0.4514672	0.4248124	1.0266569	0.9823448	0.8252882	0.0786240	0.7295631	1.0742531	0.9725621	0.8740972	0.7090437	0.7996719	0.1160307	0.3952843	0.0495458	0.4718695	0.1557133	0.6128855	0.8886236	0.2606668	0.9603677	0.2860298	0.7271507	0.3698199	0.0037796	0.9209170	0.4786478	0.0593870	0.1047355	0.7025693	0.5502811	0.5545019	0.7944369	0.9191698	0.2902697	0.0929398	0.4854136	0.9265632	0.0115802	0.8216276	0.3092891	0.8789823	0.2679989	0.4500577	0.9992278	0.7202631	0.5080371	0.4041496	0.2559771	0.4981707	0.5287855	1.0782389	0.7897310	0.4531243	0.0528600	0.4030029	0.1639623	0.3386365	0.8355364	0.2146842	0.6784094	0.8732872	0.3613748	0.3526845	0.6710303	0.8220260	1.0221040	0.1163166	0.7696832	1.0359782	0.4381348	0.1850826	0.3581198	0.5154883	0.6298290	0.4186937	0.1990175	0.3535177	0.5662582	0.1340708	0.6638009	0.2688460	0.0202759	0.5261116	0.9635625
1000	0.0243910	0.5932240	0.9111503	0.1425332	0.4126568	0.0024425	0.0375893	0.0190872	0.9694390	0.3605353	0.1535595	0.1110555	0.0178122	0.0946377	0.7807544	0.4097634	0.4941138	0.9771287	0.9899997	0.8219314	0.0774334	0.5920440	0.9701959	1.0632796	0.9049589	0.7312039	0.8802825	0.0960071	0.3360353	0.0515727	0.3731122	0.1283026	0.6070379	0.8794711	0.2560797	0.8601549	0.2514923	0.6849216	0.3928309	0.0097305	0.9126593	0.4474708	0.1312592	0.0728632	0.7327739	0.5515503	0.5121953	0.8293033	0.9245602	0.2367289	0.1106777	0.3920913	0.9618557	0.0050291	0.7514005	0.3213852	0.8561110	0.2993713	0.5130732	1.0354594	0.6783944	0.5774997	0.3806538	0.2912773	0.5725532	0.5188465	1.0010137	0.8276254	0.4617522	0.0517766	0.3287958	0.2084986	0.3135741	0.9180689	0.2588255	0.6281367	0.9000300	0.2944765	0.2584561	0.6771423	0.7674230	0.9142982	0.1115778	0.6556792	1.0584159	0.3788270	0.1797658	0.4323782	0.5014254	0.6846300	0.4233013	0.1379102	0.4427786	0.5816066	0.1382757	0.5942698	0.3124039	0.0293167	0.5214136	1.0203459

0	0.0094491	0.6355617	1.0459758	0.0876986	0.4170952	0.0015965	0.0357302	0.0201856	0.7842026	0.5482911	0.1482550	0.1067167	0.0074763	0.0795139	0.9263252	0.4386615	0.5117037	1.0187251	0.9869150	0.9112762	0.0675828	0.6396705	0.9879649	0.9056811	1.0249936	0.8053086	0.8415975	0.0956169	0.2807776	0.0361236	0.3476186	0.0945586	0.7647381	0.8073502	0.2691465	0.9854445	0.2644993	0.7761342	0.3511720	0.0142404	0.9503393	0.3956488	0.0912837	0.0721673	0.8039584	0.5632487	0.5721011	0.9104100	0.8750489	0.3877912	0.0490860	0.3690556	1.0040851	0.0016799	0.7496314	0.4296180	0.7445798	0.3138374	0.4763448	0.9977159	0.8917758	0.5763065	0.2317245	0.3844034	0.5377636	0.4876338	1.0898320	0.8135737	0.5024926	0.0491368	0.3912071	0.2335426	0.3169327	0.9297559	0.3112694	0.3637340	0.9584119	0.1589398	0.2670455	0.6498318	0.7931145	1.0351174	0.1402507	0.6535788	1.0095359	0.4184859	0.2245238	0.5131035	0.6073464	0.7854143	0.4606182	0.1309775	0.4648780	0.5528648	0.0723851	0.5781484	0.2784400	0.0363961	0.5378107	0.9932421
50	0.0095101	0.5949779	1.0669844	0.2192023	0.4539794	0.0000679	0.0345935	0.0194930	0.7263830	0.4709691	0.0773372	0.0962427	0.0048269	0.1178763	0.8684994	0.3369137	0.4654759	0.9202120	0.9160454	0.8349541	0.0587713	0.5972175	0.8095209	0.6810438	0.8171170	0.6996018	0.7861412	0.1212976	0.1828114	0.0333642	0.3334991	0.0523279	0.7413248	0.8337390	0.2997995	0.7905858	0.2613142	0.6770554	0.3865464	0.0221415	0.9791508	0.5981720	0.0539715	0.2140588	0.7031371	0.4402479	0.5592822	0.8565707	0.8686772	0.3382517	0.0343080	0.3040768	0.9965016	0.0009817	0.7260738	0.6904703	0.6619259	0.2842680	0.3942203	0.9307198	0.8325225	0.5774782	0.1745874	0.3218131	0.4436578	0.4886767	0.9755348	0.7549821	0.5528350	0.0459324	0.3384445	0.2199810	0.3125173	0.9713223	0.3134218	0.3722118	0.8884490	0.3696180	0.2538796	0.7070406	0.7008593	0.9357302	0.1082208	0.6297259	0.9313858	0.2710339	0.2433904	0.4565779	0.6074838	0.7233177	0.5036070	0.2757778	0.3544376	0.5630104	0.0711747	0.6485684	0.2533192	0.0341406	0.5431401	0.9677703
100	0.0109325	0.6889670	1.0071206	0.2354205	0.4107858	0.0002488	0.0301330	0.0192314	0.6513554	0.4849686	0.0826427	0.1094394	0.0012033	0.1018865	0.9114464	0.2884143	0.5305277	0.9371960	0.9505592	0.9073055	0.1283059	0.6297366	0.6791105	0.4397881	0.8014160	0.7214469	0.8171251	0.1192376	0.1983294	0.0283644	0.3095522	0.0202212	0.7273326	0.8297200	0.2326504	0.8641849	0.2441175	0.7188804	0.4067711	0.0235430	1.0512506	0.8108189	0.1614711	0.3148896	0.8516497	0.4591709	0.6220814	0.7994405	0.8041343	0.3810912	0.0242662	0.2515905	1.1004361	0.0004575	0.7584951	0.7892350	0.5812339	0.3610312	0.4679547	0.9990024	0.8013429	0.5612085	0.1182281	0.3709851	0.2529548	0.4902445	1.0678518	0.7186222	0.6060719	0.0508445	0.3144974	0.2300200	0.3414402	0.9857717	0.3028337	0.2902585	0.8933588	0.3333543	0.2365949	0.6045348	0.8823245	0.9263216	0.0818425	0.6338687	0.8772408	0.1988399	0.2086532	0.4549560	0.5032819	0.8853915	0.4989961	0.2480053	0.3461045	0.5732028	0.0722879	0.6345327	0.2171144	0.0413922	0.5181581	1.0080564
150	0.0174264	0.6831528	0.9530236	0.2661976	0.4420154	0.0008713	0.0231143	0.0157884	0.6564290	0.5275217	0.0660918	0.0649119	0.0040275	0.0942763	0.7897869	0.2347966	0.4752407	0.9535601	0.9691172	0.9246962	0.1513115	0.6683769	0.6605384	0.3801476	0.8389464	0.7620463	0.9237537	0.1001965	0.2139461	0.0339174	0.3359517	0.0250220	0.7387804	0.8577137	0.2701924	0.9730614	0.2099829	0.7432201	0.3691165	0.0202542	1.0282124	0.8273987	0.2755587	0.3401126	0.7843486	0.4933722	0.5559420	0.7823400	0.8478894	0.4700178	0.0176632	0.2522859	1.0781640	0.0010795	0.8160324	0.7431208	0.4841207	0.4199845	0.4555089	0.9776454	0.7996449	0.4726172	0.1352246	0.3325154	0.2091312	0.5233787	1.0898148	0.7396331	0.5966624	0.0220327	0.3375986	0.1637633	0.3745700	0.9998152	0.3622313	0.2416027	0.8978223	0.1828308	0.2581219	0.5860028	0.7689341	1.0629200	0.0782938	0.6156021	0.9954599	0.1698235	0.1383594	0.4720068	0.5267376	0.9487603	0.5783319	0.2603652	0.3528795	0.5332563	0.1109510	0.7188209	0.2512565	0.0498955	0.5029649	0.9778977
200	0.0135123	0.7227010	0.9559160	0.3901328	0.4680762	0.0021680	0.0326579	0.0248488	0.7159800	0.5085309	0.0793830	0.0812059	0.0009981	0.1123033	0.6809134	0.2673333	0.4621827	1.0223365	0.9271747	0.8760186	0.1642625	0.5366122	0.6164505	0.3070513	0.9567956	0.7452190	0.8683518	0.1007643	0.1604950	0.0437628	0.4108450	0.0254574	0.7515144	0.8733539	0.2442322	0.9594667	0.1877135	0.8055649	0.3638032	0.1360020	1.0264859	0.7610905	0.5333713	0.4143118	0.7580144	0.6069046	0.5461113	0.8335904	0.8033925	0.5679947	0.0127829	0.2134553	0.9931076	0.0021127	0.8344757	0.8084087	0.4777541	0.3792486	0.4871225	1.0134640	0.7793097	0.4676954	0.0937636	0.3306056	0.1851634	0.4824566	1.1077963	0.7422073	0.5096478	0.0259920	0.3271322	0.1752462	0.2862173	0.9544529	0.3214324	0.3364895	0.9029420	0.1678540	0.2677121	0.5726815	0.7998395	0.9709893	0.0644429	0.5470713	0.9695264	0.1042140	0.1186761	0.4981811	0.3965198	1.0237803	0.4892783	0.2654759	0.3385367	0.5278832	0.1716345	0.7525221	0.2955785	0.0519545	0.4756041	0.9614761
250	0.0206722	0.6040826	0.9990514	0.5015953	0.4440862	0.0005447	0.0287499	0.0220288	0.7160989	0.5722014	0.0753720	0.0892968	0.0047788	0.1487322	0.7758444	0.2728234	0.3945684	0.9507894	0.9246123	0.8857001	0.1268029	0.4467841	0.5378587	0.2518460	0.9879512	0.6438433	0.7780005	0.0870492	0.2090762	0.0414048	0.4443192	0.0124149	0.7881547	0.9037496	0.2447225	0.9462780	0.2948801	0.7908154	0.3270678	0.4771430	0.9666685	0.7824104	0.6922558	0.3788307	0.7173988	0.5909207	0.5975052	0.8487575	0.7684276	0.5826731	0.0161810	0.1941964	0.9477732	0.0025692	0.7480786	0.6855124	0.3923960	0.4627730	0.4985158	0.9667167	0.7774338	0.3606225	0.1582938	0.3354208	0.1441739	0.3897984	1.0772204	0.6589804	0.5817917	0.0691538	0.3169979	0.1944850	0.2484159	0.9609277	0.3799879	0.2855621	0.9456020	0.1004807	0.2841841	0.5783993	0.8570905	0.9254069	0.0550516	0.4767145	0.9103746	0.1017808	0.1196702	0.4741151	0.3437027	0.8757615	0.5346440	0.3183207	0.3884430	0.5489208	0.2285300	0.8268751	0.3629908	0.0414442	0.3059625	0.9589402
300	0.0184861	0.6766801	0.9285377	0.4892091	0.4479999	0.0006134	0.0414301	0.0209992	0.6946339	0.4308737	0.0624403	0.0692036	0.0028768	0.1316944	0.8638795	0.2097994	0.4592313	0.8345622	0.8453881	0.8208302	0.0968858	0.5012777	0.5134398	0.2771076	0.9239206	0.7313749	0.8924809	0.0631373	0.1497481	0.0329024	0.3713512	0.0236449	0.8427350	0.8575161	0.2390763	0.9174672	0.3310564	0.7146081	0.4341543	0.7445930	0.9661225	0.6696475	0.7411945	0.3229563	0.7552157	0.5874036	0.6038889	0.8174409	0.8291118	0.5380402	0.0118509	0.1850808	0.9735970	0.0005722	0.7431034	0.6270728	0.4530239	0.5410407	0.4607468	1.0588938	0.7643317	0.2446529	0.2189962	0.3657908	0.1430031	0.2217886	0.9729344	0.5539084	0.7453275	0.0405660	0.3379461	0.2297552	0.2460453	0.9119305	0.4035146	0.3297386	0.9205076	0.1169132	0.2821088	0.5903393	0.8804333	0.9761384	0.0869096	0.4451992	0.8928395	0.1068261	0.0988442	0.4263032	0.3538657	0.9316164	0.5432138	0.3201925	0.4457152	0.5639955	0.2369980	0.8075516	0.5294702	0.0666614	0.1529319	1.0513411
350	0.0147774	0.6355904	0.9207242	0.4919927	0.5106315	0.0002865	0.0291079	0.0198588	0.7084020	0.4604754	0.0852208	0.0687370	0.0017163	0.0904086	0.8875220	0.1969015	0.5512543	0.8943764	0.9218773	0.8083822	0.0975145	0.5392709	0.5670729	0.2554726	0.9641370	0.6304384	0.8233091	0.0766929	0.1209864	0.0338949	0.3974235	0.0274609	0.8804900	0.8237395	0.2145010	0.8721215	0.2572297	0.6676670	0.4096892	0.7505900	0.9794944	0.6374542	0.6312597	0.3381958	0.7071137	0.4687247	0.6177506	0.7382095	0.7950572	0.4542643	0.0099449	0.1588624	0.9641794	0.0025417	0.7191062	0.6478938	0.4740384	0.5428189	0.4408910	1.0290536	0.9077318	0.2258784	0.1642217	0.4045922	0.1170632	0.1980610	1.0042244	0.6737569	0.8231109	0.0474586	0.4235220	0.2366427	0.2616425	1.0053993	0.3785351	0.2796857	0.8890628	0.1496016	0.3493660	0.5472159	0.9288597	0.9052503	0.0843883	0.4275679	0.9031162	0.1011610	0.0857802	0.3556062	0.3678592	0.9245435	0.4549777	0.3338638	0.5091988	0.6037218	0.2441984	0.8011558	0.5682813	0.0323489	0.0764450	1.0158821
400	0.0096441	0.6384569	0.8378228	0.5529049	0.4473060	0.0000000	0.0202139	0.0188957	0.7292430	0.5283995	0.0541664	0.0747360	0.0012898	0.1088401	0.9143492	0.2035114	0.5133929	0.9402773	1.0282449	0.8605172	0.1236873	0.5094468	0.5818328	0.2439090	1.0373739	0.6267827	0.8381560	0.0982229	0.0727849	0.0316505	0.3507238	0.0140020	0.8349995	0.8530962	0.2542929	0.7788802	0.2302690	0.7036379	0.3071824	0.7602153	0.9255112	0.7008481	0.6178085	0.3462837	0.8545752	0.4951181	0.5411819	0.8119473	0.7692436	0.4294661	0.0122583	0.2142555	1.0442695	0.0002553	0.6909587	0.6523271	0.5054836	0.5514575	0.4755661	1.0410788	0.8889236	0.2513649	0.1999605	0.3923073	0.1290627	0.1160834	1.0051457	0.6536542	0.7828039	0.0251489	0.3705146	0.2375983	0.2402232	0.9202652	0.4098910	0.1739416	0.9661015	0.1260714	0.2973399	0.5314729	0.8652032	0.9042175	0.0909719	0.3898381	0.9826517	0.1447630	0.0787695	0.3316963	0.3982772	0.9763844	0.4661031	0.3582442	0.5219517	0.6350258	0.2976647	0.7871254	0.4884913	0.0373375	0.0482411	0.9846320
450	0.0084206	0.6497839	0.8600158	0.4541675	0.4177145	0.0000000	0.0350477	0.0186861	0.7227531	0.6139072	0.0559926	0.0973134	0.0050557	0.0908892	0.8544808	0.1587738	0.5707610	0.9148767	0.9865961	0.8396476	0.1539919	0.5560015	0.5593122	0.2361247	0.9624203	0.6790966	0.8881424	0.1068344	0.0701873	0.0381435	0.3276736	0.0169041	0.7308645	0.9322532	0.2856376	0.8732016	0.3106742	0.7233339	0.3340460	0.7954764	0.9625771	0.6885966	0.5985887	0.3901504	0.7803867	0.5417457	0.5063910	0.7306153	0.8209626	0.3442487	0.0131900	0.2353958	0.9476312	0.0009576	0.6838431	0.6456894	0.4187504	0.5744308	0.4465614	1.0847737	0.9977428	0.1963985	0.1393146	0.4426177	0.1221204	0.1738910	0.9636645	0.6689162	0.7318488	0.0283101	0.3840630	0.2223320	0.2797244	0.9875491	0.4069004	0.1905477	0.9415459	0.1854510	0.2344811	0.5602430	0.8260340	0.9894947	0.0990461	0.3732776	0.9758822	0.1283983	0.0507410	0.2919873	0.4376554	0.8958372	0.5078808	0.3308392	0.4748875	0.5560308	0.2917735	0.9035433	0.4785325	0.0408132	0.0339391	1.0682366
500	0.0103599	0.6222474	0.8779939	0.4448225	0.3659007	0.0006036	0.0422578	0.0152496	0.6580864	0.5589165	0.0752960	0.1000500	0.0054330	0.1075554	0.8368674	0.1233499	0.4367786	1.0033132	0.9378951	0.8812182	0.1628695	0.4919839	0.5153107	0.2595062	0.8749223	0.7072587	0.9521928	0.0964533	0.0571257	0.0478303	0.4048858	0.0116152	0.7620323	0.8380151	0.2120427	0.9316515	0.3243816	0.7209142	0.3361856	0.8168192	1.1470505	0.7861058	0.7236941	0.4025309	0.8524627	0.5760796	0.5354768	0.7520603	0.7327476	0.4200357	0.0105900	0.2305090	0.9610813	0.0049984	0.6707144	0.6667931	0.4569602	0.5123905	0.4601214	1.0051900	0.9856703	0.2051362	0.1411540	0.4453256	0.1408600	0.1701241	1.0369795	0.6877055	0.7851125	0.0315116	0.3697678	0.2970014	0.2863635	0.9640644	0.3590792	0.1619744	0.9193226	0.1716031	0.2859925	0.6853752	0.8359275	0.9196898	0.0802920	0.3455345	0.9601755	0.1237613	0.0375429	0.3499650	0.3254250	0.8987565	0.5699551	0.3231048	0.4576757	0.5661973	0.3364190	0.9200817	0.4514634	0.0510248	0.0190587	1.0009873
550	0.0139900	0.5640038	0.8585305	0.3479458	0.4262547	0.0030032	0.0323767	0.0388739	0.7078651	0.6131953	0.0989156	0.1006652	0.0002745	0.1208399	0.9842060	0.1911395	0.4508682	0.9853309	0.9909036	0.8344978	0.1686834	0.4868470	0.6229181	0.7231074	0.8490940	0.6777334	0.9647531	0.0744133	0.0628585	0.0625221	0.4054576	0.0274392	0.7270338	0.8538569	0.2113828	0.8137463	0.4039489	0.6950937	0.3515857	0.9830259	1.1322953	0.5176586	0.7022108	0.2853674	0.7011222	0.6134598	0.5368927	0.8130548	0.7773829	0.4576176	0.0250957	0.1748730	0.9460737	0.0045946	0.6776358	0.5994981	0.5887287	0.4634011	0.4848968	1.0027414	0.9195322	0.1823316	0.1772655	0.3950221	0.3585057	0.1720082	0.9585045	0.7011527	0.8881788	0.0520426	0.3859575	0.2330149	0.2557540	0.8531983	0.3872961	0.1789856	0.8726425	0.1984634	0.2870576	0.6171244	0.8681191	0.9987131	0.0786146	0.3497519	0.9705475	0.2636728	0.0788212	0.3671029	0.3506168	0.8101221	0.5256212	0.2880977	0.4856991	0.5904492	0.4094342	0.8586873	0.5886319	0.0371081	0.0290089	0.8812541
600	0.0211200	0.6084253	0.9637820	0.3008697	0.5040077	0.0035959	0.0251655	0.0289411	0.6473296	0.5655852	0.1315865	0.0859754	0.0005709	0.1021035	0.9593501	0.2946023	0.5148550	0.9877304	1.0363141	0.8809146	0.1244242	0.4750414	0.7309054	0.9499551	0.9049147	0.7243634	0.8925507	0.0890552	0.0878437	0.0559828	0.3635780	0.0517482	0.6450439	0.8580760	0.1810240	0.8605211	0.4342858	0.6821605	0.3319502	1.0332172	1.0649319	0.4055627	0.6254843	0.2133822	0.7022938	0.6099597	0.5291610	0.8242606	0.8167766	0.3898833	0.0427050	0.2436603	1.0644781	0.0080214	0.6933874	0.5941488	0.6828023	0.5137878	0.4610970	1.0182729	0.8974379	0.2010238	0.2578349	0.3147987	0.4239095	0.1758744	1.0062335	0.6860377	0.8307297	0.0371792	0.3643270	0.2005312	0.2191193	0.9492401	0.3470451	0.1796070	0.8272349	0.1864879	0.2476978	0.6366451	0.8532195	1.0390748	0.0984881	0.3694929	0.9523637	0.3203913	0.0701294	0.4551484	0.3916843	0.8854394	0.6029362	0.3445264	0.6374264	0.5257926	0.5671076	0.7578607	0.6624260	0.0495588	0.0220340	0.8434962
650	0.0162083	0.6046686	0.9156120	0.2571490	0.5319169	0.0019608	0.0354395	0.0296126	0.6445011	0.4509310	0.1395733	0.1140212	0.0020142	0.0574111	0.9117723	0.3515917	0.4975447	0.9553808	1.0226954	0.9034126	0.1386180	0.5423016	0.8363873	0.9351334	0.8524129	0.6932178	0.8453753	0.1460026	0.1042091	0.0523413	0.4213632	0.0729637	0.5951749	0.9359766	0.2116876	0.7759899	0.4596467	0.6946276	0.3670676	0.9043599	0.9457969	0.3370314	0.3634899	0.1498790	0.7317624	0.6655808	0.5693787	0.8221086	0.8253405	0.3192197	0.0549331	0.2335592	1.0226663	0.0050864	0.6845560	0.5076447	0.7595273	0.5141096	0.4781198	0.9214234	0.7758998	0.3220694	0.2685279	0.3887875	0.4604348	0.2212717	0.9741912	0.6497336	0.9472361	0.0431610	0.4197256	0.2038245	0.2124960	0.8422286	0.3200693	0.1586861	0.7559811	0.2048058	0.3195535	0.6670503	0.7494878	1.0687071	0.0949999	0.4122105	1.0164417	0.2614905	0.0655933	0.4088895	0.3951909	0.9383923	0.5303472	0.3317920	0.6054384	0.4593794	0.5191060	0.6993324	0.5819687	0.0365786	0.0182035	0.8790092
700	0.0129980	0.6064653	1.1423374	0.2505980	0.4850129	0.0007451	0.0347616	0.0255893	0.7322019	0.4081107	0.1549961	0.0831368	0.0048260	0.0817779	0.8938302	0.4228279	0.5149693	0.9076537	1.0020103	0.8670126	0.1301345	0.5842828	0.8508619	0.9606758	0.9418433	0.6210807	0.8358370	0.1076960	0.0807646	0.0548408	0.3826084	0.0929607	0.6401820	0.8553968	0.1880142	0.8294737	0.4336182	0.6697191	0.3349379	0.4190477	0.8843420	0.3415390	0.2015663	0.1263351	0.6652832	0.4727935	0.5944418	0.8866488	0.8373805	0.3204028	0.0756036	0.3072128	1.1142194	0.0060086	0.6873991	0.4974305	0.7186316	0.4613999	0.4714273	0.9629545	0.7495561	0.4271139	0.4092016	0.3985415	0.5624205	0.3515876	0.9776187	0.6948075	0.8617410	0.0297448	0.3629966	0.1953216	0.1936070	0.8882922	0.3246613	0.1766748	0.8518131	0.1725387	0.3236439	0.6587603	0.7756283	1.0326466	0.0892070	0.4065696	1.0218919	0.2992691	0.0866769	0.3982495	0.4867012	0.9151528	0.4262006	0.3747931	0.5673506	0.4861780	0.5256766	0.6280355	0.4774923	0.0292297	0.0329516	0.8823485
750	0.0177709	0.6116522	1.1389951	0.2501790	0.4957028	0.0005712	0.0422423	0.0282473	0.7257139	0.3778301	0.1468155	0.1151655	0.0082299	0.0955904	0.8389908	0.4761206	0.4978054	0.9345480	0.9217169	0.9071660	0.1311443	0.6051476	0.9050864	0.9896252	0.9266438	0.6001439	0.8666547	0.0836466	0.1499736	0.0559515	0.3304006	0.0984520	0.5830255	0.7519173	0.2703287	0.8131568	0.2630112	0.6936349	0.3762391	0.1636732	0.8231154	0.3468115	0.1503182	0.1132090	0.6782101	0.4697226	0.6331534	0.8254009	0.8175382	0.3177940	0.0541812	0.3877153	0.9907584	0.0081145	0.7099966	0.5234085	0.8488544	0.4123064	0.5182959	0.9572025	0.8481654	0.4742409	0.3946780	0.4062741	0.5995332	0.3964960	0.9355512	0.6354167	0.7996003	0.0278407	0.3914222	0.2299903	0.1728876	0.9857331	0.2857792	0.2249442	0.8510649	0.1784460	0.3237521	0.6775890	0.6968337	0.9559999	0.0726587	0.4506594	1.0181468	0.2994191	0.1619728	0.4129547	0.5850400	0.8481029	0.4115665	0.3352366	0.4643787	0.4568036	0.5473056	0.6096489	0.3658556	0.0189085	0.0267757	0.9432055
800	0.0168429	0.7407586	1.0767101	0.1869955	0.4422543	0.0018239	0.0551216	0.0181481	0.8270906	0.4402520	0.1445108	0.0796102	0.0005729	0.1074662	1.0158899	0.4776360	0.4933740	0.8815085	0.9319580	0.8820938	0.1317275	0.6558032	1.0007821	0.9502094	0.8570046	0.6761265	0.8145299	0.0728440	0.2269879	0.0430554	0.3263886	0.1133698	0.5235202	0.7998663	0.2838913	0.7446368	0.1965716	0.7554730	0.3386343	0.0623966	0.7545964	0.3923253	0.1121984	0.0842053	0.8141928	0.4635337	0.5702602	0.8185941	0.8771459	0.3204307	0.0832540	0.3472805	0.9547621	0.0066547	0.7640976	0.5010184	0.7668314	0.4294125	0.4909112	0.9192187	0.8067036	0.5706534	0.4481887	0.3570259	0.5748085	0.4324669	0.9939001	0.6776134	0.5445889	0.0638632	0.4113274	0.2505017	0.2644780	0.9638138	0.2740269	0.2803024	0.9041587	0.0975151	0.3030809	0.6539542	0.7597721	0.9525777	0.0910765	0.5541881	1.0314768	0.2930830	0.2376893	0.3756392	0.5907803	0.7286395	0.3824970	0.4197502	0.4411504	0.4989011	0.4196811	0.6679304	0.3018200	0.0209207	0.0358365	0.9935863
850	0.0097374	0.6685560	0.9626947	0.0857470	0.4683068	0.0052150	0.0275829	0.0181397	0.8633093	0.4716761	0.1220213	0.0862295	0.0097964	0.1201967	0.9198114	0.4981586	0.4978773	0.9414073	0.9945007	0.9332703	0.1142430	0.6069321	1.0463988	0.9644418	0.8659846	0.7219925	0.8882121	0.1021262	0.2162900	0.0378750	0.3494773	0.1019152	0.6433921	0.8373934	0.2753422	0.9044849	0.2845678	0.7154346	0.3309492	0.0516189	0.8994541	0.4655737	0.0682608	0.0994087	0.8465675	0.4408109	0.5934067	0.7849854	0.8041429	0.3637516	0.0666495	0.3433400	0.9307642	0.0064120	0.7606559	0.4395983	0.7619910	0.3404966	0.5611278	0.9162288	0.7117263	0.5481449	0.3470570	0.3053992	0.5668988	0.5238943	0.9658392	0.6936040	0.4730604	0.0691033	0.3744445	0.2254243	0.3294301	0.9738818	0.2553034	0.3070125	0.9261879	0.1591775	0.2853904	0.6393421	0.7947280	1.0213302	0.0993762	0.6042783	1.0859078	0.3747062	0.3187643	0.4065627	0.5136863	0.6893196	0.4220901	0.4691080	0.4009591	0.4650693	0.3075498	0.5877846	0.2243110	0.0288107	0.0813823	1.0027962
900	0.0126420	0.6706558	0.9490626	0.1102910	0.4875350	0.0003957	0.0460814	0.0119396	0.8781789	0.4658041	0.1251968	0.0745890	0.0052122	0.1018542	0.8469034	0.5108855	0.5654343	1.1220900	0.9688683	0.9510075	0.0997578	0.6174727	1.0035402	0.9864652	0.8840874	0.7032362	0.9630839	0.0962503	0.2500132	0.0359564	0.3967516	0.0982737	0.6559281	0.8334836	0.2216024	0.8406603	0.2207020	0.7714020	0.3677610	0.0228296	0.9529834	0.4233178	0.0819655	0.0853244	0.7739735	0.5090941	0.5400270	0.7576840	0.8279823	0.4111369	0.0517109	0.3270997	0.9868902	0.0030814	0.6777386	0.4877149	0.6557728	0.3093170	0.4970897	1.0139034	0.7594231	0.5746110	0.2232332	0.2942410	0.5119938	0.5390176	1.0306366	0.7758975	0.3855586	0.0456861	0.3438131	0.2288515	0.2799976	1.0011413	0.3250101	0.3865195	0.9260178	0.1986261	0.3318083	0.5292026	0.7799068	1.0036227	0.1409649	0.6584006	0.9914923	0.3380844	0.3364857	0.4498837	0.5059149	0.6918914	0.4218616	0.4143689	0.3894551	0.5199444	0.1960527	0.6272600	0.2629477	0.0293294	0.2446100	0.9596851
950	0.0122037	0.6308336	0.9704404	0.1452456	0.4762550	0.0022079	0.0620625	0.0129085	0.8240330	0.5227442	0.1104696	0.0738841	0.0038556	0.1021453	0.8593796	0.5023015	0.3990439	1.1248866	0.9412334	0.9236333	0.1157166	0.6384174	1.0082868	1.1080800	0.9681548	0.7435521	0.9633058	0.0889894	0.2088926	0.0399447	0.3544161	0.0868192	0.6669336	0.7620309	0.2224917	0.8181308	0.2179830	0.8495046	0.3212443	0.0182163	0.8347130	0.4201840	0.0792134	0.0756164	0.7486980	0.5846017	0.5441282	0.8654961	0.8584320	0.3064149	0.0437106	0.3517532	0.9713353	0.0010132	0.7184960	0.4563660	0.8158654	0.2288097	0.5131002	0.9404524	0.7253051	0.5910922	0.2201178	0.2912594	0.5354466	0.4849583	1.1277290	0.7649960	0.3670468	0.0442790	0.3658482	0.2109674	0.3049420	0.8231766	0.3078292	0.3475667	0.9164649	0.2223349	0.2560438	0.5572143	0.8326094	0.9437733	0.0756042	0.6214383	0.9942123	0.4036830	0.2925142	0.4863336	0.5221033	0.7978803	0.4845921	0.3227288	0.3158834	0.5278155	0.1305747	0.6665572	0.2452681	0.0441471	0.3962548	0.9586844
1000	0.0106776	0.6346540	0.9801025	0.1670857	0.4870017	0.0022872	0.0286865	0.0141482	0.7346889	0.4991644	0.1207179	0.0940423	0.0103748	0.0986209	0.8435544	0.3882230	0.3920701	1.1408504	0.9659310	0.9068213	0.0778182	0.7309506	0.9800416	1.0317587	0.9310449	0.7076024	1.0125878	0.0917939	0.1892932	0.0487398	0.3585710	0.0817344	0.8071395	0.7506498	0.2422630	0.8832681	0.3259030	0.7791109	0.3380350	0.0262318	0.9216109	0.4561570	0.0880482	0.0899148	0.6760588	0.5866000	0.5184026	0.8271281	0.9240465	0.3154482	0.0552815	0.4125478	0.9278507	0.0030290	0.7165487	0.4931956	0.8408493	0.2066606	0.5055720	0.9778158	0.7413529	0.5164644	0.2043169	0.3111225	0.4963360	0.4919808	0.9866217	0.8006132	0.4776175	0.0308738	0.3707996	0.2192166	0.2566313	0.9005334	0.2740451	0.4542116	0.9344070	0.1963837	0.3198727	0.5981195	0.8175616	0.9391908	0.0946651	0.5574006	0.9470944	0.3869746	0.2218588	0.5472244	0.4974533	0.7234511	0.4673683	0.2414883	0.3738729	0.5241054	0.1632199	0.6063442	0.2928932	0.0529383	0.5318817	0.9952541

0	0.0094491	0.6355617	1.0459758	0.0876986	0.4170952	0.0015965	0.0357302	0.0201856	0.7842026	0.5482911	0.1482550	0.1067167	0.0074763	0.0795139	0.9263252	0.4386615	0.5117037	1.0187251	0.9869150	0.9112762	0.0675828	0.6396705	0.9879649	0.9056811	1.0249936	0.8053086	0.8415975	0.0956169	0.2807776	0.0361236	0.3476186	0.0945586	0.7647381	0.8073502	0.2691465	0.9854445	0.2644993	0.7761342	0.3511720	0.0142404	0.9503393	0.3956488	0.0912837	0.0721673	0.8039584	0.5632487	0.5721011	0.9104100	0.8750489	0.3877912	0.0490860	0.3690556	1.0040851	0.0016799	0.7496314	0.4296180	0.7445798	0.3138374	0.4763448	0.9977159	0.8917758	0.5763065	0.2317245	0.3844034	0.5377636	0.4876338	1.0898320	0.8135737	0.5024926	0.0491368	0.3912071	0.2335426	0.3169327	0.9297559	0.3112694	0.3637340	0.9584119	0.1589398	0.2670455	0.6498318	0.7931145	1.0351174	0.1402507	0.6535788	1.0095359	0.4184859	0.2245238	0.5131035	0.6073464	0.7854143	0.4606182	0.1309775	0.4648780	0.5528648	0.0723851	0.5781484	0.2784400	0.0363961	0.5378107	0.9932421
50	0.1271705	0.6359409	1.0705427	0.1788629	0.5840797	0.0017975	0.0324702	0.0185717	0.7509389	0.4204125	0.1388186	0.0863795	0.0065508	0.0827810	0.9870655	0.3867195	0.4153392	1.0596716	0.8906629	0.8327162	0.0524035	0.6984271	1.1118178	0.9742861	0.5811467	0.6416157	0.8198923	0.1064243	0.2401525	0.0180245	0.2793164	0.0534042	0.7340629	0.7038216	0.1996763	0.9696772	0.2892464	0.8150741	0.3277641	0.0338450	0.9308183	0.5387194	0.0974797	0.1468052	0.8711968	0.4019146	0.7694116	0.9840078	0.8761047	0.4022339	0.0539945	0.3743255	0.9853033	0.0008877	0.7584699	0.5448255	0.7010067	0.2819888	0.5565202	1.0696119	0.8193702	0.5300188	0.3188894	0.2850609	0.4749103	0.3083767	1.0075835	0.7957621	0.4344707	0.0537850	0.4565917	0.3801554	0.2810180	0.8090339	0.2700777	0.4405924	0.9127332	0.2551463	0.2405372	0.5895931	0.8452123	0.8759865	0.0909743	0.6056388	0.9510460	0.3341076	0.2610249	0.5158821	0.5045307	0.8136730	0.5085597	0.4130391	0.3579269	0.5519427	0.1128843	0.5548044	0.1691679	0.0214071	0.5782376	1.0025304
100	0.3786457	0.5647847	1.1750762	0.1538681	0.4967726	0.0009578	0.0149569	0.0174403	0.8210028	0.2212181	0.1347885	0.0910246	0.0043002	0.0985497	0.8896563	0.2712797	0.2897304	0.9644919	0.9231620	0.8191447	0.1048699	0.6354261	1.1392398	1.0269432	0.4126427	0.7275254	0.8176466	0.1078885	0.1942596	0.0115649	0.3028338	0.0475648	0.8130148	0.7139142	0.2129068	0.8255161	0.2464674	0.7727594	0.2327945	0.0191573	0.9376510	0.4424474	0.1073135	0.2568054	0.9215085	0.3710469	0.6769706	1.0387571	0.9032475	0.4523554	0.0866397	0.3543967	0.9800536	0.0060471	0.7034034	0.5480221	0.6321139	0.2961994	0.5832333	0.8819330	0.8598528	0.6041726	0.3588881	0.2831049	0.5957481	0.1804000	0.9740413	0.9887153	0.4705965	0.0567996	0.5836969	0.5475408	0.2911081	0.9437014	0.2632899	0.3503574	0.8880129	0.2035316	0.2094325	0.4808110	0.7381208	0.7923574	0.1060472	0.6302073	0.9234365	0.2493218	0.3505348	0.4808534	0.4850506	0.8113773	0.5933745	0.6386756	0.3348144	0.5817733	0.1451413	0.5395868	0.1319291	0.0250917	0.6109145	1.0874239
150	0.5783819	0.6845381	1.1094219	0.1277818	0.5103716	0.0019640	0.0149387	0.0337302	0.8987892	0.1372778	0.1019678	0.0790955	0.0077534	0.0768248	1.0447408	0.2752355	0.3708325	0.9338881	1.0110113	0.7671393	0.1378246	0.5928934	0.9599455	1.0116657	0.2444877	0.6831148	0.7945576	0.1236643	0.1228631	0.0161542	0.3608350	0.0665931	0.6763278	0.7132692	0.2036648	0.7161022	0.2154939	0.7751619	0.2200921	0.0131231	1.0223891	0.4119741	0.2203109	0.4186098	0.9260080	0.4353375	0.7241176	0.9766379	0.9928077	0.4443081	0.1052543	0.3116827	0.9749166	0.0048560	0.7323778	0.6137141	0.6670235	0.2963328	0.4714446	0.8478113	0.9148532	0.5582288	0.2831313	0.3032745	0.5871612	0.1194468	0.8738990	0.9286784	0.4793260	0.0432604	0.6932202	0.6440775	0.2968809	0.8944441	0.2634738	0.3098355	0.9332771	0.1837270	0.1804508	0.4889076	0.7947295	0.7366634	0.1089152	0.6626242	0.9721690	0.2483677	0.5083094	0.4298194	0.4779210	0.8223971	0.6642452	0.7634609	0.3636093	0.6644299	0.1339140	0.5394394	0.1142678	0.0428799	0.5890882	1.0784223
200	0.5515421	0.6865396	0.9951181	0.1416239	0.4676565	0.0007695	0.0352255	0.0149965	1.0096914	0.1159691	0.1454010	0.0981957	0.0040094	0.0771759	0.9488215	0.1869496	0.3889878	0.9049127	0.9982750	0.7981095	0.1249844	0.6689881	1.0441055	1.0204737	0.1470573	0.6393689	0.7763452	0.0907165	0.0893490	0.0197339	0.3076674	0.0532318	0.7945416	0.7228547	0.2796001	0.7799066	0.2087643	0.7107320	0.1845645	0.0879398	0.9067203	0.3711310	0.4507594	0.4055939	0.8372252	0.4563089	0.6816021	0.9545770	1.0614343	0.5699328	0.1864351	0.2668468	0.8835671	0.0037762	0.7899160	0.6032262	0.7374201	0.2982805	0.4761592	0.8716495	1.0185715	0.4870319	0.2475725	0.3165273	0.5748208	0.1067559	1.0135662	0.8852712	0.5254811	0.0391229	0.7423001	0.6307937	0.2935194	0.9068750	0.3560099	0.2115941	0.8848626	0.1414066	0.1638061	0.5772722	0.6859746	0.5845993	0.1164268	0.5017333	0.9770699	0.2097392	0.4660794	0.3683019	0.4814394	0.9458996	0.6267550	0.8217571	0.4321503	0.7887979	0.1993602	0.5476063	0.0954521	0.0484866	0.6566953	1.0459544
250	0.5558134	0.6428831	0.9593875	0.2426272	0.5389866	0.0069077	0.0356658	0.0218831	1.0381575	0.1316210	0.1782132	0.1020513	0.0003994	0.0990866	0.7748320	0.2201497	0.3450737	1.0103124	0.9089571	0.8104316	0.1638531	0.6189927	1.0185608	0.9817874	0.0985887	0.5959871	0.6705440	0.1179489	0.0870712	0.0067774	0.3288291	0.0389181	0.8037869	0.7370308	0.2614182	0.7256443	0.1558876	0.6812790	0.2128237	0.3721813	0.7839066	0.2597470	0.6598701	0.3674150	0.7929117	0.4452521	0.6926399	0.9764526	0.9172727	0.5096473	0.1922990	0.2740297	0.9317558	0.0093766	0.7084243	0.5920111	0.8647523	0.4712321	0.4514734	0.7979691	1.1181030	0.3941556	0.2945579	0.2914000	0.5197624	0.0704797	0.9921373	0.9317241	0.4738671	0.0482348	0.8183289	0.5791827	0.3815299	0.9438994	0.3047046	0.1827567	0.8255128	0.1199756	0.2094237	0.5437417	0.7392371	0.5872106	0.1380345	0.4055555	1.0480420	0.1841748	0.4010797	0.3116922	0.4017902	0.8881761	0.5203621	0.8601349	0.4778256	0.8645218	0.3710870	0.4841821	0.1045027	0.0420704	0.5354844	1.0220488
300	0.5740331	0.6470325	0.9965948	0.3590813	0.5040461	0.0029443	0.0211554	0.0346738	0.9818738	0.1395100	0.1804243	0.1144949	0.0005297	0.1057602	0.8282220	0.2155179	0.3618091	0.8917752	0.9492835	0.8837277	0.1626868	0.6409050	0.9868049	0.9149671	0.1066883	0.6568222	0.6464912	0.1039848	0.0843544	0.0148218	0.3267063	0.0436608	0.7535994	0.7381399	0.3455679	0.7626006	0.2022803	0.7227700	0.2257611	0.6698136	0.6670181	0.3157313	0.6480242	0.3940553	0.8014039	0.4153003	0.6563698	0.8928544	0.8718151	0.4272252	0.2511988	0.2940735	0.8132373	0.0112673	0.6929041	0.6055980	0.7635018	0.5845151	0.4475947	0.7891063	1.0992826	0.3679325	0.3584214	0.2955313	0.5504518	0.0271728	0.9344079	0.9774676	0.4054271	0.0586463	0.8535638	0.5652319	0.3348991	0.8855135	0.2839941	0.1462701	0.8324202	0.1096835	0.1987644	0.5153915	0.8216960	0.5966226	0.1344770	0.3082915	1.0200549	0.1895964	0.4069793	0.2388686	0.4865259	0.8563878	0.5430941	0.9020368	0.5611296	0.9257204	0.5124139	0.5310686	0.1530996	0.0435398	0.3841588	0.9406446
350	0.6032013	0.6440938	0.8684958	0.3842889	0.5616377	0.0004490	0.0313584	0.0487473	1.0227694	0.1484115	0.1870085	0.0842968	0.0050805	0.1212286	0.8792907	0.2311114	0.4245973	0.9612690	0.9922587	0.8631652	0.1486762	0.7248821	1.0059102	0.9442796	0.1261590	0.6879023	0.5695391	0.0494008	0.0296545	0.0148303	0.3029489	0.0661080	0.6603443	0.7620865	0.3227119	0.7823292	0.1322013	0.6706954	0.2648912	0.8215281	0.6323396	0.3191599	0.7239320	0.3560174	0.7380778	0.4958359	0.6722073	0.9681653	0.9285422	0.4696113	0.2791503	0.2818197	0.7516798	0.0223659	0.7480353	0.6309219	0.7891633	0.6292730	0.4753878	0.8376112	1.0340227	0.3114950	0.3721933	0.3502087	0.5656313	0.0267857	1.0374805	0.9936024	0.4402608	0.0480113	0.8836072	0.5723881	0.4278352	0.8525527	0.2615540	0.1338246	0.7630236	0.1016786	0.1642406	0.5307276	0.8660886	0.6471556	0.1105845	0.2479470	1.0162951	0.1779783	0.4481177	0.1836859	0.3951015	0.9524561	0.4814818	0.9760397	0.6297131	0.9651280	0.5570176	0.4851196	0.1635893	0.0588063	0.3132971	0.9228611
400	0.5924498	0.6767312	0.9643734	0.4341581	0.5133060	0.0004533	0.0221350	0.0188968	0.9487870	0.1551752	0.2167710	0.0760274	0.0045072	0.1170518	0.9358445	0.2351907	0.3855870	0.9266632	0.9969635	0.8503816	0.2043831	0.6478122	0.8984346	0.9740043	0.1023468	0.6835291	0.5910082	0.0740880	0.0229437	0.0338179	0.3484777	0.0563636	0.7736593	0.7145370	0.2842575	0.8294142	0.2045796	0.6842076	0.2233413	0.7895885	0.7927563	0.2836500	0.7143313	0.3356801	0.6342720	0.3899303	0.7761768	0.9847424	0.9394527	0.5495036	0.2781089	0.3025924	0.7771932	0.0186983	0.7348605	0.5738566	0.7627307	0.6152492	0.5091905	0.9171673	0.9571690	0.2012786	0.3544697	0.3375239	0.5989579	0.0078432	0.9186811	0.9296667	0.4956420	0.0221311	0.9328266	0.6223160	0.3974704	0.9243317	0.2734948	0.1264243	0.7332478	0.1379945	0.1788292	0.5352418	0.7925496	0.6621943	0.1051653	0.1884705	0.9812628	0.1942314	0.4562231	0.1193903	0.4629844	0.9134226	0.5129761	0.9581100	0.6270239	0.9111876	0.5549757	0.4935370	0.1967530	0.0428064	0.2353069	1.0188763
450	0.5619237	0.6020254	0.9658344	0.4475700	0.4188299	0.0006771	0.0215168	0.0196569	0.9931325	0.1916197	0.2752441	0.0706638	0.0023862	0.0857551	1.0319479	0.2594342	0.3230073	0.9767106	0.8965657	0.8256950	0.2177950	0.6353731	0.9445181	0.9935594	0.0543290	0.6771325	0.5374086	0.0708845	0.0348546	0.0386344	0.4021673	0.0451430	0.6742988	0.6797655	0.2969627	0.8049133	0.1388078	0.6480573	0.2627340	0.9040669	0.6646876	0.3191561	0.7266682	0.4111030	0.6194567	0.4090187	0.7900627	1.0273092	0.9235819	0.5854612	0.2700115	0.2580257	0.7779257	0.0312553	0.7141841	0.5010089	0.7263926	0.6941397	0.4384898	0.8730185	0.9392459	0.2543882	0.4004573	0.4213383	0.6164349	0.0077453	0.9306573	0.9211158	0.5374601	0.0381655	0.7872126	0.6339226	0.4148742	0.9532711	0.3403191	0.1040698	0.7171622	0.1001961	0.1812330	0.4985335	0.7843144	0.5912426	0.1010178	0.1798656	1.0247769	0.2408369	0.4234254	0.1320081	0.4419679	1.0169129	0.5269663	0.8853717	0.6343784	0.9842241	0.6286330	0.4980021	0.2065295	0.0247925	0.1868547	1.0408078
500	0.5495755	0.6668339	1.0485734	0.4843371	0.5403558	0.0005683	0.0307976	0.0202299	1.0577639	0.1848264	0.2454564	0.0741904	0.0056463	0.1003623	0.9808389	0.2179843	0.3142543	0.8710606	0.9125879	0.8153185	0.1466479	0.7548998	0.9345543	1.0139192	0.0540850	0.6885495	0.4828213	0.0680366	0.0365365	0.0307322	0.3512158	0.1069465	0.5511240	0.6583660	0.2656168	0.7763365	0.1362245	0.6343408	0.1887315	0.9171181	0.7468540	0.2750946	0.7031305	0.3062642	0.6764374	0.3716099	0.8877665	1.1141568	0.9095051	0.4564126	0.4057464	0.3008166	0.7522618	0.0272756	0.7171357	0.5919041	0.6600298	0.7343982	0.4945673	0.8241717	1.0475286	0.2135793	0.4139892	0.4780248	0.5942228	0.0107470	0.8722895	0.9783541	0.5837670	0.0643288	0.8644160	0.6181352	0.3792144	0.9280264	0.2344016	0.1168125	0.6796479	0.1336505	0.2342830	0.4493177	0.8437290	0.6606933	0.1316022	0.1849184	1.0760488	0.2777643	0.4767874	0.1215390	0.3987653	0.9732955	0.4671143	0.8747129	0.6649349	0.9706555	0.5885731	0.4916924	0.2050649	0.0353885	0.1610751	1.1313496
550	0.4458879	0.4967902	1.0423099	0.4434711	0.4228745	0.0001757	0.0338712	0.0191763	1.0277033	0.1541680	0.2017628	0.1038636	0.0027009	0.0865485	0.8994512	0.2436593	0.3769365	0.9302269	0.9188060	0.7392008	0.1654572	0.7795565	1.0231421	1.0710314	0.1207586	0.6974024	0.4642935	0.0509269	0.0232967	0.0345410	0.3144670	0.1190345	0.5860119	0.6528488	0.3462673	0.7510823	0.0953636	0.6774467	0.2992433	0.9459775	0.7509589	0.3054904	0.6325145	0.2406492	0.6419356	0.3125769	0.9225075	1.0061240	0.8588098	0.4826696	0.4616185	0.3172750	0.6602872	0.0278597	0.7367438	0.5689308	0.7009246	0.7655734	0.5406398	0.9319261	0.9059044	0.2070628	0.4196110	0.4349338	0.6208474	0.0292088	0.9358617	0.9372267	0.5455488	0.0344262	0.6984464	0.4267613	0.4393083	0.9946258	0.1870156	0.1333840	0.8175518	0.1093571	0.2015514	0.4708885	0.8051467	0.8135343	0.1095297	0.1767766	1.0002363	0.2597826	0.3451849	0.1540840	0.3851317	0.8736744	0.4449709	0.6774505	0.6354648	0.8863421	0.6445771	0.5102637	0.2778944	0.0406929	0.1245796	1.0525445
600	0.2423311	0.5201477	0.9456674	0.3702129	0.4397204	0.0009269	0.0142646	0.0363355	0.9916096	0.1272395	0.1828741	0.1011326	0.0084338	0.1118800	0.9467291	0.3753865	0.4829104	0.9314131	0.9118444	0.7403739	0.1747835	0.6223248	0.9862534	1.1090107	0.2382788	0.6399325	0.4674197	0.0823149	0.0207750	0.0213715	0.2823670	0.1116414	0.6635530	0.7177607	0.4138383	0.7104861	0.0589995	0.6929036	0.3759533	0.8168232	0.7874900	0.3579756	0.3742236	0.1736281	0.7057462	0.2913971	0.7863396	0.9426906	0.9488236	0.3521553	0.3966364	0.3657686	0.6480048	0.0078693	0.6962790	0.5300628	0.7151863	0.7456121	0.5261466	0.9039421	0.8873953	0.2774457	0.4121613	0.4260111	0.6475425	0.1446563	0.9365223	0.7707889	0.5504980	0.0700179	0.6239360	0.2249340	0.4811868	0.9796043	0.1647286	0.1181254	0.8598952	0.0624710	0.2030330	0.5052096	0.7404875	0.8545301	0.1262595	0.2059084	1.0288975	0.2705190	0.3090714	0.1255027	0.5058344	0.8055497	0.4987974	0.5239821	0.6330990	0.9086197	0.5854175	0.5022545	0.3274175	0.0533465	0.0753284	0.9214538
650	0.1527251	0.5817627	1.0308107	0.2478355	0.4058649	0.0006055	0.0223325	0.0479785	0.9765218	0.1107165	0.1763600	0.0814058	0.0015555	0.0827580	0.8517097	0.4203117	0.4718590	0.9443344	0.8709871	0.7897058	0.1538110	0.6736164	1.0019367	0.9615194	0.3089283	0.5728690	0.4600651	0.0638191	0.0460316	0.0104233	0.2833604	0.0819576	0.5956482	0.7702356	0.3746740	0.5982173	0.0713719	0.7083113	0.4417928	0.4392221	0.9207604	0.3876169	0.2428963	0.1128125	0.8120721	0.3318529	0.7348423	0.7749117	0.8483285	0.3030488	0.3193674	0.3506429	0.5914252	0.0047262	0.7541826	0.4987889	0.7689912	0.7929220	0.5688920	0.9996441	0.8372835	0.3857424	0.3912175	0.3853770	0.5769830	0.2792382	0.7555989	0.8220080	0.5767520	0.0887476	0.4605866	0.1675496	0.4563615	0.8685858	0.1830702	0.0945287	0.8738513	0.0386822	0.1738500	0.5672818	0.7006769	0.9743535	0.1183069	0.2267067	1.0422087	0.2467047	0.3301324	0.1858214	0.5741245	0.7143677	0.4523342	0.4237984	0.5237849	0.9301378	0.5203428	0.4939878	0.3897817	0.0436164	0.0556015	0.9755172
700	0.0741893	0.5485610	1.1369860	0.1681969	0.4291049	0.0001024	0.0128570	0.0329295	0.9816181	0.0684022	0.1483674	0.0695367	0.0019212	0.1086715	0.9230013	0.5120551	0.4464701	0.9891690	1.0018166	0.8717340	0.1098366	0.7969074	0.9481215	1.0104910	0.3656486	0.6444977	0.5923154	0.0537903	0.0645039	0.0156450	0.3889411	0.0816791	0.6217709	0.7440279	0.4232681	0.6021940	0.1163245	0.6842456	0.3530751	0.1905078	0.9157716	0.4350302	0.1494199	0.0713785	0.8049487	0.4418560	0.5080574	0.6553559	0.7860664	0.3183783	0.2419837	0.3802815	0.5602443	0.0002923	0.7004865	0.5421834	0.8786707	0.6237620	0.5505261	0.9506717	0.8008939	0.4237622	0.3766168	0.2883258	0.5493884	0.4009378	0.6551579	0.8382876	0.4681787	0.0847330	0.3839966	0.1760042	0.4784946	0.9009340	0.2234026	0.0830687	0.8493157	0.0348746	0.1835988	0.6224045	0.7065378	1.0132023	0.1278890	0.2717766	0.9788468	0.2694967	0.3612878	0.1942472	0.6422776	0.6344503	0.4868037	0.4189501	0.5211745	0.8565634	0.3713793	0.5590023	0.3656284	0.0341294	0.0434809	0.8869189
750	0.0364664	0.5304144	1.0068819	0.0972376	0.4066175	0.0013868	0.0244950	0.0374467	0.9904777	0.0607795	0.1176443	0.0767288	0.0053708	0.1156642	0.8821895	0.5616352	0.4983058	0.9323505	0.9878473	0.8815434	0.0720474	0.6961526	1.0167771	1.0023912	0.4356655	0.6267872	0.5894303	0.0841853	0.1172219	0.0314525	0.4012951	0.0729733	0.7174452	0.7162977	0.4558973	0.6658837	0.1517225	0.7493103	0.4015431	0.0789554	0.8897781	0.4399583	0.1230650	0.0652453	0.7746086	0.4921303	0.4858631	0.7037141	0.8583069	0.2789363	0.2133146	0.4195102	0.4851334	0.0005617	0.6710143	0.5610228	0.8039098	0.5063427	0.5891002	0.9963729	0.7174219	0.4867833	0.3508297	0.2889798	0.4833549	0.4989265	0.7167689	0.7680860	0.4507128	0.0803534	0.4180032	0.1480808	0.4199173	1.0358760	0.2408920	0.0938841	0.8328273	0.0622756	0.1650296	0.6148618	0.8212833	0.9663998	0.1010809	0.3317604	0.9204961	0.2798918	0.3610945	0.2499254	0.6115021	0.5572219	0.4987706	0.3658075	0.3743678	0.7518314	0.2810504	0.5714775	0.3107363	0.0427113	0.0475353	0.9822050
800	0.0341468	0.4450252	0.9925495	0.1181377	0.4276554	0.0039445	0.0139180	0.0256046	1.0196545	0.0502242	0.1443393	0.0833233	0.0142523	0.1221279	0.8996041	0.5364099	0.4410570	0.9589224	1.0280950	1.0086958	0.0555629	0.7261472	1.0321171	1.0404274	0.5270126	0.6675388	0.7337771	0.0989614	0.1802530	0.0378341	0.4199248	0.0956716	0.7002694	0.7810250	0.3970508	0.7720019	0.2059954	0.8788822	0.3403622	0.0361269	1.0777707	0.5146588	0.1243799	0.0508251	0.6983462	0.6715505	0.3996493	0.7411508	0.8333322	0.2882623	0.1869777	0.3800326	0.4018394	0.0001901	0.6721348	0.5004972	0.8040972	0.4074572	0.5266143	1.0364144	0.6871664	0.5819259	0.2074492	0.2454679	0.4450055	0.4669871	0.7974154	0.7471451	0.3652296	0.1184689	0.3009645	0.1926511	0.4040254	0.9718259	0.3094838	0.2228631	0.8911928	0.1064308	0.1837858	0.6399000	0.7484750	1.0614355	0.0826251	0.3659195	0.9417164	0.2603295	0.3972079	0.3294675	0.6288182	0.7242012	0.4904744	0.3690925	0.3645585	0.8071679	0.1974614	0.5511370	0.2747437	0.0300106	0.1096456	0.9103353
850	0.0233569	0.5285403	1.0074940	0.1619581	0.4526060	0.0029522	0.0145877	0.0127897	1.0059575	0.0742073	0.1321265	0.0850125	0.0045892	0.1193906	0.9748986	0.4278780	0.4757510	0.8782925	0.9409661	0.9294296	0.0535224	0.6881328	1.0648956	1.0381851	0.6327593	0.7424227	0.8678105	0.1209525	0.2203927	0.0321643	0.4309278	0.0719516	0.6656137	0.8400883	0.3423476	0.8777419	0.4691381	0.7396676	0.3742046	0.0342690	1.0331353	0.4796410	0.0941675	0.0513692	0.6650315	0.7814182	0.4515927	0.7593305	0.8874253	0.3169498	0.1388038	0.4670914	0.3869623	0.0002075	0.7570241	0.4584879	0.7672825	0.3493361	0.5255515	0.9929940	0.6490899	0.5534381	0.2064805	0.2762215	0.5616838	0.4991900	0.9265945	0.8057395	0.4187553	0.0775020	0.3701648	0.1616686	0.3519672	0.9730553	0.2413876	0.3192640	0.9046302	0.1817474	0.2441345	0.5703760	0.7414789	0.9939623	0.0822850	0.5214502	0.9133604	0.3254550	0.3212073	0.3407045	0.5926654	0.7953849	0.4481244	0.3627204	0.3552796	0.6870629	0.1568719	0.5998737	0.2867131	0.0316902	0.2591743	0.9513424
900	0.0217366	0.5288276	0.9968059	0.2074453	0.4371207	0.0013773	0.0452944	0.0166320	1.0108887	0.1892848	0.0983678	0.0776151	0.0038328	0.1011806	0.9000350	0.4586672	0.4266087	0.9426645	0.9319720	0.8891039	0.0638972	0.6885995	1.0603499	0.9553467	0.7403499	0.8049649	0.8416677	0.1296427	0.2248678	0.0506251	0.4088754	0.0698174	0.7227951	0.8494804	0.2982205	0.9757779	0.5140616	0.7266016	0.3978569	0.0109442	1.0261247	0.4628086	0.0913580	0.0703667	0.6270677	0.7011091	0.4593756	0.7850848	0.9107394	0.3290156	0.1056602	0.4735051	0.5322227	0.0005692	0.6923369	0.5043012	0.7580035	0.3149931	0.5172657	0.9659395	0.7038564	0.5129214	0.2164552	0.2626295	0.5604413	0.5377907	0.8781432	0.7935860	0.4409041	0.0892194	0.4678148	0.1703250	0.3524265	0.9278082	0.1881217	0.4152532	0.9022085	0.2065659	0.3217887	0.5856658	0.8662593	0.9876500	0.1035140	0.6196135	0.9901990	0.3300617	0.2324178	0.4274952	0.5639670	0.7154671	0.5076818	0.3089725	0.3727618	0.6451113	0.1619556	0.6491028	0.2507321	0.0372965	0.3938263	0.9609030
950	0.0143850	0.5993398	1.0549711	0.1987755	0.4173838	0.0009089	0.0276680	0.0140621	1.0083276	0.2518896	0.0899376	0.0864282	0.0100483	0.0988140	0.8535026	0.4247671	0.4718709	0.8531619	0.9253318	0.8589898	0.0685233	0.7568275	1.0985169	1.0087660	0.8388946	0.7337666	0.8687949	0.1221656	0.2892168	0.0508079	0.3444265	0.0756485	0.6922840	0.8844102	0.2778520	0.9487946	0.5012372	0.7457171	0.3746638	0.0284257	0.9966929	0.4559661	0.1032929	0.1093958	0.6572327	0.7309480	0.5206922	0.8503875	0.8937893	0.3314676	0.1147390	0.4617086	0.7327021	0.0000000	0.6863634	0.5285392	0.7669484	0.3042246	0.5147910	0.8868223	0.7035059	0.4644863	0.2336326	0.3070903	0.4912038	0.5941759	0.8696790	0.8086964	0.4628091	0.0447625	0.3986922	0.2161438	0.3444457	0.8332665	0.2513810	0.4716178	0.9410296	0.2354143	0.3365677	0.6793334	0.8126787	1.0726924	0.1017064	0.7154461	0.9538254	0.2986963	0.2112141	0.4553082	0.5199693	0.7131642	0.4380351	0.2438800	0.4147650	0.5890478	0.2195965	0.5302001	0.2191676	0.0266667	0.5588019	0.9994756
1000	0.0158879	0.7029126	0.9547434	0.1931758	0.5054095	0.0010594	0.0308393	0.0105711	1.0600642	0.3606654	0.1413000	0.0834075	0.0018574	0.1071623	0.8093694	0.3467347	0.4991748	0.9101167	0.9085459	0.8022105	0.1062405	0.7036209	0.9949434	0.9923133	0.8002527	0.6894161	0.8771774	0.1564827	0.2861268	0.0586325	0.4070998	0.0875885	0.6427960	0.7801308	0.3123013	1.0114323	0.4527498	0.6983859	0.3523439	0.0371393	0.8769049	0.4217997	0.0763339	0.1455590	0.6075130	0.5688912	0.6655169	0.8560456	0.9319838	0.3424399	0.0780544	0.5020729	0.8261875	0.0048075	0.6872127	0.5322707	0.7822991	0.2817539	0.4456823	0.9277306	0.7617513	0.6152923	0.2223007	0.3131867	0.5484633	0.5629284	0.8410068	0.8529251	0.5006963	0.0501619	0.3813317	0.2107920	0.3212172	0.7956703	0.2140668	0.5475791	0.8623475	0.3126801	0.3669488	0.6754692	0.8020041	1.0385505	0.1362673	0.7413050	1.0338820	0.3398380	0.1959236	0.4624136	0.4935559	0.7352629	0.3354358	0.2839442	0.3589041	0.5335011	0.1444841	0.5694393	0.2008939	0.0088863	0.5441850	0.9701172

0	0.0094491	0.6355617	1.0459758	0.0876986	0.4170952	0.0015965	0.0357302	0.0201856	0.7842026	0.5482911	0.1482550	0.1067167	0.0074763	0.0795139	0.9263252	0.4386615	0.5117037	1.0187251	0.9869150	0.9112762	0.0675828	0.6396705	0.9879649	0.9056811	1.0249936	0.8053086	0.8415975	0.0956169	0.2807776	0.0361236	0.3476186	0.0945586	0.7647381	0.8073502	0.2691465	0.9854445	0.2644993	0.7761342	0.3511720	0.0142404	0.9503393	0.3956488	0.0912837	0.0721673	0.8039584	0.5632487	0.5721011	0.9104100	0.8750489	0.3877912	0.0490860	0.3690556	1.0040851	0.0016799	0.7496314	0.4296180	0.7445798	0.3138374	0.4763448	0.9977159	0.8917758	0.5763065	0.2317245	0.3844034	0.5377636	0.4876338	1.0898320	0.8135737	0.5024926	0.0491368	0.3912071	0.2335426	0.3169327	0.9297559	0.3112694	0.3637340	0.9584119	0.1589398	0.2670455	0.6498318	0.7931145	1.0351174	0.1402507	0.6535788	1.0095359	0.4184859	0.2245238	0.5131035	0.6073464	0.7854143	0.4606182	0.1309775	0.4648780	0.5528648	0.0723851	0.5781484	0.2784400	0.0363961	0.5378107	0.9932421
50	0.0177785	0.5880470	0.6843351	0.1324004	0.4441808	0.0097307	0.1709154	0.0115929	0.4355452	0.4991039	0.1034708	0.0771864	0.0030891	0.0764191	0.8841505	0.4779104	0.3498815	1.0270377	0.9452313	0.9487266	0.0582454	0.6630513	0.9780169	0.8821469	0.8771897	0.6608140	0.9065390	0.1422841	0.2427170	0.0292658	0.3011739	0.0594263	0.8231216	0.7958098	0.2729635	0.8728151	0.3119999	0.7597521	0.3722992	0.0260922	0.8739962	0.5143228	0.2201338	0.1046217	0.7463792	0.3553772	0.6615292	0.8081233	0.9113218	0.3071567	0.1378239	0.3967459	1.0194739	0.0048575	0.7945168	0.3930055	0.8496377	0.2094994	0.2424376	0.8335660	0.6912982	0.5978104	0.2340107	0.2828049	0.4666908	0.4996905	1.1298543	0.7052920	0.5657766	0.0328875	0.3219461	0.2019255	0.2674383	0.9822657	0.3126648	0.2170633	0.8089051	0.1985726	0.3135681	0.6338738	0.8492893	0.9869793	0.3474496	0.6183243	0.8862703	0.3404029	0.3072634	0.5276721	0.3833642	0.8305218	0.5268159	0.3303672	0.4164633	0.6306975	0.0971408	0.6080176	0.2546223	0.0298158	0.4566192	0.9394591
100	0.0198299	0.4878162	0.5434133	0.1519533	0.5343531	0.0011113	0.2878003	0.0124729	0.2820507	0.4270349	0.1382285	0.0965974	0.0042371	0.0376233	0.8411784	0.4267339	0.2992893	1.0164210	0.8884127	0.8871219	0.0899742	0.6648951	0.9572692	0.7210614	0.9609149	0.6776154	1.0063604	0.1067822	0.1684286	0.0232704	0.2505980	0.0315683	0.8802051	0.7530029	0.2325366	0.7989459	0.3006706	0.6431414	0.4444962	0.0750442	0.8891073	0.4388657	0.3768901	0.0817789	0.7749084	0.4121542	0.6384912	0.8352700	0.8262423	0.3163205	0.1671865	0.4616880	1.0065776	0.0084907	0.7602914	0.4938733	0.8613521	0.1528098	0.1400148	0.7283108	0.6842657	0.5611271	0.4077396	0.3078111	0.4859360	0.4708696	0.9793110	0.6532016	0.5950383	0.0302267	0.2983154	0.2274915	0.2841544	1.0201417	0.2719560	0.1307810	0.7226064	0.1542321	0.3594543	0.6880281	0.9294441	0.9996445	0.5467908	0.4464254	1.0569429	0.3611759	0.2965111	0.5084753	0.2600005	0.9225612	0.5236362	0.3298912	0.3874387	0.7319062	0.0935307	0.6121361	0.2631053	0.0399382	0.3929534	0.9771520
150	0.0102636	0.5398821	0.5566621	0.2058249	0.4534920	0.0022971	0.2888427	0.0275503	0.2223068	0.4909437	0.1449010	0.1065504	0.0010583	0.0278103	0.7856118	0.4653345	0.2525370	0.9786103	0.8539316	0.9081964	0.0797762	0.7579781	0.8875001	0.6687903	0.8891910	0.7230920	1.0108770	0.1035846	0.1208570	0.0305279	0.3213258	0.0102398	0.9441929	0.7404763	0.2148421	0.8654788	0.3328274	0.7155392	0.4967100	0.3274179	0.7997327	0.2928387	0.5143397	0.0711598	0.8300255	0.4226723	0.7386173	0.8130704	0.8693498	0.3165526	0.2899309	0.4371836	1.0759639	0.0098233	0.8673816	0.5685327	0.7722212	0.1480214	0.0590927	0.7052707	0.7701226	0.4363813	0.4988424	0.3077822	0.5248269	0.3512957	0.9646659	0.6613960	0.6321885	0.0328328	0.3017782	0.2834924	0.3122430	1.0434010	0.2924581	0.0601725	0.8156002	0.1344833	0.4146945	0.7129336	0.8634896	0.9208063	0.7121162	0.3730526	1.0759211	0.3136988	0.2932999	0.4422842	0.2467626	1.0638156	0.5676208	0.4610094	0.4199154	0.7545141	0.2274205	0.6723453	0.2884353	0.0408112	0.1866642	1.0516202
200	0.0173052	0.4874132	0.6604040	0.2161467	0.5042287	0.0017254	0.3563917	0.0164929	0.1692243	0.4827769	0.1199991	0.1273799	0.0043709	0.0264168	0.9352218	0.4662557	0.2703615	0.9192514	0.8126167	0.8645476	0.1072350	0.7505744	0.7660868	0.6145422	0.8903948	0.6230545	0.8747400	0.1148026	0.0781240	0.0480687	0.2894820	0.0077822	0.9161187	0.7373107	0.2051480	0.6499822	0.3359497	0.7417388	0.5675375	0.5247543	0.7226927	0.2974307	0.6054889	0.0860419	0.7776754	0.3992971	0.6289191	0.7989832	0.8929281	0.2910727	0.3227675	0.5102472	0.9777896	0.0018468	0.9452746	0.6737339	0.7589809	0.1657001	0.0408793	0.7775516	0.7019158	0.3523681	0.5970970	0.3420210	0.5466250	0.2595467	0.9633888	0.7362921	0.6875828	0.0267376	0.3196867	0.2689011	0.3016255	1.1488859	0.2363793	0.0413566	0.8378260	0.1234362	0.4736773	0.6432019	0.8766404	0.9018729	0.7560872	0.3160288	0.9344574	0.2950591	0.2457848	0.4174754	0.1818182	0.9812547	0.5342242	0.6352088	0.4704045	0.8753157	0.2286175	0.6306874	0.3109796	0.0439086	0.1032305	1.0459355
250	0.0074547	0.4182467	0.5610367	0.2753606	0.5182674	0.0011938	0.3737333	0.0087261	0.1235175	0.4581370	0.0931967	0.0950271	0.0002686	0.0183622	0.8976671	0.4821372	0.2309520	0.9296214	0.9025560	0.9285566	0.0834372	0.6954386	0.7985084	0.6206516	0.8800480	0.5839931	0.8423977	0.0753110	0.0888070	0.0466715	0.2354158	0.0108485	0.9040661	0.9063471	0.2105591	0.8386218	0.3951511	0.8027310	0.6619147	0.6856089	0.7644157	0.2554313	0.6594733	0.0851453	0.8287821	0.4527594	0.5092673	0.7801682	0.8492443	0.3544371	0.2912136	0.4817386	1.0369878	0.0025054	0.9291596	0.5958463	0.7177911	0.1742168	0.0251236	0.9225133	0.6493309	0.2853808	0.5627705	0.3525303	0.5291985	0.2209061	0.9286708	0.7641054	0.8999932	0.0313518	0.2538404	0.2989902	0.2496841	1.1159395	0.2448186	0.0353953	0.7997609	0.1442341	0.4974272	0.6234818	0.9079931	0.9707358	0.8017098	0.2215544	1.0139268	0.2993107	0.2142671	0.3427395	0.2265459	0.9076409	0.4864740	0.6748100	0.5577484	0.8311410	0.3146731	0.5106258	0.3034502	0.0703347	0.0569734	0.9933542
300	0.0044833	0.4595730	0.5397985	0.2421608	0.4777237	0.0026884	0.3152956	0.0230864	0.1588228	0.4044169	0.1168627	0.0930529	0.0027441	0.0309590	0.9231829	0.4962661	0.2886310	0.8725111	0.8222124	0.9387307	0.0968732	0.6587208	0.9201314	0.6395234	0.9008388	0.6586220	0.9288606	0.0989331	0.0635676	0.0685513	0.2549601	0.0089893	0.9430025	0.9005019	0.2855382	0.8087146	0.3662867	0.7353040	0.5659159	0.8246774	0.5928374	0.2692633	0.6808349	0.0861787	0.7773887	0.5759172	0.5550250	0.6741550	0.8985492	0.3750045	0.2971498	0.4522018	0.9140307	0.0015055	0.9209971	0.5167805	0.7697728	0.1649464	0.0387221	0.8015625	0.6970355	0.2966454	0.6518415	0.3512793	0.5665033	0.1814269	0.9834447	0.7239687	0.9932422	0.0194970	0.3544920	0.4294276	0.2690905	1.0000684	0.2773398	0.0641324	0.8440968	0.1788051	0.4908420	0.6802485	0.9198200	1.0060811	0.8611772	0.1350688	1.0569584	0.2729837	0.1539216	0.3100190	0.1698770	0.9729051	0.4990106	0.6660805	0.5774570	0.7671663	0.3754880	0.5295734	0.2727237	0.0736018	0.0403237	0.8762699
350	0.0096177	0.4611221	0.5579521	0.2996028	0.4844332	0.0014071	0.3001708	0.0252180	0.1327284	0.3840315	0.1399273	0.0839033	0.0015503	0.0413903	0.9513174	0.5137153	0.2939888	0.9908779	0.8761696	0.9053215	0.0578858	0.6600836	0.9093809	0.6771459	0.8833285	0.6269758	0.9133024	0.0747280	0.0536379	0.0810649	0.3048364	0.0082037	0.8757016	0.9937052	0.3063781	0.7748670	0.4266973	0.6998117	0.5477364	0.9086688	0.6066421	0.3516951	0.6656620	0.0780859	0.7123641	0.5662842	0.6172337	0.9153016	0.9190473	0.3938456	0.3372563	0.4942777	0.9635400	0.0042132	0.9226263	0.4729681	0.7734192	0.1550369	0.0227763	0.8343283	0.6400921	0.3025530	0.6769936	0.3841950	0.6291056	0.1455783	0.9953724	0.7606851	0.9646138	0.0377178	0.3765653	0.3817372	0.2809069	0.9938280	0.2546851	0.0451005	0.7973980	0.1465294	0.5221563	0.7514597	0.9557625	0.9263843	0.8814742	0.1444003	1.0894212	0.3447855	0.1210004	0.3162429	0.1581463	0.9310478	0.5380515	0.7133717	0.6488759	0.7752937	0.4100305	0.5272815	0.2461082	0.0755936	0.0293199	0.9512952
400	0.0052330	0.5186720	0.4829670	0.2982258	0.5456297	0.0006055	0.3314310	0.0132394	0.1220167	0.3722553	0.1250867	0.1048492	0.0027518	0.0164052	1.0081364	0.4569514	0.2325603	0.9925852	0.9117500	0.8883339	0.0422894	0.6603453	1.0176878	0.7708322	0.8396769	0.6651571	0.8709003	0.0532357	0.0672183	0.0783139	0.3591407	0.0027426	1.0661872	0.8981000	0.2419296	0.9036054	0.4407779	0.6819482	0.4768674	0.9019728	0.6341577	0.2731933	0.6320496	0.0782428	0.7538526	0.5036538	0.5864677	0.8157949	0.9727868	0.3825319	0.3908694	0.4843389	0.9132343	0.0624866	0.9381716	0.4492520	0.7653946	0.1506530	0.0207848	0.7413686	0.6354886	0.2991233	0.6941258	0.4239303	0.6455420	0.1641796	1.0252295	0.6983482	0.9329492	0.0543575	0.3411964	0.4253957	0.2677123	0.9898635	0.2441650	0.0314323	0.7816769	0.1578232	0.6384374	0.7502169	0.8839565	1.0373826	0.8608628	0.1526785	1.0146427	0.3906606	0.0844269	0.2334953	0.1548228	0.9110144	0.5539906	0.7286690	0.7096796	0.7808507	0.3576205	0.5298985	0.2857249	0.0798837	0.0287867	0.9630217
450	0.0118343	0.4212011	0.5201448	0.2652761	0.4787376	0.0010541	0.2985998	0.0134970	0.1271543	0.4354148	0.1118418	0.0913612	0.0013450	0.0216635	0.8797623	0.4442467	0.1937144	1.0232923	0.8262101	0.9116599	0.0677497	0.7474814	0.9294715	0.7307596	0.8337090	0.6905059	0.8610651	0.0692149	0.0514088	0.0926033	0.3716925	0.0037799	1.0385482	0.7721169	0.2071947	0.8167272	0.4247347	0.7425987	0.6037477	0.8643124	0.7338915	0.3430935	0.6203812	0.1045167	0.6984852	0.5371987	0.5605731	0.8004645	0.9311146	0.3288783	0.3244542	0.3629693	0.9715505	0.1652573	0.9585631	0.4845035	0.7990453	0.1723652	0.0262412	0.7491124	0.6738679	0.3271988	0.6627896	0.3883393	0.6609626	0.2467942	1.0147148	0.6882927	0.9110211	0.0227466	0.3610153	0.4925814	0.3046292	1.0409527	0.2709785	0.0393546	0.7608429	0.1590120	0.5762097	0.7568088	0.8423614	1.0212945	0.8780885	0.1649024	1.0148833	0.4270660	0.0896356	0.2333962	0.1540001	0.9998616	0.5348106	0.7409907	0.6653213	0.9633802	0.3176387	0.5318091	0.3070521	0.0882250	0.0349471	0.9501189
500	0.0081504	0.4163816	0.4774711	0.2512419	0.4949671	0.0000000	0.3182872	0.0128976	0.1421016	0.4698248	0.1260171	0.1087525	0.0068689	0.0293959	0.8169032	0.3407010	0.2190629	1.0081279	0.8120115	0.8457365	0.0991089	0.7430861	0.9796762	0.6942561	0.8611304	0.6798799	0.8666192	0.0539377	0.0790111	0.0780169	0.2982693	0.0013437	0.9953785	0.7895632	0.2051805	0.9422812	0.4402591	0.7001898	0.5941961	0.7079628	0.6883649	0.2649138	0.6250786	0.1423560	0.7635848	0.5794927	0.6227410	0.8441869	0.8517249	0.3832059	0.3122605	0.4062396	1.0348909	0.1687886	0.8707254	0.4320927	0.7476919	0.1869274	0.0245150	0.7688298	0.6767764	0.3486834	0.6228053	0.4101837	0.6474074	0.2698128	0.8661013	0.6577977	0.8924828	0.0344680	0.3076148	0.4989335	0.2599123	1.0172334	0.2602869	0.0279698	0.7480752	0.1986355	0.5168875	0.7529052	0.9207010	0.9490647	0.8820060	0.1465464	0.9423537	0.3889326	0.0936974	0.2564221	0.1318875	0.9815588	0.5126080	0.6762064	0.6815166	0.9606474	0.3315392	0.4810376	0.3402526	0.1162530	0.0355700	0.9383096
550	0.0302294	0.3910430	0.6728764	0.2719622	0.4175510	0.0056802	0.2252812	0.0174876	0.3484081	0.5222746	0.1390244	0.1180760	0.0087853	0.0525591	0.8432218	0.3877556	0.3354599	1.0192555	0.8745055	0.8420496	0.1165849	0.6947948	0.9422182	0.8055779	0.8565396	0.7338887	0.7732385	0.0871136	0.0853881	0.0860827	0.3209281	0.0136129	0.8339820	0.8569406	0.2372823	0.9378364	0.4207025	0.7039635	0.5599157	0.7148487	0.6655929	0.2613279	0.5260887	0.1102254	0.7337189	0.4613360	0.6382011	0.8158878	0.8840655	0.4092004	0.2677154	0.4367323	1.0321809	0.1022790	0.8867980	0.4533340	0.7138209	0.3295761	0.2508459	0.9282380	0.6224745	0.2539636	0.7219583	0.3983886	0.6566885	0.2468107	1.1094463	0.5922046	0.9811025	0.0170526	0.3543048	0.3912272	0.2892520	1.0192360	0.3129910	0.1363179	0.7826064	0.1912590	0.3649032	0.6577804	0.8266355	0.9441643	0.7032948	0.2435326	0.9351583	0.4115144	0.1005938	0.2969362	0.2880951	0.9959010	0.5936412	0.5663607	0.6159242	0.8752251	0.4556995	0.5459729	0.3644998	0.0858020	0.0405874	0.9065350
600	0.0355974	0.4396024	0.9317052	0.2411897	0.4556402	0.0093770	0.1169797	0.0132613	0.4947690	0.3222195	0.1354312	0.0850554	0.0031383	0.0967846	0.9419486	0.3872566	0.4210885	0.9710825	0.8239349	0.8232754	0.0995429	0.6467673	0.9203692	0.9622394	0.8599356	0.7185218	0.7934324	0.0718123	0.1241889	0.0621463	0.3792025	0.0265121	0.7544953	0.8414961	0.2703394	0.8461212	0.3324357	0.7771339	0.5302962	0.4806647	0.6302230	0.2726287	0.2832644	0.1022519	0.7139876	0.3935801	0.6914330	0.7865306	0.8968598	0.3925567	0.1520324	0.4086572	0.9352358	0.0656719	0.8360872	0.4628379	0.7355199	0.4109988	0.2962716	0.9703327	0.7497547	0.2642464	0.6183212	0.2959955	0.6272415	0.3433491	1.0614841	0.6768464	0.9108932	0.0520440	0.3159908	0.3375744	0.3018636	0.9484120	0.3030850	0.2522478	0.7657353	0.1940996	0.2938611	0.6395668	0.7802517	0.9793817	0.4116215	0.2689617	0.9500974	0.3418228	0.1465867	0.2797412	0.3574834	1.0111994	0.5268514	0.5372092	0.6006544	0.7536830	0.4862793	0.5621762	0.3353999	0.0664091	0.0520592	0.9173761
650	0.0220443	0.4823947	0.8697623	0.2415716	0.5424150	0.0075695	0.0609313	0.0237307	0.6556811	0.2891334	0.1541495	0.0700681	0.0002898	0.1166502	0.9844694	0.3699890	0.4721503	0.9707684	0.9004485	0.8363897	0.0872187	0.5859530	0.9123895	1.0926336	0.8097387	0.6199480	0.7930455	0.0912382	0.1843819	0.0560930	0.4210689	0.0375626	0.6606432	0.8687222	0.2528731	0.8292647	0.2007927	0.7855371	0.4263557	0.2344312	0.5767269	0.3506857	0.1510649	0.0838878	0.6685682	0.5000917	0.5384636	0.7877233	0.7947650	0.3526584	0.1067866	0.3543872	0.9291360	0.0403000	0.7869523	0.5401130	0.7666086	0.4467813	0.4267812	0.9334977	0.7143941	0.3662129	0.5947749	0.3226324	0.6514671	0.4057106	0.9772733	0.6848845	0.7573003	0.0484579	0.3714811	0.2808483	0.3074242	0.8920751	0.3210560	0.2942450	0.8182901	0.1259909	0.2744544	0.6850051	0.7829242	1.0097923	0.2527665	0.3595817	0.9551185	0.2726149	0.2222646	0.2362929	0.4228690	0.9420258	0.4959168	0.4891615	0.5089853	0.5639735	0.5392650	0.5194547	0.3703065	0.0359080	0.0466893	0.8870162
700	0.0182085	0.5439392	1.0424512	0.2196963	0.6025059	0.0074274	0.0269776	0.0274849	0.7220728	0.4240744	0.1306141	0.0764821	0.0053961	0.1528644	0.9086355	0.4464417	0.5172823	1.0336615	0.9613184	0.8217199	0.0776513	0.6096396	1.0216924	0.9751461	0.7192402	0.7530991	0.8920951	0.1067113	0.2617526	0.0500979	0.4046676	0.0573367	0.6527694	0.8564695	0.2417994	0.8408214	0.1958910	0.8320203	0.3270163	0.0776204	0.7020094	0.3990635	0.0891280	0.0655391	0.7352946	0.5210916	0.4986418	0.8572496	0.8485598	0.3946198	0.0925099	0.3700057	0.8689403	0.0196200	0.7474816	0.4850339	0.7850096	0.3298225	0.4591205	0.9774598	0.7788829	0.4592253	0.5785833	0.3061067	0.6572335	0.5571202	1.0744190	0.6505974	0.6289034	0.0152779	0.3721616	0.2290958	0.2488736	0.9657922	0.2846264	0.3379205	0.8514253	0.0903597	0.2526436	0.6273479	0.8401177	1.0941291	0.1649252	0.4236358	1.0160365	0.2949391	0.2124682	0.2327466	0.5362957	0.7823477	0.5047828	0.5006978	0.4354216	0.5191442	0.5059294	0.5488819	0.3541331	0.0377507	0.0550828	0.9178028
750	0.0175802	0.5251315	0.8844962	0.2114968	0.4507116	0.0042672	0.0429506	0.0329640	0.7308058	0.4331288	0.1453507	0.1266367	0.0017327	0.1288092	0.8861523	0.4349361	0.4949203	0.9345942	0.9532358	0.8408638	0.0926948	0.6600303	1.0504337	1.0060690	0.8424813	0.7165447	0.8995979	0.1014337	0.3644802	0.0559317	0.3465655	0.0579661	0.6185011	0.8312647	0.2968799	0.8814100	0.2603773	0.7440874	0.3619480	0.0575887	0.8562504	0.4440687	0.0698457	0.0639568	0.7101279	0.6268507	0.4828693	0.8720748	0.8982747	0.3738649	0.1058863	0.3172108	1.0161009	0.0111087	0.8218376	0.4558326	0.7742670	0.3075146	0.4863275	1.0348091	0.7919065	0.5689380	0.4565359	0.3686097	0.6580697	0.5493643	1.0672248	0.6440184	0.5793999	0.0245888	0.4054034	0.2510156	0.2817642	0.9543706	0.3072160	0.4835867	0.8170876	0.2058876	0.2137646	0.5945634	0.7955133	0.9584809	0.1657526	0.5553930	1.0454752	0.3721728	0.1733562	0.2920229	0.4412046	0.7778536	0.4654022	0.3983014	0.3869712	0.5383202	0.3529143	0.4682735	0.2833413	0.0402303	0.1174549	0.9339854
800	0.0177521	0.6184275	1.0289190	0.1668580	0.4983164	0.0044734	0.0153764	0.0100108	0.7633560	0.4076565	0.1070983	0.1205321	0.0079363	0.1126403	0.8514012	0.3823111	0.5057638	0.9345324	0.9590690	0.8692752	0.0756514	0.6263720	0.9195170	0.9946408	0.9365538	0.8036199	0.8639052	0.0943580	0.3002724	0.0404294	0.4038979	0.0692569	0.6773215	0.8780430	0.2772340	0.9535601	0.3348688	0.7241108	0.3422697	0.0348460	0.8473772	0.4408954	0.0819864	0.0417100	0.7354210	0.5930898	0.5298643	0.8287596	0.8830979	0.3208341	0.0812234	0.3464025	0.9816706	0.0044688	0.8166667	0.4297643	0.7998818	0.3037645	0.4755285	1.0493064	0.8995912	0.5100788	0.3801895	0.3602929	0.5929603	0.5067519	0.8854001	0.6782639	0.5066842	0.0155017	0.3772254	0.2774166	0.2853427	1.0417778	0.2685922	0.5795486	0.7821713	0.3855006	0.2639266	0.5351605	0.8047316	1.0419881	0.1483402	0.5204058	1.0877833	0.3451063	0.1852840	0.3548843	0.5130217	0.8193629	0.4689883	0.3929538	0.4847560	0.4954803	0.2269556	0.5116020	0.2509555	0.0244706	0.2569074	1.0306134
850	0.0116519	0.5533478	1.0459924	0.1692236	0.4363180	0.0048317	0.0252747	0.0128937	0.8566398	0.4154427	0.1143531	0.1105218	0.0084040	0.1120003	0.9403768	0.4041751	0.5553435	0.9230731	0.8623829	0.8331312	0.0551867	0.6202779	0.9317593	0.9510730	0.8998670	0.6834580	0.9376086	0.1213245	0.2793649	0.0249775	0.4628884	0.1115288	0.6338417	0.9847446	0.2306392	0.9547718	0.3126291	0.7583043	0.3563385	0.0140942	1.0080433	0.4413015	0.0769420	0.0435137	0.6676534	0.6139349	0.6207593	0.9689614	0.8855169	0.3554615	0.0792294	0.2944489	0.9477622	0.0009229	0.7810892	0.4988121	0.7610507	0.2771559	0.4265437	0.9861729	0.9164153	0.5622047	0.3705770	0.3146151	0.4885436	0.5009078	0.9845583	0.6640297	0.4804905	0.0210708	0.3943550	0.2068461	0.2699488	0.9817975	0.3452357	0.5488756	0.8226513	0.3049913	0.2787445	0.5719169	0.7805786	1.0332186	0.0770238	0.6292455	0.9705593	0.3445490	0.2302354	0.3395252	0.5821568	0.8058014	0.5196492	0.3463598	0.4252603	0.5411908	0.1964298	0.5426353	0.2176613	0.0399679	0.4038262	1.0103986
900	0.0244721	0.6069457	1.0304783	0.2078983	0.5250376	0.0018378	0.0442153	0.0358036	0.8107323	0.3890502	0.0960150	0.1092226	0.0200808	0.0895462	0.8944126	0.4327778	0.5124317	1.0053075	1.0305139	0.8336256	0.0427905	0.6226019	1.0465804	0.9619952	0.9093500	0.7476858	0.9761380	0.1027403	0.2591833	0.0368105	0.3211844	0.1261540	0.6658641	0.9281520	0.3082397	0.8417997	0.2960966	0.7140426	0.3093233	0.0210324	1.0083990	0.4660983	0.0846234	0.0623756	0.7109353	0.5096988	0.6617453	0.8915779	0.8756842	0.3803115	0.0617410	0.3409357	1.0004536	0.0010862	0.7494301	0.4070461	0.8383544	0.2442626	0.4431245	1.0771273	0.8040077	0.5168900	0.2562412	0.2583031	0.5169694	0.4829297	0.9901520	0.6893913	0.4796800	0.0415645	0.3948248	0.2067282	0.2234874	0.8455929	0.3264060	0.5335665	0.7996372	0.2175768	0.2441067	0.6472231	0.8722802	0.9465435	0.0692709	0.6404411	1.0122909	0.4062292	0.2155182	0.4474125	0.5582854	0.7619593	0.4210434	0.2976780	0.3808243	0.5593057	0.2095374	0.6683424	0.2573309	0.0620681	0.5196511	0.8337036
950	0.0565815	0.6203962	0.9295229	0.1641921	0.4671882	0.0018822	0.0391424	0.0206908	0.8175020	0.3714555	0.0974657	0.0740252	0.0092979	0.1313747	0.8853323	0.4330866	0.4817938	0.9803994	0.9228115	0.8071558	0.0766175	0.6036239	1.0558531	0.9778555	0.9012685	0.7206558	0.9293729	0.1307812	0.2499546	0.0407314	0.3948880	0.0959728	0.6785660	0.8217539	0.2522946	0.8116555	0.2737921	0.7217397	0.2976580	0.0435531	0.8776714	0.4516638	0.0749020	0.0660644	0.7139592	0.4277941	0.6662949	0.8538100	0.8495976	0.3386162	0.1011923	0.3181721	0.9928104	0.0034038	0.7277032	0.4229548	0.8571979	0.2474785	0.4543618	1.0050237	0.7216329	0.5567241	0.2707238	0.2871161	0.5128840	0.5476158	1.0079537	0.7996395	0.5203771	0.0240930	0.3888582	0.2671907	0.2313562	0.8756040	0.2999723	0.4587912	0.8454225	0.2367752	0.2268485	0.5979117	0.8294006	0.9718479	0.0814850	0.6956064	1.0570027	0.3091534	0.2142996	0.5094556	0.5389444	0.7884016	0.5061003	0.2629238	0.3523974	0.4897813	0.1519663	0.5755693	0.3083223	0.0207000	0.4926743	0.9698820
1000	0.0329109	0.5530929	1.0489317	0.1173310	0.4729295	0.0002814	0.0575307	0.0265293	0.8837657	0.2272016	0.0851081	0.0993492	0.0098237	0.1152931	0.7962246	0.4464605	0.3991794	1.0371633	0.8906508	0.7903862	0.0814274	0.7089797	1.0013022	1.0892821	0.9899927	0.6431270	0.9260614	0.0881734	0.2505704	0.0483626	0.4042162	0.0801867	0.6570808	0.7740282	0.2063681	0.8336644	0.2241864	0.7707065	0.4194182	0.0426606	0.8991831	0.4086600	0.0757113	0.0762626	0.7880539	0.4917654	0.5512825	0.8339091	0.8994194	0.2837715	0.0888845	0.3683241	0.8889071	0.0009623	0.6770125	0.4503016	0.7146630	0.2433768	0.4316706	0.9848400	0.7869929	0.5722007	0.2661867	0.2623313	0.4943857	0.5975628	1.1298562	0.7629452	0.4629941	0.0397065	0.3203636	0.3260149	0.2671469	0.8784639	0.2993551	0.4286506	0.8517415	0.3164105	0.2137833	0.5621441	0.8375156	0.9351628	0.0785504	0.6755728	1.0108281	0.3402849	0.2415233	0.5726536	0.4589102	0.7919046	0.5104712	0.3136788	0.3867997	0.5536472	0.1230499	0.5477679	0.2892506	0.0285417	0.5406998	0.9887861

0	0.0094491	0.6355617	1.0459758	0.0876986	0.4170952	0.0015965	0.0357302	0.0201856	0.7842026	0.5482911	0.1482550	0.1067167	0.0074763	0.0795139	0.9263252	0.4386615	0.5117037	1.0187251	0.9869150	0.9112762	0.0675828	0.6396705	0.9879649	0.9056811	1.0249936	0.8053086	0.8415975	0.0956169	0.2807776	0.0361236	0.3476186	0.0945586	0.7647381	0.8073502	0.2691465	0.9854445	0.2644993	0.7761342	0.3511720	0.0142404	0.9503393	0.3956488	0.0912837	0.0721673	0.8039584	0.5632487	0.5721011	0.9104100	0.8750489	0.3877912	0.0490860	0.3690556	1.0040851	0.0016799	0.7496314	0.4296180	0.7445798	0.3138374	0.4763448	0.9977159	0.8917758	0.5763065	0.2317245	0.3844034	0.5377636	0.4876338	1.0898320	0.8135737	0.5024926	0.0491368	0.3912071	0.2335426	0.3169327	0.9297559	0.3112694	0.3637340	0.9584119	0.1589398	0.2670455	0.6498318	0.7931145	1.0351174	0.1402507	0.6535788	1.0095359	0.4184859	0.2245238	0.5131035	0.6073464	0.7854143	0.4606182	0.1309775	0.4648780	0.5528648	0.0723851	0.5781484	0.2784400	0.0363961	0.5378107	0.9932421
50	0.0786507	0.7566988	1.1577894	0.1297051	0.5385599	0.0025212	0.0267033	0.0279355	0.7083120	0.6601398	0.0681171	0.4761133	0.0142829	0.0683211	0.9490909	0.2944254	0.4040388	1.0921380	0.9628193	0.8226221	0.0676857	0.6811710	0.9623108	0.9734709	0.8656337	0.6227392	0.9781280	0.1199115	0.2677172	0.0582236	0.5389739	0.0542362	0.6680873	0.6869278	0.3156177	0.7726282	0.1965893	0.8347501	0.4268671	0.0273585	0.9042112	0.4256321	0.0503405	0.1606449	0.8000346	0.3808871	0.7733605	0.8808685	0.8557770	0.3548695	0.2075227	0.3588641	0.9233909	0.0035702	0.7527212	0.6144686	0.7534157	0.2302807	0.6615899	0.9540429	0.7597479	0.4419493	0.1349136	0.2707622	0.5505882	0.5793454	0.9594315	0.7826631	0.4850909	0.0268235	0.3904904	0.1982691	0.2857748	0.8175583	0.4908107	0.5016365	0.8939575	0.3247568	0.2496930	0.5116100	0.6729462	1.0812218	0.1279291	0.6672082	0.9511684	0.5152873	0.2562523	0.4653635	0.5384086	0.8780699	0.5525639	0.2081774	0.4549235	0.4356470	0.0590745	0.6000955	0.1868434	0.0166064	0.4951474	1.0003753
100	0.1859508	0.8221505	1.0843839	0.0748597	0.6519469	0.0005247	0.0158016	0.0306104	0.7348430	0.5894030	0.0976556	0.7462377	0.0106614	0.1342094	0.9024205	0.2098993	0.4797488	0.9823723	0.9471213	0.7936384	0.1067789	0.6172103	0.9486902	1.0620171	0.8412174	0.6284170	0.9377243	0.1285459	0.3304351	0.1004666	0.6112613	0.0316984	0.7847482	0.6480810	0.3009763	0.7445350	0.1848878	0.7264226	0.3982771	0.0233664	0.7824486	0.4543398	0.0831695	0.2934448	0.8330858	0.3548001	0.8123480	0.8911319	0.7993869	0.3801556	0.4209543	0.3071077	0.8685585	0.0336579	0.9373141	0.5089724	0.7419629	0.1700178	0.7502943	1.0306516	0.9103805	0.2061365	0.0536398	0.2885223	0.4782529	0.5628562	0.9160894	0.7437485	0.5107333	0.0490067	0.3667416	0.1932570	0.3183527	0.9485279	0.6345761	0.4653432	0.8600602	0.4552533	0.1973836	0.3612841	0.6813996	1.0511533	0.1404375	0.6259112	0.7288341	0.6148225	0.2004563	0.4451099	0.3263980	0.8993098	0.6548547	0.2235643	0.4723043	0.3496631	0.0210827	0.6259223	0.1811189	0.0286794	0.4888422	0.9126500
150	0.2222756	0.7448036	0.9223913	0.0624177	0.6949709	0.0000000	0.0192578	0.0281742	0.6712232	0.6935525	0.0704424	0.8622200	0.0074575	0.1034357	0.8686362	0.1099770	0.3781219	0.9905525	0.9403962	0.8050675	0.0820934	0.5710693	0.9678069	1.0608646	0.8188463	0.6722381	1.0119202	0.1122496	0.4999154	0.1233984	0.6989525	0.0131306	0.6897437	0.5555629	0.3510132	0.6939339	0.1552620	0.6980020	0.3459018	0.0418701	0.9814585	0.4661934	0.2369758	0.3795953	0.8288296	0.3457569	0.6714728	0.8476635	0.8444517	0.4121819	0.5525262	0.3023790	0.8982419	0.0993217	0.9853330	0.4454938	0.8084797	0.1750289	0.9646573	0.9911581	0.8622158	0.1102060	0.0266543	0.2513733	0.5484001	0.5654254	0.9010971	0.7521867	0.4970706	0.0231273	0.3639695	0.1847576	0.3189976	0.9514174	0.7168945	0.5368253	0.8509828	0.2457822	0.1633028	0.2931637	0.7604716	0.8677390	0.1666839	0.7041070	0.5579500	0.8021107	0.1548223	0.4927379	0.1793965	0.7774532	0.6516564	0.2780181	0.4200050	0.2448947	0.0168059	0.6018670	0.1766792	0.0310536	0.5043921	0.8299217
200	0.2726675	0.7463652	0.9337069	0.0686254	0.6771648	0.0023973	0.0254790	0.0041238	0.5939563	0.6506299	0.0933816	0.8500848	0.0043655	0.1164734	0.8563210	0.0632215	0.4444644	0.9445422	0.9837837	0.8102332	0.1035875	0.5862537	1.0486027	0.9704702	0.7801981	0.7425358	0.9180707	0.0895570	0.5325272	0.0931951	0.7584314	0.0061169	0.7083597	0.5927917	0.3309572	0.6361769	0.1702298	0.6450434	0.4080207	0.1129931	1.0917292	0.3961374	0.4869895	0.4775701	0.8301586	0.3981250	0.7002917	0.8364086	0.8966616	0.4054952	0.6772933	0.2414008	0.9442705	0.1252846	0.9172056	0.4494848	0.8614055	0.2371921	0.9591722	0.9802394	0.9723204	0.0648521	0.0090810	0.2496323	0.5457982	0.4905746	0.9468752	0.8286591	0.6128828	0.0296605	0.3872172	0.1553505	0.3324644	0.9648300	0.7166338	0.5956622	0.8810074	0.1390598	0.1575867	0.2916294	0.7685369	0.8472305	0.2431476	0.7385516	0.5485843	0.8069860	0.1343236	0.6571039	0.1052233	1.0579074	0.6015150	0.3083863	0.4919254	0.1980953	0.0303633	0.6197699	0.2353043	0.0323288	0.4424426	0.7268226
250	0.2957792	0.7964505	1.0031751	0.1728457	0.6681863	0.0015901	0.0321790	0.0165090	0.5491817	0.6259138	0.1078107	0.8866208	0.0074204	0.1241434	0.8830978	0.0714332	0.4769579	1.0637993	0.9725581	0.7434253	0.0977077	0.6143014	0.9434897	1.0327854	0.7675051	0.6987181	0.8980703	0.0749182	0.5539823	0.1294584	0.7948061	0.0086166	0.6896008	0.5078163	0.3070014	0.7013027	0.1278695	0.6522622	0.3226531	0.5011803	1.0005712	0.2686474	0.7069438	0.4600715	0.8655832	0.3527131	0.6555625	0.8526403	0.8413011	0.3788214	0.6926749	0.2268308	0.8778542	0.1419222	0.8422058	0.4007313	0.7157687	0.2814903	0.9575291	1.0139455	1.0606618	0.0493727	0.0251121	0.2996979	0.5552448	0.3258726	0.9138590	0.7804969	0.6715997	0.0538639	0.3645944	0.1791861	0.3443573	1.0226802	0.6327227	0.4761846	0.9160014	0.0708707	0.1826510	0.2335895	0.6993980	0.8414613	0.2658892	0.6768744	0.5535950	0.8544065	0.0992112	0.6214927	0.1353264	1.0460152	0.6010905	0.2542376	0.4818278	0.1946966	0.0797309	0.6100206	0.3349300	0.0268723	0.2708038	0.7223167
300	0.3138020	0.8873479	0.9792947	0.2062200	0.6469635	0.0032585	0.0323553	0.0286092	0.6501793	0.6594529	0.1116346	0.9716318	0.0012468	0.1243376	0.9139136	0.0783862	0.4777076	1.0330471	0.9776236	0.8150059	0.1394446	0.6599302	0.9289888	0.9085774	0.7260923	0.7006301	0.8470985	0.0544716	0.4634317	0.0916706	0.8020512	0.0085047	0.6467955	0.5534573	0.2738732	0.6808261	0.1221287	0.6959948	0.2516668	0.7797409	0.7952052	0.2091064	0.8043373	0.4265365	0.8392147	0.3750922	0.6311288	0.7628025	0.9274764	0.3943488	0.7355830	0.2566766	0.9169323	0.1929020	0.9420029	0.3864610	0.6870210	0.3238704	0.8904169	0.9682186	1.0428553	0.0449733	0.0812646	0.3006376	0.5153441	0.1852016	0.8825281	0.8394890	0.6942337	0.0365178	0.3810637	0.1831429	0.3639070	0.9815444	0.6941238	0.5503719	0.9001385	0.0699314	0.1719669	0.2265603	0.6230157	0.8900624	0.3300149	0.5884586	0.5378348	0.8755362	0.0896544	0.5054328	0.1541347	0.9470136	0.6182162	0.3366604	0.4837784	0.1639638	0.0967369	0.5881228	0.4655509	0.0184136	0.1230593	0.6681849
350	0.2690798	0.8886503	0.9853845	0.1863169	0.7053982	0.0012222	0.0094523	0.0289170	0.6572951	0.6803148	0.0933837	0.9344395	0.0006866	0.0975842	0.8649690	0.0767637	0.4304556	0.9893271	0.8942484	0.7850954	0.1620987	0.7170202	0.9561444	0.9822871	0.7925477	0.6820283	0.7770343	0.0927715	0.3322366	0.1207904	0.8007522	0.0223666	0.6391265	0.5997598	0.3300344	0.6488775	0.1107008	0.7008118	0.3590739	1.0178865	0.7259387	0.2674825	0.8123082	0.4524870	0.7547177	0.4338441	0.6068212	0.8081673	0.9073619	0.3569057	0.7865080	0.2513758	0.9629458	0.2105030	0.9406980	0.3440531	0.7817801	0.3618986	0.8273326	0.9593001	0.9900136	0.0309747	0.0972710	0.4049145	0.5619919	0.0752567	0.7539610	0.8377592	0.6440207	0.0382589	0.4779547	0.1808962	0.4132940	0.9903818	0.6108090	0.4700185	0.8517884	0.0451575	0.1654321	0.2894266	0.6769297	0.9103761	0.3520690	0.5052705	0.5363377	0.9151107	0.0858192	0.4551593	0.1484905	1.0277293	0.6245966	0.3669512	0.5366292	0.1647941	0.1993236	0.5404615	0.3934746	0.0233472	0.0568952	0.6878617
400	0.2697389	0.8320775	1.0192505	0.2096485	0.7807458	0.0003823	0.0171985	0.0159249	0.5756672	0.6712068	0.1153159	0.9237402	0.0031904	0.0919174	0.8792577	0.0687117	0.4565291	0.9677788	0.9411086	0.7940628	0.1896360	0.5793551	0.9553748	0.9484108	0.7002933	0.7607572	0.6983311	0.0690152	0.2350583	0.1042271	0.7546477	0.0197283	0.7775349	0.5467843	0.3211282	0.7278769	0.1232866	0.6662959	0.3820656	1.0617904	0.6806249	0.1949364	0.8006757	0.3913575	0.6773913	0.4259139	0.6396549	0.8771314	0.9092368	0.3766772	0.7119232	0.2785213	0.9644404	0.2404709	0.8321961	0.3455912	0.7222774	0.3626036	0.9559613	0.9749453	0.9866888	0.0064809	0.0529177	0.3510774	0.4953096	0.1029905	0.8347744	0.7316868	0.6358909	0.0541428	0.4523688	0.0967533	0.3943083	0.9614337	0.5982034	0.4654868	0.8468484	0.0512736	0.2266177	0.2846912	0.8154180	0.9698657	0.3349488	0.4257080	0.5319773	0.9078733	0.0847622	0.2672813	0.1221944	1.0131444	0.6516022	0.4499490	0.6977318	0.1952697	0.2432866	0.5552002	0.3414809	0.0201565	0.0261427	0.6815300
450	0.2461346	0.9418377	0.9524237	0.2032144	0.7319031	0.0004486	0.0492827	0.0256521	0.6467188	0.7098217	0.1064693	0.8830468	0.0156436	0.1108517	0.8254769	0.0955559	0.5019329	1.0660613	1.0028811	0.7266400	0.1635578	0.6278276	0.8714261	1.0155978	0.6306364	0.7423182	0.6290107	0.0647399	0.1782225	0.0816442	0.8327970	0.0105663	0.7053656	0.6167234	0.2917329	0.8173016	0.1557466	0.6548977	0.3836071	0.9258584	0.6197195	0.1922519	0.7270478	0.4065728	0.6399087	0.4442341	0.6334778	0.8327042	0.8337519	0.3642010	0.6241443	0.2094994	0.9970925	0.2433423	0.9122435	0.4464391	0.7501055	0.3803948	0.8877343	0.8679449	0.9557677	0.0130190	0.0861599	0.3300369	0.5390036	0.1241934	0.8721211	0.7538022	0.6431369	0.0395984	0.4417176	0.1840631	0.3676799	1.0685636	0.6460348	0.4214068	0.8735537	0.0664698	0.1737976	0.2616007	0.7983944	1.0056360	0.3426750	0.3662318	0.6025239	0.9027576	0.0508326	0.2551745	0.1286783	0.9984179	0.5527819	0.4888790	0.7338282	0.1743573	0.2492087	0.5896444	0.3023894	0.0198378	0.0159953	0.6236038
500	0.2487636	0.8909734	1.0376916	0.2386464	0.7157674	0.0011734	0.0451429	0.0165890	0.5356101	0.6725716	0.1104270	0.9388963	0.0028389	0.0942733	0.8780642	0.1016808	0.5264150	0.9990371	0.8987896	0.7789207	0.1959999	0.5604214	0.9125418	0.9464651	0.6307984	0.7792377	0.6097055	0.1064738	0.1833205	0.0872688	0.7066080	0.0104319	0.6842384	0.5257962	0.3020136	0.7903549	0.1051777	0.6640167	0.3739433	0.9121815	0.5110010	0.1929053	0.8653929	0.3758848	0.6095925	0.4676463	0.6257024	0.9197980	0.9235711	0.3188823	0.5364131	0.2363143	0.8873879	0.2223773	0.9121369	0.4445036	0.6096463	0.5039222	0.8747137	0.9694617	0.9744293	0.0073053	0.0766566	0.3370959	0.5916494	0.1299645	0.8337699	0.6957718	0.6230729	0.0217164	0.4874640	0.2366457	0.4024142	1.0249194	0.6847434	0.3402816	0.8052152	0.1017185	0.1812074	0.2930573	0.8076499	0.9121005	0.3920617	0.2971639	0.4803228	0.8179172	0.0293508	0.2773716	0.0945575	1.0061642	0.4420919	0.5006606	0.6540130	0.1787910	0.3200128	0.6108924	0.2669250	0.0125393	0.0094116	0.6915551
550	0.1911916	0.7589917	0.9764011	0.3362277	0.5863674	0.0005917	0.0266583	0.0206123	0.6450485	0.4483830	0.1137661	0.5505690	0.0057979	0.1261047	0.8275169	0.1618989	0.5175408	0.9355505	0.8885163	0.8447285	0.1335502	0.6132921	0.8612894	1.0447014	0.5853828	0.6954465	0.7090180	0.1051495	0.2485493	0.1193261	0.5774065	0.0372246	0.6976334	0.6066329	0.2921903	0.8597628	0.1189126	0.6564071	0.3416906	0.9206167	0.3553425	0.1919465	0.6994697	0.2753371	0.6541875	0.4777186	0.5994086	0.7796474	1.0205753	0.3846077	0.3838831	0.2414484	0.9064429	0.2772650	0.8158314	0.4352195	0.6160681	0.5278886	0.7899402	0.9935280	0.9806809	0.0957569	0.1878770	0.4286139	0.5487475	0.0901136	0.8086256	0.7659125	0.6861699	0.0322688	0.4636351	0.2306773	0.3592799	1.0956256	0.5788900	0.3787856	0.8455473	0.0559319	0.2061387	0.4128633	0.8190520	0.9079968	0.3542782	0.1943678	0.6542959	0.7659351	0.0182492	0.1849013	0.1590786	0.9206900	0.5006904	0.5126859	0.6215319	0.3062860	0.5393943	0.5214330	0.3355146	0.0242390	0.0066254	0.7317252
600	0.1166553	0.6804394	1.0303791	0.4527721	0.5557271	0.0024024	0.0216599	0.0248032	0.7247590	0.2486482	0.1484653	0.2271471	0.0031265	0.0754559	0.8372821	0.2987785	0.5362867	0.9294751	1.0537851	0.8923072	0.0959397	0.6539454	0.9346389	1.1713611	0.6081565	0.7025668	0.7093084	0.0952495	0.2369683	0.0789461	0.5403723	0.0380186	0.6893963	0.7558884	0.2843041	0.8127264	0.1331218	0.6870328	0.3043678	0.9586487	0.3113475	0.3020435	0.5176933	0.1715869	0.6106040	0.5243884	0.5482747	0.7799661	0.9449501	0.3616247	0.2714359	0.2079902	0.9463923	0.2860336	0.8290627	0.4151356	0.6566543	0.6422661	0.6264028	0.9652188	1.0231551	0.1845949	0.3176759	0.4592467	0.6310078	0.0970803	0.7501071	0.6902821	0.6650451	0.0331548	0.4401844	0.2125932	0.3877952	1.1161700	0.3751542	0.4092087	0.7657639	0.0685988	0.1839403	0.4580939	0.7232772	1.0886180	0.2849706	0.2657337	0.7742798	0.6217565	0.0638612	0.1625400	0.2101277	0.9967980	0.4766611	0.5205323	0.6701261	0.4033797	0.7486740	0.5161755	0.3147763	0.0127486	0.0160890	0.7289745
650	0.0614052	0.6347573	1.0168215	0.4535075	0.5112401	0.0031660	0.0249303	0.0170424	0.8844728	0.1724403	0.1656566	0.1739497	0.0036672	0.0706298	0.9023466	0.4759185	0.5504164	0.9783370	1.0275381	0.8316252	0.1246994	0.5547611	0.9468172	1.0703687	0.6738626	0.6919873	0.6965234	0.1317775	0.1790808	0.0462587	0.4258516	0.1044289	0.6978211	0.7870421	0.3309931	0.8354111	0.2130392	0.7169560	0.3165117	0.6826073	0.4427169	0.3352425	0.2807343	0.1205228	0.7020648	0.5581220	0.5653686	0.8066920	0.9729147	0.3840938	0.2078275	0.1915153	0.8770338	0.1951416	0.8177303	0.3567454	0.7135589	0.5808099	0.4873310	0.9670353	0.8728082	0.2173903	0.4172887	0.5405165	0.6526045	0.2378157	0.9289080	0.7800898	0.6227854	0.0354428	0.4568101	0.1821555	0.3338397	0.9998792	0.2318189	0.4487790	0.7301512	0.0943437	0.2174239	0.4639066	0.7678604	1.0063608	0.1956179	0.3431858	0.8285695	0.5214479	0.0670547	0.1058353	0.4365375	0.8556674	0.4550668	0.5217238	0.5876160	0.4053437	0.8382936	0.5841766	0.3183796	0.0220905	0.0217247	0.6869732
700	0.0362451	0.6841812	0.9831377	0.3891756	0.4915542	0.0043569	0.0363583	0.0212364	0.9343103	0.1330526	0.1538591	0.1145612	0.0009707	0.1148187	0.8810622	0.5117565	0.4895630	0.9559885	1.0009246	0.9477190	0.1090765	0.6022819	0.9724090	1.0108440	0.7594143	0.7561291	0.8749091	0.1145185	0.1691682	0.0443589	0.3682668	0.0950233	0.6237792	0.8442886	0.2684808	0.8576749	0.2301788	0.7172309	0.3306000	0.3123191	0.7012353	0.4955450	0.1957034	0.0693651	0.7167447	0.5274485	0.5923812	0.8510067	0.9212129	0.3251271	0.1874380	0.2890753	0.7249329	0.0766147	0.7912039	0.4129469	0.8099830	0.5556968	0.4606133	0.9143832	0.9402268	0.3481901	0.4354874	0.4436893	0.7416122	0.3737258	0.9868459	0.7681537	0.5824894	0.0194090	0.3833755	0.1714709	0.3159591	0.9803416	0.2731383	0.3534473	0.7842345	0.0898089	0.2538180	0.5671369	0.7783142	1.0343087	0.1245183	0.3063146	0.8069903	0.4107937	0.1138901	0.0827640	0.6070964	0.6976158	0.4546950	0.5420117	0.4524504	0.5443028	0.7450410	0.5599353	0.3024707	0.0301996	0.0266347	0.8713584
750	0.0070805	0.6877382	0.9940062	0.2638342	0.5281900	0.0032295	0.0341970	0.0180620	0.9956425	0.2011074	0.1690339	0.0836362	0.0024929	0.1395098	0.9662352	0.4912136	0.4399162	0.9567025	1.0914203	0.9181421	0.0764256	0.7296999	0.9870067	0.9814910	0.7834250	0.7532393	0.9636710	0.0999826	0.1452004	0.0402261	0.3486443	0.1259447	0.6082705	0.8572258	0.2636170	0.9401656	0.2795909	0.7398665	0.3538344	0.0868550	0.9279466	0.4778923	0.1249769	0.0555061	0.7526692	0.5390836	0.6353840	0.8496311	0.8650097	0.2903405	0.1569276	0.3430199	0.6676607	0.0303118	0.8007171	0.4094649	0.7303468	0.3867759	0.4831371	0.9205029	0.8202240	0.3377922	0.3554114	0.3656581	0.6323454	0.4539716	1.0047866	0.7346951	0.5102587	0.0413727	0.3369340	0.2448925	0.2970081	0.9804039	0.2648286	0.2912837	0.7924794	0.1016163	0.2068541	0.6010668	0.8155238	0.9434556	0.0904457	0.3858323	0.8642897	0.3767288	0.1118343	0.1627856	0.5330229	0.6169560	0.4952619	0.4258789	0.4207422	0.5698604	0.5908659	0.5905059	0.2839908	0.0264946	0.0376112	0.8460798
800	0.0246760	0.6775382	1.0277830	0.2526943	0.4415270	0.0011468	0.0168948	0.0141378	0.9373468	0.3716438	0.1370844	0.0980587	0.0024070	0.1054273	0.9559649	0.5124359	0.5236242	0.9719140	1.0672909	0.8337535	0.0957423	0.6744818	1.0212651	0.9524430	0.8576980	0.7991742	0.9753455	0.1342700	0.2245180	0.0462951	0.3424237	0.1282457	0.5474773	0.7699686	0.2979724	0.8823807	0.3370834	0.7672268	0.3145132	0.0297767	0.9168068	0.4517477	0.1199399	0.1038765	0.7521711	0.5868732	0.6139983	0.7902734	0.7860379	0.3083334	0.1408250	0.4081899	0.7311675	0.0169643	0.8234764	0.4299500	0.6737018	0.3604721	0.4220234	1.0129906	0.7921020	0.4313194	0.3072843	0.4109724	0.6049656	0.5635261	1.1041900	0.7811785	0.4479215	0.0566696	0.3853826	0.1576514	0.2829922	0.9306402	0.2841389	0.3344003	0.8078645	0.1410146	0.2409074	0.5808377	0.8009003	0.9498896	0.0844260	0.4980725	0.8909954	0.4211580	0.1415350	0.2407524	0.6141761	0.6354653	0.5457449	0.3905174	0.4239261	0.5365765	0.3950407	0.5920027	0.2826809	0.0356372	0.1214257	0.9198544
850	0.0068856	0.6553690	1.0759611	0.2676020	0.4265764	0.0001534	0.0340593	0.0153071	0.9096083	0.4134907	0.1471819	0.1096116	0.0029527	0.1060900	0.9438791	0.4727904	0.5005892	1.0170791	0.9940591	0.8419127	0.0918881	0.5909163	1.0731432	1.0213561	0.8596706	0.6957357	0.9379907	0.1179205	0.2127103	0.0343064	0.4039763	0.1583434	0.5343788	0.7732882	0.2590632	0.8368228	0.3752600	0.7372812	0.3743155	0.0181995	1.0410883	0.4907571	0.1193498	0.0786629	0.7115285	0.5810340	0.5760897	0.7699689	0.8946592	0.2856879	0.1365626	0.3718270	0.7887899	0.0069205	0.7604605	0.4016398	0.7848374	0.2786547	0.5114357	0.9740477	0.8341902	0.5335590	0.3433574	0.3177172	0.5831722	0.5602871	0.9718505	0.8436721	0.4238087	0.0447367	0.3669942	0.1758986	0.2599251	0.9250169	0.2784708	0.3725221	0.7759227	0.1577975	0.2898103	0.6538655	0.7684469	0.9445812	0.1058253	0.6059980	0.9943844	0.3423522	0.1803867	0.3139141	0.5345787	0.6732948	0.5337876	0.3640199	0.4096543	0.5590576	0.3638652	0.6294836	0.3309288	0.0359233	0.2641102	1.0143996
900	0.0314563	0.6008038	1.0281383	0.2578147	0.4066690	0.0019683	0.0364812	0.0157411	0.8985073	0.4030815	0.1486754	0.0914902	0.0086907	0.1365868	0.8538340	0.4456022	0.4530279	1.0636515	1.0465564	0.7779521	0.0852395	0.5922419	0.9997572	0.9759596	0.8479685	0.6370605	0.8849992	0.1107792	0.1960542	0.0412373	0.3933986	0.1682122	0.6005760	0.7944973	0.2298564	0.9089715	0.3008001	0.7046813	0.3355689	0.0249943	0.9804035	0.4906092	0.1232306	0.0779853	0.6827832	0.5540442	0.5817185	0.7978019	0.8329310	0.3181826	0.1265455	0.3424316	0.9319288	0.0040519	0.6586150	0.3651330	0.7758168	0.2571042	0.4644498	0.9900552	0.7670106	0.5144158	0.3927830	0.3624966	0.5718010	0.5321945	1.0441442	0.8090303	0.4771815	0.0607656	0.4032208	0.2003595	0.2611678	0.9606319	0.2946052	0.3225283	0.8555541	0.1752425	0.3378951	0.6999020	0.9056809	0.9332133	0.1123174	0.6666848	0.9437817	0.3932374	0.2146664	0.3509974	0.5317221	0.6799223	0.4901464	0.2505488	0.4432847	0.5464528	0.3883043	0.6511318	0.3101532	0.0490522	0.3649826	1.0460350
950	0.0176639	0.5725644	0.9484678	0.2131765	0.4309934	0.0031555	0.0242379	0.0145948	0.9542860	0.3615881	0.1415362	0.0901196	0.0085763	0.1336685	0.7984697	0.3960770	0.4828251	1.0742697	0.8351408	0.8309688	0.0910935	0.5674546	0.9297652	1.0135759	0.8514928	0.6627013	0.9306974	0.1407167	0.2404460	0.0458542	0.4557349	0.1267918	0.6331190	0.8524695	0.2556003	0.8698993	0.3456536	0.7586450	0.3523649	0.0134142	0.9902966	0.5181036	0.1167793	0.1091859	0.6786443	0.6486613	0.5283362	0.8775551	0.9043435	0.2964170	0.0976131	0.3587274	0.9889983	0.0025605	0.7037557	0.3485837	0.7531848	0.2981515	0.4741221	0.9176672	0.7808759	0.5103737	0.4475287	0.3552356	0.5934462	0.5251063	1.0113431	0.6931054	0.4591071	0.0514054	0.3560749	0.2052216	0.2727617	0.8996421	0.2603911	0.3757299	0.8747063	0.1658361	0.3356595	0.6520301	0.8054776	1.0075733	0.1241174	0.5188722	1.0044812	0.3782430	0.2416062	0.4267881	0.5722191	0.6949235	0.4570528	0.2456349	0.3724719	0.5278875	0.3323511	0.6191139	0.2250383	0.0418478	0.4606707	0.9810037
1000	0.0201885	0.5823777	0.9996696	0.2306215	0.4342212	0.0009671	0.0111056	0.0180071	0.8719446	0.3812399	0.1528927	0.0589090	0.0077563	0.0940182	0.8475485	0.4165867	0.4550160	1.0394998	0.9708480	0.8753487	0.1056208	0.6309075	1.0185090	1.0114726	0.8562358	0.6385311	0.9946142	0.1101090	0.2776885	0.0346069	0.4104491	0.1244613	0.6359456	0.8453344	0.2420748	0.8089110	0.3472927	0.8538730	0.4247774	0.0278116	1.0228289	0.4836518	0.1038975	0.0802093	0.6658390	0.4763958	0.5725539	0.8013289	0.8352154	0.3170543	0.0936394	0.3740780	1.0389904	0.0000000	0.6877152	0.4005330	0.7837418	0.3380169	0.5025821	0.9292131	0.8523553	0.5273726	0.3951748	0.2889023	0.5407681	0.5765739	0.9968105	0.6472735	0.5357507	0.0588421	0.3297779	0.1784765	0.2858551	0.8673595	0.3094524	0.4280572	0.9072924	0.1920346	0.3772033	0.6368952	0.7642214	1.0224982	0.1212390	0.5971022	1.0712199	0.3495163	0.2162491	0.4344871	0.5494154	0.6430224	0.4168279	0.2208844	0.3615644	0.5350270	0.2978501	0.6774961	0.2627259	0.0280078	0.5166648	1.0300783

0	0.0094491	0.6355617	1.0459758	0.0876986	0.4170952	0.0015965	0.0357302	0.0201856	0.7842026	0.5482911	0.1482550	0.1067167	0.0074763	0.0795139	0.9263252	0.4386615	0.5117037	1.0187251	0.9869150	0.9112762	0.0675828	0.6396705	0.9879649	0.9056811	1.0249936	0.8053086	0.8415975	0.0956169	0.2807776	0.0361236	0.3476186	0.0945586	0.7647381	0.8073502	0.2691465	0.9854445	0.2644993	0.7761342	0.3511720	0.0142404	0.9503393	0.3956488	0.0912837	0.0721673	0.8039584	0.5632487	0.5721011	0.9104100	0.8750489	0.3877912	0.0490860	0.3690556	1.0040851	0.0016799	0.7496314	0.4296180	0.7445798	0.3138374	0.4763448	0.9977159	0.8917758	0.5763065	0.2317245	0.3844034	0.5377636	0.4876338	1.0898320	0.8135737	0.5024926	0.0491368	0.3912071	0.2335426	0.3169327	0.9297559	0.3112694	0.3637340	0.9584119	0.1589398	0.2670455	0.6498318	0.7931145	1.0351174	0.1402507	0.6535788	1.0095359	0.4184859	0.2245238	0.5131035	0.6073464	0.7854143	0.4606182	0.1309775	0.4648780	0.5528648	0.0723851	0.5781484	0.2784400	0.0363961	0.5378107	0.9932421
50	0.0045742	0.7436220	1.0764309	0.1205361	0.4318006	0.0011207	0.0413540	0.0221545	0.7030002	0.4365999	0.1017561	0.0766031	0.0099906	0.1051041	0.6126440	0.3988112	0.4778790	0.9173315	1.0066671	0.9838115	0.0779988	0.6572598	1.0673841	0.9115702	0.8649848	0.7419464	0.8272869	0.3991502	0.3227008	0.0609793	0.3968662	0.0709643	0.6813792	0.6952066	0.2458721	0.7865427	0.2488663	0.6099420	0.3891452	0.0307099	0.9109492	0.4549274	0.0744057	0.0493755	0.8153252	0.4097820	0.7043216	0.7875285	0.8577302	0.3236204	0.2088498	0.4655908	0.9509911	0.1189164	0.7603328	0.4906928	0.8274841	0.3810944	0.5537167	1.0779630	0.8303663	0.5308274	0.1911824	0.3266838	0.5523484	0.5646701	0.9345414	0.7411472	0.4840082	0.0233737	0.2996881	0.2200359	0.3200325	0.7925941	0.1954455	0.5227143	1.0651491	0.4194471	0.2321254	0.6385080	0.6629056	1.1131789	0.3183301	0.5835086	1.0069700	0.4001666	0.2469368	0.5141255	0.5941136	0.7350043	0.5317457	0.3541112	0.2903613	0.7102282	0.2079267	0.6226815	0.1316100	0.2561736	0.4407546	0.9163902
100	0.0034628	0.8620984	0.9149793	0.0998051	0.4820441	0.0042057	0.0349529	0.0285042	0.7848788	0.4010459	0.0705593	0.0799004	0.0143618	0.1711020	0.4618334	0.3808798	0.5109959	0.8822258	0.9863431	0.9382786	0.0686256	0.7949184	1.0595568	0.8285398	0.8198154	0.6576435	0.9138242	0.6013467	0.3212327	0.1012592	0.4068783	0.0632954	0.7322885	0.6852847	0.2685053	0.7989778	0.1528887	0.4820487	0.3725735	0.0304125	0.9572366	0.4337297	0.0752850	0.0429500	0.7968267	0.3594794	0.7052588	0.8647164	0.8056878	0.3347229	0.3455391	0.4547825	0.9233788	0.2371172	0.7564904	0.4630653	0.8270360	0.3646459	0.4746736	1.0110284	0.9147771	0.5415141	0.1850662	0.3310800	0.5435218	0.4713507	0.9366594	0.6903013	0.4862609	0.0130374	0.3122565	0.2310597	0.3133027	0.9491025	0.1845089	0.4708431	0.9445391	0.3835568	0.2189436	0.5465905	0.7496964	0.9763312	0.6952459	0.4414030	0.9794094	0.3796572	0.3095702	0.5033663	0.4771834	0.7670321	0.5751470	0.5679519	0.2049556	0.7970113	0.2860673	0.6654166	0.0745605	0.5427715	0.4560549	0.9672049
150	0.0058106	0.9164113	0.9989173	0.1158432	0.4731533	0.0034379	0.0275630	0.0380917	0.8000154	0.4194561	0.0427511	0.0882189	0.0284979	0.2273966	0.3517230	0.3597089	0.4580346	0.9452938	0.9254039	0.7443323	0.0586180	0.7850581	0.9760180	0.4800962	0.7523413	0.7096418	1.0359006	0.8332981	0.5608456	0.1224349	0.4375431	0.0631180	0.6584165	0.7079094	0.2588034	0.7049484	0.1247380	0.3389663	0.3968572	0.0255187	0.9782008	0.4385719	0.0732035	0.0268738	0.8155312	0.3909421	0.7229882	0.9268801	0.6828901	0.2821250	0.4592012	0.3416214	0.9451820	0.4827457	0.7084242	0.4840255	0.8821563	0.4366331	0.4722913	1.0167254	0.9282099	0.5974713	0.1433037	0.2648629	0.5519669	0.5388126	0.8769667	0.6020464	0.4982775	0.0044260	0.3607527	0.2589146	0.3252807	0.9296311	0.1823374	0.5409018	0.8380287	0.4414697	0.1557705	0.5818733	0.7377247	1.0475249	0.8367666	0.5234721	1.0138817	0.3378800	0.2678771	0.5321118	0.5974487	0.8237196	0.5393090	0.6032311	0.1332046	0.8621980	0.3727130	0.6962010	0.0454964	0.7552099	0.5170185	0.9780561
200	0.0273948	0.9553509	1.0662782	0.1357576	0.4492830	0.0000963	0.0329641	0.0493791	0.8601404	0.3774301	0.0458712	0.0733142	0.0595820	0.4121882	0.2937662	0.3550064	0.4653305	0.9150306	0.8958341	0.8572809	0.0576768	0.7128591	0.8527406	0.2701641	0.8426619	0.6860735	0.9664822	0.9069066	0.6782630	0.1449973	0.4193799	0.0641142	0.7253001	0.7303528	0.2668349	0.7682353	0.1207275	0.3090535	0.3647761	0.0207409	0.8687453	0.4711171	0.0901714	0.0485807	0.8457731	0.4154976	0.7466066	0.8429367	0.6998872	0.3150412	0.6313438	0.3270551	1.0138123	0.7538115	0.6197730	0.4490680	0.8958381	0.3891732	0.4993567	0.9407798	0.9848592	0.6148295	0.0834797	0.2479683	0.5409243	0.4739958	0.7145510	0.6309651	0.4088143	0.0079399	0.4400724	0.2255083	0.4153890	0.9459215	0.1859027	0.5872454	0.8163250	0.3541820	0.1903183	0.5485238	0.7210387	0.9838230	0.8051470	0.4625031	0.9537458	0.2702659	0.3180717	0.5097969	0.5885884	0.8208952	0.4557268	0.6132123	0.0725134	0.9220160	0.4479923	0.6506062	0.0466192	0.8310916	0.5873667	0.9971127
250	0.0535612	0.9362467	0.9575517	0.1061021	0.4879685	0.0007560	0.0665755	0.0349298	0.8820661	0.2511604	0.0490100	0.0704216	0.0666450	0.5333474	0.3351391	0.3499697	0.5220058	0.9210197	0.9127832	0.8740431	0.0626948	0.7020787	0.8296306	0.2224461	0.8707339	0.7140575	0.8809729	0.8865443	0.7341014	0.1647844	0.5265556	0.0660489	0.7215447	0.7284515	0.2543534	0.7618758	0.1808904	0.3569677	0.3736314	0.0342349	0.8996532	0.4450453	0.0962597	0.0503726	0.7374156	0.4096898	0.7117290	0.7779770	0.7884144	0.2903705	0.6093028	0.4154419	0.9131194	0.9067616	0.6829590	0.3825317	0.7279737	0.4146378	0.4564267	1.0027347	0.9571919	0.5960039	0.0627248	0.2405144	0.5345399	0.4667955	0.7834563	0.6180832	0.3484874	0.0088270	0.4620056	0.2019452	0.3540398	0.9719663	0.2081315	0.6640307	0.8290953	0.2586012	0.1708930	0.5245494	0.7804614	0.8791688	0.8353077	0.4034294	0.9949250	0.2730469	0.3626831	0.4663945	0.5512253	0.7447009	0.4121194	0.6447911	0.0737741	0.9237487	0.5560138	0.5784759	0.0443484	0.8592247	0.6802962	0.9642814
300	0.0541724	0.9532043	1.0585568	0.0925467	0.4587135	0.0010589	0.0372229	0.0370236	0.8653036	0.1367812	0.0573951	0.0769621	0.0669505	0.5570521	0.2824759	0.3008759	0.4710334	0.9420855	0.9370929	0.7766040	0.0409495	0.7454610	0.8257278	0.1982646	0.8560859	0.6791589	0.9145793	0.8773352	0.6381843	0.1306808	0.4885922	0.1084089	0.6246657	0.7449738	0.1768878	0.7790818	0.1468224	0.3474762	0.3708530	0.0339703	0.9988858	0.4733597	0.0666495	0.0647090	0.7357748	0.3723049	0.6933071	0.7424942	0.8073190	0.3802799	0.5686656	0.3504179	0.8494506	0.9605888	0.7189796	0.2865781	0.7137670	0.4129610	0.4569479	0.9935461	1.0098764	0.6269604	0.0707609	0.2415191	0.5384115	0.4767774	0.7653824	0.6297465	0.4544891	0.0029452	0.4347643	0.1978207	0.2895533	0.9889911	0.2324831	0.6241481	0.8949944	0.2858120	0.1645727	0.5478438	0.8190832	0.8366467	0.8030736	0.4234236	1.0317217	0.2235893	0.3157055	0.4657116	0.5264865	0.8407525	0.3768750	0.6851371	0.0528788	0.9152500	0.5996807	0.6136204	0.0397299	0.8838915	0.5877876	0.9680516
350	0.0708543	0.9758775	1.0607277	0.0987106	0.4403507	0.0009342	0.0403937	0.0175410	0.8363101	0.0585931	0.0579214	0.0797561	0.1256095	0.5303909	0.3155789	0.3087671	0.4133563	0.9737195	0.9585845	0.7740468	0.0583291	0.7257328	0.8452375	0.1753460	0.8967966	0.6895694	0.9696791	0.8983235	0.7280626	0.1895186	0.4985637	0.0737899	0.5515320	0.7154310	0.2325311	0.6489482	0.1152032	0.3441388	0.3590555	0.0241132	1.0662042	0.3861524	0.0703462	0.0724066	0.7636071	0.3927568	0.5884027	0.7438779	0.7435661	0.3427176	0.5260504	0.3620421	0.7137710	0.9169656	0.7707611	0.2624593	0.7802626	0.4571685	0.4197253	0.9427080	0.9328479	0.5945855	0.0695597	0.2776226	0.4587231	0.4609751	0.7918219	0.5944115	0.4853462	0.0000629	0.4707557	0.2455294	0.2832868	0.9187716	0.2326922	0.7378511	0.9106286	0.2826058	0.1674159	0.4935286	0.7871926	0.7963769	0.8060870	0.4524876	0.9800729	0.1942345	0.2884256	0.4743777	0.5028174	0.7661979	0.4145675	0.6967032	0.0465253	0.8266158	0.5771803	0.6419734	0.0304985	0.8899474	0.5645656	0.9339575
400	0.0675454	0.9774333	0.9485618	0.0995682	0.4422855	0.0009155	0.0382703	0.0069649	0.9586373	0.0684091	0.0623742	0.0755401	0.1164618	0.5750788	0.2848476	0.3514176	0.4211949	0.9363773	0.8795882	0.8558548	0.0525629	0.7876049	0.9395000	0.1969211	0.8301760	0.6577262	0.9956750	0.8444277	0.7718130	0.1938179	0.6262114	0.1001812	0.6593274	0.7654163	0.2076634	0.7163551	0.1569979	0.2980013	0.3630622	0.0099412	0.9282039	0.4039719	0.0611167	0.0551418	0.7939104	0.4417218	0.6368609	0.7327223	0.6417429	0.3333821	0.5473351	0.3712145	0.6609804	1.0130663	0.7681430	0.2347016	0.8080670	0.4424040	0.4526450	0.9125192	0.9722565	0.5471309	0.0580742	0.2924824	0.4476030	0.5119438	0.7675391	0.5940733	0.4424309	0.0024957	0.4276497	0.2092671	0.2959198	0.9711032	0.2143479	0.6484494	0.9604778	0.4188545	0.1994224	0.5452621	0.7604539	0.9168827	0.8377570	0.4635128	0.8699822	0.2478980	0.3055893	0.5308510	0.4714043	0.7946451	0.3315774	0.5633779	0.0714752	0.9314243	0.5612259	0.6409342	0.0584023	0.8748862	0.5994716	0.9554549
450	0.0665701	1.0061587	1.0073901	0.1278928	0.4459150	0.0011694	0.0307977	0.0256259	1.0153999	0.0406298	0.0621020	0.0875216	0.1740560	0.5944337	0.2656452	0.3253988	0.4761283	0.9447175	0.8468715	0.8579931	0.0371657	0.7432064	0.8300916	0.2187920	0.9340140	0.7902820	1.0187626	0.9340138	0.7485738	0.1856100	0.5924025	0.0927736	0.6849941	0.8500221	0.2361806	0.7238792	0.1657354	0.2911475	0.3657784	0.0275601	0.7759592	0.4781542	0.0851072	0.0470873	0.7708000	0.4959811	0.5889345	0.7222298	0.7198068	0.2440600	0.5216445	0.3799220	0.5554836	0.9331230	0.7541117	0.1581655	0.6980250	0.3786266	0.4838388	1.0111008	1.0186931	0.5872375	0.0619520	0.2815419	0.4501271	0.5205021	0.6485633	0.6412427	0.4799076	0.0000470	0.4057845	0.2509483	0.2764864	0.9061358	0.1789656	0.6191084	0.9607003	0.4050774	0.2001437	0.5783278	0.7812993	0.9429537	0.9174644	0.3831471	0.9829403	0.3029358	0.3567407	0.5007063	0.5386917	0.8080786	0.3202790	0.5753034	0.0512701	0.8214978	0.5160218	0.6337338	0.0441729	0.9109184	0.5778240	1.0001100
500	0.0706436	1.0057324	1.1146701	0.1095106	0.4407371	0.0013027	0.0195743	0.0181783	0.9587492	0.0132271	0.0483469	0.1027805	0.1485084	0.5759567	0.2709283	0.3656317	0.3665742	0.9509039	0.9728411	0.8582247	0.0612093	0.7066979	0.8290632	0.1794150	1.0153292	0.7114919	1.0497214	1.1567177	0.7007663	0.1640300	0.5541471	0.0862860	0.6639137	0.8569432	0.1869336	0.8615496	0.2416055	0.2958522	0.3897254	0.0229634	0.9328442	0.4372871	0.0659100	0.0342172	0.7469391	0.5028078	0.6403301	0.6963675	0.7481709	0.2617014	0.5373138	0.3549853	0.4875072	0.9390697	0.7303131	0.1897333	0.8181792	0.4014783	0.4645262	1.0932922	1.0753020	0.6614816	0.0611687	0.2538235	0.4684390	0.5363942	0.7545682	0.6398313	0.4293192	0.0061410	0.4480172	0.1982162	0.2693034	0.8874521	0.1966457	0.7379546	0.9043051	0.4027466	0.2001214	0.7307656	0.7057310	0.9601125	0.8193256	0.3670139	1.0623410	0.3411533	0.2659874	0.4233781	0.5556658	0.8261101	0.3860400	0.5907511	0.0489493	0.9073655	0.4813637	0.6677851	0.0614556	0.9788152	0.5200368	0.9892732
550	0.0709971	1.0167590	1.0002265	0.1029736	0.4630910	0.0002457	0.0300793	0.0118873	0.9566738	0.0221795	0.0865801	0.1091779	0.1345825	0.5092298	0.6138259	0.3869854	0.4833489	0.9783114	0.9291921	0.8990220	0.0689705	0.8376794	0.8966536	0.1022570	1.0067559	0.6631289	1.0485408	0.7835652	0.6370792	0.1556020	0.6084711	0.0871170	0.6042700	0.7881980	0.2463465	0.8586329	0.3003782	0.4486019	0.3853729	0.0301657	1.0039467	0.4272906	0.0860045	0.0481289	0.8025981	0.5592524	0.5031835	0.7175162	0.7470999	0.2539836	0.4110519	0.3081368	0.3742156	0.7983971	0.7525457	0.1923182	0.8951594	0.2927983	0.4643438	0.9845665	0.8502064	0.6528158	0.0584760	0.3041315	0.5351963	0.5031729	0.9033376	0.6596009	0.4915216	0.0137450	0.3930302	0.1544027	0.2560020	0.9122977	0.2195125	0.7205857	0.8307771	0.3844312	0.2394578	0.7524378	0.7968456	0.8436726	0.5918240	0.6287671	0.9548426	0.2340142	0.2389776	0.4359764	0.4921162	0.7945225	0.3815837	0.4301230	0.1522901	0.9070499	0.3661784	0.6113771	0.1673146	0.6727051	0.5639507	1.0373157
600	0.0481837	0.8574627	0.9495921	0.1372222	0.5523650	0.0018829	0.0331630	0.0138427	0.9371899	0.0149773	0.0776608	0.0970371	0.0745350	0.3228990	0.8820174	0.4382314	0.4261533	0.8456411	0.9092947	0.9263735	0.0694414	0.7156886	0.8180715	0.2398526	0.9428331	0.6746406	1.0485161	0.4721652	0.6883974	0.0851886	0.6142954	0.0914694	0.5971611	0.8008512	0.2966050	0.8278818	0.3381274	0.5485216	0.3250121	0.0547037	0.9705212	0.3622462	0.0629439	0.0437005	0.7063172	0.5069532	0.4360422	0.7547461	0.7868089	0.2638387	0.2583733	0.4543800	0.4186964	0.6386646	0.6930134	0.2720165	0.7778614	0.2537849	0.3850308	0.9546208	0.8657385	0.6007728	0.0614457	0.3161960	0.4954307	0.5416227	1.0267510	0.6563851	0.3777334	0.0288461	0.3944102	0.2241185	0.2499336	0.8415404	0.2411811	0.6835075	0.7984039	0.3958932	0.2166055	0.7892814	0.8289165	0.9803029	0.4064209	0.7917582	0.9550701	0.2258553	0.2253467	0.4191840	0.4779269	0.8923194	0.2838036	0.3803468	0.2874265	0.7125466	0.2370130	0.7199707	0.2399760	0.3316853	0.5716043	1.0368434
650	0.0495731	0.7788590	1.0007866	0.1715343	0.3973208	0.0009459	0.0274548	0.0232810	0.9475334	0.0293909	0.1161811	0.0792179	0.0241707	0.1644695	0.8390236	0.4201701	0.5275707	0.7791333	0.9607692	0.8785621	0.0755072	0.6272283	0.9389031	0.5463718	1.0585712	0.7534361	1.0321056	0.2062281	0.5630355	0.0741875	0.6655408	0.1087781	0.5937890	0.7182051	0.3254953	0.8389692	0.2964198	0.6073270	0.3494905	0.0401857	0.9381729	0.3803087	0.1054846	0.0539029	0.6206648	0.6478554	0.4813461	0.7134727	0.8459183	0.2403424	0.1654525	0.3921680	0.4641102	0.4547986	0.7239442	0.3231812	0.7449697	0.2342653	0.4444534	1.0655332	0.8135938	0.5330949	0.0697592	0.2885666	0.5589747	0.5311889	1.0582543	0.6564780	0.4733484	0.0358725	0.4512432	0.2542452	0.2644048	0.8165874	0.2387663	0.6680484	0.9141803	0.2816510	0.2712469	0.6229316	0.8573111	1.0149902	0.2729605	0.8135347	1.0659217	0.2597067	0.1994763	0.3796410	0.5247760	0.7752308	0.3386626	0.3689488	0.3699700	0.6792184	0.1523814	0.6718411	0.2387666	0.1866739	0.5514127	0.9805109
700	0.0520988	0.6943368	0.9817624	0.1911251	0.3829531	0.0007995	0.0326839	0.0287425	1.0171591	0.0334334	0.1372489	0.0632448	0.0042294	0.1276448	0.9112365	0.4133798	0.5808461	0.8328547	1.0133078	0.8627224	0.0810267	0.6113076	0.9019899	0.8735443	0.9531330	0.6525676	1.0516302	0.1351424	0.5414752	0.0701908	0.4349644	0.0998148	0.5769836	0.9467008	0.3235342	0.9360221	0.3140981	0.6946319	0.3122075	0.0197133	0.9895050	0.4214656	0.0878811	0.0372577	0.5854770	0.6989702	0.4587826	0.8078364	0.8365161	0.2958865	0.1187575	0.4710817	0.4341562	0.1986263	0.6597857	0.3831034	0.7077926	0.2961075	0.4420646	0.9813994	0.7904394	0.5711871	0.1308995	0.2663266	0.5347219	0.5365119	0.9766519	0.6568222	0.4298810	0.0466523	0.4322907	0.2024619	0.3111585	0.8152376	0.2387562	0.7229813	0.9308524	0.1838331	0.2703217	0.6507135	0.8004102	0.9709517	0.1917520	0.8303149	0.9860892	0.2568434	0.1837650	0.3862974	0.5532134	0.7552277	0.4114538	0.3965449	0.4078345	0.5530446	0.1586382	0.5883278	0.2558176	0.1223436	0.5009540	0.9826968
750	0.0563130	0.6837607	1.0040832	0.2234308	0.3881061	0.0077289	0.0319150	0.0227437	1.0545927	0.0383392	0.1552772	0.0887806	0.0061424	0.1154513	0.9718306	0.4733034	0.5590879	0.9079088	0.9014120	0.9084918	0.0916611	0.6149517	0.9384851	1.0198872	0.9691975	0.5579393	0.9785159	0.1042787	0.4895115	0.0563929	0.4247715	0.1451695	0.5379752	1.0457951	0.2515378	0.9040656	0.4078097	0.7212023	0.3490840	0.0257366	0.9468338	0.4845793	0.0763231	0.0624116	0.6314694	0.7192642	0.3946237	0.8950206	0.8705072	0.2486430	0.0972645	0.4244239	0.4414340	0.1084824	0.7347697	0.3805099	0.7652957	0.2264646	0.4621115	0.9760779	0.8976194	0.5620656	0.2550541	0.2733618	0.5235193	0.5507579	0.9530869	0.6241605	0.4239258	0.0676992	0.3954998	0.2045829	0.3151458	0.9263435	0.2579729	0.7367019	0.9093342	0.1871551	0.2200298	0.7541216	0.7847740	0.8651929	0.1437941	0.8283303	0.8991642	0.2820347	0.2037498	0.3943431	0.5061445	0.6918851	0.4339177	0.3643446	0.4308757	0.5829054	0.1649908	0.5923166	0.2783681	0.0516684	0.5170668	1.0288528
800	0.0537523	0.6661837	1.0615830	0.2121421	0.5027087	0.0022541	0.0526036	0.0306519	1.1164467	0.0330145	0.1558520	0.0860715	0.0051882	0.1165679	0.9539200	0.5143764	0.5544946	0.9300198	0.9006771	0.9293723	0.0604948	0.5944202	1.0075809	1.0149173	0.9939658	0.5650964	0.9459705	0.0920018	0.4997010	0.0424033	0.4526936	0.2091236	0.6236264	0.9794710	0.2580791	1.0245543	0.4460683	0.7112362	0.3288893	0.0135459	0.9551661	0.4657326	0.0892580	0.0623520	0.6267228	0.6742970	0.5151270	0.7863920	0.7836034	0.2544748	0.0862746	0.3542116	0.4248667	0.0623761	0.7089064	0.3342698	0.8253676	0.2720752	0.4445008	0.9995924	0.8702660	0.6647671	0.3136629	0.2439195	0.4741061	0.5554569	0.9927351	0.6537473	0.4944288	0.0502272	0.4143870	0.2297303	0.2586601	0.9465558	0.2955306	0.6962161	0.9794202	0.2518255	0.3118281	0.8069398	0.7892570	0.9250968	0.1316695	0.8061359	0.9395156	0.3137927	0.1982915	0.3638366	0.5259434	0.6964199	0.4370309	0.3465036	0.3653614	0.6058121	0.1880049	0.5429508	0.3214105	0.0421260	0.5514763	1.0203376
850	0.0606673	0.7115807	1.0007540	0.2012912	0.4299750	0.0056715	0.0477107	0.0289258	1.0153078	0.0359833	0.1600491	0.1069312	0.0061248	0.1119122	1.0194103	0.5307032	0.5340293	0.9819449	0.8679588	0.8268339	0.0834715	0.6541443	1.0608097	1.0145408	1.0166846	0.6228111	0.8576498	0.0795086	0.3989068	0.0243407	0.3886100	0.1650154	0.6760421	1.0001601	0.2748723	0.9974020	0.4346517	0.6528561	0.2479393	0.0195203	0.9850794	0.5080005	0.0860962	0.1049760	0.7019138	0.5619059	0.5398659	0.8254542	0.8092907	0.2371479	0.0583428	0.4086365	0.4508574	0.0287945	0.7487965	0.3462722	0.8621420	0.2262370	0.4158504	0.9083714	0.7799777	0.5872742	0.3803713	0.2515799	0.5409710	0.5098398	0.9957856	0.6475327	0.4244142	0.0304399	0.4000598	0.2812156	0.2814485	0.9797662	0.2860039	0.7097167	0.9724284	0.2434129	0.3125058	0.7868747	0.7310646	1.0281766	0.1332805	0.9009364	0.9476408	0.3360145	0.1668536	0.2807310	0.5818867	0.7008142	0.4108253	0.3160554	0.4180391	0.5677942	0.1718351	0.5518034	0.2828135	0.0344691	0.4830878	1.0284555
900	0.0436001	0.7034201	1.0807581	0.1571849	0.3675487	0.0016927	0.0429019	0.0087134	0.9271650	0.0449629	0.1284603	0.0702255	0.0093090	0.1184173	0.8745861	0.5210499	0.5015170	0.9096255	0.8777439	0.8821470	0.1148263	0.6956427	0.9665702	0.9699385	0.8926764	0.7050214	0.8249117	0.0794914	0.2499485	0.0281670	0.3821434	0.1175850	0.6580764	0.9445657	0.2607442	0.9558373	0.3457009	0.7350998	0.2616554	0.0074647	1.0398545	0.4868389	0.0945264	0.0918496	0.7643206	0.5704185	0.5260701	0.8554423	0.7901599	0.3035685	0.0698979	0.3812780	0.3867084	0.0119084	0.7900103	0.3752914	0.8476429	0.2499083	0.4436884	0.9384155	0.7303114	0.6135601	0.4067109	0.3142512	0.6199678	0.5058422	0.9835663	0.6816127	0.3890186	0.0505077	0.3580358	0.2602707	0.2901151	0.8970797	0.2865856	0.5979927	0.9442206	0.2385227	0.3209561	0.7190741	0.7485588	0.9257002	0.1394116	0.7763350	0.9535626	0.2876574	0.2287028	0.2820691	0.6395585	0.7124268	0.4542384	0.2318354	0.4007781	0.6054634	0.1363876	0.5739641	0.2726510	0.0180896	0.5246611	1.0275874
950	0.0293816	0.6048034	0.8748529	0.1240084	0.4229493	0.0021423	0.0356742	0.0239598	0.9473292	0.0705909	0.1382407	0.0857311	0.0063507	0.0994986	0.9655156	0.5077720	0.4997247	0.9544411	0.9022756	0.8859296	0.0959640	0.7172452	0.9412598	0.9844128	0.8510413	0.7662433	0.8395289	0.1335966	0.2537364	0.0393237	0.3456703	0.1139871	0.6529621	0.9429871	0.3864809	0.9074040	0.3412233	0.7694196	0.3024909	0.0230861	0.9646021	0.4819139	0.0873012	0.1060271	0.7728602	0.5472395	0.6175953	0.9106756	0.8253306	0.3234773	0.0789667	0.4205451	0.3153282	0.0070025	0.7315858	0.4143267	0.7608139	0.3594890	0.4116825	0.9403339	0.8206102	0.5218933	0.4030621	0.2991591	0.5953811	0.4638322	0.9961172	0.6925286	0.3617806	0.0489112	0.3337898	0.2255647	0.3297179	0.9626348	0.2717701	0.5058710	0.9977233	0.2635270	0.2645216	0.7203527	0.8056435	0.8818967	0.1419722	0.8099833	1.0575324	0.3228779	0.3042615	0.3121165	0.5908168	0.6844752	0.5431818	0.1752270	0.4210688	0.5571950	0.1473981	0.5349809	0.2317833	0.0274910	0.5399402	0.9235549
1000	0.0187483	0.5623726	1.0396666	0.1089361	0.4485726	0.0000103	0.0190418	0.0324347	0.9996165	0.1619240	0.1761862	0.0799893	0.0171021	0.1117663	0.9089849	0.4157846	0.5266534	0.9464055	0.9129145	0.8185030	0.0832890	0.6847452	0.9428259	0.9512251	0.9372069	0.7368436	0.8682956	0.1726653	0.2533930	0.0318651	0.3564702	0.1380358	0.5870761	0.9022453	0.3398573	0.9414975	0.2562562	0.7936819	0.3474564	0.0366909	1.0372624	0.4482765	0.0927836	0.0946133	0.7829945	0.4829930	0.6443826	0.8886364	0.7468263	0.2759587	0.0822666	0.3694158	0.4555101	0.0077157	0.6393387	0.4667436	0.7900881	0.2776506	0.4654945	1.0076366	0.7582679	0.5413461	0.3630237	0.3084730	0.5552543	0.5329133	1.0484433	0.7206639	0.4018779	0.0816220	0.3641135	0.1868983	0.2872570	0.9650974	0.2351578	0.5368121	0.9192362	0.1505599	0.2287282	0.8093485	0.6992458	0.8786996	0.1183401	0.7563399	1.0585425	0.3503983	0.2597820	0.3710285	0.5605391	0.6176609	0.5428024	0.1983219	0.4066182	0.5002758	0.1170224	0.6110651	0.2583336	0.0167840	0.5471483	0.9834152

0	0.0094491	0.6355617	1.0459758	0.0876986	0.4170952	0.0015965	0.0357302	0.0201856	0.7842026	0.5482911	0.1482550	0.1067167	0.0074763	0.0795139	0.9263252	0.4386615	0.5117037	1.0187251	0.9869150	0.9112762	0.0675828	0.6396705	0.9879649	0.9056811	1.0249936	0.8053086	0.8415975	0.0956169	0.2807776	0.0361236	0.3476186	0.0945586	0.7647381	0.8073502	0.2691465	0.9854445	0.2644993	0.7761342	0.3511720	0.0142404	0.9503393	0.3956488	0.0912837	0.0721673	0.8039584	0.5632487	0.5721011	0.9104100	0.8750489	0.3877912	0.0490860	0.3690556	1.0040851	0.0016799	0.7496314	0.4296180	0.7445798	0.3138374	0.4763448	0.9977159	0.8917758	0.5763065	0.2317245	0.3844034	0.5377636	0.4876338	1.0898320	0.8135737	0.5024926	0.0491368	0.3912071	0.2335426	0.3169327	0.9297559	0.3112694	0.3637340	0.9584119	0.1589398	0.2670455	0.6498318	0.7931145	1.0351174	0.1402507	0.6535788	1.0095359	0.4184859	0.2245238	0.5131035	0.6073464	0.7854143	0.4606182	0.1309775	0.4648780	0.5528648	0.0723851	0.5781484	0.2784400	0.0363961	0.5378107	0.9932421
50	0.0080026	0.5984689	0.9365452	0.1309818	0.4763825	0.0000000	0.0474035	0.3308090	0.6049720	0.4859385	0.1336443	0.0910601	0.0072611	0.0997355	0.9002762	0.4484327	0.4819540	0.9766463	0.9921930	0.8193269	0.1623388	0.6152423	0.9293086	1.0201032	0.8305515	0.8115699	0.7721017	0.0966890	0.2537799	0.0322230	0.3785437	0.1193854	0.5070182	0.8311401	0.3877970	0.9456325	0.4829245	0.6819766	0.2331229	0.0706819	0.8929067	0.7233265	0.0698383	0.0874462	0.7806784	0.4189879	0.6693966	0.9339313	0.7425474	0.3197909	0.0375040	0.4170345	0.9850651	0.0011337	0.7097078	0.5106801	0.7457824	0.3048530	0.4720459	1.0391739	0.7863511	0.3843969	0.2037150	0.3050669	0.5089153	0.4191665	1.0037338	0.7468390	0.4130669	0.0505069	0.3463294	0.2383248	0.2327310	0.9469209	0.3425347	0.3931687	0.9077654	0.2609879	0.3301792	0.6803722	0.8490769	0.8670656	0.3361166	0.5541224	0.9610406	0.3170791	0.2998035	0.5255247	0.5942967	0.7109835	0.4834053	0.5288563	0.4640748	0.5137303	0.0931045	0.7033553	0.2200068	0.0356133	0.4607065	0.9258184
100	0.0120884	0.6492263	0.9310162	0.1319481	0.5340457	0.0003918	0.2185868	0.6617023	0.4046753	0.4807057	0.1038696	0.1043542	0.0033494	0.0812256	0.8256133	0.4250704	0.4320989	0.8824069	0.9866187	0.7245564	0.1635297	0.6955425	0.9440306	0.9852073	0.8612161	1.0329280	0.7899416	0.0808094	0.4134082	0.0233698	0.4973476	0.1630169	0.4723060	0.7716216	0.5859588	0.7864603	0.6037595	0.7028754	0.1293707	0.1130069	0.9247572	0.7471071	0.0972246	0.1037957	0.8098646	0.4369631	0.7270607	1.0082681	0.4992069	0.3468016	0.0543748	0.5478758	1.0291600	0.0085013	0.6995395	0.4836360	0.8670399	0.3261590	0.6084713	1.0502333	0.7299189	0.2099397	0.4155442	0.2559025	0.4795606	0.4093773	1.0176367	0.7100353	0.5226852	0.0978241	0.3507993	0.2408138	0.2537965	0.9183975	0.3197299	0.4629517	0.8671979	0.2827088	0.4942118	0.6342774	0.8231463	0.7742197	0.6018505	0.7668794	0.8970289	0.1406765	0.2622020	0.4403914	0.5815268	0.7306288	0.5156848	0.7053426	0.4178841	0.5364436	0.1295295	0.7322679	0.2388126	0.0273496	0.3729220	0.9173527
150	0.0309656	0.5938190	1.0039621	0.1276099	0.4946566	0.0293014	0.3687785	0.7375089	0.3349241	0.4004281	0.1118466	0.1126266	0.0048238	0.1145976	0.7490118	0.3898194	0.5788826	0.9277011	0.9152160	0.7856687	0.2166193	0.6106696	0.9845373	1.0257675	0.8771164	0.9830642	0.8397490	0.0845271	0.4987151	0.0150831	0.4159392	0.2435990	0.4336842	0.8005683	0.6890554	0.7681894	0.7560264	0.6176717	0.0569398	0.1220822	0.8865234	0.8390795	0.0683882	0.1093632	0.8617274	0.3882078	0.7053701	1.0130651	0.3861033	0.3860409	0.0399597	0.6021467	1.0419779	0.0033883	0.8093051	0.3887137	0.8239092	0.3057665	0.5088825	1.0485067	0.8016512	0.1573962	0.5370358	0.3110760	0.5185978	0.3943996	1.0083862	0.7018119	0.5130683	0.1282383	0.3495592	0.1597970	0.3138258	0.8458136	0.2094468	0.6556529	0.8251956	0.3400405	0.5572883	0.5408881	0.7509398	0.7225315	0.8095250	0.8703165	0.9146667	0.1600751	0.2260387	0.5040076	0.5959709	0.6831285	0.5369467	0.8213156	0.3948619	0.5659889	0.1627198	0.7712464	0.2237082	0.0327776	0.2879577	0.9431285
200	0.0225834	0.6416401	1.0250924	0.0854863	0.4119652	0.0446507	0.5094970	0.9311066	0.3427526	0.2991308	0.1360672	0.0899228	0.0012679	0.1179416	0.8083705	0.4041905	0.4731711	0.9826210	0.9286024	0.8383025	0.2635587	0.7606633	0.9542545	0.9754544	0.9148260	0.9212138	0.8142307	0.0741440	0.5061245	0.0118941	0.3657593	0.1942075	0.4360819	0.8278120	0.5825656	0.8367527	0.6404608	0.6511307	0.0199599	0.1471495	1.0336539	1.0239052	0.0583344	0.1061240	0.8975218	0.3811118	0.7432759	0.9776269	0.4056083	0.4259731	0.0171053	0.6076065	1.0376688	0.0017906	0.6941382	0.3437262	0.7788525	0.2755361	0.5363999	0.9658706	0.8139834	0.1445570	0.5302998	0.2700035	0.4648783	0.5043811	0.9911313	0.7969598	0.5443229	0.2109932	0.3222180	0.1156933	0.3706747	0.8668610	0.1982243	0.6055455	0.8307709	0.3990583	0.6449548	0.6742017	0.7618810	0.7560981	0.8649845	0.9806791	0.9719620	0.1117910	0.2837164	0.5087396	0.6253061	0.7625540	0.5729724	0.8249115	0.3770282	0.6172923	0.1207862	0.8469831	0.1882646	0.0205709	0.1515606	0.9598870
250	0.0213509	0.6131832	0.9550609	0.0873034	0.4868938	0.0958780	0.6391699	1.0428941	0.2457284	0.3328873	0.1245682	0.0851975	0.0232731	0.0859179	0.7297156	0.4103001	0.5387316	0.9419031	0.9523134	0.8266205	0.2630540	0.6366275	0.9131995	1.0879123	0.8543993	0.9966079	0.9079553	0.0965671	0.5467748	0.0106298	0.3534199	0.2528118	0.3657713	0.7133031	0.7358535	0.7415481	0.6647702	0.6214788	0.0209149	0.1251203	0.9725772	1.0110043	0.0757256	0.1128597	0.8991475	0.3774374	0.7095407	0.9551096	0.3055323	0.4553978	0.0080584	0.6720179	0.9936367	0.0011323	0.8134096	0.4188943	0.8428244	0.2695356	0.5902783	1.0131993	0.8165837	0.2287220	0.5239949	0.2525941	0.4938967	0.4809150	1.0033588	0.8340185	0.5090604	0.2017260	0.3296647	0.0928925	0.4239641	0.7899250	0.1776053	0.6808164	0.9005071	0.5039758	0.6232328	0.6465441	0.7525462	0.6713605	0.9021875	0.9726845	0.8775025	0.0991697	0.3323978	0.5639591	0.6105878	0.8143349	0.6300412	0.9159184	0.3613189	0.6352494	0.1040818	0.8736215	0.2256708	0.0505337	0.0888135	0.9737070
300	0.0302061	0.7077172	1.0247192	0.1067721	0.2715560	0.1327574	0.6414555	0.9774108	0.2181987	0.3372038	0.1047219	0.0825454	0.0557919	0.1087138	0.6646570	0.3847575	0.4955294	1.1053695	0.9203477	0.8740836	0.2694474	0.6411704	0.9211335	0.9340618	0.9031917	0.8731908	0.8722416	0.1198527	0.5791956	0.0047441	0.4154748	0.3907010	0.3695359	0.7455015	0.7253799	0.6682830	0.7063631	0.7342311	0.0305125	0.0867317	1.0630656	0.9552670	0.0827987	0.1354255	0.9387786	0.4517390	0.7212761	0.8700521	0.3481471	0.5215057	0.0017438	0.6162833	0.9086399	0.0000000	0.7260132	0.3706120	0.8067852	0.2996621	0.5650694	0.9886246	0.8215117	0.2125959	0.5424876	0.2716908	0.4361111	0.5054074	0.9861527	0.8213766	0.4568578	0.2415668	0.3594810	0.0728952	0.4510189	0.8558153	0.1992759	0.7542671	0.8776393	0.4193394	0.6836942	0.5759592	0.7580935	0.6407374	0.9816944	1.0393681	0.8219067	0.1357187	0.3650343	0.5246997	0.6156591	0.8937871	0.6041420	0.8215738	0.3914989	0.6997158	0.0944145	0.8971972	0.2160457	0.0421976	0.0593924	0.9891409
350	0.0433450	0.6357606	1.0557547	0.0931340	0.1617448	0.1707213	0.5900267	1.0476387	0.2448942	0.3388680	0.0897592	0.0822275	0.0475724	0.1915717	0.5728992	0.3704139	0.3947696	1.0614062	0.9207472	0.7552017	0.2436583	0.5905530	0.8845558	1.0188491	0.8276647	1.0088180	0.8651676	0.1611139	0.5929245	0.0076480	0.3679243	0.3956099	0.4561227	0.6795334	0.7413277	0.6524063	0.7165678	0.7074118	0.0129922	0.1048914	1.0043173	0.8315210	0.0888139	0.1835534	0.8829960	0.3236986	0.6945395	0.8477108	0.3170666	0.5410244	0.0000000	0.6219419	0.9381241	0.0022130	0.8000941	0.2560379	0.7692842	0.2729505	0.6432907	0.9961674	0.7122542	0.2519915	0.5231416	0.2782790	0.4567722	0.4993104	0.9799356	0.8078444	0.3885928	0.3135581	0.3226839	0.0477169	0.4390979	0.7900062	0.1903026	0.8365198	0.8743507	0.3575781	0.6907214	0.5226031	0.7851499	0.7314673	0.9716316	0.9887950	0.7668361	0.0714405	0.4209987	0.6040176	0.6244291	0.8968809	0.6973614	0.8430449	0.3777132	0.7245272	0.1264416	0.8593799	0.2243209	0.0311907	0.0617723	1.0325388
400	0.0569921	0.5993095	0.9948429	0.0826019	0.1211611	0.1448185	0.6529416	0.9524901	0.2416857	0.1855918	0.0934480	0.0830095	0.0770231	0.1567602	0.5906081	0.3375596	0.3784657	1.1600187	0.8333939	0.7365697	0.2904117	0.6216791	1.0242119	0.8729771	0.8782858	1.1236362	0.8548317	0.1233636	0.4975772	0.0126965	0.3668683	0.2778488	0.5122523	0.7479847	0.6278793	0.5980038	0.6104368	0.7695806	0.0182582	0.0920722	1.0345151	0.9251541	0.0731587	0.1625032	0.9248578	0.4358437	0.6534763	0.8490808	0.3409953	0.4806523	0.0044490	0.5917921	0.8769021	0.0067973	0.8303149	0.2121763	0.7902773	0.2982003	0.6215227	0.8950113	0.6881754	0.2177347	0.4447882	0.3127204	0.4467950	0.4904293	0.9544062	0.8817858	0.4248436	0.3930872	0.3232552	0.0442842	0.4644372	0.8296802	0.2597526	0.7806238	0.8250396	0.3467154	0.7020941	0.5946284	0.7489446	0.7109421	0.9338495	0.9408877	0.7606356	0.0654275	0.4308867	0.6230238	0.6138314	0.9165334	0.6517472	0.9027516	0.3793970	0.7163700	0.1536953	0.8642332	0.2558635	0.0501334	0.0645730	1.0747730
450	0.0671427	0.5975106	1.0598105	0.0513473	0.0722130	0.1504887	0.6661661	0.9239934	0.2345630	0.1620203	0.1303941	0.0755816	0.0655396	0.1429318	0.4762207	0.3342222	0.3553756	1.0790535	0.9221627	0.7549307	0.2632275	0.5913437	0.9438853	0.9450584	0.8581302	1.0372142	0.8566602	0.1050472	0.4946486	0.0199301	0.3911423	0.2468963	0.3976462	0.8462917	0.6820052	0.7004991	0.6880941	0.7379637	0.0254149	0.1251235	0.9488362	0.9042853	0.0744315	0.1647592	0.9355080	0.5107204	0.7277241	0.9542960	0.3398379	0.5805208	0.0054943	0.6555402	0.8818936	0.0030708	0.7742450	0.2262824	0.7841971	0.3352646	0.6063621	0.9314628	0.5130747	0.1848426	0.4855219	0.2716797	0.3854706	0.4258875	0.9813212	0.9249024	0.5161596	0.4712258	0.2763004	0.0598363	0.4672863	0.8334059	0.2304803	0.7872341	0.8492783	0.3850096	0.7069517	0.5563122	0.7008250	0.6802222	0.9209240	0.9121283	0.7446721	0.0888624	0.4529823	0.6477481	0.5149037	0.8851645	0.6968978	0.9548403	0.3806153	0.6980783	0.1169214	0.8824304	0.1891871	0.0437190	0.0597016	0.9960345
500	0.0579114	0.6068211	1.0974816	0.0659851	0.1053012	0.1811770	0.5959553	0.9589986	0.2602381	0.0758813	0.0816022	0.0751212	0.0713720	0.2268997	0.5523188	0.3075230	0.4260632	0.9270574	0.9169241	0.8388814	0.3176255	0.5883095	0.9723973	0.9936201	0.9707598	0.8940553	0.9415796	0.1036008	0.5295595	0.0088726	0.4091665	0.2309037	0.4157392	0.7936657	0.6698030	0.8415051	0.6617962	0.7505018	0.0344184	0.1148245	0.9274220	0.9103068	0.0834991	0.1771990	0.8414359	0.4648671	0.6954766	0.8813261	0.2853801	0.5694164	0.0094168	0.6036951	0.9265166	0.0104769	0.7042882	0.2636241	0.7972473	0.3203417	0.6069249	0.9765672	0.4560731	0.1545045	0.4241627	0.2780298	0.4158547	0.4357880	0.8836256	0.9517487	0.4470341	0.5515983	0.3087284	0.0598911	0.4972857	0.7154093	0.2422979	0.7739230	0.8463985	0.4028095	0.6765964	0.5412544	0.7819399	0.6314691	0.8859066	1.0283787	0.7895317	0.0711777	0.4437942	0.6814288	0.5459759	0.8629069	0.6712941	0.9525395	0.3698783	0.6582973	0.1028152	0.8911784	0.1514642	0.0342277	0.0472249	1.0071551
550	0.0366464	0.7501682	1.0358999	0.0437882	0.0868855	0.1751066	0.6221842	0.7114833	0.5256998	0.1242454	0.0849859	0.0963626	0.1042470	0.1824700	0.6565072	0.2757269	0.5308274	0.8114099	0.8090583	0.8510895	0.2155788	0.5746017	0.9993649	1.0419598	0.9105874	0.8662936	0.9957819	0.1196425	0.3955060	0.0173837	0.2999320	0.2810865	0.5098684	0.7676783	0.5387074	0.7764590	0.4778250	0.7794055	0.1509221	0.0955275	0.9420992	0.7644696	0.0753896	0.1808582	0.8092002	0.4007881	0.5953079	0.7975787	0.5314676	0.5260370	0.0175465	0.4834026	0.8920032	0.0115918	0.7042914	0.3013154	0.7666248	0.2794713	0.7034527	0.9338281	0.4977540	0.3408828	0.3443914	0.2179623	0.4395041	0.4411861	0.9511108	0.8691922	0.4346160	0.7055381	0.3433313	0.0425025	0.5518661	0.7006411	0.2524238	0.8270440	0.7994433	0.3727576	0.5180825	0.5760684	0.7085512	0.8549717	0.6659486	0.9883592	0.8418534	0.1464542	0.4806396	0.7213481	0.5555791	0.7744637	0.6010614	0.7531574	0.3534974	0.6614668	0.0936833	0.9371235	0.1761244	0.0570109	0.0631461	0.9985572
600	0.0307747	0.7262731	0.9664882	0.0498219	0.0829476	0.1724628	0.4440823	0.3709877	0.7585857	0.1427550	0.1276639	0.1010133	0.0876823	0.1739044	0.7188203	0.2559631	0.6018359	0.8037674	0.8220178	0.8475867	0.1159383	0.6266189	1.0455566	1.0110750	0.9218587	0.7122505	0.9450319	0.1240304	0.2884492	0.0318579	0.2832000	0.1973772	0.7264433	0.8150418	0.3722909	0.7237058	0.3011361	0.7505652	0.1826175	0.0393551	1.0076494	0.5248474	0.0884343	0.1090031	0.7989494	0.4356747	0.5926007	0.7410292	0.5997363	0.5261865	0.0189013	0.3345841	0.8909175	0.0011589	0.7046802	0.2728831	0.7498023	0.2630622	0.5150882	1.0217108	0.4486982	0.4805398	0.2252207	0.2985023	0.4136379	0.4320690	1.0923993	0.8023148	0.4838140	0.6392083	0.3837861	0.1337792	0.4893230	0.7848341	0.2819513	0.6735721	0.8436146	0.3635334	0.4235507	0.5500065	0.7611411	0.8316785	0.4064933	0.9396843	0.8839803	0.2338736	0.4923489	0.7567203	0.5437143	0.7816820	0.5766221	0.5471298	0.3458456	0.6990624	0.1022038	0.7813892	0.2150088	0.0505958	0.1439726	0.9155856
650	0.0149188	0.5795078	1.0494949	0.0419256	0.0818209	0.1405387	0.2808183	0.1845962	0.9176044	0.2872766	0.1196811	0.1122109	0.0620243	0.1292922	0.7820954	0.3481325	0.5403669	0.9290193	0.8681001	0.7621185	0.0918983	0.6093827	1.0436969	0.9485525	0.9344634	0.6922058	0.8660775	0.1223369	0.1979655	0.0399718	0.3244845	0.1325091	0.6307802	0.8014789	0.3035360	0.7598849	0.2318933	0.7935024	0.2500633	0.0386004	1.0136702	0.4955396	0.0815905	0.1046038	0.7307168	0.3927427	0.5749988	0.6937100	0.7724657	0.3503521	0.0098301	0.4020879	0.7162088	0.0018381	0.7307528	0.3000305	0.6916905	0.2482827	0.5486265	1.0018690	0.3906663	0.4910391	0.1347235	0.2884924	0.4034569	0.4167448	1.1671839	0.7956266	0.4938802	0.4635461	0.3245797	0.1738529	0.4704193	0.9112363	0.3277562	0.4051704	0.9404653	0.2520123	0.3108578	0.5465426	0.7921859	0.9966649	0.1999182	0.8361899	0.8431119	0.2662157	0.4353405	0.7547964	0.5925722	0.6810366	0.5342663	0.4795691	0.3492231	0.6556904	0.0864768	0.6909160	0.2522184	0.0457294	0.2800308	0.9027537
700	0.0120856	0.5722183	1.0830269	0.0402768	0.0742517	0.0863222	0.1472818	0.0926375	0.8703094	0.4285679	0.1089435	0.0993134	0.0708801	0.1430732	0.8830706	0.3102473	0.5248280	0.8896488	0.9512111	0.7937797	0.0528551	0.6253435	1.0108611	0.9646377	1.0341704	0.7673016	1.0033914	0.1002085	0.2796524	0.0417743	0.4475005	0.1079113	0.6877667	0.7228919	0.3098823	0.8005162	0.2058562	0.7643750	0.2610377	0.0307212	0.8751790	0.4573666	0.0840378	0.0806827	0.7526005	0.4183054	0.4970708	0.7233462	0.7881536	0.2285529	0.0143547	0.2763039	0.7000442	0.0006217	0.7536382	0.3361899	0.7848588	0.2474344	0.5430790	1.0219876	0.3721961	0.5143606	0.0740394	0.2924556	0.4776474	0.3916222	0.9609919	0.7620747	0.4740634	0.3372730	0.3795750	0.2214651	0.3437158	0.8127894	0.3021681	0.4370842	0.9348388	0.2229847	0.2147321	0.5708571	0.7793301	1.0373941	0.1212611	0.6824552	0.9168166	0.2988371	0.4863171	0.8431901	0.5794709	0.7587602	0.4892008	0.3801336	0.4011914	0.5996482	0.0928582	0.5780453	0.2319936	0.0672789	0.4101111	0.9249917
750	0.0107231	0.5304492	0.9931470	0.0842285	0.1848260	0.0515960	0.0784516	0.0459670	0.8029901	0.3936219	0.1421446	0.1011099	0.0546750	0.1156143	0.8247381	0.3372737	0.5390981	0.9644614	0.9208555	0.7337516	0.0577301	0.5617279	0.9842216	0.9636995	1.0987955	0.7675083	0.9835944	0.0810358	0.2814183	0.0288684	0.3878602	0.0679788	0.7045769	0.8167407	0.3004270	0.8007386	0.1941045	0.7385023	0.2758022	0.0320525	0.8454080	0.4043487	0.0840083	0.0808559	0.7614544	0.5484051	0.5046426	0.8115199	0.8668497	0.3318172	0.0392578	0.2698656	0.7342710	0.0022699	0.7469063	0.3969838	0.8769769	0.2982958	0.5162411	1.0479740	0.3600836	0.5664093	0.0693748	0.2689855	0.3854833	0.4230142	0.9967465	0.7214555	0.4637454	0.3340417	0.3766010	0.2779848	0.3533920	0.8469282	0.3113578	0.4332567	0.9473640	0.2140652	0.1610721	0.6813713	0.8101891	0.9162506	0.1072155	0.6684619	0.9280329	0.2886510	0.5075627	0.7771532	0.5770730	0.7894103	0.5220965	0.3201938	0.3973947	0.5448966	0.0646251	0.6040027	0.2330617	0.0415421	0.4807249	0.9525416
800	0.0190394	0.5979897	0.9151492	0.0807821	0.2795046	0.0203821	0.0369078	0.0421579	0.8598491	0.4347236	0.1392742	0.1099894	0.0127346	0.1257564	0.9204907	0.3692352	0.4492446	1.0667087	0.9292688	0.8245976	0.0683762	0.5858037	0.9855592	0.8852780	0.9563886	0.7246262	0.9762544	0.0957070	0.2146711	0.0340241	0.4005719	0.0628545	0.6736576	0.8343674	0.2714866	0.8438163	0.2707279	0.6533163	0.2788894	0.0343297	0.8176992	0.4166309	0.0749681	0.0597183	0.7723368	0.5862035	0.5377019	0.8669524	0.9456470	0.3527495	0.0459232	0.3095894	0.7849246	0.0026293	0.7479527	0.4379130	0.8788462	0.2708765	0.5272269	1.0061430	0.4000052	0.6177228	0.1621076	0.2645052	0.4254946	0.5012609	0.9856611	0.7760562	0.3787979	0.2113783	0.3971497	0.2580137	0.3724473	0.8927563	0.3610580	0.4156043	1.0257896	0.1675712	0.2604038	0.6279646	0.7920912	0.9231404	0.1302220	0.6277837	0.9115491	0.3724062	0.5488689	0.6667881	0.6731940	0.8198553	0.5664954	0.3526245	0.3861032	0.6341876	0.0646761	0.6370648	0.2399679	0.0162334	0.5313475	0.9772979
850	0.0258800	0.6737103	0.9649343	0.0977138	0.3203167	0.0074036	0.0648175	0.0276486	0.7572923	0.3902068	0.1342798	0.0920378	0.0163827	0.1367115	0.8572359	0.4931781	0.3922796	0.9852191	0.9708280	0.9408819	0.0564552	0.6669497	0.9668374	0.9330720	0.9023094	0.6971586	0.8370780	0.0712613	0.1548717	0.0353755	0.4379764	0.0713086	0.6468184	0.8598567	0.3015392	0.9118427	0.3659718	0.7248699	0.3812618	0.0340804	0.8612003	0.4029588	0.0879474	0.0801377	0.7385619	0.4926669	0.6039848	0.8548324	0.9732689	0.2911830	0.0817814	0.3341907	0.9198366	0.0012424	0.7889166	0.4853762	0.7891352	0.2893450	0.4810949	1.0231439	0.5299979	0.6191409	0.1973544	0.2569985	0.4916759	0.5086202	1.0323048	0.6760278	0.4495478	0.1174865	0.4112971	0.2663479	0.3761568	0.7796198	0.3167689	0.3642234	0.9688831	0.1898270	0.2466815	0.5770875	0.7509530	1.0226888	0.1332151	0.6067710	0.9074620	0.3368338	0.5261664	0.6188047	0.6133234	0.8070763	0.4968033	0.4079052	0.3990127	0.5613858	0.0899944	0.7105639	0.2611438	0.0231567	0.5105831	1.0339370
900	0.0154597	0.6242668	1.0351043	0.1274017	0.4022973	0.0073736	0.0411361	0.0278980	0.8036804	0.3902266	0.1111978	0.0749628	0.0038876	0.1166314	0.8800326	0.4734517	0.4086390	1.0000861	0.8765077	0.9765910	0.0532890	0.6490378	1.0288235	1.0391032	0.9430352	0.5366467	0.9767113	0.0929328	0.1554123	0.0443457	0.4394838	0.0678981	0.6821031	0.7894166	0.2947029	0.8333238	0.2277365	0.6206299	0.4226338	0.0335804	0.9352764	0.4414699	0.1008648	0.0750299	0.7488075	0.4005221	0.5956641	0.8854347	0.8501105	0.2686580	0.0759222	0.3813659	0.9632107	0.0000434	0.7466961	0.5501225	0.7333657	0.2507380	0.4714798	1.0892235	0.6783855	0.5614401	0.1665960	0.2647935	0.4922882	0.4932104	1.0547659	0.7605769	0.4837779	0.0956984	0.3525013	0.2964649	0.3085164	0.8767140	0.2360280	0.2830584	1.0405630	0.2192542	0.2562718	0.6499634	0.7192152	0.9610187	0.1292357	0.6020546	0.9345055	0.3327102	0.5126167	0.5994772	0.6068715	0.6570764	0.4810866	0.3742402	0.3685400	0.5865363	0.0851174	0.6248278	0.2386372	0.0124083	0.4824807	0.9979939
950	0.0109299	0.6706393	0.8831760	0.1372068	0.3849235	0.0038407	0.0145373	0.0138060	0.8099884	0.4054099	0.1315933	0.0987270	0.0012601	0.1105880	0.8048293	0.4396607	0.4119341	0.9946926	0.8796105	0.8686029	0.0540521	0.6978069	0.9398764	0.9467736	0.8710073	0.5962501	0.9628180	0.1123904	0.1766228	0.0631399	0.4132704	0.0868443	0.6880840	0.8454564	0.3071457	0.8860454	0.2078970	0.6447888	0.3764852	0.0144550	0.9161611	0.4417806	0.0950552	0.0705664	0.7399773	0.4796597	0.5836969	0.8247187	0.8579247	0.1855782	0.0672539	0.3878029	1.0285817	0.0003871	0.8016544	0.5803512	0.8136367	0.3021741	0.4687558	1.1083947	0.6017955	0.5856497	0.1403069	0.2660809	0.5652981	0.4734183	1.0268303	0.6499144	0.4281894	0.0628149	0.3672748	0.2386502	0.2894870	0.9437408	0.2522470	0.2549417	0.9247769	0.1460419	0.2175722	0.7244971	0.7109261	0.9818687	0.1193929	0.5241703	1.0209644	0.3683032	0.4359291	0.5628224	0.4990865	0.7417429	0.4911165	0.2968715	0.4022299	0.5817917	0.1219853	0.6566929	0.2292490	0.0379906	0.5074030	0.9909817
1000	0.0114379	0.6430664	0.9374270	0.1163502	0.4356911	0.0053800	0.0090310	0.0091862	0.8456955	0.4350977	0.1089314	0.0824867	0.0031761	0.0878238	0.7772311	0.4001137	0.4642806	0.9134449	0.9317837	0.9235169	0.0706584	0.6439178	0.9137259	0.9064095	0.9856116	0.6626958	1.0175278	0.1063738	0.2868979	0.0463240	0.3602752	0.0740489	0.6845797	0.8225496	0.3206874	0.8049501	0.2495353	0.7218352	0.3279548	0.0153754	0.9145190	0.3784372	0.0998068	0.0539044	0.7304924	0.4821417	0.5563672	0.8662592	0.8309148	0.2388666	0.0509525	0.2983854	0.9738163	0.0036884	0.8116965	0.5240483	0.7321187	0.3243104	0.4421272	0.9943849	0.7345625	0.6165412	0.1519240	0.2861786	0.5171697	0.4404757	1.0556419	0.7107178	0.3802890	0.0582469	0.3743815	0.1830055	0.3172551	0.9283409	0.2421906	0.3147905	0.9130037	0.1297735	0.1922879	0.7099705	0.7527165	1.0201431	0.1151759	0.5627569	0.9448976	0.3370684	0.3637297	0.5653995	0.5494532	0.8229635	0.4834103	0.2566391	0.4202340	0.5679850	0.1106062	0.7046867	0.2400052	0.0457863	0.5156931	0.9246613

0	0.0094491	0.6355617	1.0459758	0.0876986	0.4170952	0.0015965	0.0357302	0.0201856	0.7842026	0.5482911	0.1482550	0.1067167	0.0074763	0.0795139	0.9263252	0.4386615	0.5117037	1.0187251	0.9869150	0.9112762	0.0675828	0.6396705	0.9879649	0.9056811	1.0249936	0.8053086	0.8415975	0.0956169	0.2807776	0.0361236	0.3476186	0.0945586	0.7647381	0.8073502	0.2691465	0.9854445	0.2644993	0.7761342	0.3511720	0.0142404	0.9503393	0.3956488	0.0912837	0.0721673	0.8039584	0.5632487	0.5721011	0.9104100	0.8750489	0.3877912	0.0490860	0.3690556	1.0040851	0.0016799	0.7496314	0.4296180	0.7445798	0.3138374	0.4763448	0.9977159	0.8917758	0.5763065	0.2317245	0.3844034	0.5377636	0.4876338	1.0898320	0.8135737	0.5024926	0.0491368	0.3912071	0.2335426	0.3169327	0.9297559	0.3112694	0.3637340	0.9584119	0.1589398	0.2670455	0.6498318	0.7931145	1.0351174	0.1402507	0.6535788	1.0095359	0.4184859	0.2245238	0.5131035	0.6073464	0.7854143	0.4606182	0.1309775	0.4648780	0.5528648	0.0723851	0.5781484	0.2784400	0.0363961	0.5378107	0.9932421
50	0.2366873	0.7223372	0.9895761	0.1446611	0.4440510	0.0006002	0.0097953	0.2160959	0.7644366	0.3514008	0.1456918	0.2648972	0.0890320	0.1109981	0.8217476	0.3530676	0.4221791	0.9025648	1.0262677	0.7360965	0.0744693	0.8871007	0.9104096	1.0216061	0.8369752	0.6526411	0.8493236	0.1170757	0.2278680	0.0225654	0.2445561	0.0667795	0.7102742	0.7738436	0.3330724	0.7496538	0.2003328	0.7840969	0.3448140	0.4502621	0.8995720	0.4319287	0.0805817	0.1162789	0.8011481	0.4295699	0.7467192	0.8893596	0.8279120	0.5823822	0.0569121	0.3584615	0.8177977	0.0015211	0.7721363	0.5431053	0.8143608	0.3148651	0.4148715	0.7473496	0.6236300	0.5308194	0.3483322	0.2829668	0.5101523	0.5912111	1.0258757	0.7570500	0.5086366	0.0523426	0.3169971	0.2170211	0.3401485	0.8542036	0.2093686	0.3169442	0.8562493	0.1815857	0.4828897	0.5456797	0.7213348	0.9134594	0.1008632	0.6413873	0.9941294	0.5099149	0.3056918	0.5311477	0.3181183	0.5809778	0.7348045	0.2306319	0.2922224	0.6260292	0.0818072	0.5266404	0.2190919	0.0247452	0.4374551	1.0188999
100	0.5020208	0.6189648	0.9187496	0.0901361	0.4861376	0.0011849	0.0703173	0.5229496	0.8840313	0.1807923	0.1178689	0.3853138	0.1385934	0.1205460	0.9645545	0.2762189	0.4411055	0.9887257	1.0370376	0.5182949	0.0911630	0.8824312	0.9257692	1.0447264	0.8689388	0.7806131	0.8799636	0.1034157	0.1441624	0.0272366	0.0876516	0.0718714	0.6789378	0.8401271	0.3834587	0.8069515	0.1663159	0.8216822	0.1871005	0.7555084	0.9384645	0.4729677	0.0614526	0.1691574	0.7443525	0.3641005	0.7226604	0.8431831	0.8694170	0.9464778	0.0345178	0.3644552	0.7890153	0.0027796	0.7003733	0.5127282	0.7336488	0.2720986	0.4877150	0.5841802	0.5069182	0.6012419	0.3635948	0.2748790	0.4974975	0.5265327	1.0976035	0.7869882	0.5188340	0.0592577	0.3641601	0.2266035	0.4520355	0.8935294	0.1637319	0.2551691	0.9610641	0.3322297	0.5402921	0.5205677	0.7834610	0.8312750	0.1192391	0.7413821	1.0034003	0.4472349	0.4011443	0.4864682	0.2208999	0.5241243	0.7911304	0.3544923	0.2035018	0.5441321	0.0984849	0.5813452	0.2584295	0.0369500	0.3058374	1.0059637
150	0.6204015	0.6140818	1.0235962	0.0851509	0.4725595	0.0023846	0.1354702	0.5754560	1.0152659	0.0889672	0.1558473	0.4445916	0.1789899	0.1109667	0.9593857	0.2539402	0.4687934	0.9247631	0.9362787	0.4167255	0.1013475	0.8933369	0.9378328	1.0849485	0.8315689	0.7208428	0.9549378	0.1010732	0.0952149	0.0357951	0.0400702	0.0909388	0.7393655	0.8336501	0.4165251	0.7731593	0.1424876	0.8312330	0.1480613	0.8638334	0.9738451	0.4779076	0.0721488	0.2068075	0.8096567	0.3319953	0.6167638	0.6816175	0.8702892	0.9964071	0.0291174	0.4285005	0.7072821	0.0039765	0.7390274	0.4378192	0.7604333	0.2048330	0.4029878	0.5581364	0.5144069	0.5591327	0.2312790	0.2707600	0.5011322	0.5944081	1.0108419	0.8330560	0.5379400	0.0876677	0.4727429	0.3164976	0.5644964	0.8891360	0.1816264	0.1638726	0.9115372	0.2959354	0.6039315	0.4432023	0.6751882	0.9380038	0.0943068	0.7427182	0.9562558	0.3105187	0.4727181	0.5049193	0.1463779	0.4877909	0.8414903	0.3355719	0.1711808	0.4803901	0.0680939	0.6335091	0.2760851	0.0373639	0.2353748	1.0167377
200	0.8458196	0.5840098	1.0451270	0.0357880	0.4304686	0.0063893	0.2233487	0.6700551	1.0619590	0.0615748	0.1340729	0.5212853	0.1504472	0.1078896	0.9122460	0.1793644	0.5467993	1.0296215	0.8768154	0.3335148	0.1333004	1.0160712	0.9424330	1.0008272	0.8500973	0.6389969	0.9196470	0.1092766	0.0843149	0.0271228	0.0260162	0.0647428	0.8277355	0.8382633	0.3984000	0.7728826	0.1617682	0.8298106	0.1358083	0.8425844	0.8613494	0.4647858	0.1031582	0.2194093	0.8249424	0.4418385	0.6015308	0.7503831	0.8514123	0.9875258	0.0131849	0.4414200	0.6656551	0.0158337	0.7266763	0.4035115	0.8258334	0.2325116	0.4037655	0.5500455	0.5531957	0.5736810	0.1943841	0.3764899	0.4621351	0.5749310	0.9674464	0.6557335	0.5283258	0.0897406	0.5024861	0.2942236	0.6678666	0.8764278	0.2225258	0.1858201	0.8861633	0.2332342	0.6448361	0.4419075	0.7116868	0.8564802	0.1060669	0.7622025	0.9586679	0.3232335	0.5087968	0.5494884	0.1848645	0.4681163	0.7661543	0.3684521	0.1620026	0.5064381	0.0707537	0.7179591	0.3004880	0.0493029	0.1344781	0.9579761
250	0.8437269	0.5306268	0.9919425	0.0270857	0.4754791	0.0091085	0.3072279	0.6907576	0.9965875	0.0423039	0.1195974	0.4239900	0.1884984	0.1007687	0.8528381	0.0969169	0.4563798	1.0493191	0.9583251	0.2829753	0.2113786	1.0345945	0.9006403	1.0609666	0.9152076	0.6920396	0.8019525	0.0755473	0.0699736	0.0418781	0.0351330	0.0657597	0.7770221	0.8914974	0.5028459	0.8059718	0.2033638	0.8033103	0.1063352	0.8591549	1.0156086	0.4356336	0.1133837	0.2356879	0.8210075	0.5480322	0.5368123	0.7748185	0.7866123	0.9451812	0.0065924	0.4119917	0.6772746	0.0301004	0.6920170	0.5444775	0.8107758	0.2644448	0.3968535	0.5169973	0.4588103	0.5012377	0.0992754	0.4488955	0.4703117	0.5553873	0.9462771	0.6082767	0.5471704	0.1867618	0.5940318	0.2637199	0.7204367	0.8378465	0.2438142	0.1672559	0.9239861	0.1760132	0.6961709	0.4570659	0.8632222	0.8416433	0.1163479	0.7688472	0.9480176	0.3110600	0.5879272	0.6764377	0.1582738	0.3852928	0.9151958	0.3718110	0.1314350	0.5127826	0.0789734	0.6231144	0.2950662	0.1383155	0.1260835	0.9013035
300	0.8585402	0.6384002	1.0413887	0.0287932	0.5093995	0.0216126	0.3125404	0.6386979	0.9630508	0.0547932	0.1046247	0.4986147	0.1575413	0.1094590	0.8531624	0.0811406	0.4204423	1.0696172	0.9962928	0.2433036	0.2452147	0.9803548	0.9271674	0.8143397	0.9018915	0.6981577	0.6638236	0.0816510	0.1207556	0.0271094	0.0433251	0.0822639	0.6845739	0.8870797	0.4933546	0.8545406	0.2091194	0.6810167	0.0796326	0.9148381	0.9186031	0.4273960	0.1607364	0.2631325	0.7656425	0.5270702	0.5371083	0.7571459	0.8458943	0.9680390	0.0036006	0.4234983	0.6556171	0.0271801	0.6574975	0.6078151	0.8488410	0.3101905	0.5006848	0.5389677	0.3765017	0.4673933	0.0457143	0.5256210	0.4327947	0.5088448	0.9714595	0.6010549	0.5945177	0.1890479	0.5107797	0.2799802	0.7748749	0.7870816	0.1635274	0.1902820	0.9234327	0.1264889	0.7422184	0.5240334	0.7996767	0.8603529	0.1523172	0.8206808	0.9766143	0.2671914	0.5188603	0.6760808	0.1386237	0.4455767	0.7259799	0.3938754	0.1449832	0.5495143	0.0636783	0.6199912	0.2307804	0.2111344	0.0834934	0.8200969
350	0.9080126	0.7157525	0.9706159	0.1219310	0.4046592	0.0370550	0.3246636	0.6867188	0.9873464	0.0532246	0.1321472	0.4808458	0.1629754	0.1436247	0.8511030	0.0924994	0.3655354	1.1007695	0.9642312	0.2517218	0.2484456	0.9633104	0.9237987	0.9243542	0.8101515	0.6693793	0.6277847	0.0894384	0.1177104	0.0346298	0.0498696	0.0761335	0.5864533	0.9001729	0.4726157	0.7618191	0.2841935	0.7500322	0.1098571	0.9010321	0.9009004	0.3368158	0.1576351	0.2071228	0.7592062	0.6099165	0.6156883	0.8021094	0.7472885	1.0128803	0.0032424	0.3992113	0.6714944	0.0329223	0.5994015	0.6040229	0.8522182	0.3335441	0.6726451	0.5297091	0.4028943	0.4380202	0.0687641	0.5569092	0.4755047	0.5286681	0.9842809	0.5597820	0.6125633	0.2121347	0.6057928	0.2209289	0.7771367	0.8302448	0.2009813	0.2557680	0.8775957	0.1034568	0.7394706	0.5000451	0.8813643	0.7890992	0.1145872	0.7922606	0.8261130	0.1894394	0.5628572	0.6386298	0.1278511	0.4828666	0.8637552	0.3973657	0.1620631	0.5453551	0.0929882	0.5997345	0.2664467	0.2661781	0.0938618	0.7078891
400	0.8666955	0.6941436	0.9382060	0.1396705	0.3592637	0.0687912	0.2771988	0.7618594	0.9971516	0.0457316	0.0967819	0.4759614	0.2322029	0.1068988	0.8267285	0.0913968	0.3923543	1.0589631	0.9681131	0.2641367	0.2037185	0.9467589	1.0190402	0.9858090	0.7791763	0.7010867	0.5389243	0.1216183	0.0875260	0.0383450	0.0443246	0.0704775	0.6677778	0.8173379	0.4079958	0.8496514	0.3478952	0.7007036	0.1050994	0.9366792	0.8074197	0.3150251	0.1565216	0.2985607	0.6751404	0.5274917	0.6647153	0.7943231	0.8645979	0.9908615	0.0080485	0.3578545	0.7378646	0.0485027	0.5811170	0.6008321	0.7928366	0.4467116	0.6481975	0.5929436	0.4212951	0.4794929	0.0690454	0.4010121	0.4872575	0.4947491	1.0362539	0.5353200	0.6040251	0.2452212	0.5698371	0.2031587	0.8538889	0.9478301	0.1810177	0.2251336	0.9235232	0.1240993	0.7660989	0.5035635	0.7856638	0.7944425	0.1118473	0.8435544	0.8914493	0.2464429	0.5349144	0.4987412	0.1301839	0.5501270	0.8282866	0.4257807	0.1488990	0.4968469	0.1636314	0.6245171	0.2166155	0.2528286	0.1143442	0.7735298
450	0.7851372	0.6828668	0.9091462	0.1281132	0.3629703	0.0521318	0.2116942	0.6931761	1.0041953	0.0410997	0.1164604	0.4562954	0.2017238	0.1249580	0.8962487	0.0549357	0.4726245	1.0192726	1.0434636	0.2651091	0.2083600	0.9034968	0.9753519	1.1132340	0.8868811	0.6442513	0.5567959	0.1072498	0.0851323	0.0500099	0.0328934	0.0997863	0.6658350	0.7181376	0.4578948	0.8946978	0.3365396	0.6449295	0.1453498	0.8572315	0.7492266	0.3554879	0.2245804	0.2565772	0.6406809	0.4761504	0.6571046	0.7942454	0.7852161	1.0780533	0.0126771	0.4257437	0.7379920	0.0720945	0.5247594	0.5354059	0.8232957	0.5477985	0.4326111	0.5375078	0.4806961	0.5075345	0.0750300	0.3931756	0.4724293	0.4905030	0.9964986	0.5030362	0.5999085	0.2398780	0.5920073	0.2577805	0.7734362	0.9633302	0.1665643	0.2218143	0.9395071	0.1364514	0.7187610	0.5179695	0.8078903	0.7259434	0.0897795	0.7988304	0.8110594	0.2300427	0.5506621	0.3422642	0.1224102	0.5267304	0.7888144	0.4647383	0.1640833	0.4933032	0.2925490	0.6013054	0.2124896	0.2477477	0.1281186	0.7191357
500	0.8239863	0.6511137	0.9371758	0.1305672	0.3169919	0.0210398	0.1656882	0.7172847	1.0413734	0.0602979	0.1443734	0.4488053	0.1269309	0.0995957	1.0205602	0.0731416	0.4519856	1.0343777	0.9810302	0.2759380	0.2316477	0.9502253	0.9394991	1.0414364	0.8282010	0.6321483	0.6160683	0.0978947	0.1014338	0.0648806	0.0324374	0.0891925	0.6827229	0.7296743	0.3945768	0.8919273	0.2398632	0.7180927	0.1354178	0.7969811	0.7803369	0.3153415	0.2331411	0.3340049	0.6904841	0.4938833	0.6149549	0.8286577	0.8442611	1.0494376	0.0086527	0.4078692	0.6436152	0.0814191	0.3086431	0.5248454	0.8188411	0.4745674	0.4534252	0.5200522	0.4436148	0.5618233	0.1146974	0.4319988	0.4739370	0.4780908	1.0228293	0.4665053	0.6261391	0.3407220	0.6253149	0.3106073	0.7613871	0.9611349	0.1425296	0.1943424	0.8960686	0.1041998	0.7760061	0.4525954	0.8179739	0.7128051	0.1131499	0.7709403	0.7723943	0.2015374	0.5937075	0.3123294	0.0951355	0.4502939	0.8691574	0.4253156	0.1693781	0.5063231	0.3062118	0.6320999	0.2187747	0.2580484	0.1090939	0.6807076
550	0.6980171	0.5555868	0.9680174	0.1746772	0.4119699	0.0088008	0.2281024	0.4736383	1.0339214	0.0787263	0.1150795	0.3106067	0.0887643	0.1224456	0.9503164	0.1264244	0.4085835	0.9149397	0.9506654	0.4109714	0.2491618	0.6852539	0.9466871	1.0711955	0.7850273	0.6334618	0.7011857	0.0674166	0.1264457	0.0686718	0.2451741	0.0726400	0.6596614	0.7347836	0.3784219	0.8681296	0.2054382	0.8240484	0.2509608	0.4745401	0.8068829	0.3281571	0.3055612	0.2110833	0.6962629	0.4597790	0.6941849	0.8396765	0.8640042	0.8904820	0.0316302	0.3854259	0.6137307	0.1014835	0.3968006	0.4915480	0.8138895	0.4542412	0.4746465	0.6462971	0.5422473	0.4807137	0.2154675	0.4906234	0.4770439	0.4156100	1.0227149	0.4580163	0.6103808	0.2729940	0.6578507	0.2850051	0.7329877	0.8569118	0.1764630	0.2572284	0.9885206	0.0834781	0.6428631	0.4252472	0.7974961	0.7566155	0.1007504	0.8143052	0.8108620	0.1743461	0.5773472	0.2718565	0.0997630	0.5187435	0.6859100	0.3993944	0.2488262	0.4221263	0.3597498	0.6859024	0.2394686	0.2302995	0.0837161	0.8325408
600	0.4227599	0.5935167	1.0854250	0.2096833	0.4914159	0.0189213	0.1761866	0.2567552	1.0131347	0.0794444	0.1317975	0.1845608	0.0325858	0.1043672	0.9821884	0.2274630	0.5154288	0.8397151	0.9569559	0.5709078	0.1891898	0.6465672	0.9466014	1.0095737	0.8306889	0.6272510	0.6363504	0.1004601	0.1863951	0.0525566	0.3174384	0.0698918	0.6357319	0.6890995	0.3767142	0.9876691	0.1870102	0.8154297	0.3134585	0.1798439	0.8038838	0.3657639	0.2482576	0.1296841	0.7406170	0.3935120	0.7551194	0.9335718	0.8178465	0.5379068	0.0344985	0.3737826	0.6435264	0.0653752	0.5952235	0.4892780	0.8204138	0.4627324	0.5170589	0.8224080	0.6920535	0.4571923	0.2837292	0.4097358	0.5422261	0.4533202	1.0316839	0.5346893	0.5759156	0.1697389	0.6333609	0.2455459	0.7699257	0.8616361	0.2027914	0.3002176	0.9410960	0.0587357	0.4277487	0.4017664	0.7611268	0.8589878	0.0883573	0.7181222	0.8441326	0.1954179	0.5165037	0.3161321	0.2790068	0.7008944	0.5371150	0.4058330	0.3570814	0.4747405	0.4513419	0.5662060	0.2523890	0.1777101	0.0840939	0.8351602
650	0.2469139	0.5704136	1.0396286	0.2103679	0.4264554	0.0130931	0.0771572	0.1205912	1.1278947	0.0947450	0.1200141	0.1140105	0.0065562	0.0886691	0.8630759	0.3335176	0.5073022	0.8658235	0.8650050	0.7425554	0.1320801	0.6872428	0.9269808	0.9903396	0.8188779	0.7002430	0.5859379	0.1509808	0.2276423	0.0320156	0.3670264	0.1024037	0.6090370	0.7370309	0.2659945	0.9065558	0.1381702	0.6900681	0.3336581	0.0720113	0.7874741	0.3785629	0.1473522	0.1106166	0.7942338	0.3342002	0.7293589	0.9058875	0.8240051	0.4047212	0.0307661	0.3139300	0.6430415	0.0343560	0.7575111	0.4904516	0.7570933	0.4501937	0.5255449	0.9578140	0.8517620	0.4934417	0.2600967	0.3566780	0.5800833	0.4604229	0.9279382	0.6657383	0.5156186	0.0894346	0.4867511	0.2464344	0.7035720	0.9534273	0.2920497	0.3187879	0.8846477	0.0589990	0.3188387	0.5185811	0.7348500	1.0068586	0.1188794	0.6919277	0.9058224	0.2350851	0.4345540	0.2822912	0.4024141	0.6166561	0.5275603	0.3740214	0.4006365	0.4699502	0.4374228	0.6096399	0.2243803	0.1051999	0.0876139	0.9251850
700	0.1269206	0.5744100	0.9700443	0.1524790	0.4462444	0.0156421	0.0582590	0.0643954	1.0822107	0.0559951	0.1469466	0.1177732	0.0044842	0.0631003	0.9476603	0.3551803	0.5784306	0.9632470	0.8430299	0.8077747	0.0869697	0.6588407	0.9863258	1.0595982	0.7315940	0.6953125	0.7229160	0.1415002	0.1896176	0.0221851	0.4179104	0.0888118	0.7212153	0.8212962	0.2567458	0.8428771	0.1477382	0.7237016	0.3470347	0.0537486	0.8641551	0.3678371	0.1080246	0.0844548	0.8979145	0.3466994	0.6978701	0.9312422	0.8407724	0.3306057	0.0488844	0.3462871	0.5702543	0.0215348	0.7495453	0.5712776	0.8511935	0.4043801	0.4923821	1.0037343	0.8440452	0.5223523	0.2965110	0.3231519	0.5608320	0.3993794	1.0022580	0.6839502	0.4508158	0.0564858	0.4554896	0.2484851	0.5428545	0.8298310	0.2549792	0.2756974	0.8766518	0.0770682	0.2361755	0.4808535	0.6981675	1.0739471	0.0991021	0.5907619	0.9359522	0.2160415	0.4356068	0.2722594	0.4239321	0.6799042	0.4459619	0.3718668	0.3809319	0.5486424	0.3541473	0.6175677	0.2323706	0.0654846	0.1198460	0.9384632
750	0.0678700	0.6156162	0.9451402	0.0897654	0.4541531	0.0103573	0.0571627	0.0499978	1.0498125	0.0617003	0.1454704	0.0870769	0.0115027	0.0861485	0.8283760	0.4529152	0.5465875	0.9927034	0.8693611	0.7954543	0.0662183	0.5561378	1.0169380	1.1336288	0.7681627	0.7525073	0.8028126	0.1444625	0.2498467	0.0120015	0.4014747	0.1086353	0.8256245	0.7912120	0.2780718	0.7229407	0.1147142	0.7708888	0.2880315	0.0315037	0.8755773	0.3868780	0.0793032	0.0678336	0.8188019	0.3883039	0.6988359	0.9293233	0.8299310	0.3554426	0.0560666	0.3744535	0.5118760	0.0073304	0.7803988	0.5173664	0.7379136	0.3833207	0.4834011	0.9167273	0.8365880	0.5565450	0.2600597	0.3284561	0.5050618	0.5068390	0.8871537	0.6973649	0.4134587	0.0697374	0.4093180	0.2803905	0.4285444	0.8518961	0.2677360	0.2519588	0.8438097	0.1155170	0.2030342	0.5935039	0.6857760	1.0266207	0.1476257	0.5203104	0.9760444	0.2812234	0.4064913	0.2897246	0.4883501	0.6996535	0.4977671	0.3309152	0.4389525	0.5642369	0.2148284	0.6263677	0.2229443	0.0294368	0.2364890	0.9634893
800	0.0363525	0.6002851	1.0056273	0.1274531	0.4855056	0.0029486	0.0253852	0.0246263	1.0051110	0.0533438	0.1097692	0.1075446	0.0138541	0.0985772	0.7925744	0.4927972	0.4619863	0.9490732	0.9777708	0.8306058	0.0885253	0.5647426	1.0324265	1.0307952	0.8398398	0.6361880	0.8763312	0.1182596	0.2387968	0.0093184	0.3709361	0.0576825	0.7613763	0.7431567	0.3327081	0.7865772	0.1514445	0.7424424	0.3004384	0.0181358	0.8927012	0.3972794	0.0871961	0.0675585	0.8072545	0.3840490	0.7245435	0.8616996	0.8287546	0.3384521	0.0794555	0.4057998	0.4388422	0.0019829	0.8279973	0.4987469	0.6978771	0.3358264	0.5494132	0.8772693	0.8030038	0.5998371	0.2158149	0.2784020	0.5426510	0.4986112	0.8902937	0.6482062	0.4686830	0.0451411	0.4208527	0.2611106	0.3514633	0.9052625	0.2815494	0.3312105	0.8023445	0.1206513	0.1995799	0.5909065	0.6901052	0.9833954	0.1132392	0.6174106	1.0634761	0.2784773	0.4124620	0.2960702	0.5146584	0.7459362	0.5869230	0.3738741	0.4389634	0.5724783	0.1406174	0.6020349	0.2282103	0.0289393	0.3807187	0.8820101
850	0.0238415	0.6193435	0.9671977	0.1233969	0.4833518	0.0030272	0.0324992	0.0229932	0.9484516	0.1327194	0.1097470	0.0906934	0.0120743	0.1135989	0.9422563	0.4006785	0.4391896	0.9738121	0.8492123	0.8135511	0.0871709	0.6547835	1.0623457	0.9922435	0.8316675	0.6759812	0.8701984	0.1409545	0.1609197	0.0205218	0.2720642	0.0528025	0.7942846	0.7458587	0.2818318	0.8080483	0.1306540	0.7367853	0.2999406	0.0241854	0.8540001	0.4514967	0.0738549	0.0455073	0.8398664	0.3750579	0.7193974	0.9157020	0.9209793	0.2688532	0.0606702	0.3777863	0.4329176	0.0006086	0.7432262	0.5305142	0.7066585	0.2921789	0.5118455	0.9422597	0.8508605	0.5779093	0.2113017	0.2486614	0.5584411	0.5049700	0.9580382	0.8034433	0.4389132	0.0420036	0.3787913	0.2166293	0.3405083	0.8484353	0.3055473	0.2976328	0.8610361	0.2117267	0.1952925	0.5741435	0.7095372	0.8649767	0.0971106	0.5434875	1.1017554	0.2841559	0.3834462	0.3316659	0.5397369	0.7212279	0.5816034	0.3338978	0.4718815	0.5069500	0.1185886	0.4884664	0.2949916	0.0422214	0.4417585	0.9230768
900	0.0305993	0.5611455	0.9118536	0.1077097	0.4635409	0.0008829	0.0315463	0.0299872	0.9977682	0.2367732	0.0986694	0.1000890	0.0042504	0.1162271	0.8367872	0.4066066	0.4807019	0.9955911	0.9149764	0.8163814	0.0667013	0.5393811	1.0053902	0.9427797	0.8864658	0.6420446	0.8900633	0.1253009	0.1947541	0.0320882	0.3344898	0.0501929	0.7376776	0.7105879	0.2879818	0.6423048	0.0943235	0.7630380	0.3215792	0.0175032	0.9414292	0.4087438	0.0683967	0.0353161	0.8104731	0.3680327	0.7494984	0.8665887	0.8700596	0.2722948	0.0721680	0.2708209	0.4330648	0.0006205	0.7249984	0.5091669	0.7490151	0.3017545	0.5017509	0.8721567	0.9024129	0.5669593	0.1397364	0.2520340	0.5412561	0.5266056	0.8516655	0.7954819	0.4453523	0.0492694	0.3693448	0.2474122	0.2893114	0.8414917	0.3142273	0.2129496	0.8283109	0.2672749	0.1864277	0.6208671	0.6591380	0.9753892	0.0987590	0.5672500	1.0239842	0.2510268	0.3662622	0.3764000	0.5284846	0.7835276	0.5852274	0.2233536	0.4554598	0.5558531	0.1043237	0.5221077	0.2591438	0.0303000	0.4647077	1.0117802
950	0.0069807	0.5647317	1.0930023	0.0891735	0.5168760	0.0009565	0.0239392	0.0210528	1.0181000	0.3409699	0.0975841	0.1005747	0.0056850	0.0862591	0.9265104	0.3650388	0.4687248	0.9845657	0.8720159	0.7699544	0.0917953	0.6023996	0.9699227	1.0196796	0.9028283	0.6902731	0.8475478	0.1332533	0.2351524	0.0589126	0.4183147	0.0417119	0.8230698	0.8325144	0.2941445	0.6240507	0.0837068	0.7228036	0.3527201	0.0088468	0.9162752	0.4506904	0.0574948	0.0453177	0.8446692	0.3204048	0.6643429	0.8426991	0.9134454	0.2755996	0.0876392	0.2935025	0.4572185	0.0000000	0.6864408	0.5275155	0.7381657	0.2678389	0.4462137	0.8708625	0.8774080	0.5573464	0.1339255	0.2847961	0.4164986	0.4736947	0.6954063	0.7213539	0.4092478	0.0616126	0.3471679	0.2247720	0.2720532	0.8575366	0.3193474	0.2540386	0.8342142	0.3279428	0.1614923	0.5862164	0.6352436	0.9909358	0.0969354	0.4917468	1.0378013	0.2367037	0.3896907	0.3687486	0.6165584	0.8526415	0.5813627	0.2060240	0.4231313	0.5439458	0.1368785	0.6228723	0.2779637	0.0229301	0.4972241	0.9682304
1000	0.0081644	0.5885716	1.1157599	0.0950336	0.4432765	0.0014731	0.0241214	0.0114383	0.9807439	0.4033707	0.0661438	0.0951949	0.0042599	0.1377508	0.8214312	0.3491148	0.5373601	0.9032176	0.8503642	0.8341771	0.0674324	0.5975695	1.0230137	0.9566012	0.9045463	0.6937736	0.8485201	0.1146656	0.2903107	0.0567750	0.4286373	0.0397470	0.7146800	0.8578924	0.3143857	0.6367907	0.0854684	0.7474829	0.3994490	0.0299980	1.0205566	0.4474079	0.0382591	0.0317697	0.7974661	0.3901760	0.5972840	0.7283600	0.8505885	0.3370546	0.1036942	0.3319023	0.6123246	0.0103378	0.6853680	0.5981639	0.7774678	0.2148406	0.4612917	0.9342118	0.7990888	0.5711275	0.0942493	0.2778571	0.4310117	0.4539079	0.5718619	0.6634563	0.4280739	0.0652958	0.3118950	0.1527136	0.2978066	0.7919328	0.3698304	0.3242332	0.8263461	0.4019150	0.1467179	0.5831024	0.6133899	1.0113130	0.1231706	0.6195494	1.0280108	0.2930473	0.3565625	0.4275735	0.5188825	0.8900472	0.6247927	0.1631873	0.4132107	0.6012182	0.1050780	0.6466411	0.2757778	0.0181894	0.4988025	0.9741768

0	0.0094491	0.6355617	1.0459758	0.0876986	0.4170952	0.0015965	0.0357302	0.0201856	0.7842026	0.5482911	0.1482550	0.1067167	0.0074763	0.0795139	0.9263252	0.4386615	0.5117037	1.0187251	0.9869150	0.9112762	0.0675828	0.6396705	0.9879649	0.9056811	1.0249936	0.8053086	0.8415975	0.0956169	0.2807776	0.0361236	0.3476186	0.0945586	0.7647381	0.8073502	0.2691465	0.9854445	0.2644993	0.7761342	0.3511720	0.0142404	0.9503393	0.3956488	0.0912837	0.0721673	0.8039584	0.5632487	0.5721011	0.9104100	0.8750489	0.3877912	0.0490860	0.3690556	1.0040851	0.0016799	0.7496314	0.4296180	0.7445798	0.3138374	0.4763448	0.9977159	0.8917758	0.5763065	0.2317245	0.3844034	0.5377636	0.4876338	1.0898320	0.8135737	0.5024926	0.0491368	0.3912071	0.2335426	0.3169327	0.9297559	0.3112694	0.3637340	0.9584119	0.1589398	0.2670455	0.6498318	0.7931145	1.0351174	0.1402507	0.6535788	1.0095359	0.4184859	0.2245238	0.5131035	0.6073464	0.7854143	0.4606182	0.1309775	0.4648780	0.5528648	0.0723851	0.5781484	0.2784400	0.0363961	0.5378107	0.9932421
50	0.0117876	0.8283217	1.0782300	0.1761006	0.3028034	0.0024238	0.3142946	0.0212923	0.8126736	0.4049464	0.1177915	0.1073561	0.2470810	0.0474927	0.9286295	0.3422210	0.4555391	0.9848833	1.0186204	0.8730433	0.0335202	0.6398400	0.9859465	1.0440175	0.9192367	0.6406872	0.9066291	0.0752732	0.2052299	0.0180562	0.3011733	0.0532815	0.6272313	0.7624401	0.2531908	0.8970943	0.2395963	0.7192765	0.3619595	0.0239326	0.8905496	0.4627974	0.0647129	0.0598549	0.8037504	0.4217098	0.7415327	0.8974905	0.7562502	0.3804844	0.0593308	0.5487591	0.9262229	0.0040604	0.7954738	0.5895726	0.7761120	0.3001136	0.5508984	0.8891053	0.7792063	0.5619768	0.1820238	0.3018710	0.4843672	0.5910766	1.0226531	0.7479865	0.4766605	0.0506245	0.3382494	0.2604293	0.2772809	0.9604534	0.2524456	0.3737881	0.9639288	0.2766444	0.2158651	0.6031736	0.7214925	0.9700459	0.1120018	0.5629565	0.9609994	0.4335984	0.2355399	0.5120040	0.5404315	0.7432447	0.4279458	0.2546892	0.4168980	0.5519854	0.0921606	0.6012064	0.2540629	0.0420727	0.4822887	1.0736130
100	0.0146824	0.8548488	1.0726152	0.1943187	0.1733208	0.0451039	0.4958228	0.0282660	0.7936863	0.4702871	0.0945504	0.1234223	0.4688953	0.0249585	0.7864900	0.2006430	0.5373895	0.8911890	0.9977213	0.8688502	0.0217552	0.5613806	0.8467809	1.0429857	0.9482590	0.6789918	0.9400792	0.0732540	0.1827397	0.0266571	0.2938302	0.0622436	0.5611679	0.7824409	0.1877446	0.9528008	0.1186385	0.7104760	0.3677312	0.0205702	1.0618812	0.4304673	0.0759604	0.0880025	0.7965902	0.3890577	0.6062531	0.9073858	0.7933993	0.3451181	0.0546104	0.6234729	0.9939529	0.0058146	0.7217946	0.6519438	0.8076317	0.2548025	0.4375956	0.9907887	0.7532663	0.4741079	0.2356700	0.2705641	0.4431674	0.6795284	0.9276812	0.7696151	0.4981387	0.0925885	0.3741021	0.2091773	0.2045714	0.9656651	0.2626607	0.3009795	0.8882857	0.2389557	0.1992892	0.6192509	0.7331776	0.9365845	0.0718887	0.5950075	1.0367355	0.4396569	0.3214984	0.4951116	0.4392632	0.6821391	0.5377700	0.3256993	0.3588215	0.5036873	0.0908752	0.6392142	0.2048710	0.0191329	0.2901015	1.0362647
150	0.0167948	0.9123431	1.0439169	0.2456557	0.0643000	0.0957007	0.4884374	0.0316933	0.7616456	0.4254573	0.1144429	0.1428628	0.5469972	0.0558237	0.7492556	0.0733656	0.4571844	0.9513239	0.9952142	0.8159744	0.0368034	0.6524174	0.9253712	1.0023822	1.0211662	0.8078063	0.8748389	0.0741089	0.1969575	0.0363081	0.2600799	0.0564018	0.6583287	0.8203201	0.2197746	0.8641159	0.1527795	0.7303824	0.3798112	0.0121009	0.9076321	0.5068741	0.1124118	0.0528864	0.8010905	0.4187606	0.5968286	0.8920853	0.8144862	0.3677880	0.0439374	0.6181577	0.9497672	0.0028608	0.7381536	0.6046461	0.7783640	0.2924811	0.4603316	1.0719066	0.7093723	0.5441970	0.2305791	0.2619773	0.4714150	0.6672590	0.9494585	0.6614023	0.5635675	0.2083053	0.4214913	0.2125211	0.1344833	0.9857292	0.2647834	0.3173208	0.8388320	0.1654373	0.2205862	0.6211372	0.6714581	0.9361709	0.0620706	0.6593853	1.0312993	0.4112322	0.3481099	0.5451110	0.4754293	0.7057200	0.5089359	0.2332232	0.3796913	0.4938088	0.1082843	0.6254851	0.1760727	0.0352377	0.1976015	0.9959313
200	0.0262238	0.9047054	1.0098073	0.2143604	0.0415918	0.1553956	0.5318034	0.0126695	0.7331053	0.4062813	0.0907681	0.2049858	0.5221212	0.0339774	0.8112653	0.0599207	0.4800657	0.8882237	0.9564092	0.7995967	0.0508127	0.6343582	0.8838080	1.0760686	0.9384504	0.8910122	0.8063768	0.0876740	0.2011874	0.0351245	0.2266128	0.0743976	0.6277039	0.8287505	0.2446890	0.7957628	0.1574392	0.8430300	0.4126542	0.0131178	0.9604848	0.4137479	0.0638828	0.0492331	0.7698821	0.5270653	0.6314316	0.7806647	0.6915478	0.3034164	0.0585112	0.5353796	0.8839748	0.0085585	0.6615107	0.6765472	0.7920563	0.3187101	0.4180717	1.0274103	0.6059830	0.5804320	0.2838685	0.2718819	0.4874002	0.6833002	1.0409248	0.6015282	0.6438531	0.3310515	0.4561273	0.2614021	0.1258416	0.9152189	0.3211256	0.3468202	0.9579414	0.1526897	0.2106757	0.6221466	0.7655843	0.9732526	0.1010846	0.5938937	1.1004487	0.3520177	0.4705548	0.5341299	0.5231150	0.6561221	0.5562876	0.2089824	0.4067408	0.5604393	0.1468118	0.6838357	0.1805295	0.0265711	0.1595350	1.0495045
250	0.0218606	0.8594204	0.9894813	0.2495216	0.0154365	0.1546050	0.5446480	0.0154498	0.7768285	0.3050158	0.0729785	0.2251675	0.5666804	0.0271544	0.8719768	0.0241343	0.5683700	0.8216707	0.9313770	0.8989459	0.0683176	0.6465443	0.9159263	0.9748908	0.8076102	0.8922052	0.8919201	0.0829848	0.2455422	0.0220229	0.1815047	0.0670859	0.6400728	0.7608312	0.2080273	0.9334708	0.2436571	0.7187473	0.3694980	0.0126384	0.9805498	0.4836949	0.0575862	0.0726640	0.6608945	0.4849402	0.6220986	0.7527580	0.5648948	0.3383348	0.0587051	0.5953065	0.7945918	0.0000000	0.6075344	0.6027997	0.7951685	0.3072793	0.4580994	1.0216081	0.5364187	0.5068043	0.2690656	0.3100917	0.4774820	0.6247657	1.0183048	0.6823892	0.6488029	0.4350722	0.4307170	0.2519947	0.1052786	0.8787274	0.3481248	0.3760425	0.9130248	0.3588713	0.2601697	0.6073020	0.7325584	0.9026789	0.1163511	0.5956350	1.0358267	0.3014735	0.4653178	0.5234040	0.4943602	0.6179274	0.5628750	0.1598538	0.4173954	0.5330806	0.1208496	0.6518435	0.1992455	0.0272007	0.1203424	1.0765339
300	0.0149083	0.8966399	1.0575747	0.2803823	0.0036608	0.1437704	0.5624252	0.0220522	0.8549235	0.3763262	0.0814383	0.2277102	0.5790028	0.0246224	0.8159446	0.0196519	0.4954512	0.9264080	0.9459586	0.9461875	0.1084624	0.6038700	0.8612811	1.1087442	0.9045256	0.8031305	0.8651190	0.0778411	0.2866827	0.0378438	0.2152474	0.0884788	0.6370149	0.7941727	0.1615494	0.8865971	0.2700151	0.7616558	0.3970671	0.0130369	0.9467522	0.5071692	0.0637381	0.0718874	0.6746370	0.5953261	0.5331467	0.7728565	0.5749146	0.2604524	0.0629278	0.6214109	0.8387594	0.0018519	0.4714287	0.6395457	0.7989688	0.3453999	0.4057616	1.0865685	0.5058566	0.5572896	0.2474689	0.3099414	0.5516755	0.6332484	0.9387494	0.6588237	0.6013314	0.3776383	0.4027792	0.1867426	0.1351013	0.8536946	0.3287130	0.4569913	0.9233471	0.3816273	0.2185672	0.5818103	0.6893725	0.9712032	0.0976347	0.5915776	0.9390864	0.3657733	0.5034573	0.4817043	0.5134071	0.6604707	0.4600786	0.1363111	0.4485561	0.5399152	0.1426947	0.5914821	0.1960973	0.0541289	0.1094821	1.0358802
350	0.0224781	0.9389509	1.1566630	0.2934058	0.0037955	0.1741824	0.6111015	0.0275966	0.7548248	0.4228868	0.1005456	0.2515113	0.6062239	0.0173373	0.6310084	0.0288588	0.5053439	1.0467968	0.9428732	0.9522112	0.1125779	0.5492900	0.8833848	1.1165210	0.9645835	0.8902310	0.9731303	0.0640137	0.2235907	0.0331803	0.2703251	0.0860838	0.5450731	0.9038680	0.1515966	0.9201258	0.3227013	0.7934177	0.3257463	0.0255149	0.9363520	0.5432051	0.0699535	0.0735359	0.7183255	0.6041273	0.5732151	0.8122431	0.6386226	0.3273547	0.0607521	0.6901528	0.8877756	0.0011698	0.2985202	0.6357512	0.7711888	0.2978404	0.4448771	1.0459356	0.4668881	0.6065523	0.2210127	0.3220289	0.5664646	0.6127714	1.0278587	0.6610017	0.6350458	0.5225000	0.3708450	0.2372416	0.0966093	0.8788157	0.3563420	0.5337608	0.9286140	0.3094110	0.2147304	0.5841534	0.7543014	0.8879419	0.1009858	0.7261278	1.0233409	0.4031500	0.5298898	0.4318690	0.4456413	0.6511117	0.5495581	0.1552718	0.4094653	0.5697092	0.1713435	0.5963945	0.2537987	0.0552896	0.0925999	0.9109088
400	0.0379495	1.0256514	1.0632019	0.2848587	0.0032701	0.1867044	0.5837948	0.0277386	0.7900704	0.3610562	0.0818576	0.2241706	0.6198949	0.0495515	0.5979672	0.0109554	0.4620311	1.0240619	0.9833167	0.9919575	0.1118501	0.5695774	0.9294204	0.9997592	0.9944765	0.7601079	0.8491282	0.0970498	0.2222687	0.0261635	0.2743981	0.1140436	0.6396566	0.8903356	0.1545761	1.0756579	0.3344251	0.7105641	0.3258901	0.0490460	0.8697070	0.5152295	0.0710558	0.0703803	0.7376870	0.5728286	0.5724020	0.8932188	0.6863911	0.3666385	0.0603468	0.6572596	0.9267650	0.0000000	0.2412553	0.5906140	0.8042350	0.2792628	0.4592027	1.0281051	0.4208238	0.5436852	0.2103947	0.2792357	0.5304748	0.5999991	0.8827935	0.6590291	0.6466078	0.4897495	0.3310699	0.2027392	0.0793577	0.8714142	0.3879626	0.4719344	0.8827201	0.3405543	0.2330517	0.7147772	0.7537715	0.9250413	0.0692206	0.7537992	1.0728394	0.3816754	0.5615995	0.4296453	0.3844640	0.5366584	0.4592156	0.2522642	0.4574728	0.5142642	0.2023952	0.5852423	0.2145935	0.0475283	0.0783050	0.9655026
450	0.0343499	0.9450858	0.9706505	0.2149947	0.0033526	0.1704518	0.5566325	0.0281759	0.8277763	0.2129336	0.0829252	0.2846593	0.6018881	0.0594655	0.6661725	0.0136336	0.4279766	0.9775953	0.9343641	0.9309638	0.1146415	0.5837856	0.9009447	0.9684205	0.8971054	0.7824773	0.8878608	0.0885879	0.2119267	0.0426625	0.2168555	0.1140466	0.6410550	0.9257768	0.1853795	1.0132895	0.3897736	0.8136491	0.3793632	0.0122342	0.8882282	0.5869383	0.0757206	0.0670908	0.7736363	0.5850986	0.5511004	0.8232721	0.7047073	0.3558017	0.0644086	0.5871588	0.9616681	0.0024945	0.1059160	0.5049446	0.8034032	0.2867142	0.4312358	1.0031213	0.4002184	0.5174048	0.1875336	0.2937831	0.5794563	0.6378685	0.9298582	0.7117783	0.6411467	0.4372584	0.3829992	0.2156974	0.0807346	0.8612248	0.3871113	0.4708985	0.8381047	0.3102541	0.2906093	0.6909599	0.7539453	0.9751951	0.0758491	0.7580745	1.0133143	0.3136676	0.5552553	0.4414343	0.4297487	0.5667699	0.4798217	0.3084097	0.4316314	0.5113973	0.2247633	0.6894803	0.2177788	0.0295944	0.1022481	0.9550028
500	0.0333903	0.9121827	0.9738790	0.1942118	0.0064529	0.2108673	0.5863307	0.0218787	0.7925585	0.2211120	0.0910688	0.2868193	0.6018540	0.0480102	0.6990435	0.0079317	0.4486718	1.0275659	1.0364493	0.9044048	0.0750164	0.6284795	0.9733734	0.9214291	0.8796128	0.6772483	0.8473944	0.0626831	0.2452585	0.0178218	0.3037851	0.1049270	0.6385215	0.8242996	0.1690172	0.9277291	0.3740827	0.8068857	0.3778226	0.0140626	0.9379662	0.5695526	0.0785359	0.0703398	0.7586313	0.5763494	0.5612553	0.8084175	0.6908157	0.3776844	0.0433437	0.6784979	0.9416652	0.0086962	0.0715981	0.5369766	0.8417750	0.2631327	0.4251115	1.1498484	0.3645130	0.5113916	0.1258812	0.3265553	0.6187956	0.7251840	0.9561786	0.6065687	0.6353846	0.4357828	0.3753648	0.2061455	0.0947578	0.8447280	0.3902247	0.5268173	0.8178214	0.3193484	0.3133424	0.6578802	0.8395548	1.0236131	0.0884296	0.7720971	0.8596285	0.2876752	0.5687860	0.4082258	0.4769913	0.6152093	0.4844653	0.3091106	0.3779979	0.5764392	0.2162710	0.7033920	0.2034744	0.0312537	0.1206069	0.9292675
550	0.0314853	0.9575707	1.0748703	0.1672603	0.0278973	0.1371688	0.3819609	0.0102926	0.8501043	0.2233335	0.0958088	0.3007564	0.2902263	0.0867148	0.7841686	0.0823448	0.4388331	1.0287270	0.8632041	0.9320277	0.0944426	0.5996421	0.9678202	0.9359208	0.8652095	0.7336610	0.9254542	0.0669631	0.2050829	0.0324174	0.3676370	0.1034445	0.6782904	0.8636156	0.2215690	0.9855017	0.3089549	0.8618374	0.3627241	0.0291908	0.9707671	0.4818349	0.0787209	0.0935445	0.6900668	0.5142357	0.5470323	0.7692699	0.8067148	0.3523783	0.0490259	0.5026296	0.9337493	0.0018485	0.1631086	0.4976794	0.8617224	0.2761448	0.3783081	1.0165428	0.3659439	0.5376795	0.1700135	0.2755954	0.6401115	0.5650378	1.0007429	0.6959627	0.7532427	0.4707894	0.3441117	0.2067061	0.1063332	0.9018466	0.3102271	0.4744935	0.8787990	0.3086744	0.2696069	0.6148424	0.8704129	0.9559882	0.1095424	0.7767440	1.0393151	0.3008303	0.5332160	0.3943946	0.5192222	0.6496332	0.4798574	0.2600376	0.3392407	0.5603793	0.1590098	0.7429412	0.2224134	0.0342781	0.1952207	1.0029888
600	0.0284070	0.7333438	1.0402372	0.1788936	0.0728467	0.0927962	0.1528270	0.0213064	0.9294114	0.2045595	0.1097207	0.2002130	0.1249719	0.1146263	0.8424523	0.1538437	0.4043313	1.0761471	0.8868572	0.9492100	0.0971201	0.6201705	1.0094488	0.9980322	0.9060979	0.7721209	0.8620895	0.0838903	0.2288828	0.0265919	0.3339870	0.1156450	0.6100360	0.8472426	0.1890023	0.8663531	0.3307542	0.8092032	0.3469347	0.0365469	0.9828378	0.4789567	0.0624518	0.0654871	0.6877464	0.4757322	0.5061056	0.7978964	0.9141275	0.3230853	0.0708232	0.3714785	0.8303108	0.0000901	0.3926507	0.4189331	0.7956070	0.2800099	0.4109427	1.0934483	0.3772316	0.5623554	0.2095540	0.2296773	0.5256794	0.5384025	1.0230610	0.7397467	0.6466038	0.4677440	0.3477702	0.2626906	0.1350658	0.8338030	0.3499106	0.4675250	0.9667662	0.2745703	0.2427711	0.6330585	0.8242481	0.9822843	0.1162416	0.7230615	1.0187765	0.2267390	0.4907184	0.4093309	0.5713772	0.6841748	0.4793337	0.3409124	0.3614076	0.5509453	0.1643177	0.6548842	0.2642350	0.0242029	0.3248384	0.9131703
650	0.0240155	0.6917863	1.1587930	0.1442683	0.1277144	0.0558051	0.0877796	0.0106062	0.9415466	0.2182657	0.0846983	0.1370708	0.0417289	0.1274034	0.8216858	0.2113188	0.4421809	0.9675547	0.8796151	0.8981034	0.0798051	0.6653781	0.9592122	1.0274079	0.8616406	0.8002842	0.7902721	0.0907475	0.2275027	0.0437390	0.3346575	0.1280789	0.5966382	0.7991200	0.1819049	0.9362109	0.2635290	0.7303333	0.4120250	0.0162238	1.0277440	0.5352815	0.0843560	0.0715343	0.6990714	0.5734523	0.6292954	0.8772988	0.8280415	0.3401321	0.0781247	0.2424884	0.7658338	0.0001424	0.5365726	0.4075532	0.7955946	0.3245945	0.5226363	1.0525060	0.4442675	0.5458511	0.1975287	0.2621530	0.5440997	0.4488248	0.9862812	0.6638319	0.6400963	0.3420425	0.3473265	0.2660761	0.1545322	0.8330331	0.2900939	0.4360883	0.9969101	0.3126935	0.2521178	0.6266281	0.7475269	0.9951255	0.1109163	0.7643671	1.0298486	0.2742094	0.4524716	0.4325708	0.5810429	0.7528524	0.4946840	0.3167707	0.3416891	0.5107838	0.1191921	0.5994115	0.2685337	0.0156177	0.4579910	0.9888820
700	0.0141889	0.6038762	0.9990375	0.1164863	0.3153456	0.0309416	0.0681972	0.0223523	1.0065872	0.2625417	0.1047981	0.0977463	0.0312547	0.1582809	0.9012023	0.2519106	0.4342951	1.0488124	0.9440172	0.9321249	0.0867778	0.6526449	0.9916885	0.9507555	0.8175064	0.8376267	0.8349334	0.0888229	0.2192331	0.0366802	0.4045558	0.0963535	0.6343580	0.7701938	0.2347020	0.9510793	0.2563219	0.7003306	0.4202338	0.0118842	0.8954933	0.5318462	0.0761488	0.0726741	0.8140891	0.4654262	0.6631097	0.9117124	0.7687176	0.3321858	0.0865225	0.3206546	0.8433707	0.0083226	0.5864165	0.4744018	0.7596706	0.2804629	0.5609703	1.0025852	0.4804766	0.4589981	0.1491498	0.2581635	0.4856908	0.5714235	1.0018779	0.5625641	0.5634891	0.2444715	0.3845930	0.2424264	0.2382841	0.8228568	0.2583865	0.3555019	1.0156544	0.2561269	0.2696654	0.5766720	0.8040689	0.9088056	0.1119981	0.7358702	1.0543135	0.2826762	0.4840212	0.4211904	0.5134435	0.8018801	0.4434403	0.2169277	0.3081700	0.5146924	0.1110949	0.6053867	0.2468722	0.0216491	0.5208673	1.0254454
750	0.0229443	0.6177222	1.0854223	0.0931861	0.3344672	0.0112675	0.0486634	0.0356103	0.9345119	0.3023771	0.1589289	0.1463748	0.0017936	0.1194970	0.9086228	0.3140187	0.4410760	1.0612951	0.9184391	0.7908514	0.0766021	0.6360043	0.8772724	1.0745634	0.8193557	0.6931908	0.8588891	0.1153004	0.2104642	0.0230503	0.3861563	0.0910516	0.5798996	0.7747958	0.2408308	0.9401628	0.1980655	0.7366859	0.4200939	0.0187879	1.0039972	0.4253863	0.0538919	0.0614281	0.7214480	0.4335684	0.6397728	0.8642650	0.7797770	0.3648160	0.0405915	0.3162726	0.8643680	0.0095517	0.7608288	0.4613163	0.7366845	0.2858390	0.5463056	0.9147654	0.5697440	0.5728817	0.0971816	0.2763104	0.5013970	0.5846699	1.0409574	0.6414065	0.5455284	0.1529729	0.4052503	0.2155991	0.2166418	0.9245178	0.2420981	0.3784341	0.8835010	0.2385836	0.2271144	0.5916249	0.8197215	0.9525311	0.0838280	0.6420244	1.0851799	0.3269819	0.4606136	0.4643835	0.5652950	0.8007847	0.4443343	0.1678955	0.3024846	0.4402117	0.1175910	0.5653472	0.2386186	0.0185451	0.5109450	0.9481544
800	0.0183464	0.5716037	0.9703416	0.0917413	0.5234753	0.0018748	0.0375673	0.0213770	0.9269592	0.2840634	0.1238790	0.1206143	0.0068368	0.1219890	0.9156750	0.3211784	0.4235180	1.0460244	0.9357822	0.7754183	0.0605465	0.5591929	0.9455021	0.9225334	0.8282327	0.7001924	0.8839885	0.1290813	0.2242032	0.0177984	0.3868466	0.1085809	0.5474238	0.7991724	0.2313850	0.8822200	0.1780961	0.7377019	0.3774009	0.0174302	0.9361282	0.3952667	0.0543740	0.0598500	0.6742391	0.3745133	0.7937269	0.8731628	0.8536282	0.3089463	0.0340856	0.2921401	0.7740442	0.0065890	0.7247409	0.4321461	0.7694584	0.3018279	0.4962581	0.9639507	0.6433468	0.5667437	0.1380776	0.2719842	0.4822077	0.5049359	1.0400231	0.7162316	0.4915635	0.0824016	0.4444369	0.2584804	0.2267954	0.9732945	0.2557345	0.3473819	0.8329538	0.4650509	0.2220869	0.5242693	0.7479540	0.8860263	0.1011277	0.6397443	0.9803864	0.3136934	0.4539162	0.5451284	0.5462194	0.7655396	0.5300106	0.2031919	0.3246193	0.4822348	0.0715424	0.5620351	0.2254638	0.0225226	0.5547268	0.9796233
850	0.0121275	0.6915187	0.9520714	0.1240910	0.4909863	0.0030786	0.0174111	0.0180332	0.9229101	0.3592061	0.1039548	0.1265868	0.0002165	0.1077425	0.8390610	0.3859497	0.4442470	1.0103993	0.9754560	0.8496520	0.0540758	0.6248003	0.9617728	1.0559293	0.9649682	0.6787146	0.8507416	0.1428179	0.2562492	0.0170592	0.3147517	0.1477912	0.5839485	0.7485687	0.2811260	0.8411977	0.1233678	0.7228259	0.4131489	0.0160273	0.9623131	0.4144837	0.0523707	0.0756257	0.7255743	0.3708324	0.7748972	0.8868916	0.7922480	0.3022949	0.0374573	0.3014654	0.7902752	0.0030161	0.7101125	0.4228097	0.7434625	0.3479089	0.4878443	1.0166827	0.7032935	0.5964672	0.1555326	0.2689864	0.5214862	0.4656221	0.9408809	0.5996246	0.5231039	0.0382031	0.3673407	0.2119591	0.2715419	0.8579080	0.2976479	0.4885572	0.7913546	0.3887817	0.1922936	0.5842514	0.7580719	1.0109719	0.1061697	0.6287009	0.9854264	0.3503976	0.4205168	0.5921436	0.5318007	0.8784376	0.4564140	0.1598150	0.3753089	0.5202414	0.0731140	0.6130083	0.1937145	0.0224213	0.5849907	1.0516982
900	0.0136191	0.5796389	0.9820954	0.1176666	0.4552236	0.0001103	0.0372545	0.0300799	0.9361297	0.4177779	0.1238459	0.0885715	0.0006351	0.1169838	0.9366509	0.3822281	0.4809207	0.8871374	0.9657466	0.8098139	0.0657941	0.6639404	0.9828532	1.0840442	0.8508769	0.7348229	0.9350730	0.1298840	0.2077871	0.0192889	0.3086476	0.1248044	0.6567795	0.7280816	0.3123388	0.6999451	0.0837859	0.7338670	0.4128667	0.0077243	1.0932078	0.3887093	0.0700196	0.0545392	0.7421077	0.3093090	0.6506677	0.8476143	0.8148287	0.2811324	0.0502810	0.3324494	0.8174473	0.0000284	0.7172542	0.4142677	0.6914058	0.2986195	0.5221510	0.9620949	0.7692034	0.5868125	0.1394574	0.2550840	0.4562297	0.5233720	0.8162303	0.6909629	0.4993722	0.0342210	0.3496831	0.1738444	0.2284168	0.7809250	0.2773162	0.2889509	0.9078827	0.4286629	0.1997364	0.6200904	0.7748142	0.9472582	0.0818896	0.6317967	0.9815135	0.3500497	0.3927140	0.5876256	0.6752129	0.9040847	0.3956287	0.1119999	0.3812853	0.5494690	0.0769867	0.4789217	0.2374750	0.0167211	0.6155648	0.8806642
950	0.0133561	0.5633309	0.9234011	0.0787957	0.4823071	0.0000262	0.0179754	0.0187018	0.8906651	0.4393521	0.1663432	0.0819792	0.0038926	0.0872030	0.9262062	0.3943882	0.4939960	0.9328172	0.8357223	0.8279836	0.0649522	0.6269497	1.0096459	0.9333595	0.8157362	0.7106556	0.9583390	0.1210475	0.2420949	0.0440021	0.3664437	0.1193945	0.7324884	0.7467562	0.3110085	0.7346272	0.1084877	0.7519806	0.3569867	0.0091158	0.9523275	0.3850717	0.0744788	0.0596326	0.8291619	0.3771173	0.6366245	0.8057700	0.8793353	0.3302395	0.0826325	0.3765863	0.8138782	0.0014195	0.7068402	0.3752085	0.7262899	0.2370182	0.4702275	1.0035921	0.8433623	0.4920404	0.1715855	0.2801526	0.5026590	0.5134381	0.6424015	0.7098056	0.4961707	0.0733379	0.3177321	0.1708842	0.3151757	0.8136884	0.3159077	0.2186696	0.9966030	0.2456580	0.1826065	0.6670088	0.7106042	0.9360387	0.1026470	0.6228293	1.0287132	0.4280607	0.3485114	0.5400762	0.6020633	0.8020730	0.4199726	0.0784951	0.3972927	0.4977048	0.0719661	0.4921163	0.2621269	0.0149215	0.6050705	0.9503453
1000	0.0119315	0.6207810	0.9920817	0.0772661	0.4846959	0.0002920	0.0637496	0.0347973	0.9705362	0.4556503	0.1538393	0.1034727	0.0054845	0.1085870	0.9075885	0.5155672	0.5314857	1.0040887	0.9416834	0.8277815	0.0499370	0.6091472	1.1049766	0.9241592	0.8958516	0.7008748	0.8496036	0.1288806	0.1704489	0.0292464	0.4107398	0.0998023	0.6478810	0.8684915	0.3351526	0.7382817	0.1506344	0.6750374	0.3440183	0.0143075	0.8873135	0.3657298	0.0799164	0.0543251	0.8364716	0.4320464	0.5610282	0.8688145	0.8868574	0.3096466	0.1147832	0.3451553	0.7781600	0.0018277	0.7495896	0.4434379	0.6958065	0.2684426	0.5130448	0.8925621	0.8015980	0.5082779	0.2973138	0.2990813	0.5478517	0.5463641	0.8869266	0.7941606	0.4493819	0.0619672	0.3179441	0.2689218	0.3434639	0.8517407	0.2715492	0.2855878	0.9214514	0.2395989	0.1811754	0.6051778	0.6940608	0.9294433	0.1265922	0.6901409	0.9891598	0.4206107	0.3508420	0.5336486	0.5536530	0.7412831	0.4870775	0.1008670	0.4642446	0.5727544	0.0539809	0.5393703	0.3031393	0.0222693	0.5953502	0.9339813

0	0.0094491	0.6355617	1.0459758	0.0876986	0.4170952	0.0015965	0.0357302	0.0201856	0.7842026	0.5482911	0.1482550	0.1067167	0.0074763	0.0795139	0.9263252	0.4386615	0.5117037	1.0187251	0.9869150	0.9112762	0.0675828	0.6396705	0.9879649	0.9056811	1.0249936	0.8053086	0.8415975	0.0956169	0.2807776	0.0361236	0.3476186	0.0945586	0.7647381	0.8073502	0.2691465	0.9854445	0.2644993	0.7761342	0.3511720	0.0142404	0.9503393	0.3956488	0.0912837	0.0721673	0.8039584	0.5632487	0.5721011	0.9104100	0.8750489	0.3877912	0.0490860	0.3690556	1.0040851	0.0016799	0.7496314	0.4296180	0.7445798	0.3138374	0.4763448	0.9977159	0.8917758	0.5763065	0.2317245	0.3844034	0.5377636	0.4876338	1.0898320	0.8135737	0.5024926	0.0491368	0.3912071	0.2335426	0.3169327	0.9297559	0.3112694	0.3637340	0.9584119	0.1589398	0.2670455	0.6498318	0.7931145	1.0351174	0.1402507	0.6535788	1.0095359	0.4184859	0.2245238	0.5131035	0.6073464	0.7854143	0.4606182	0.1309775	0.4648780	0.5528648	0.0723851	0.5781484	0.2784400	0.0363961	0.5378107	0.9932421
50	0.1619759	0.7005064	0.9411892	0.1201571	0.4039685	0.0036778	0.0303385	0.0265516	0.7489495	0.5596138	0.3217556	0.2783269	0.3138486	0.1080708	0.8718369	0.4479942	0.4497404	1.0253273	0.9113526	0.9330175	0.0958176	0.8037139	0.9320759	0.5203432	0.7772087	0.8168517	0.8968459	0.0830385	0.1973125	0.0243174	0.3096447	0.0728880	0.6487477	0.5904556	0.2135543	0.9191877	0.2727802	0.7805058	0.3555987	0.4106157	0.9008289	0.4191634	0.1417418	0.0995614	0.7336553	0.2533261	0.8203643	0.9100169	0.9434857	0.3550199	0.0520288	0.2211247	0.8896715	0.0024488	0.7231836	0.6272054	0.7731872	0.3089466	0.4454786	0.9209971	0.7712155	0.5243582	0.2685505	0.2246331	0.4647289	0.5377937	1.0503587	0.7831608	0.4877339	0.0450454	0.3003889	0.2230201	0.2963518	0.8562676	0.2069371	0.2737973	0.9016605	0.1569242	0.2123966	0.6157518	0.7674047	1.0049858	0.1164331	0.5324786	0.9409269	0.3486114	0.3148402	0.5232357	0.5773980	0.7729334	0.4974000	0.2484809	0.3728469	0.5405892	0.1187983	0.7271738	0.1432490	0.0229159	0.3816470	1.0568155
100	0.4002836	0.6614746	0.9047891	0.1423596	0.4608778	0.0067832	0.0265367	0.0322093	0.7375947	0.5460068	0.4286508	0.3942925	0.4435245	0.1200483	0.8645172	0.4635234	0.4487958	1.0478323	0.8180963	0.7919533	0.0963425	0.9148541	0.9504383	0.2810512	0.4346076	0.9857632	0.9482939	0.0710656	0.1674937	0.0237491	0.3532777	0.0752751	0.7007667	0.5167765	0.2534472	0.6165072	0.1328421	0.8493781	0.3881544	0.6151785	0.8430748	0.3663551	0.1830144	0.0839376	0.7608614	0.0957835	0.8827154	0.8786386	0.8449492	0.3591806	0.0895603	0.2308950	1.0499724	0.0053650	0.8229555	0.8018797	0.7799191	0.3568677	0.4767970	0.9661637	0.7646569	0.4788003	0.3548575	0.1259340	0.4892673	0.5045794	1.0125898	0.7593308	0.4239305	0.0494921	0.3202663	0.2224361	0.2382177	0.8815286	0.1315544	0.2705807	0.8284888	0.1198742	0.1603423	0.5369919	0.7705991	0.9483879	0.2271686	0.5162923	0.9888929	0.3198007	0.4760895	0.4515921	0.7357235	0.7346383	0.4016113	0.3663882	0.3607722	0.5853740	0.1577362	0.9278368	0.2261388	0.0190095	0.2256394	1.0213182
150	0.5638033	0.6137384	0.9565278	0.1107977	0.4417454	0.0013347	0.0320661	0.0874161	0.7150429	0.5400842	0.6511362	0.4782471	0.4822774	0.1031574	0.7252512	0.4746378	0.4348052	1.0639096	0.7890373	0.8974223	0.0873744	0.9343843	0.9727605	0.1874790	0.2626297	0.8477376	0.8400705	0.1104296	0.0923221	0.0266483	0.3150639	0.0789282	0.6344919	0.4632804	0.4735742	0.3789532	0.0552284	0.8182441	0.3872031	0.6618706	0.7764512	0.3799937	0.1997229	0.0798626	0.6571929	0.0585925	0.8875046	0.7867947	0.8277551	0.3555548	0.1477995	0.2380696	0.9040046	0.0174951	0.7324375	0.9567681	0.6852254	0.5216885	0.5159233	1.0089563	0.5719158	0.4821708	0.4367079	0.0790683	0.4927682	0.5409002	0.8374177	0.7055537	0.4101475	0.0703069	0.3689782	0.1928011	0.3651426	0.9063369	0.1045956	0.1573883	0.8696050	0.0515125	0.1244673	0.4717562	0.6656476	0.7782572	0.3123958	0.4763321	0.9353703	0.3991451	0.6547240	0.5094751	0.8929134	0.7528539	0.4876750	0.3842990	0.2918527	0.7559848	0.1424045	0.9784084	0.3558906	0.0467961	0.1345438	0.9011328
200	0.5770852	0.5660812	0.8743513	0.1166070	0.4685923	0.0027552	0.0412634	0.2070725	0.7173372	0.5782885	0.7287896	0.6317674	0.5098504	0.1159142	0.7720155	0.3954268	0.4342883	0.9355189	0.7565139	0.7888311	0.1039906	0.9953979	0.9523994	0.1145896	0.1750080	0.9488126	0.7373042	0.1334731	0.0755394	0.0189551	0.2899882	0.0716082	0.7582776	0.4327704	0.5501926	0.2616730	0.0403921	0.9204804	0.4030426	0.7518071	0.7749026	0.3755438	0.2085621	0.0570097	0.6341511	0.0303047	0.8626230	0.5870797	0.8386758	0.4092719	0.2178285	0.2166408	0.7136795	0.1321058	0.7620866	0.9731828	0.5875376	0.6593258	0.4400258	0.9459155	0.4913432	0.5336440	0.5045226	0.0947078	0.4714412	0.4751122	0.5137003	0.8294219	0.4563621	0.1180070	0.3708800	0.1743272	0.4809045	0.8090733	0.0752426	0.0836618	0.8477771	0.0536358	0.0873086	0.4439808	0.5330100	0.6272708	0.3483009	0.4644302	0.9242665	0.4983936	0.7693222	0.5443866	0.8898776	0.8190315	0.4935478	0.3503403	0.3051287	0.8982955	0.0856136	0.9177444	0.3924527	0.0321349	0.0885523	1.0008218
250	0.6804440	0.6591808	1.1204628	0.1034309	0.4648346	0.0000000	0.0702014	0.3506627	0.6245871	0.5558808	0.7209020	0.5795292	0.5235540	0.1347673	0.8227436	0.3053397	0.4767398	0.9846180	0.6761252	0.8227526	0.0841151	0.9731342	0.9802582	0.1066066	0.1762937	1.0278191	0.7877339	0.1141292	0.0458687	0.0271096	0.3467823	0.0802624	0.7232397	0.4705109	0.6422561	0.2559349	0.0460573	0.9461357	0.2908430	0.8760920	0.8709896	0.3385415	0.2155678	0.0337566	0.7146429	0.0420855	0.7393334	0.4947773	0.8032974	0.4275353	0.3105454	0.1861643	0.6577245	0.3003362	0.7160268	0.8903993	0.6487014	0.6483499	0.4616275	1.0800619	0.4510826	0.5452614	0.5107934	0.0876800	0.4787594	0.4078587	0.4827938	0.7536922	0.5844917	0.1446490	0.3545245	0.1345257	0.6054443	0.9915197	0.0975155	0.0914073	0.8258500	0.0672204	0.0744602	0.4494928	0.5945142	0.5858733	0.4165988	0.4722748	0.9108848	0.6439983	0.7776669	0.5657817	0.8412375	0.8347947	0.4771114	0.3874601	0.2890514	0.9588857	0.0933431	0.8909015	0.5066423	0.0231970	0.0517531	1.0302863
300	0.6903734	0.6730660	1.0496904	0.1045802	0.4125957	0.0035136	0.1013708	0.3920705	0.6716449	0.4943558	0.7385532	0.5110644	0.5036652	0.0946645	0.8668476	0.2852950	0.4984815	1.0293384	0.6043196	0.9551785	0.0556554	0.9994036	0.9915262	0.0705384	0.1603544	0.9832541	0.6986672	0.0863141	0.0475388	0.0230858	0.3299699	0.0910706	0.6904618	0.5502688	0.7416658	0.1858852	0.0341150	1.0009136	0.3823183	0.9154272	0.7931708	0.3186250	0.1993089	0.0322091	0.7786468	0.0447147	0.6059915	0.4253882	0.8215220	0.3763220	0.3123334	0.1903645	0.5640569	0.2985819	0.8031683	0.9717188	0.6844618	0.6842488	0.4673981	0.9359662	0.5125123	0.5323258	0.4642464	0.0754856	0.4624293	0.4633215	0.4023736	0.7685753	0.5324411	0.2143118	0.4074205	0.1141108	0.6310191	0.8414723	0.1034298	0.0700398	0.7452501	0.0559490	0.0480529	0.4124410	0.6601110	0.6001638	0.4262319	0.5726261	0.9633394	0.6275646	0.7921157	0.5520840	0.8626835	0.8789793	0.4732491	0.4005344	0.3355158	0.9770499	0.0666518	1.0204149	0.5844312	0.0242955	0.0467566	0.9914269
350	0.6761076	0.7227270	0.9769659	0.0846455	0.4037939	0.0076304	0.1160734	0.3610570	0.8102495	0.5282438	0.6612866	0.4896799	0.4965412	0.0917101	0.7565187	0.3090536	0.4374702	0.8765487	0.6077485	0.8721022	0.0560217	0.9940569	0.8859303	0.0608792	0.1189910	1.0222646	0.6366726	0.0673025	0.0464722	0.0181183	0.3918912	0.0610107	0.7246348	0.6447429	0.7156554	0.1626569	0.0505410	0.9649810	0.3409717	0.7986821	0.7209766	0.3288918	0.1612167	0.0210764	0.6842398	0.0228796	0.5175884	0.3867701	0.9439870	0.3508429	0.2603847	0.2255383	0.6289890	0.3740884	0.8277992	0.9700123	0.7402698	0.5991179	0.4783805	0.9223441	0.5302784	0.5000359	0.4951489	0.0499959	0.4779549	0.4766362	0.4355051	0.7288467	0.5600810	0.2821682	0.4674937	0.1120037	0.6462725	0.8700791	0.1216548	0.0683819	0.6767413	0.0586944	0.0438255	0.3958105	0.5901747	0.6078964	0.5113378	0.5508099	0.9358009	0.5842771	0.7571090	0.5994479	0.9489531	0.8459923	0.5190106	0.3871703	0.3014658	0.9842506	0.0419341	0.9762483	0.6447808	0.0343473	0.0345662	0.9972421
400	0.5969833	0.6840714	1.0795086	0.0948053	0.4475744	0.0032050	0.1328084	0.4197589	0.7489448	0.5307225	0.8250030	0.5005041	0.4942413	0.1179684	0.8990055	0.3216200	0.4783758	0.8624117	0.6426191	0.8823803	0.0598395	1.0542577	0.8570649	0.0600900	0.1290111	1.0380939	0.6603489	0.0475825	0.0306993	0.0119811	0.3706203	0.0763759	0.6655197	0.5867350	0.8119147	0.1629338	0.0650419	0.9437238	0.3995912	0.8664769	0.7446521	0.3791215	0.1701884	0.0391062	0.7630811	0.0333069	0.5330843	0.3754719	0.9031913	0.2898773	0.2053056	0.2693251	0.5900454	0.4412794	0.7585481	1.0585724	0.7159735	0.6078925	0.4535115	0.9166450	0.5063314	0.4645235	0.4293483	0.0685522	0.4323646	0.5017587	0.4426275	0.7597968	0.5692490	0.2783881	0.4542030	0.0615823	0.6443605	0.8368101	0.1288830	0.0811002	0.7070599	0.0410954	0.0661275	0.4141731	0.5415215	0.5953620	0.4870983	0.5440096	0.8980995	0.6763117	0.7737799	0.5862161	1.0324551	0.7263089	0.5843841	0.3839323	0.2605502	0.8917202	0.0574901	0.9389610	0.6376846	0.0244518	0.0249472	0.9317054
450	0.7302822	0.7059463	1.0701887	0.1169129	0.5063366	0.0019245	0.1769898	0.4843791	0.7623327	0.5240857	0.8455710	0.4871322	0.4274678	0.0939573	0.8138807	0.2582848	0.5169742	0.8698530	0.6269473	0.8410693	0.0536605	0.9485862	0.8465547	0.1075837	0.0945605	0.9309303	0.5794318	0.0431205	0.0489336	0.0253047	0.3670307	0.0667494	0.6490894	0.6447742	0.7667548	0.1651675	0.0408699	0.9328693	0.3851395	0.7687271	0.8736626	0.3792173	0.2188061	0.0263631	0.8457997	0.0394533	0.5319259	0.4006981	0.7958853	0.3348816	0.1882363	0.2550056	0.5495644	0.5069614	0.8337627	0.9991666	0.6841524	0.5353796	0.4594569	1.0065870	0.5474479	0.6108909	0.4893273	0.0773032	0.4094291	0.5376951	0.4295189	0.7715997	0.5653513	0.3191976	0.4552118	0.0449064	0.6378776	0.8909060	0.1078755	0.0800877	0.7223603	0.0431792	0.0874952	0.4147831	0.5534866	0.5395739	0.5331871	0.6502521	0.9367504	0.6814753	0.7395095	0.5966879	0.9694354	0.7720940	0.5771855	0.4059875	0.2695175	0.8704524	0.0691918	0.9151871	0.6334611	0.0184821	0.0274402	0.9669048
500	0.7343161	0.6826486	1.0090467	0.1235996	0.5191458	0.0008075	0.1860942	0.5439958	0.7536993	0.4944785	0.8315508	0.5134610	0.4873938	0.1077108	0.7789414	0.2602919	0.4954659	0.9182549	0.6213438	0.8216963	0.0522468	0.9327557	0.8853930	0.0636928	0.0794000	0.9876709	0.6009655	0.0311016	0.0441677	0.0227745	0.4225280	0.0934045	0.6290574	0.6747479	0.8654006	0.1854920	0.0344323	0.8716809	0.3156780	0.7762231	0.8716680	0.3640723	0.2141507	0.0197442	0.7490856	0.0460708	0.5466018	0.4019761	0.7436868	0.3736078	0.1775228	0.2885664	0.4943777	0.5305773	0.7671442	1.0296805	0.7358015	0.6551537	0.3926913	0.9656834	0.6138767	0.4987517	0.4943083	0.0499713	0.4792878	0.5617750	0.5153270	0.7196665	0.5939031	0.3282382	0.5509960	0.0537766	0.7396141	1.1021399	0.1621891	0.0825615	0.7572588	0.0776952	0.0841741	0.4206285	0.5618748	0.5357853	0.5168166	0.7138423	0.9694675	0.6575445	0.7393044	0.6949387	0.9754320	0.8319000	0.5629239	0.3967531	0.3046587	0.9972115	0.0584962	0.9039614	0.5948708	0.0113548	0.0296909	1.0313553
550	0.5284820	0.6715566	0.8640965	0.1239088	0.4545701	0.0059548	0.2137227	0.6583480	0.7210885	0.3295804	0.5850288	0.3531432	0.2394680	0.1136183	0.8159214	0.2748451	0.4809478	0.8876815	0.6286791	0.8486852	0.0595948	0.9163092	0.8912006	0.4932237	0.2089701	0.7659226	0.4709646	0.0528111	0.0470438	0.0240096	0.4078118	0.1101754	0.6247812	0.7001563	0.8137927	0.1956714	0.0472127	0.8518127	0.3066641	0.4095919	0.9187420	0.4269723	0.1656513	0.0339355	0.7528880	0.2975208	0.3493369	0.4431751	0.7373821	0.3458774	0.1690077	0.3979191	0.5569716	0.3471379	0.7228150	0.9112494	0.7249305	0.7095137	0.4519523	1.1466183	0.6479643	0.4851604	0.5957685	0.1784670	0.4572966	0.5078829	0.4657738	0.7998308	0.5954784	0.3508852	0.5688364	0.0388134	0.7245481	1.0020059	0.2032256	0.0879878	0.7591497	0.0507449	0.0762771	0.5177681	0.5664318	0.6678680	0.3990841	0.6598830	1.0457175	0.5837437	0.6826371	0.6162259	0.9710531	0.7367480	0.4360041	0.3779341	0.3451332	0.9894050	0.0300549	0.7958797	0.7287549	0.0098784	0.0082590	1.1015024
600	0.3292421	0.6537510	0.9131570	0.1393579	0.4647377	0.0131548	0.2004511	0.4201369	0.7522619	0.1384129	0.3378988	0.2312520	0.0561848	0.0853091	0.8269161	0.3178281	0.4661883	0.9680012	0.6885499	0.9285571	0.0736627	0.8748359	0.8785019	0.8920248	0.2865818	0.6390273	0.5164808	0.0550172	0.0808108	0.0195285	0.4122917	0.0849153	0.7216224	0.7921697	0.7883604	0.5737383	0.1496968	0.8832822	0.3313568	0.1343171	0.9639769	0.3943069	0.0942349	0.0298560	0.8579231	0.6877146	0.2253759	0.4891309	0.8085636	0.2969475	0.1044983	0.3810727	0.5877628	0.1607884	0.7879939	0.7350857	0.8064790	0.7396636	0.4922534	1.0338827	0.6283325	0.4902382	0.5350319	0.2746777	0.4535792	0.4614271	0.5430397	0.7971548	0.5290170	0.3707992	0.5221370	0.0993855	0.6285884	0.9266148	0.2271774	0.0860135	0.7807049	0.0301225	0.1164956	0.5986694	0.7454234	0.8283733	0.3385728	0.7504801	1.0325244	0.4860342	0.5315254	0.5426869	0.9576642	0.6459378	0.5160003	0.3652382	0.3101446	1.0154480	0.0486581	0.6472198	0.7352425	0.0255831	0.0262654	1.0431333
650	0.1680299	0.6703176	1.0370729	0.1364597	0.3972053	0.0301418	0.1562841	0.2661810	0.9280342	0.0717027	0.2290480	0.1608369	0.0326051	0.1072224	0.8041346	0.3860801	0.5163688	0.9826608	0.7572002	0.9245270	0.0791969	0.8116978	0.9009267	0.8540268	0.3303350	0.7327973	0.5603548	0.0791706	0.1616751	0.0449209	0.3979689	0.0531879	0.7134049	0.9165885	0.6032032	0.7458449	0.4674739	0.7742587	0.3269039	0.0310275	0.9488492	0.3976130	0.1181751	0.0308266	0.7369977	0.7748113	0.2005552	0.6074555	0.7838353	0.3124913	0.0748001	0.3824689	0.5781092	0.0882612	0.6643590	0.6534196	0.7073407	0.5691936	0.4418251	1.1021377	0.6059694	0.4616075	0.6163194	0.3319405	0.5531360	0.4186737	0.8533153	0.8477097	0.4259821	0.2889140	0.4772031	0.1759370	0.6106203	0.9722775	0.2240175	0.2147441	0.7759852	0.0520993	0.2893673	0.6444603	0.8010129	0.8100094	0.2389519	0.7104897	0.8895797	0.4921203	0.4218319	0.4783580	0.8717795	0.5027569	0.5018211	0.3647997	0.3440987	1.0178558	0.0609023	0.6859996	0.6659519	0.0366871	0.0627060	1.1208022
700	0.0798200	0.6425922	1.0305011	0.1625206	0.3926644	0.0294980	0.1262664	0.1315557	1.0195283	0.0346136	0.1724822	0.1152041	0.0116346	0.0872862	0.8603059	0.5095647	0.5085040	1.0101329	0.8404214	1.0112917	0.0774517	0.6957660	0.8922590	0.9359088	0.3440775	0.6694783	0.6822883	0.0606683	0.2441564	0.0474109	0.5122228	0.0672233	0.6637926	0.9624032	0.4851458	0.9208035	0.6679929	0.7011322	0.3427104	0.0283601	0.8238678	0.3558992	0.0716989	0.0728284	0.6147543	0.9595283	0.2882365	0.7241057	0.8820886	0.3738662	0.0519434	0.4060269	0.5302904	0.0596131	0.6850344	0.6106784	0.7467702	0.4719614	0.4642035	1.1006396	0.7677455	0.4149808	0.5317834	0.2753381	0.5586718	0.5139572	0.8324720	0.8481614	0.4472179	0.2369391	0.4579740	0.2953267	0.5497428	0.9502435	0.2680506	0.3016402	0.7997748	0.2228215	0.3151467	0.7773461	0.8733081	0.9810445	0.2062963	0.6661545	0.8920707	0.4237473	0.2801263	0.4482866	0.7100024	0.5272303	0.5323933	0.3943709	0.3772171	0.9846760	0.1137685	0.6318883	0.6132822	0.0300163	0.2161410	1.0254360
750	0.0753611	0.6527865	1.0107665	0.1747651	0.3394814	0.0254808	0.1055498	0.0483592	1.0443451	0.0355589	0.1375998	0.1039369	0.0095452	0.0777882	0.8829133	0.4637776	0.5032684	0.9491636	0.9352745	0.8704287	0.0800190	0.6900756	0.9313764	0.9713975	0.4843262	0.6584682	0.7153978	0.0883878	0.2703917	0.0401370	0.5003216	0.0826855	0.6512580	0.9752727	0.3516957	1.0609475	0.6661492	0.6845931	0.3162481	0.0154910	0.8546982	0.4330368	0.0553029	0.1319305	0.5136920	0.9585890	0.3976861	0.8141000	0.9477682	0.3971871	0.0428378	0.3676905	0.4775548	0.0280628	0.7339500	0.5141848	0.7933953	0.4298779	0.5963563	0.8910357	0.7542764	0.4432471	0.3987459	0.3392697	0.5809540	0.6945759	0.9271072	0.8449679	0.4470461	0.1419866	0.3669562	0.2594279	0.4521079	0.8940197	0.2095368	0.4620661	0.8793606	0.2613658	0.3820040	0.7315116	0.8905287	1.0282793	0.1557205	0.6637144	0.9601112	0.3975794	0.1857068	0.3448355	0.6137864	0.5712961	0.4818133	0.3738614	0.4341756	0.8479347	0.1304745	0.6011081	0.4074491	0.0444396	0.3576475	1.0159234
800	0.0418615	0.6351107	0.9241615	0.2252663	0.4446668	0.0145021	0.0681112	0.0312951	1.0645851	0.0403199	0.1820763	0.1319381	0.0085532	0.1120548	0.7909597	0.5266522	0.5198867	0.9062113	0.9285247	0.8580985	0.0860335	0.7539146	1.0209658	0.9093232	0.6275345	0.7004427	0.7746747	0.0709671	0.2686787	0.0333766	0.5279449	0.1164317	0.5614372	0.9253806	0.3087360	0.9474600	0.6352421	0.6737672	0.3460447	0.0276225	0.9148380	0.5037498	0.0791241	0.1540735	0.4750525	0.7988360	0.5076427	0.8949581	0.8466000	0.3660576	0.0756909	0.4273893	0.4228013	0.0238623	0.6997728	0.5360696	0.8282918	0.3956132	0.5166161	0.9741289	0.6563704	0.4964561	0.3736857	0.3042631	0.6264960	0.6750035	1.0786703	0.8410785	0.4237291	0.0676157	0.3936214	0.2659242	0.4113836	0.8358220	0.1441325	0.5733560	0.9597678	0.4650084	0.4374328	0.6194266	0.8803639	1.0288326	0.1600205	0.6191190	1.0419536	0.3905301	0.1628215	0.2917028	0.4931682	0.6396729	0.5047967	0.3540761	0.4936363	0.7549704	0.1747609	0.6437425	0.3589825	0.0250244	0.4986690	0.9345354
850	0.0318187	0.6097286	1.0432667	0.2601027	0.4331516	0.0034226	0.0627998	0.0163534	1.0557179	0.0801525	0.2278549	0.0936464	0.0015797	0.1156238	0.7844426	0.4312085	0.4866965	0.8774922	0.9549903	0.8773371	0.0864854	0.6648776	1.0684159	0.9661132	0.6964410	0.7796155	0.7696246	0.1202675	0.3015126	0.0405369	0.4693248	0.1530235	0.5663644	0.8551330	0.2859931	0.9353703	0.5261251	0.6756876	0.3476767	0.0187109	0.9223968	0.5175368	0.0762016	0.1175322	0.5801916	0.6501050	0.5505811	0.7726888	0.7980944	0.3420183	0.0922755	0.4428625	0.4700512	0.0107476	0.7317375	0.4798523	0.7872457	0.4067212	0.4303177	0.9695240	0.6700083	0.5727794	0.4111033	0.3499307	0.5769031	0.6124417	1.1132807	0.6709892	0.4434996	0.0374641	0.3450826	0.2539475	0.3506562	0.7047356	0.1549193	0.5449572	0.8912892	0.3537005	0.3943557	0.6792051	0.8441315	0.9270650	0.1444293	0.7672659	1.0093287	0.3347652	0.1279115	0.2959645	0.5785155	0.5030428	0.4501337	0.2925358	0.4349176	0.7040464	0.1949170	0.6409854	0.3352835	0.0219319	0.5297530	0.9000242
900	0.0290211	0.6756474	1.0456080	0.2684615	0.4657239	0.0001694	0.0380698	0.0272451	0.9488842	0.1481085	0.1699147	0.0937686	0.0041573	0.1291731	0.8494870	0.5288296	0.5402339	0.8773782	0.9960736	0.8442835	0.0779937	0.5901210	0.9629906	0.9281111	0.7777282	0.7525667	0.8155166	0.1072604	0.2644561	0.0311521	0.4050302	0.1520450	0.6452897	0.8956269	0.3052941	0.9376690	0.4230940	0.7482419	0.2838111	0.0150847	0.9711173	0.5484398	0.0889129	0.1313773	0.6912907	0.6296492	0.5557298	0.8274745	0.8299827	0.2777672	0.0959858	0.4051615	0.5999766	0.0041662	0.7519324	0.4029283	0.8382951	0.3412521	0.4611027	1.0833621	0.7752260	0.5833032	0.4028554	0.3208549	0.6053915	0.6229427	0.9636815	0.6862148	0.5105623	0.0314577	0.3677477	0.2088874	0.3660255	0.7688288	0.2309568	0.5037567	0.9083826	0.3270513	0.3822811	0.6734018	0.8340872	1.0546110	0.1287143	0.6913221	1.0059140	0.3715269	0.1204432	0.3477470	0.5580864	0.5552819	0.4953510	0.2871322	0.3939828	0.6900520	0.1960984	0.5875820	0.3549833	0.0198708	0.4887170	1.0036080
950	0.0232190	0.6702757	0.9416216	0.1957171	0.4198609	0.0027538	0.0251871	0.0181633	0.9933589	0.2117462	0.1432241	0.0989620	0.0015334	0.1379522	0.8518061	0.5436814	0.5383772	0.9432784	0.9597723	0.8762128	0.0842405	0.7761998	1.0436848	1.0064469	0.7874605	0.6132173	0.8330614	0.0627361	0.2337742	0.0409111	0.4043064	0.1116450	0.6593665	0.8305332	0.2918108	0.9018781	0.4122764	0.6363581	0.3484719	0.0190214	0.9110574	0.4557665	0.1059461	0.1057073	0.7061977	0.5979538	0.5725166	0.8116787	0.8398741	0.2650949	0.0923775	0.4651536	0.7712797	0.0007756	0.7288549	0.3604700	0.8636529	0.2808585	0.4686644	1.2024669	0.8148317	0.5126473	0.3798204	0.3298865	0.5427253	0.5988845	0.8178998	0.7849072	0.4899559	0.0621869	0.3584328	0.2389588	0.3286007	0.8301502	0.2402389	0.4409929	0.9332252	0.2660029	0.3264679	0.6103547	0.7689845	0.8641683	0.1147332	0.7213800	0.9829097	0.4995843	0.1702115	0.3754065	0.5991279	0.5674081	0.4335601	0.2523742	0.3793785	0.7046370	0.2004568	0.6331892	0.3271802	0.0392044	0.4564887	0.9988648
1000	0.0084762	0.6359936	1.0296509	0.1873905	0.3953052	0.0017391	0.0293232	0.0173204	0.8953791	0.3021505	0.1276078	0.0890395	0.0033851	0.1095495	0.8098032	0.5370958	0.4910079	1.0070869	0.9542060	0.7720765	0.0833640	0.6993933	0.9638275	1.0139807	0.9078525	0.6457116	0.8657033	0.0758865	0.2520841	0.0640630	0.4348676	0.0892687	0.6433676	0.8357067	0.2794614	0.9748213	0.3443532	0.6962734	0.3920810	0.0219388	0.9166782	0.4403343	0.0758011	0.0786295	0.7139555	0.4979804	0.5768293	0.9182229	0.7996306	0.3177761	0.0497170	0.4364122	0.8382852	0.0013430	0.7703578	0.4049246	0.7520722	0.2640288	0.4061577	1.0502411	0.8161704	0.5150339	0.3857669	0.3580012	0.5208609	0.5794783	0.9984328	0.7013278	0.4097566	0.0758514	0.3110720	0.2151174	0.3937159	0.8499000	0.2344760	0.3981303	0.9071124	0.1759166	0.3090152	0.6449342	0.8423266	0.9073446	0.1054841	0.6750767	0.9800566	0.4451013	0.1989140	0.3416202	0.5661935	0.5657412	0.4595267	0.1648859	0.3839925	0.6467803	0.2836101	0.6584304	0.2863276	0.0526268	0.4630320	0.8645681

0	0.0094491	0.6355617	1.0459758	0.0876986	0.4170952	0.0015965	0.0357302	0.0201856	0.7842026	0.5482911	0.1482550	0.1067167	0.0074763	0.0795139	0.9263252	0.4386615	0.5117037	1.0187251	0.9869150	0.9112762	0.0675828	0.6396705	0.9879649	0.9056811	1.0249936	0.8053086	0.8415975	0.0956169	0.2807776	0.0361236	0.3476186	0.0945586	0.7647381	0.8073502	0.2691465	0.9854445	0.2644993	0.7761342	0.3511720	0.0142404	0.9503393	0.3956488	0.0912837	0.0721673	0.8039584	0.5632487	0.5721011	0.9104100	0.8750489	0.3877912	0.0490860	0.3690556	1.0040851	0.0016799	0.7496314	0.4296180	0.7445798	0.3138374	0.4763448	0.9977159	0.8917758	0.5763065	0.2317245	0.3844034	0.5377636	0.4876338	1.0898320	0.8135737	0.5024926	0.0491368	0.3912071	0.2335426	0.3169327	0.9297559	0.3112694	0.3637340	0.9584119	0.1589398	0.2670455	0.6498318	0.7931145	1.0351174	0.1402507	0.6535788	1.0095359	0.4184859	0.2245238	0.5131035	0.6073464	0.7854143	0.4606182	0.1309775	0.4648780	0.5528648	0.0723851	0.5781484	0.2784400	0.0363961	0.5378107	0.9932421
50	0.0069922	0.6897837	0.5980061	0.1463083	0.4518059	0.0021107	0.0309095	0.0132984	0.7400846	0.4257008	0.1474247	0.0798058	0.0010025	0.1165320	0.7186248	0.4335184	0.2893068	0.9798123	0.9300374	0.6817676	0.0713804	0.7337210	0.9351052	0.9162315	0.9317341	0.8375792	0.8848377	0.1492599	0.2829652	0.0141171	0.3872896	0.0618048	0.6148103	0.7922792	0.2419533	0.9469371	0.3579255	0.7548850	0.4351280	0.0309502	1.0305351	0.4214927	0.0556824	0.0882487	0.7566898	0.4623504	0.5492392	0.8611656	0.9642729	0.5059458	0.0666290	0.2885511	0.8898707	0.0065312	0.6989270	0.4744548	0.7833858	0.2745352	0.4034341	1.0763223	0.7188763	0.5587489	0.2500526	0.3091925	0.6396227	0.5602322	1.0623572	0.7065646	0.4040074	0.1228207	0.3510887	0.2832106	0.2810355	0.8408007	0.2672785	0.3943321	0.8515642	0.5706362	0.2458613	0.7104604	0.6725129	0.9075971	0.1173075	0.6299513	0.9157764	0.3372235	0.2725194	0.3893158	0.5297196	0.7525649	0.5127084	0.2418876	0.4206438	0.5709618	0.1159680	0.5772858	0.1914188	0.0348669	0.5685517	1.0601508
100	0.0129316	0.7163471	0.2428874	0.1194762	0.4471426	0.0012234	0.0239257	0.0186883	0.7324123	0.4695613	0.1010587	0.0993207	0.0030703	0.1442013	0.5563774	0.3670778	0.1941120	0.9207892	0.9016282	0.3951340	0.0749348	0.7705834	0.8405426	0.8463413	0.9252103	0.9110047	0.9115011	0.1927182	0.4078223	0.0467024	0.3290594	0.0691296	0.6420249	0.7586973	0.2873563	0.8951579	0.5317133	0.6699532	0.4938277	0.0091871	0.9820082	0.4583800	0.0797007	0.0819579	0.8135599	0.4345397	0.6153854	0.8981303	0.9690853	0.7304689	0.0478332	0.2370475	0.8851203	0.0139837	0.6915045	0.4755234	0.6192937	0.2748809	0.4191007	1.1240116	0.6418155	0.5271137	0.2864266	0.3406397	0.5893789	0.5246827	0.9771220	0.7382179	0.4920651	0.2538658	0.3262725	0.2178384	0.3695073	0.8080861	0.1638612	0.5274394	0.7537362	0.8401174	0.1898879	0.7773856	0.4950497	0.7021360	0.1075798	0.7259698	0.7604103	0.2621860	0.2441830	0.2717241	0.5420909	0.5893560	0.5534444	0.2819508	0.4303731	0.6551622	0.0797319	0.4969091	0.0870054	0.0493557	0.5220970	0.9385659
150	0.0295383	0.6297381	0.1318238	0.1070384	0.4800351	0.0018550	0.0186368	0.0187367	0.7636962	0.4740736	0.0728630	0.0893373	0.0066602	0.1419998	0.5388323	0.3926110	0.1400842	0.9444974	0.8836749	0.2325422	0.0886051	0.8271385	0.8328191	0.9094081	1.0011110	1.0114921	0.9033893	0.1952498	0.4549045	0.0677406	0.3587020	0.0934475	0.6521826	0.8159529	0.2868813	0.8752291	0.5484791	0.7219837	0.5623769	0.0163534	0.9167769	0.4812527	0.0830218	0.1010069	0.7826434	0.4273625	0.5711572	0.8020905	0.8631431	0.7283041	0.0581101	0.2230581	1.0267959	0.0185471	0.7660960	0.4576607	0.6562771	0.2549835	0.4985870	1.0358462	0.6320847	0.4373980	0.1506847	0.2804689	0.5839416	0.5861676	0.9882498	0.6403509	0.4856283	0.3020464	0.2871528	0.2246950	0.5242653	0.8704554	0.1175072	0.5362180	0.8234433	0.8613196	0.2366754	0.7162011	0.4081700	0.5783730	0.0987394	0.7681433	0.7194265	0.1934389	0.3251561	0.2737108	0.3807341	0.5677523	0.6062359	0.1955041	0.4310372	0.5130520	0.0964928	0.5676691	0.0492732	0.0952421	0.5338422	0.9171108
200	0.0366099	0.7000317	0.0856822	0.0806670	0.5497590	0.0026809	0.0435535	0.0236533	0.7928959	0.5791313	0.0970788	0.0783600	0.0037341	0.2178839	0.4975497	0.4184103	0.1154405	1.0918786	0.8674484	0.1562909	0.0901767	0.8475758	0.8717526	0.7893960	0.9810700	0.9821449	0.9193854	0.1925793	0.5134090	0.0991454	0.4203801	0.0902579	0.6815039	0.9052902	0.3127505	0.8139760	0.6054938	0.7740326	0.5813615	0.0185263	0.9295706	0.4715128	0.0786291	0.1329024	0.9451300	0.4771969	0.5083710	0.8181161	0.9337506	0.8247087	0.0538314	0.1718990	1.0008712	0.0147436	0.8555194	0.4373827	0.6325221	0.2710442	0.4546130	1.0588390	0.5857790	0.4768405	0.1023535	0.3134491	0.5297567	0.5853787	1.0232536	0.5378711	0.5445119	0.4477004	0.2924637	0.2098335	0.6442527	0.8483165	0.1663316	0.7152768	0.8835917	0.6963965	0.2184874	0.7353386	0.4687334	0.4619346	0.0966935	0.8511532	0.6922288	0.1667236	0.3307990	0.1968035	0.3814902	0.5951641	0.6445542	0.1972628	0.4545445	0.4231840	0.1372161	0.5554038	0.0416533	0.1791587	0.5686979	0.9182398
250	0.0383706	0.7311426	0.0756096	0.0847437	0.4619523	0.0020014	0.0330033	0.0195604	0.7053454	0.4902946	0.0900399	0.0774104	0.0176362	0.2485282	0.4879893	0.3863463	0.1296177	0.9509542	0.9425170	0.1180828	0.1133920	0.8583111	0.8661956	0.9441079	1.0634465	1.0341798	0.7799083	0.1929264	0.7558636	0.0806700	0.4031900	0.0562458	0.7249108	0.9635900	0.3388771	0.8036847	0.7078708	0.8397700	0.6637689	0.0179195	0.9884917	0.3959135	0.0955633	0.0936473	0.8752223	0.6278358	0.5110264	0.7007826	0.8394336	0.8710291	0.0629006	0.2055674	0.9869027	0.0366123	0.8779598	0.4527069	0.6354469	0.2495797	0.4187846	1.0457750	0.5679707	0.5212664	0.0821399	0.2406896	0.5161538	0.7159816	0.9708955	0.5352564	0.5890534	0.5985265	0.3771563	0.2365487	0.7030349	0.8765253	0.2114596	0.8657190	0.8792014	0.8410994	0.2351504	0.7156545	0.4829407	0.4507614	0.1092336	0.8598260	0.5934308	0.1364016	0.2731543	0.2113317	0.2864936	0.6834500	0.6820377	0.2144500	0.4678968	0.2734338	0.1359979	0.5992675	0.0244166	0.2504724	0.5990389	0.9882991
300	0.1109625	0.7132412	0.0461491	0.0801296	0.3912728	0.0042858	0.0370374	0.0154996	0.6241867	0.4969711	0.0907695	0.0675471	0.0089853	0.2908754	0.4833593	0.4257019	0.1550554	0.9388608	1.0522405	0.0598730	0.0687236	0.7704895	0.8636847	0.9998809	1.0465324	1.0419828	0.6688187	0.2463096	0.7275553	0.0768439	0.4733031	0.0760326	0.6755748	0.9061426	0.3713118	0.8893032	0.7146870	0.7980244	0.6577570	0.0381131	0.9720759	0.3588570	0.0798231	0.1467644	0.8618099	0.5935760	0.4101829	0.6485498	0.8829300	0.8112413	0.0597595	0.2105311	0.9837174	0.0461249	0.7206948	0.4288103	0.6940893	0.2973452	0.3244403	1.0457401	0.5003540	0.5635463	0.0859566	0.2285713	0.5488296	0.6657136	0.9221690	0.4828273	0.7127928	0.5227213	0.3586428	0.3223831	0.6819015	0.7871502	0.1579807	0.8045380	0.8809617	0.7675436	0.3160001	0.7318872	0.4096207	0.3918280	0.0879047	0.8965050	0.6272651	0.1267046	0.1826153	0.1816418	0.3462450	0.5616293	0.6357095	0.2024005	0.4735805	0.1614798	0.1097737	0.5324874	0.0169415	0.2939360	0.5846186	0.9937121
350	0.1437658	0.7090092	0.0487167	0.0925622	0.4834415	0.0008050	0.0542395	0.0148091	0.6648151	0.3364010	0.1152870	0.0691124	0.0108466	0.2532047	0.4782157	0.4778521	0.1589337	0.9430209	1.0618238	0.0532596	0.0667001	0.8324521	0.8873410	0.9431872	0.9952280	1.0033292	0.6594804	0.2176356	0.8110597	0.1407089	0.5914494	0.0879282	0.6616441	0.9020578	0.3578792	0.9020962	0.7168189	0.7870622	0.7224655	0.0245794	0.9708007	0.4914394	0.0728062	0.1263954	0.9282091	0.7047297	0.4721184	0.6882296	0.9077675	0.9268771	0.0529938	0.2515039	0.9658045	0.1042313	0.6365920	0.4491427	0.6896106	0.3158626	0.3346882	1.0689197	0.4254511	0.6266356	0.1424191	0.2162783	0.5587768	0.7375416	0.9474020	0.4960358	0.6898381	0.6310522	0.3619499	0.2519773	0.6778061	0.7540517	0.1375726	0.7125499	0.8804966	0.8482420	0.3559243	0.7161805	0.4298589	0.4300160	0.0921533	0.9502240	0.5855646	0.1171603	0.1466489	0.2362873	0.3602258	0.6506023	0.6352179	0.2276779	0.4613896	0.0832039	0.0868644	0.5472367	0.0179093	0.2456503	0.5606084	0.9605446
400	0.1926817	0.6866739	0.0449985	0.1124465	0.5146487	0.0044909	0.0438430	0.0192324	0.8133103	0.2244715	0.0887999	0.0836754	0.0201223	0.2655425	0.4503873	0.3913880	0.1437560	1.0048774	0.9451396	0.0535348	0.0569786	0.8204912	0.9544535	0.8766694	1.0195092	1.0144804	0.6010595	0.1558484	0.8798497	0.1511909	0.5722502	0.0710106	0.7366461	0.8858129	0.3324140	0.9095961	0.7751475	0.8114350	0.6031042	0.0357582	0.9452512	0.4759576	0.0591751	0.1234770	0.8841463	0.7424457	0.4404909	0.7275525	0.9628896	0.9221918	0.0382396	0.2477687	1.0100010	0.2764928	0.6958244	0.4470855	0.6724795	0.3550515	0.2668582	0.9846769	0.4200602	0.5972131	0.1913723	0.3027861	0.5601573	0.7168937	1.0648175	0.5033787	0.7620752	0.6662831	0.3680666	0.2329614	0.7660807	0.7470475	0.1863912	0.7396642	0.8940019	0.7519414	0.3083654	0.7347236	0.4531018	0.5380361	0.0833189	0.7826008	0.5938878	0.1178947	0.1284174	0.2311236	0.2515633	0.6175247	0.5611719	0.2474151	0.4618729	0.0417234	0.0824259	0.6314037	0.0305778	0.2125158	0.5308293	1.0044590
450	0.2474508	0.6618381	0.0677731	0.0993503	0.5813743	0.0068161	0.0237788	0.0220035	0.8348120	0.1306938	0.0821283	0.1168048	0.0056700	0.3114589	0.3765345	0.3843744	0.1227265	1.0073848	0.9418502	0.0360008	0.0725098	0.8710114	0.8657648	0.9085329	1.0442585	0.9456074	0.5830266	0.2105399	0.9296441	0.1302660	0.6551116	0.0711298	0.7019365	0.8289216	0.3802903	0.9902323	0.8135527	0.7485744	0.6211581	0.0338557	1.0532944	0.4518851	0.0541340	0.1429223	0.9301514	0.6714029	0.4968673	0.6691072	0.9084816	0.9298739	0.0337438	0.2583487	0.9463682	0.4115049	0.7027655	0.4724902	0.6865380	0.4698155	0.2019278	1.0048530	0.5139037	0.6434256	0.1293977	0.2825022	0.5751608	0.7616644	1.0212050	0.4610608	0.7463931	0.6833321	0.3998654	0.1905445	0.8000742	0.7352785	0.1694748	0.7948444	0.9169679	0.7424095	0.3142755	0.6986141	0.4319790	0.4880114	0.1019163	0.7916213	0.5647595	0.0919158	0.1455711	0.2341024	0.1655629	0.6161170	0.5587633	0.2849152	0.5415176	0.0413335	0.1350482	0.6515666	0.0187729	0.1996636	0.5338831	1.0228684
500	0.2233464	0.6014855	0.0676412	0.0864807	0.5516756	0.0052047	0.0203126	0.0153205	0.8800815	0.0915128	0.0944234	0.0835652	0.0166380	0.3236511	0.4368776	0.3822565	0.1591096	0.9548516	1.0148501	0.0402311	0.0956768	0.8141555	0.7529168	1.0104380	0.9817801	1.0088491	0.6511635	0.2087058	0.9991872	0.1148393	0.4768597	0.0601494	0.6853918	0.8460415	0.4674478	0.9725094	0.8615138	0.7353123	0.6455384	0.0263371	0.9520309	0.3967818	0.0637294	0.1259578	0.9480252	0.6048358	0.4289203	0.6641366	0.8118993	0.8835645	0.0416168	0.2568541	0.9543592	0.3864789	0.7246353	0.4551757	0.6283690	0.3807534	0.1941407	1.0960924	0.5190228	0.6495196	0.0929319	0.2639037	0.5141324	0.7887838	0.8654329	0.4078978	0.7222350	0.6618274	0.4342409	0.2113889	0.7692301	0.6580806	0.1587330	0.7997013	0.9613052	0.8123267	0.3472227	0.7660186	0.4772745	0.4468582	0.1173045	0.7709479	0.5927935	0.0751572	0.0917505	0.1999726	0.1952913	0.6093482	0.6073532	0.3330110	0.4786228	0.0373143	0.1161241	0.5900099	0.0326481	0.2380476	0.5985790	0.9641126
550	0.2372839	0.4988441	0.4395564	0.0799908	0.5204750	0.0033793	0.0309200	0.0186164	0.9171995	0.0642815	0.0964447	0.0790163	0.0115656	0.2613044	0.7023330	0.4214417	0.2749910	0.9573320	0.9799426	0.2355185	0.0823732	0.5837779	0.8477119	0.9775178	1.0079489	0.8083286	0.6177521	0.1890032	0.7476007	0.1516186	0.5031097	0.0730336	0.7611159	1.0210603	0.3696419	0.9532356	0.7022916	0.7720505	0.5702077	0.0155272	0.9648192	0.4806039	0.0963882	0.1652086	0.8019954	0.7570092	0.3453729	0.7423529	0.8298045	0.7007716	0.0222790	0.3984817	0.8606864	0.3350441	0.6306048	0.4624353	0.7849370	0.3865609	0.2206980	0.9819557	0.4584622	0.5662817	0.0649504	0.2715865	0.4938879	0.6605795	0.9572655	0.4386269	0.6656650	0.4871597	0.5139936	0.1208644	0.8484025	0.6366075	0.2128539	0.8493445	0.9552734	0.7297034	0.3170437	0.5383157	0.7234606	0.6945914	0.1413522	0.7062516	0.6482424	0.1549216	0.1209876	0.2748808	0.1925698	0.6597253	0.7487438	0.2803538	0.4260800	0.0655391	0.0952924	0.6378785	0.1243759	0.2191682	0.5957701	0.9564540
600	0.2545810	0.4986782	0.7798813	0.1394398	0.6090055	0.0005356	0.0388372	0.0159376	1.0367224	0.0692950	0.1282585	0.0842204	0.0050930	0.1788602	0.7156973	0.4461903	0.4313873	0.9594631	0.9918455	0.5434855	0.0736134	0.6157723	0.9063537	0.9674468	1.0132674	0.7108087	0.7602086	0.1890040	0.7540062	0.1662200	0.6584905	0.0653504	0.6684288	0.8787375	0.3415636	1.0742904	0.7287889	0.7392136	0.5407258	0.0305611	0.9236181	0.5123343	0.1018659	0.2175301	0.7134293	0.8375539	0.3797339	0.7190212	0.8805418	0.5233593	0.0334723	0.3928225	0.8780936	0.3071682	0.6241994	0.3539705	0.7826545	0.3861879	0.3271105	0.8901805	0.5019469	0.6297865	0.1317979	0.2813210	0.5176934	0.6763633	0.9897306	0.4361231	0.6216935	0.2647492	0.5057896	0.1880427	0.7842272	0.6768747	0.3042758	0.8101548	0.9160643	0.4370955	0.3636792	0.5040977	0.8272997	0.8608226	0.1418472	0.7990186	0.9320692	0.2385364	0.0834732	0.4241290	0.2424817	0.6999043	0.6706677	0.2830769	0.4111381	0.2530500	0.1370129	0.6527796	0.2324827	0.0953363	0.5995929	0.9076979
650	0.2466843	0.6054298	0.9196750	0.2061679	0.5125215	0.0024660	0.0277425	0.0129808	0.9914013	0.0721221	0.2010317	0.0863851	0.0026899	0.1627371	0.8309166	0.4047128	0.4305475	0.9663437	1.0004911	0.7624905	0.0814560	0.5689955	0.9533573	0.8908538	0.9823726	0.7397631	0.7766528	0.1953769	0.7529745	0.1240913	0.6217894	0.0851719	0.6495326	0.8319595	0.2391400	1.0289874	0.6930978	0.6844019	0.4522224	0.0290275	0.9018960	0.4273103	0.1239064	0.2182179	0.6751069	0.7713431	0.4828614	0.8437169	0.8943700	0.4716052	0.0540238	0.3639819	0.8274466	0.3447983	0.6551810	0.2913113	0.8192921	0.3508344	0.3380798	1.0095923	0.5477117	0.6316746	0.2719044	0.2708818	0.5376979	0.6988707	1.1285656	0.4838457	0.6555948	0.1405267	0.4324617	0.2485921	0.7035893	0.7919229	0.2944711	0.8594617	0.8672081	0.3552679	0.4125155	0.5102073	0.8394479	0.9527348	0.1499411	0.7772942	0.9368796	0.2822741	0.0713377	0.3883487	0.2276813	0.6690089	0.5542818	0.3084426	0.4564443	0.4509232	0.1309428	0.6327156	0.2252522	0.0828788	0.5266485	0.8886631
700	0.2740110	0.6454082	1.0174483	0.2661378	0.4873163	0.0064341	0.0389801	0.0207109	1.0775573	0.0750028	0.1861124	0.0793017	0.0080068	0.1176513	0.9648181	0.4964409	0.4577172	0.9968336	1.0718395	0.8536224	0.1369119	0.5648173	0.9378173	0.8783876	0.9137222	0.6228985	0.8893564	0.1395975	0.7092548	0.1003899	0.5266553	0.0740828	0.6805003	0.8703841	0.2677238	0.8326959	0.6612059	0.7397610	0.4133384	0.0267238	0.9257897	0.4433874	0.1115256	0.1455755	0.6765834	0.7223815	0.6032394	0.8730237	0.8946199	0.3262233	0.0745022	0.3239817	0.9431654	0.2762149	0.7547126	0.3765849	0.7634609	0.4219043	0.3636990	1.0672922	0.6309618	0.6121899	0.4386295	0.3467381	0.6385576	0.6337994	1.0515815	0.5921072	0.6672808	0.0735502	0.4591506	0.2323340	0.5861042	0.9119291	0.2315699	0.8441990	0.7263733	0.3142591	0.3629836	0.5437076	0.7590377	0.8972292	0.1523585	0.8113208	0.9525770	0.3220527	0.0645027	0.3976392	0.3264371	0.6179156	0.5535591	0.3292491	0.4198690	0.5368963	0.2402967	0.6556528	0.3298077	0.0593333	0.5465493	0.8002061
750	0.1755565	0.6134248	1.0148514	0.2068009	0.4943443	0.0009922	0.0326207	0.0158159	0.9986035	0.0579632	0.1980203	0.0645225	0.0029710	0.0939739	0.9582154	0.5472983	0.4454383	1.0465052	1.0167975	0.9754514	0.0841515	0.6576382	0.9014213	0.9080046	0.8477673	0.6061508	0.9657187	0.1132173	0.6593559	0.0572023	0.4039486	0.0920414	0.7326157	0.7996648	0.2680013	0.8948091	0.5052877	0.7289339	0.3741997	0.0098094	1.0624705	0.4900754	0.0855031	0.1406539	0.6947869	0.4804820	0.6906879	0.8450674	0.8064543	0.3307678	0.0698074	0.2911567	0.7903337	0.1774937	0.7058466	0.3969245	0.7350174	0.3580535	0.4794824	1.0590405	0.6882550	0.5940523	0.4341036	0.3376218	0.6446960	0.6483316	1.0258017	0.6924201	0.6205994	0.0409956	0.4014057	0.2461814	0.4305141	0.9678107	0.2426769	0.7333501	0.8260953	0.2885287	0.3170032	0.6015637	0.7205173	0.7997946	0.1626733	0.8042369	0.9994473	0.2893188	0.0873767	0.4149300	0.3536040	0.5708500	0.3985600	0.3666956	0.3847478	0.5205407	0.2951744	0.6575175	0.3161777	0.0413778	0.4462316	0.8531281
800	0.1338432	0.6059420	0.9348920	0.1653197	0.4583685	0.0009862	0.0565823	0.0298398	1.0358834	0.0587029	0.1411771	0.0982480	0.0007328	0.1045609	0.8241191	0.5142924	0.4733179	1.0685603	0.9663654	0.8761513	0.1080930	0.5896884	0.8813727	0.9561835	0.8974865	0.6277315	0.8999466	0.0782806	0.4800047	0.0613354	0.4039145	0.0836463	0.6338409	0.7039416	0.2592150	0.8885134	0.2855265	0.6921450	0.3572458	0.0242472	0.9828864	0.4909344	0.0582061	0.1461606	0.7558394	0.4309022	0.6013940	0.8062711	0.7813142	0.3473900	0.1058862	0.2677805	0.6398972	0.1083254	0.7202464	0.3908774	0.7700970	0.3080378	0.4651730	0.9849496	0.5851315	0.6059487	0.3431347	0.2927945	0.6430856	0.5401662	0.9999713	0.6894711	0.5769097	0.0250343	0.4011296	0.2237850	0.4113092	0.8013383	0.2241440	0.7108195	0.7423270	0.3568328	0.3304492	0.6035193	0.7310007	0.9500913	0.1674043	0.8688281	0.9725361	0.3457479	0.1319616	0.3921398	0.5841721	0.6252671	0.4095492	0.2602276	0.3593128	0.5302559	0.3251861	0.5804270	0.3666552	0.0332977	0.4863505	0.9744072
850	0.1110788	0.6220776	0.9493105	0.1005267	0.5471853	0.0086299	0.0460061	0.0241876	1.0179382	0.0406622	0.1197871	0.1408200	0.0035574	0.0859185	0.8637216	0.4749730	0.5062284	1.1922091	0.8841501	0.7590724	0.1153678	0.7063807	0.8940424	0.9212765	0.8992824	0.7430196	0.8635235	0.0875930	0.3987712	0.0480650	0.3840818	0.0879679	0.6410656	0.7914896	0.2533945	0.8775587	0.1883024	0.7302786	0.4166165	0.0279977	1.0293778	0.4456205	0.0646949	0.1383487	0.7343582	0.4780142	0.5107886	0.9237066	0.9403265	0.3510297	0.0907568	0.3836434	0.4748958	0.0641463	0.7680367	0.3920581	0.7825972	0.3289071	0.3781819	1.0181511	0.6678544	0.6510240	0.2526797	0.2809686	0.6352801	0.5217773	0.9470733	0.7764809	0.4502892	0.0307383	0.3213598	0.2471867	0.3595613	0.8111094	0.2431621	0.7172015	0.7682983	0.3860880	0.2709729	0.5829878	0.8500546	0.9379202	0.1307571	0.7485989	0.9828068	0.3687088	0.1414797	0.4057226	0.4636260	0.6455646	0.4920218	0.3563856	0.3983160	0.5708274	0.1873424	0.6139783	0.3028554	0.0369426	0.4996665	0.9041709
900	0.0673281	0.7122850	0.9672355	0.1331505	0.5104987	0.0028593	0.0356183	0.0239209	0.9482579	0.0597284	0.1393459	0.1146563	0.0043688	0.1034142	0.8979906	0.4315784	0.4994714	1.1467310	1.0010093	0.8292397	0.0896438	0.6351843	0.9047876	0.8979675	0.9096247	0.7275517	0.8967844	0.0924500	0.3151252	0.0453506	0.4119933	0.1198542	0.5940186	0.7434806	0.3094848	0.9036479	0.2455730	0.8204954	0.3756012	0.0215015	0.9432194	0.4354401	0.0545475	0.1080337	0.7227535	0.5852627	0.6020687	0.7978736	0.9136449	0.3549049	0.0973903	0.4696905	0.4051067	0.0205535	0.7645699	0.4497916	0.7654430	0.3471612	0.4377213	1.0105213	0.6749751	0.5568468	0.2798711	0.2701582	0.5789268	0.5115002	1.0507116	0.6909134	0.4275611	0.0412391	0.3195476	0.2659609	0.3630125	0.8300524	0.2572220	0.6108722	0.8490998	0.3910616	0.2767048	0.5919662	0.9057333	1.0354975	0.1356497	0.8048017	0.9951748	0.3465604	0.1269236	0.3764005	0.4479764	0.6880502	0.5077931	0.3586984	0.4098574	0.5600180	0.1377758	0.6708857	0.2780786	0.0427760	0.4812553	0.9684824
950	0.0552314	0.6197016	0.9984806	0.1246500	0.4559365	0.0019111	0.0572043	0.0255913	1.0247928	0.0425832	0.1132273	0.0943908	0.0047745	0.1228871	0.8967342	0.3727177	0.4984702	1.0898070	1.0028265	0.9134154	0.1109681	0.6518793	1.0561431	0.9474216	0.8436292	0.7304487	0.8403650	0.1044075	0.2458832	0.0326093	0.3227423	0.1371315	0.5583650	0.6364747	0.2861099	0.8192548	0.2894587	0.7872053	0.2966246	0.0291541	0.8888223	0.4425715	0.0731310	0.0996907	0.6844411	0.4700899	0.6475360	0.8882630	0.9062195	0.3396204	0.0779576	0.3470135	0.4541000	0.0210171	0.7357932	0.3906675	0.6868913	0.2879544	0.4827090	0.9406469	0.7275026	0.5476362	0.2606986	0.2063772	0.5515929	0.5155855	1.1208570	0.7457522	0.4698208	0.0259243	0.3679792	0.2990928	0.3602531	0.8103732	0.3144885	0.5423879	0.8630191	0.3689942	0.3003608	0.5564124	0.9518793	1.0319609	0.1099768	0.7456481	0.9926150	0.3870064	0.1515065	0.2921559	0.4203100	0.6876035	0.5216830	0.3646056	0.4224914	0.5791047	0.1092125	0.6553120	0.2596507	0.0350760	0.4736133	1.0421397
1000	0.0407107	0.6840819	1.0202710	0.1191518	0.4697877	0.0002246	0.0377859	0.0207881	1.0419147	0.0712846	0.1207645	0.0773512	0.0056191	0.0948265	0.8481565	0.3954785	0.5144038	0.9917603	1.0427654	0.8862702	0.0833138	0.5915652	0.9760564	0.9191651	0.7861228	0.7055835	0.7745429	0.1346397	0.2399429	0.0351887	0.3428463	0.1387093	0.6096032	0.7117231	0.2919030	0.8770571	0.2214881	0.7449679	0.2871023	0.0064821	0.9122675	0.4313609	0.0697443	0.0866824	0.6878915	0.4693444	0.6108485	0.7776213	0.9678046	0.2823299	0.0826380	0.3680503	0.4515782	0.0047655	0.7278848	0.3765675	0.5983706	0.2492672	0.4434450	0.9854980	0.7612720	0.5857437	0.1793241	0.2651153	0.5533528	0.4994018	1.0837991	0.7094840	0.4688155	0.0459782	0.4141068	0.2852071	0.3828956	0.8925263	0.3201080	0.4309646	0.8152861	0.2863020	0.2541889	0.5881958	0.8144894	1.0282914	0.1370004	0.6209861	1.1004641	0.3191187	0.1825685	0.3251284	0.4581896	0.7733842	0.4972874	0.3413114	0.4201942	0.6091085	0.1156069	0.6213205	0.2307670	0.0088740	0.5034052	0.9329623

0	0.0094491	0.6355617	1.0459758	0.0876986	0.4170952	0.0015965	0.0357302	0.0201856	0.7842026	0.5482911	0.1482550	0.1067167	0.0074763	0.0795139	0.9263252	0.4386615	0.5117037	1.0187251	0.9869150	0.9112762	0.0675828	0.6396705	0.9879649	0.9056811	1.0249936	0.8053086	0.8415975	0.0956169	0.2807776	0.0361236	0.3476186	0.0945586	0.7647381	0.8073502	0.2691465	0.9854445	0.2644993	0.7761342	0.3511720	0.0142404	0.9503393	0.3956488	0.0912837	0.0721673	0.8039584	0.5632487	0.5721011	0.9104100	0.8750489	0.3877912	0.0490860	0.3690556	1.0040851	0.0016799	0.7496314	0.4296180	0.7445798	0.3138374	0.4763448	0.9977159	0.8917758	0.5763065	0.2317245	0.3844034	0.5377636	0.4876338	1.0898320	0.8135737	0.5024926	0.0491368	0.3912071	0.2335426	0.3169327	0.9297559	0.3112694	0.3637340	0.9584119	0.1589398	0.2670455	0.6498318	0.7931145	1.0351174	0.1402507	0.6535788	1.0095359	0.4184859	0.2245238	0.5131035	0.6073464	0.7854143	0.4606182	0.1309775	0.4648780	0.5528648	0.0723851	0.5781484	0.2784400	0.0363961	0.5378107	0.9932421
50	0.0085215	0.6658903	1.0549253	0.0964886	0.3970192	0.0009398	0.0272984	0.0230116	0.7587483	0.4224572	0.1336289	0.1241882	0.0028258	0.1347263	0.7605727	0.3886054	0.4344739	0.8223619	0.8962222	0.9521828	0.0532892	0.6932530	0.8601910	0.9348366	0.9025374	0.7109573	0.7497637	0.0828911	0.2754437	0.0229593	0.4194972	0.0581578	0.7035361	0.7447700	0.2673624	0.9249986	0.4248541	0.7050688	0.2815650	0.0536530	0.7977283	0.3731249	0.0685394	0.0864262	0.8052171	0.2905334	0.7841909	0.8150658	0.7664744	0.2757052	0.1016471	0.3156403	0.9583329	0.0029250	0.7003367	0.4901005	0.8054302	0.3397502	0.4673919	0.8615717	0.7300391	0.5726500	0.3719122	0.3099673	0.4905832	0.4473367	0.9339918	0.7078909	0.3489096	0.0384000	0.3976056	0.1784206	0.2936624	0.9789430	0.1835949	0.3778137	0.8588841	0.3150340	0.4065140	0.5554774	0.6944595	0.9558993	0.2275817	0.6337269	1.0353262	0.4782399	0.2752840	0.5436010	0.8035330	0.7729328	0.4760145	0.1754246	0.4022478	0.6008447	0.1219325	0.5005259	0.4042703	0.0070065	0.5798397	0.9480391
100	0.0061248	0.6348701	0.9789355	0.0781020	0.3957050	0.0023645	0.0276615	0.0255285	0.7919351	0.4302248	0.1447130	0.0972157	0.0087859	0.1390429	0.7842005	0.2031982	0.3390951	0.9269347	0.8588629	0.8918788	0.0698842	0.6589536	0.8735838	0.9785342	0.8262167	0.7080344	0.7122374	0.1020013	0.2309769	0.0239559	0.3161072	0.0422943	0.5537222	0.6416749	0.2617019	0.5858222	0.5120780	0.6868207	0.3270644	0.0343894	0.8649997	0.4700288	0.0323727	0.0757430	0.8796426	0.1178720	0.8989735	0.8087032	0.8323608	0.2874156	0.0793337	0.2799544	1.0333391	0.0047927	0.6127582	0.5269055	0.6906762	0.4198592	0.4923399	0.9320368	0.6441489	0.6096947	0.4679238	0.2730726	0.5073353	0.4993812	0.8268895	0.7243156	0.2287115	0.0340250	0.3704914	0.1901002	0.3173904	0.9290388	0.1151115	0.4678926	0.7090700	0.4650927	0.4631315	0.6014363	0.6431088	0.9456424	0.3261503	0.6639282	1.0080291	0.6049833	0.3313910	0.5306968	0.7492305	0.7171081	0.5410276	0.2761530	0.2962406	0.5813597	0.1017947	0.4834776	0.5390545	0.0289669	0.5314590	0.9566826
150	0.0119139	0.6592871	0.8774566	0.0892416	0.4419935	0.0004524	0.0473984	0.0322176	0.8057405	0.4849097	0.3029141	0.0790637	0.0068768	0.1330591	0.9016905	0.1400873	0.3660056	0.9256287	0.7259503	0.9264531	0.0664801	0.6347622	0.8898814	0.9482191	0.7967551	0.6982276	0.7561702	0.0530814	0.1333349	0.0264989	0.2818122	0.0489668	0.4990619	0.7039367	0.4143162	0.3411921	0.5305528	0.7748936	0.3785467	0.0250889	0.9691418	0.5265275	0.0738782	0.1188948	1.0227002	0.0577454	0.8431110	0.7729375	0.8597878	0.3466576	0.0918944	0.2094287	0.9724637	0.0190038	0.6103222	0.6928775	0.7266181	0.4018678	0.4513970	0.9564870	0.7480572	0.6589997	0.5371593	0.3178460	0.5034498	0.5646113	0.8793456	0.7444326	0.1888450	0.0655927	0.3462614	0.2639030	0.3024668	0.8675898	0.0657700	0.3006507	0.5733349	0.5892199	0.5253269	0.5154609	0.5690679	1.0474935	0.4815582	0.6236014	0.9113594	0.6915651	0.4306015	0.4997543	0.8542278	0.6308599	0.6125833	0.3496822	0.2897017	0.5610986	0.0844265	0.6231068	0.7008559	0.0493574	0.4808931	1.0153423
200	0.0302645	0.6741916	0.9524343	0.0915406	0.4097089	0.0035812	0.0385175	0.0331341	0.7454902	0.5227561	0.3640741	0.0935680	0.0117481	0.1335650	0.8086398	0.0829291	0.3048044	0.9444169	0.6562628	0.9135690	0.0838070	0.7202011	0.8750551	1.0434933	0.7720539	0.7713535	0.6923169	0.0578812	0.1235371	0.0259251	0.2990807	0.0798386	0.5224782	0.6536552	0.5785671	0.1405321	0.4426334	0.7961678	0.4346506	0.0221530	0.8852993	0.4423976	0.1010666	0.1115827	1.0146648	0.0451273	0.8495297	0.6052678	0.8685692	0.3537171	0.0993180	0.1854146	1.0436938	0.1053722	0.6426854	0.8275367	0.7313443	0.4495700	0.4389147	0.8460813	0.7774426	0.5808234	0.6661337	0.2596078	0.5118613	0.6290365	0.8470272	0.7822238	0.1744225	0.0897142	0.3281897	0.1752400	0.3404626	0.9252942	0.0804176	0.2531950	0.5086683	0.4275966	0.5650133	0.4800531	0.4794468	1.0953710	0.4775493	0.6326592	0.9801270	0.7885964	0.4901543	0.5346820	0.9459946	0.5352009	0.7441250	0.2987918	0.2714263	0.4814401	0.0806078	0.6224282	0.8172609	0.0456310	0.4222834	1.0022185
250	0.0199584	0.6225082	0.9645826	0.0635312	0.3568632	0.0005600	0.0305477	0.0403633	0.8148283	0.5796720	0.4892006	0.1118259	0.0043825	0.1556627	0.8979056	0.0507787	0.3551278	0.9491933	0.6143213	0.8384794	0.0887771	0.8467701	0.9314539	1.0338921	0.7379310	0.7705335	0.6927115	0.0776743	0.1670768	0.0405193	0.3337275	0.0722673	0.5246014	0.6547839	0.6325372	0.1094376	0.5342509	0.8184248	0.4740293	0.0108303	0.8845154	0.4679208	0.0714088	0.1207237	0.9617663	0.0488509	0.8150784	0.4629164	0.7645854	0.4018940	0.1311898	0.2048623	1.0072803	0.2248555	0.6121924	0.8397598	0.6321800	0.4756424	0.4387415	0.8262978	0.7321495	0.5770099	0.5127183	0.2472474	0.4675475	0.6695427	0.8779300	0.8739555	0.1859196	0.1114210	0.3027910	0.0875309	0.4452020	0.9337116	0.0923190	0.3076550	0.4567260	0.3295564	0.5843393	0.4331632	0.5475294	0.9995045	0.4764802	0.5502753	0.9677433	0.8753849	0.5037742	0.5657604	0.9376336	0.5901924	0.8249426	0.2763453	0.2930379	0.5068628	0.0884102	0.5084054	0.8779600	0.0463994	0.4195816	0.9793260
300	0.0227343	0.6279036	0.9374183	0.0319634	0.4063496	0.0001790	0.0413079	0.0737080	0.7847194	0.5108228	0.5135474	0.0939544	0.0018938	0.1641568	0.8771109	0.0645910	0.2730685	0.9633700	0.6337983	0.8055775	0.0915746	0.8289678	0.9608911	1.0597519	0.6936229	0.7547057	0.6231925	0.0415715	0.1462802	0.0167937	0.3978934	0.0743420	0.5420315	0.6124614	0.6782279	0.0757379	0.5329569	0.8940260	0.5314275	0.0234477	0.9123134	0.4300275	0.0809279	0.1263451	0.9907343	0.0567439	1.0363348	0.3916414	0.7629602	0.3040529	0.1566436	0.2432135	1.0091155	0.2844747	0.6667888	0.8864880	0.6837353	0.4798987	0.4169835	0.9350016	0.5901540	0.6405578	0.5828716	0.2849327	0.4975603	0.6877393	0.9782395	0.8495660	0.2110057	0.2019727	0.2168532	0.0343509	0.4403763	0.8909799	0.0696242	0.3650403	0.3976999	0.3523762	0.6047526	0.4527374	0.5395779	0.9797931	0.5348324	0.5415626	0.9956986	0.8260071	0.4811490	0.6404853	1.0319564	0.5703598	0.8099377	0.1907708	0.3283442	0.5260751	0.0735415	0.5793857	0.9601216	0.0544900	0.3804553	1.0584907
350	0.0181278	0.5566150	1.0350665	0.0167987	0.4414566	0.0010224	0.0284757	0.1012898	0.7961274	0.5204546	0.4981038	0.1172410	0.0159780	0.1181964	0.7875054	0.0408360	0.2299633	0.9041889	0.6869445	0.8264550	0.1023285	0.8761073	1.0086514	0.9874162	0.7170392	0.6770968	0.6613872	0.0534599	0.0932087	0.0110537	0.2942280	0.0434492	0.4891314	0.6837253	0.7751304	0.0691598	0.5056723	0.8486506	0.5255270	0.0259622	0.9014183	0.4797835	0.0660844	0.1202540	1.0612823	0.0365725	0.9399421	0.3952256	0.7853569	0.3028101	0.1195663	0.2374229	1.0458962	0.2078336	0.7052696	0.9177669	0.7245806	0.6287203	0.4368212	0.9293469	0.6165189	0.6171480	0.6691954	0.2836836	0.5453542	0.6808119	1.0534568	0.7940980	0.1306762	0.2886178	0.2318135	0.0084729	0.5157655	0.8939850	0.0985712	0.4306735	0.3909652	0.3184218	0.4992513	0.5324004	0.4455219	1.0189210	0.5461258	0.5994455	0.9285359	0.9402349	0.4710959	0.7872204	1.0113498	0.5300840	0.8568035	0.1661205	0.2618463	0.5769603	0.0686128	0.5662620	0.9123801	0.0750371	0.3749464	0.9339172
400	0.0168058	0.5852180	0.9887080	0.0211536	0.4476492	0.0007729	0.0344941	0.0803543	0.7010875	0.5201225	0.3677209	0.1198019	0.0054517	0.0993362	0.7504584	0.0272323	0.3007399	0.9689706	0.7211724	0.8589522	0.0971151	0.8748152	0.9506392	0.9551013	0.7083598	0.6720927	0.6797867	0.0794720	0.0805214	0.0020082	0.2810867	0.0525513	0.5500633	0.7543842	0.8107967	0.0685969	0.4864730	0.7627145	0.5010918	0.0160823	0.9794256	0.4242557	0.0939911	0.0920311	1.0990321	0.0219736	0.8376998	0.3841911	0.6924575	0.2932046	0.1067783	0.2500001	0.9894017	0.2974692	0.7223347	1.0295438	0.6872533	0.6010963	0.5170219	0.9802753	0.5170954	0.6133157	0.6309084	0.2807160	0.4132263	0.4833761	0.9765569	0.8351799	0.1544890	0.3217795	0.2133135	0.0100294	0.5480405	0.8952506	0.1116934	0.3037539	0.4024810	0.3287614	0.5545184	0.4696683	0.4583553	0.9517668	0.5638719	0.6062341	0.8139241	0.8789616	0.4716332	0.8660943	0.9460587	0.4757248	0.8759271	0.1775849	0.3302854	0.5132208	0.0540165	0.5824602	0.9922857	0.0847664	0.3598955	0.9246284
450	0.0171802	0.6627294	1.0468589	0.0251308	0.4091018	0.0002410	0.0274303	0.0650332	0.6550641	0.4547257	0.4398231	0.0868516	0.0115524	0.1009805	0.8312235	0.0328093	0.3328190	0.9079046	0.7010768	0.8184362	0.0869489	0.8356188	0.8804465	1.1207843	0.6539548	0.5919873	0.7634553	0.0887687	0.0824592	0.0224181	0.2796033	0.0659907	0.5705050	0.7592754	0.7251602	0.0554796	0.5440481	0.7523095	0.5317537	0.0257967	0.9350011	0.4151680	0.0755287	0.1498696	0.9738762	0.0363180	0.8081309	0.3454273	0.7479279	0.3246717	0.1189835	0.2595700	0.9730022	0.3848049	0.6684339	1.0578859	0.6292943	0.5765282	0.4593163	0.9480233	0.4658166	0.5590127	0.5052607	0.2987378	0.4266328	0.6226595	1.0010568	0.9211448	0.1751888	0.3417849	0.2633191	0.0003791	0.5622421	0.8333789	0.0964431	0.2635645	0.3208440	0.2756599	0.6322413	0.5303483	0.5208251	0.9894329	0.6015536	0.5759877	0.8813510	0.8032060	0.5015409	0.8305715	1.0143090	0.4892288	0.8114064	0.2030708	0.3211414	0.5163446	0.0312828	0.5570192	1.0693536	0.0705601	0.4111676	0.9366600
500	0.0262298	0.7196007	1.0355779	0.0303523	0.4278721	0.0007941	0.0357529	0.0734042	0.7253352	0.4724788	0.5056505	0.1013370	0.0075817	0.0937081	0.8373021	0.0353458	0.3351064	0.8768841	0.7210286	0.7889236	0.0742241	0.8737895	1.0145248	1.0937656	0.7632468	0.6865685	0.7851888	0.0996561	0.1006973	0.0296866	0.3705171	0.0779544	0.4867870	0.7323087	0.7986566	0.0763837	0.5363525	0.7156960	0.4819010	0.0167151	0.9069409	0.3670164	0.1023476	0.1437462	0.8579670	0.0540217	0.8072333	0.2569402	0.7635206	0.3114321	0.1037751	0.2811399	0.9661340	0.3293310	0.6406839	0.9946766	0.6655247	0.4973849	0.3831513	0.9357724	0.4172745	0.6042734	0.6002722	0.2913457	0.4073640	0.5920536	0.9252916	0.8723596	0.1834436	0.2604031	0.2746153	0.0021214	0.6950466	0.8672271	0.1086993	0.2296385	0.3380980	0.3190686	0.6124367	0.5402147	0.5691166	1.0159246	0.5872247	0.5275978	0.9658201	0.8465558	0.4403272	0.8446051	1.0975147	0.4386337	0.7608976	0.1677255	0.3860178	0.5624153	0.0277811	0.5180161	0.9447745	0.0484344	0.4350501	0.8235349
550	0.0239999	0.6675974	1.0147684	0.0563167	0.5689009	0.0016418	0.0452151	0.1019633	0.7133748	0.4993010	0.4179980	0.0684994	0.0052777	0.1177854	0.9522937	0.1676747	0.4507266	0.9095279	0.7078942	0.7886996	0.0998349	0.8822622	0.9193752	1.0521952	0.8090017	0.6617174	0.7476105	0.0829916	0.1122215	0.0241858	0.3615312	0.1125396	0.5632690	0.8337561	0.8150491	0.1320140	0.3222491	0.7557185	0.4019516	0.0130865	0.8324987	0.3670653	0.1002135	0.1341189	0.8067115	0.2118041	0.4928400	0.3308971	0.7116101	0.2914846	0.1139618	0.3364930	1.0017078	0.2473364	0.7302916	0.9177563	0.7790066	0.4940256	0.4824701	1.0006070	0.4447508	0.6017085	0.4244612	0.2893492	0.4268352	0.6059894	0.9542588	0.8431217	0.2866643	0.3677464	0.2892976	0.0013894	0.6111832	0.8837168	0.1928545	0.1724403	0.4323633	0.3006208	0.4214321	0.5620572	0.6351360	0.8816371	0.4647739	0.4878767	0.9383188	0.8333657	0.5441680	0.7993710	1.0258441	0.4367847	0.7181725	0.0880700	0.3082558	0.5484835	0.0327839	0.5185397	0.9771130	0.0371667	0.4251313	0.8618006
600	0.0125170	0.5822987	1.0798903	0.0393862	0.5062437	0.0050670	0.0223006	0.0936432	0.7134747	0.5162598	0.2422298	0.0835338	0.0035522	0.1296030	0.8967100	0.2487830	0.4943438	0.8936361	0.8721934	0.8687524	0.0960079	0.8420571	0.9781938	0.9671809	0.7254363	0.6797719	0.7770529	0.0938840	0.1948050	0.0260699	0.4169580	0.0969379	0.6801063	0.8239906	0.8728741	0.3526980	0.1561876	0.7514625	0.3715804	0.0115792	0.7268846	0.3898557	0.0874709	0.0811871	0.8280982	0.4535789	0.2255040	0.4072638	0.7292042	0.3240240	0.1165137	0.3889202	1.0371023	0.1305627	0.7372438	0.7058121	0.6411421	0.4510738	0.4758726	1.0393458	0.5611773	0.4989228	0.3278863	0.2376339	0.4579949	0.6244077	1.0045114	0.8304146	0.4918060	0.3730174	0.2946784	0.0262468	0.6316615	0.9705506	0.2825156	0.2483768	0.5265733	0.1699656	0.2957192	0.5928433	0.6265661	0.8847283	0.3655261	0.5270278	1.0259123	0.7723219	0.5529343	0.7172062	0.9825173	0.5043512	0.6663472	0.0618872	0.3315764	0.4988570	0.0462475	0.5362554	0.8881872	0.0403916	0.4397325	0.9072103
650	0.0074002	0.6202407	1.0520566	0.0789165	0.4734381	0.0006465	0.0409503	0.0449055	0.6501532	0.4925903	0.1770727	0.0727479	0.0059278	0.1124489	0.8335914	0.3210182	0.5541285	0.9002005	0.8879647	0.8083174	0.1021508	0.7294591	0.9324593	0.9821103	0.7254136	0.6944652	0.8251657	0.1149902	0.2315353	0.0417546	0.5011158	0.1050042	0.7579692	0.9250705	0.7090381	0.7654373	0.2426391	0.7146039	0.3195714	0.0120905	0.6719786	0.3181067	0.0909970	0.0590362	0.7648532	0.7785348	0.1526692	0.4715316	0.7861968	0.3254333	0.1296107	0.3688619	0.9936253	0.0534503	0.6446812	0.6590732	0.6816572	0.4810223	0.4870859	0.9970693	0.6122959	0.5627996	0.3213300	0.2267782	0.5199702	0.5525347	0.9913433	0.7560105	0.5268160	0.3113491	0.2855534	0.1114827	0.6192299	0.9085311	0.2432815	0.2541584	0.6413615	0.1535516	0.2611035	0.6800593	0.7019936	1.0219433	0.2219095	0.5512096	1.0243714	0.6612029	0.4039587	0.6995239	0.7141180	0.6726336	0.5905564	0.0568246	0.3094072	0.5696658	0.0490516	0.5661537	0.7851209	0.0472472	0.4923353	0.9912003
700	0.0142831	0.5461735	1.0979430	0.1461501	0.5452974	0.0021178	0.0270817	0.0162946	0.7187679	0.4954320	0.0921805	0.0717022	0.0044711	0.1322333	0.8897515	0.3079617	0.4890137	0.9997989	0.9019431	0.8809242	0.0547265	0.6255997	0.9616193	1.0948305	0.7478575	0.7073750	0.9110017	0.1128900	0.3102267	0.0512543	0.5797887	0.0860521	0.6972927	0.9793421	0.4837437	0.9609106	0.4991176	0.7714939	0.3213211	0.0119889	0.7906308	0.4314748	0.0737827	0.0617647	0.6226965	1.0156457	0.2251936	0.6976672	0.8704788	0.3336131	0.1122785	0.3592780	0.9693612	0.0269745	0.7022108	0.5788522	0.6950369	0.4237788	0.5272831	0.9829394	0.6956056	0.5965808	0.2956916	0.2435514	0.4836960	0.4380256	0.9640194	0.7168008	0.4587444	0.2137037	0.3930123	0.1388638	0.6372718	0.8646745	0.2280618	0.4424530	0.7296626	0.1326553	0.2524068	0.7204507	0.7599410	0.9499944	0.1552149	0.5094117	1.0319069	0.6207034	0.2705142	0.5760889	0.5603143	0.7042813	0.6083083	0.0366359	0.3427843	0.6010896	0.0514419	0.5476243	0.5827590	0.0205383	0.5654312	1.0423058
750	0.0195712	0.5688126	1.0578994	0.2429724	0.5365709	0.0058173	0.0287714	0.0223732	0.8390568	0.4322271	0.1545429	0.0957286	0.0108683	0.1489199	0.8284240	0.3625092	0.4687399	0.9717438	1.0128564	0.8659761	0.0621323	0.5942276	0.9084634	1.0494721	0.7817187	0.6490762	0.9564933	0.1223930	0.3423523	0.0527020	0.6013295	0.0684692	0.5939573	0.9569865	0.3304531	0.8358195	0.6718417	0.7151392	0.3222870	0.0300293	0.9318986	0.4459364	0.0861002	0.0942877	0.5512379	1.0316242	0.3334798	0.7413971	0.8379066	0.3666615	0.0817155	0.3245206	0.9599706	0.0097227	0.7390292	0.4926548	0.7471912	0.3814025	0.4436866	1.0690631	0.7958850	0.6121254	0.2493412	0.3007564	0.5462855	0.5176805	0.9877879	0.8239111	0.4677698	0.1319509	0.4107675	0.1479335	0.5802986	0.9332018	0.2297232	0.5913006	0.8093068	0.2650177	0.3067966	0.7557515	0.7799181	1.0324419	0.1437468	0.5904936	1.0523073	0.4135663	0.1623014	0.4820044	0.5463318	0.7596038	0.5051490	0.1213464	0.3383548	0.5969613	0.1169310	0.5957513	0.4452520	0.0245177	0.5609960	0.9720803
800	0.0291280	0.6124114	0.9585749	0.2893921	0.5060373	0.0031567	0.0302723	0.0279596	0.7270593	0.3142056	0.1476937	0.0967097	0.0123410	0.1207758	0.9130903	0.4117555	0.4238472	1.0074333	1.0632169	0.9793837	0.0972884	0.6717687	0.9843059	0.9607976	0.8045087	0.6661768	0.9731156	0.1199881	0.3779890	0.0747202	0.5783757	0.1317445	0.6666938	0.9136905	0.3084357	0.9801234	0.6628430	0.7151305	0.3896526	0.0246820	0.9605069	0.4938121	0.0900190	0.1079061	0.5046917	0.8820130	0.4234545	0.8267823	0.8666668	0.3074114	0.0982321	0.3495347	0.9220462	0.0128102	0.7612833	0.4932602	0.6984265	0.2958571	0.4589483	0.9239021	0.8723787	0.6337868	0.3263875	0.2645110	0.5493843	0.6613711	0.9704795	0.7757801	0.4784555	0.0750534	0.3875928	0.2270752	0.4590374	0.8780873	0.2439055	0.6830369	0.7957227	0.3215871	0.3432024	0.7021720	0.9039934	0.9578619	0.1399930	0.6891728	1.0269471	0.4042497	0.0792804	0.4268455	0.4549324	0.6900852	0.4857123	0.2426622	0.3955269	0.6361362	0.1936678	0.6352863	0.3158676	0.0381519	0.5379349	0.8784906
850	0.0211153	0.6171131	0.8279216	0.3552182	0.5157626	0.0025398	0.0404194	0.0205786	0.8243018	0.2755373	0.2196809	0.1150673	0.0075801	0.0863095	0.9340921	0.4543439	0.3915449	0.9367841	1.0066856	1.0089808	0.1036018	0.5934981	0.9974982	0.9893788	0.8321197	0.6651770	0.9061667	0.1076014	0.4527873	0.0758652	0.5327895	0.1504624	0.6332067	0.8636095	0.2805778	0.9122437	0.5947369	0.7431888	0.4573109	0.0141158	0.8779476	0.4770723	0.0968146	0.1133742	0.5249601	0.8187354	0.4334701	0.8247533	0.8135766	0.3031606	0.1019729	0.3174469	1.0450381	0.0017666	0.7463798	0.4445785	0.7626132	0.3000910	0.5181420	0.9465449	0.7636504	0.5760285	0.3810969	0.3419092	0.5193032	0.6390187	1.0403485	0.6366242	0.5427982	0.0467500	0.4223869	0.2031099	0.3762971	0.8147938	0.2403344	0.6951154	0.8296102	0.3900595	0.3552119	0.6857934	0.9437038	0.9700362	0.1477037	0.7025346	0.9233622	0.4424136	0.0696334	0.4039004	0.4986570	0.6022501	0.4322493	0.2205719	0.4410263	0.5799432	0.2750881	0.6675529	0.2958883	0.0356173	0.5717831	0.8711583
900	0.0182428	0.5808028	0.8898336	0.3283004	0.4046547	0.0034268	0.0378424	0.0227196	0.8256471	0.4173389	0.2352549	0.1038940	0.0014619	0.0834828	0.8749685	0.4674307	0.4414929	0.9527637	0.9800919	0.9836786	0.0796146	0.7087266	0.9385206	1.0105396	0.9025248	0.6324471	0.9217517	0.0732939	0.5278574	0.0721121	0.4704880	0.1727957	0.5825369	0.7956451	0.2763354	0.9570131	0.4666634	0.7547274	0.5225531	0.0282831	0.9219127	0.5366856	0.0641114	0.1047339	0.5701242	0.7603788	0.5206641	0.7774218	0.8294347	0.2635968	0.1142721	0.3795550	1.0427752	0.0109811	0.6953413	0.3501182	0.7272753	0.3057009	0.5089231	0.8329078	0.6425177	0.5052240	0.4038848	0.3765408	0.5771233	0.5911307	0.9353241	0.6668950	0.5724803	0.0485183	0.3362762	0.2347982	0.3598155	0.8356222	0.2152943	0.7006270	0.8004067	0.3798919	0.3174861	0.6314790	0.8613447	0.8037920	0.1881793	0.8026948	0.9320191	0.4818388	0.0806231	0.3746761	0.4623210	0.6150582	0.3722699	0.2205008	0.4234654	0.6118100	0.3455687	0.6660041	0.3878589	0.0237752	0.5037717	0.9871243
950	0.0199287	0.6833253	0.9425116	0.2961008	0.4332358	0.0041551	0.0289693	0.0297354	0.9670537	0.5010258	0.2062982	0.0862564	0.0042811	0.1118372	0.9162862	0.5000728	0.5482898	0.9241491	1.0963544	0.9504493	0.0810223	0.6336228	1.0050001	1.0452011	0.8523017	0.6840820	0.9142142	0.1080418	0.5878585	0.0801083	0.5180553	0.1511290	0.5128630	0.8549818	0.3072139	1.0720520	0.4334083	0.7026480	0.4012055	0.0286938	1.0183133	0.5473241	0.0691743	0.1282324	0.5790931	0.6862269	0.5576924	0.8117586	0.8153716	0.2884393	0.1108991	0.4009627	1.0284293	0.0293173	0.7638786	0.3042109	0.7439244	0.2845782	0.5163193	1.0296419	0.6318819	0.5616619	0.4092172	0.3534309	0.5854626	0.5944226	0.9963737	0.6619837	0.5014871	0.0699248	0.3381682	0.2471004	0.2884269	0.7501432	0.1805584	0.7138644	0.8323875	0.4149778	0.3750445	0.6002345	0.7969995	0.8713688	0.1889838	0.9190087	0.9591366	0.5285449	0.0957698	0.3726893	0.5176319	0.4978125	0.4227930	0.2755106	0.4292398	0.5791061	0.3115396	0.6763180	0.3866458	0.0374902	0.4478787	0.9798627
1000	0.0539399	0.5835729	0.9499953	0.3128623	0.3701769	0.0034945	0.0502617	0.0265931	0.8148793	0.3493303	0.1552293	0.0832556	0.0011571	0.0976191	0.9096370	0.4403007	0.5367431	0.8852856	1.0693730	0.8618413	0.1285168	0.6611365	0.9235576	0.9588398	0.8387561	0.6172424	0.8240299	0.0996468	0.5915662	0.0703138	0.4625665	0.1913891	0.5873753	0.8380674	0.2892199	1.0289356	0.4166113	0.8049199	0.3540887	0.0190183	1.0115310	0.5948575	0.0743875	0.1273492	0.6043584	0.5789434	0.5658683	0.8851626	0.7868980	0.3415496	0.1041671	0.3873646	1.0417954	0.0232024	0.7756639	0.2091450	0.7345672	0.3095588	0.4613230	0.9515348	0.7068139	0.5622733	0.4199571	0.3900463	0.5400270	0.5937504	1.0057972	0.7595370	0.4575935	0.0695955	0.3217925	0.2518267	0.2498763	0.7476314	0.2130625	0.7027492	0.9160116	0.4323940	0.3325276	0.6173986	0.7486292	0.9096983	0.1662750	0.8714944	0.9618748	0.5377877	0.1112726	0.4558495	0.5287009	0.4791922	0.4221977	0.3240971	0.3843625	0.5969373	0.3025217	0.6848685	0.2936778	0.0269014	0.4793960	0.9835340

0	0.0094491	0.6355617	1.0459758	0.0876986	0.4170952	0.0015965	0.0357302	0.0201856	0.7842026	0.5482911	0.1482550	0.1067167	0.0074763	0.0795139	0.9263252	0.4386615	0.5117037	1.0187251	0.9869150	0.9112762	0.0675828	0.6396705	0.9879649	0.9056811	1.0249936	0.8053086	0.8415975	0.0956169	0.2807776	0.0361236	0.3476186	0.0945586	0.7647381	0.8073502	0.2691465	0.9854445	0.2644993	0.7761342	0.3511720	0.0142404	0.9503393	0.3956488	0.0912837	0.0721673	0.8039584	0.5632487	0.5721011	0.9104100	0.8750489	0.3877912	0.0490860	0.3690556	1.0040851	0.0016799	0.7496314	0.4296180	0.7445798	0.3138374	0.4763448	0.9977159	0.8917758	0.5763065	0.2317245	0.3844034	0.5377636	0.4876338	1.0898320	0.8135737	0.5024926	0.0491368	0.3912071	0.2335426	0.3169327	0.9297559	0.3112694	0.3637340	0.9584119	0.1589398	0.2670455	0.6498318	0.7931145	1.0351174	0.1402507	0.6535788	1.0095359	0.4184859	0.2245238	0.5131035	0.6073464	0.7854143	0.4606182	0.1309775	0.4648780	0.5528648	0.0723851	0.5781484	0.2784400	0.0363961	0.5378107	0.9932421
50	0.0097200	0.6643182	1.0208792	0.2028968	0.5031648	0.0014849	0.4525384	0.0423232	0.7388998	0.5034025	0.1098323	0.0926986	0.0047356	0.1038603	0.8852613	0.3601018	0.4681876	1.0900054	0.8905855	0.8024700	0.3242824	0.5726840	0.9981516	0.7300211	0.6921055	0.8815598	0.8612241	0.2731931	0.2866194	0.0928260	0.3017381	0.0790729	0.7149613	0.6963291	0.2005118	0.9522877	0.1556655	0.7147127	0.3888545	0.0072993	0.8321350	0.3166668	0.0817900	0.1099448	0.7823607	0.3624501	0.6867424	0.9375504	0.8567571	0.2972051	0.0573483	0.2620474	0.9609428	0.0057501	0.8172119	0.6487109	0.8169470	0.1786903	0.4126853	0.9948471	0.7773501	0.3904111	0.2487288	0.3230881	0.5596410	0.7022570	0.9156722	0.6524626	0.4897048	0.0289934	0.4138286	0.3377360	0.2289237	0.8227584	0.2954577	0.4755710	0.8673126	0.1313411	0.2079237	0.6411297	0.6311501	0.9698487	0.1039944	0.6561726	0.9074848	0.3393890	0.2871890	0.4693233	0.7432185	0.7944150	0.5099117	0.1053771	0.4416338	0.5240660	0.2715776	0.5627131	0.1732307	0.1992134	0.5620873	1.0376760
100	0.0103610	0.7156825	1.0137574	0.3010629	0.5291910	0.0519185	0.8047189	0.0910912	0.7097572	0.5277300	0.0988700	0.0706485	0.0025092	0.1222840	0.8193231	0.4377850	0.4945910	0.9498279	0.8493116	0.6972997	0.4842357	0.6005531	0.9703777	0.5879957	0.6043953	1.0396405	0.9299180	0.5077802	0.3981024	0.1437614	0.3951869	0.0417808	0.6605671	0.7762448	0.2680581	0.7824507	0.1520089	0.7375094	0.3728732	0.0170509	0.8010101	0.3465543	0.0739012	0.1165688	0.7521268	0.4053288	0.6969404	0.8512440	0.7682353	0.2992439	0.0329687	0.3046553	0.9250421	0.0480436	0.7374899	0.7261345	0.8357611	0.1394534	0.4644906	0.9882254	0.8089394	0.3750388	0.2581795	0.2978402	0.5652002	0.8417500	0.9666685	0.7816747	0.5182048	0.0366880	0.4248220	0.3911727	0.2203554	0.8810778	0.3082918	0.6029397	0.8310238	0.1499998	0.2135376	0.6844317	0.5775573	0.8267313	0.1038517	0.7568873	0.7879426	0.3172120	0.3754906	0.4130249	0.6181580	0.8115171	0.5060170	0.0707215	0.4639808	0.5667908	0.4338791	0.5651997	0.1972933	0.4133237	0.5300786	0.9960892
150	0.0227634	0.8093863	0.9927004	0.3229067	0.5152512	0.0923681	0.9253721	0.1227002	0.6480372	0.5485658	0.1204879	0.0802596	0.0168083	0.1393888	0.6228279	0.3468812	0.5592306	1.0140320	0.8861035	0.5414650	0.6689356	0.6366804	0.9778817	0.3329764	0.6377592	1.0039571	0.9553827	0.5560281	0.5641365	0.1905104	0.5100452	0.0366506	0.5646339	0.7604110	0.2664857	0.7816136	0.1403911	0.6924221	0.3241048	0.0101275	0.8270740	0.3530420	0.1177286	0.0809474	0.8175657	0.4002550	0.6473671	0.8331428	0.8223269	0.3179988	0.0214029	0.3259811	0.8658005	0.2684997	0.6462350	0.6805237	0.7814205	0.1878426	0.5645512	0.8495086	0.9551612	0.3806561	0.2584095	0.3064444	0.6731524	0.8926053	0.9373887	0.7375982	0.5074841	0.0316752	0.4121139	0.4377499	0.3401837	0.8938363	0.2990885	0.8228017	0.7981426	0.1345860	0.2229637	0.6101221	0.4821652	0.7897173	0.1315681	0.6170193	0.7842315	0.3658881	0.3865557	0.3635775	0.5949164	0.7317233	0.5009012	0.0776131	0.4278117	0.5189266	0.5796350	0.5307794	0.1586071	0.5167972	0.5148192	0.9074794
200	0.0350458	0.6154346	0.9694826	0.3001399	0.4214952	0.1301590	0.9511593	0.1806936	0.7042822	0.4343954	0.1041557	0.0716112	0.0217415	0.1512032	0.5126986	0.3569903	0.5325549	1.0266318	0.9215477	0.5557513	0.6238293	0.6490409	0.8799458	0.2618935	0.6165963	0.9732707	0.9518995	0.5475957	0.6807917	0.2064453	0.5243623	0.0333161	0.5768766	0.8381599	0.2316931	0.8498322	0.1190299	0.7723778	0.3203380	0.0203282	0.8535935	0.3328064	0.0991763	0.0455964	0.7584530	0.4724935	0.6008735	0.7671105	0.8853539	0.3367185	0.0149092	0.3047713	0.9055201	0.4675808	0.7615743	0.6802676	0.7374547	0.1762484	0.5977914	0.9219145	0.8285368	0.4116807	0.3649624	0.3192915	0.7110734	0.9363368	0.9847788	0.7410878	0.5156444	0.0090795	0.3789632	0.3625760	0.4089187	0.9859871	0.2741852	0.9385314	0.9059968	0.1052203	0.1983393	0.5976890	0.5757981	0.9263634	0.1288398	0.7207853	0.7279060	0.3925530	0.3713709	0.3671636	0.6847962	0.6849114	0.4468995	0.0988339	0.4578883	0.5842007	0.6802237	0.5609262	0.1721695	0.6158314	0.5396812	0.9028474
250	0.0623543	0.5859214	0.9822562	0.3678101	0.3033473	0.1731271	0.9725527	0.1793663	0.7689741	0.3435160	0.0950416	0.0761651	0.0893933	0.1799372	0.5650383	0.3563651	0.5404456	0.9723312	0.8262814	0.4904466	0.6653123	0.6618254	0.8702902	0.2384649	0.6586022	1.0265105	1.0203206	0.5742674	0.6884036	0.1948690	0.6408485	0.0356440	0.5287697	0.7540483	0.2248145	0.8745399	0.1581099	0.8108677	0.3363750	0.0307536	0.9945664	0.3421538	0.1021653	0.0508309	0.7360529	0.4201757	0.4214314	0.7869536	0.9756363	0.3687161	0.0093466	0.3399553	0.9281059	0.5781675	0.6489110	0.5886073	0.7255567	0.1799064	0.5282226	0.9346171	0.7882251	0.4430403	0.3836828	0.3217959	0.6750410	0.8056838	0.9522749	0.6826001	0.4420633	0.0303553	0.3483879	0.4808365	0.4619087	0.8637622	0.2899190	0.8378490	0.9458342	0.1056851	0.1970600	0.6274348	0.5300952	0.8109759	0.1076107	0.8492572	0.6619876	0.3540302	0.4128450	0.4133573	0.7747874	0.7110184	0.3756687	0.1454506	0.4195488	0.5961180	0.6449323	0.5052732	0.1644328	0.6367987	0.5210672	1.0828018
300	0.1021733	0.6829789	0.9969466	0.3694106	0.3008142	0.2315200	0.9273848	0.1667640	0.8361300	0.1644180	0.0964896	0.1130872	0.1046018	0.2275757	0.5675314	0.3542369	0.5113056	0.9688382	0.8877427	0.4877348	0.6044873	0.6028496	0.8294296	0.2195397	0.7385918	1.0287570	1.0080560	0.6465658	0.7450848	0.2374267	0.6431569	0.0443726	0.4665646	0.8094688	0.2838300	0.8927199	0.1509304	0.8523230	0.3463629	0.0269361	0.8697183	0.3722104	0.0444730	0.0671360	0.6868729	0.5474673	0.5079640	0.8667771	0.9372059	0.2948558	0.0063731	0.3230093	0.8607417	0.6037339	0.7025613	0.6579981	0.8043455	0.1277205	0.5843034	0.8712610	0.9269789	0.4185870	0.3275042	0.3843878	0.6151446	0.8521133	1.0622274	0.6729421	0.3888393	0.0897350	0.4141971	0.4221035	0.5752847	0.9362230	0.2251264	0.9073339	0.9296477	0.1607901	0.2133303	0.5709692	0.5961607	0.8291188	0.1389103	0.8624313	0.7143603	0.3547408	0.4118604	0.3190412	0.6223056	0.6799790	0.4157329	0.2800716	0.4229787	0.5197795	0.6802922	0.5397066	0.1878815	0.6407531	0.4993186	0.9437778
350	0.1358449	0.6523593	1.0948449	0.3345482	0.2937668	0.2470870	0.9744481	0.1479367	0.8532109	0.0930738	0.1147530	0.0890306	0.1243342	0.1689328	0.6282496	0.3320269	0.5052108	1.0105628	0.9380921	0.5047545	0.6693692	0.5255322	0.7725578	0.1588933	0.6699171	1.0491973	1.1257946	0.6578080	0.8098785	0.2345569	0.6014735	0.0599979	0.5182858	0.8684486	0.2532807	0.8634016	0.2174892	0.7991962	0.3754238	0.0200774	0.8324513	0.3798355	0.0838140	0.0653557	0.7210159	0.4772374	0.5612180	0.9033188	0.9471132	0.2956085	0.0063635	0.3398542	0.5994493	0.6647493	0.6762021	0.5824737	0.7626266	0.1574117	0.5763412	0.9510015	0.8216280	0.4366347	0.3544047	0.3877234	0.5878525	0.7377308	0.9934252	0.6479067	0.4445265	0.0711943	0.5007920	0.3552869	0.6409585	0.9232752	0.2247075	0.8768166	0.8399442	0.2744521	0.2721461	0.6150416	0.5868057	0.7480597	0.1465847	0.7780962	0.7079686	0.3692929	0.4234117	0.3173816	0.5379273	0.7171757	0.4008745	0.3235240	0.4654056	0.4954928	0.6366875	0.5239442	0.1596157	0.6705522	0.5262613	0.9073849
400	0.1345008	0.6221640	0.9297756	0.3423293	0.3121292	0.1882802	1.0273850	0.1471237	0.8874134	0.0943989	0.1082561	0.0830922	0.1611259	0.1684052	0.6132978	0.4155910	0.4047159	0.9145686	1.0479589	0.5147900	0.6062921	0.6451045	0.7845333	0.1405133	0.6683314	0.9990570	1.0755965	0.6070510	0.7739540	0.2640504	0.6312226	0.0540240	0.4497193	0.9110018	0.2851638	0.8456239	0.1962323	0.7515388	0.3543039	0.0106046	0.8738838	0.3701721	0.0864053	0.0613852	0.7771187	0.5072843	0.5963702	0.9958551	0.9040206	0.2788506	0.0067256	0.2826932	0.5251649	0.5833923	0.6951166	0.5829638	0.7974071	0.1320729	0.6676997	0.8757178	0.7468279	0.4932949	0.3337828	0.4346904	0.5371292	0.7004272	1.0969940	0.5998758	0.4382022	0.0762882	0.4907225	0.4169469	0.6163481	0.8787185	0.2856021	0.9132715	0.8287238	0.1649416	0.3029675	0.6157799	0.5644525	0.8671570	0.1501832	0.9210190	0.6245256	0.2727837	0.4434122	0.3276686	0.5711179	0.7164460	0.4284813	0.3137646	0.4148986	0.5283549	0.6621594	0.5471320	0.0854287	0.7136294	0.5466580	0.9003231
450	0.1342553	0.6831094	0.9016207	0.3716667	0.2767041	0.1931527	0.9641602	0.1978509	0.9846785	0.0830840	0.1353896	0.0746165	0.1033001	0.1297239	0.5522388	0.3349940	0.4740747	0.9666060	1.0127792	0.5663298	0.6062238	0.6135894	0.8239295	0.2003257	0.6843358	0.9749500	1.1008556	0.6455901	0.7743067	0.2105225	0.6242160	0.0466147	0.5240168	0.8719611	0.2263638	0.8996681	0.2163934	0.7443328	0.3880642	0.0064758	0.8586688	0.3775886	0.0666781	0.0713888	0.8188415	0.4307502	0.6358257	0.9018946	0.9291162	0.2980688	0.0059442	0.3317839	0.4405392	0.6232444	0.7323672	0.5843142	0.7876032	0.1158205	0.6183844	0.9421770	0.8202487	0.4570880	0.3339421	0.4396810	0.5571303	0.6179798	1.0207424	0.6664570	0.4245054	0.0450533	0.4258458	0.4357491	0.5277089	0.9483977	0.2536009	1.0204044	0.7920245	0.2068503	0.2741532	0.7956230	0.5585820	0.7584767	0.1085890	0.8153066	0.7282437	0.2938940	0.5122179	0.2288519	0.6531375	0.8380692	0.3850864	0.2237059	0.3957851	0.4607244	0.7011784	0.6448378	0.1088838	0.6027532	0.5061748	0.8996591
500	0.1315579	0.5919539	0.9321977	0.3500823	0.2473120	0.1657575	0.9948617	0.1573411	0.9693720	0.0954321	0.1021439	0.0683624	0.0954881	0.1705636	0.5005329	0.3862384	0.5048684	0.9608088	1.0011318	0.5162204	0.7291814	0.6052500	0.8101390	0.1713352	0.6931090	0.9826029	1.0565676	0.6207349	0.7945413	0.2100964	0.6800965	0.0509434	0.4682720	0.7237485	0.2505976	0.7698934	0.1812305	0.7047971	0.4030108	0.0040304	0.8748079	0.4074673	0.0786761	0.0571868	0.7512633	0.3964726	0.6321855	0.9000058	0.8249114	0.2743189	0.0046247	0.3619228	0.4261371	0.6455145	0.8193049	0.5856854	0.7844569	0.1553142	0.6241863	1.0399447	0.8216600	0.3853784	0.3218960	0.3893241	0.6222067	0.6546858	0.9081837	0.6646240	0.4810016	0.0722174	0.3677691	0.4461324	0.5595960	1.1425351	0.2483194	0.8779901	0.8191204	0.3413118	0.2314024	0.6590782	0.5393514	0.8247086	0.1228405	0.7933418	0.7089991	0.3892030	0.5562611	0.2769491	0.6108297	0.7931676	0.3830892	0.1428446	0.4030440	0.4779955	0.6718373	0.5832551	0.1440026	0.6301453	0.5119406	0.9469619
550	0.1348742	0.5837660	0.9303258	0.1917845	0.2659677	0.1607367	0.5395838	0.1208029	1.0516984	0.0654509	0.0978951	0.0955330	0.0832521	0.1994419	0.5488129	0.4499436	0.4549444	0.8830081	0.9496962	0.5612633	0.4394656	0.5586790	0.8136266	0.2523038	0.7569072	0.8756935	1.0751622	0.5367031	0.7650814	0.1609936	0.6518413	0.1161303	0.4680509	0.7007654	0.2779161	0.7745296	0.1234985	0.6986091	0.3916945	0.0194664	0.9493444	0.4338399	0.0720155	0.0788521	0.7456839	0.4038706	0.6024630	0.8358972	0.8808429	0.3072562	0.0036970	0.3356730	0.3720243	0.5966227	0.6848603	0.4400150	0.8001911	0.1700185	0.6247668	0.9643758	0.8054467	0.4619979	0.3424737	0.3712001	0.6461420	0.5285729	0.8890738	0.6500795	0.4474997	0.1141743	0.3797417	0.3279954	0.6194667	0.9338421	0.2506151	0.7958704	0.8074795	0.2231757	0.2015344	0.7026873	0.6392712	0.8997249	0.1098851	0.8865134	0.7466390	0.3513882	0.5782378	0.2926677	0.5088036	0.7389043	0.4267218	0.1885260	0.4084646	0.4660745	0.5147932	0.6387534	0.1419205	0.4310913	0.5388347	0.9675227
600	0.1401625	0.6198431	1.0092310	0.1579650	0.2101449	0.1334530	0.2501249	0.0804453	0.9935315	0.0500487	0.1080899	0.1113506	0.0844383	0.1789812	0.8129448	0.4391414	0.4826446	1.0123358	0.9038147	0.7194467	0.2403234	0.6269991	0.8302255	0.4547738	0.8828571	0.7641338	0.9985733	0.3353978	0.7598967	0.0814462	0.5651922	0.1767306	0.4824746	0.6971413	0.2924501	0.8009875	0.1313089	0.7438486	0.2927700	0.0115846	0.9716830	0.4495939	0.0718887	0.0807272	0.7504753	0.3863672	0.5725823	0.8313468	0.8352918	0.3851793	0.0094337	0.3835933	0.3256332	0.4682696	0.7191062	0.3344408	0.7845315	0.2072699	0.5862361	0.9519550	0.8027727	0.6078491	0.2338792	0.2755669	0.6830019	0.4265749	0.8528037	0.5896224	0.4060304	0.1488851	0.3090952	0.3305725	0.5168047	0.8995224	0.2440303	0.8322851	0.8457037	0.2554481	0.2268839	0.6676165	0.7463340	0.9097142	0.1130188	0.8033157	0.9302706	0.2874394	0.5631332	0.3180799	0.4460426	0.7391188	0.4028520	0.2689524	0.3958843	0.5210088	0.3318418	0.6206792	0.1641714	0.1887182	0.5704995	1.0187331
650	0.1431378	0.5849582	0.9491973	0.1105431	0.1850985	0.0777874	0.1014906	0.0566450	0.9850437	0.0472108	0.2141054	0.0801095	0.0518976	0.1269512	0.8727652	0.4295624	0.4492778	0.9868150	0.9069849	0.7846564	0.1105454	0.5904507	0.9360689	0.6048130	0.9341261	0.7211827	0.9899609	0.1794842	0.6974132	0.0716229	0.4996571	0.1984804	0.5411747	0.7497120	0.2881736	0.7803109	0.1234287	0.7448991	0.3034373	0.0350792	0.9943295	0.4591013	0.0551656	0.0754705	0.7738580	0.3982377	0.5567960	0.8060737	0.7598588	0.3647609	0.0308727	0.3195236	0.2689685	0.3066391	0.7157965	0.2647976	0.8326551	0.2279466	0.5157733	0.9963056	0.7595361	0.6484808	0.2892476	0.2276906	0.5279164	0.3766197	0.8139722	0.6469192	0.4265330	0.1945755	0.3630745	0.2663416	0.4207738	0.9222880	0.2333571	0.7122531	0.8109283	0.2869480	0.2263311	0.5395048	0.7630777	0.9468758	0.0868493	0.7925459	0.8587787	0.3387767	0.5544394	0.3024762	0.4738831	0.7700856	0.3799093	0.2727375	0.4132184	0.5962914	0.1920345	0.7063190	0.2270153	0.1350500	0.5278077	0.9824361
700	0.1072023	0.5681937	0.9784320	0.1025467	0.1894136	0.0485885	0.0464416	0.0602470	0.9663357	0.0350871	0.1367307	0.0775069	0.0202536	0.1070796	0.8392665	0.4485531	0.4338739	1.0146168	0.9881023	0.8476442	0.0559675	0.5161008	0.8878376	0.8325976	0.8395584	0.7493990	0.9375492	0.1497378	0.5039260	0.0519686	0.4119379	0.1807293	0.6062478	0.7757078	0.2851988	0.8476695	0.1703879	0.6869649	0.3504207	0.0249092	0.9846436	0.4964853	0.0497244	0.0732398	0.7997948	0.4692656	0.5473975	0.7987433	0.7313643	0.2572204	0.0712369	0.3965339	0.2374713	0.2104107	0.7969303	0.2392255	0.8375687	0.2549781	0.5536334	0.9717916	0.6793300	0.6142456	0.3205681	0.2348016	0.4698319	0.4017497	0.8919618	0.7212330	0.3937124	0.1540061	0.3049456	0.2636816	0.3288750	0.8424760	0.2031794	0.7024568	0.7669574	0.3423730	0.1834219	0.7040198	0.7568842	0.9055659	0.0868994	0.8300614	0.9555888	0.3120392	0.5366363	0.3302200	0.5255716	0.6138934	0.4831066	0.2611792	0.3548501	0.5694930	0.1045082	0.6115269	0.2181747	0.0712539	0.6113417	1.0478367
750	0.0817690	0.5078550	0.8770598	0.1136810	0.3159215	0.0152144	0.0457161	0.0206079	0.9766467	0.0431101	0.1021726	0.1256691	0.0191211	0.1022478	0.8755021	0.4606023	0.4749443	0.9342740	0.8783051	0.8202340	0.0451782	0.6503694	0.9921637	0.8729396	0.8977995	0.7033213	0.9796471	0.0912573	0.4111895	0.0313402	0.3931197	0.1507200	0.6202724	0.7756467	0.2648285	0.8929019	0.3109791	0.7831822	0.3544088	0.0229370	0.9693559	0.5276040	0.0721677	0.0660813	0.8461596	0.5960125	0.5490093	0.8122765	0.8473407	0.2526549	0.0824939	0.4011470	0.2130369	0.1090340	0.7171193	0.2568468	0.8411228	0.2627928	0.4597913	1.0576570	0.5620712	0.6256522	0.2396094	0.2105454	0.4696201	0.4345648	1.0443704	0.7529430	0.3959921	0.1214290	0.3233849	0.2809136	0.2552694	0.9917508	0.2714088	0.6409699	0.7862043	0.4152557	0.1964134	0.7122072	0.7401644	1.0553491	0.1171749	0.7671403	1.0239506	0.3356250	0.4855410	0.4018657	0.5412627	0.7723683	0.4953251	0.3044209	0.3685802	0.5538296	0.1004654	0.6782572	0.2143335	0.0570116	0.5424565	1.0326357
800	0.0477756	0.6483195	0.9387011	0.1506814	0.4727639	0.0148216	0.0221754	0.0121423	1.0507266	0.0281535	0.1041050	0.0808651	0.0057210	0.1353958	0.8929358	0.4438595	0.5032495	1.0061239	0.9336224	0.8230845	0.0673368	0.5969066	0.9582096	0.9121284	0.9144590	0.6336527	1.0550161	0.1150641	0.3227731	0.0243511	0.3988139	0.1003173	0.6545988	0.8423184	0.2520521	1.0178712	0.3775234	0.7529860	0.4000539	0.0240684	0.9144379	0.5152090	0.0387995	0.0624759	0.8029494	0.5270926	0.5491601	0.8990870	0.9526903	0.2672979	0.0673805	0.3863962	0.2773026	0.0405860	0.8407154	0.3509896	0.7750293	0.2175106	0.4664085	0.9580595	0.6566726	0.5813696	0.1996700	0.2510637	0.5154268	0.4837546	1.0083221	0.7386866	0.3797960	0.0636017	0.3502371	0.2114554	0.2407723	0.9482454	0.2881578	0.6096594	0.8237707	0.4840607	0.2173621	0.6825747	0.7407278	0.9580009	0.1034668	0.8434231	0.9642534	0.3591754	0.4353776	0.3795448	0.5835713	0.7569929	0.5168187	0.3404427	0.2900009	0.5900103	0.0696272	0.5952446	0.2485564	0.0298701	0.5315449	1.0069595
850	0.0289459	0.6836110	0.9297401	0.1707286	0.4731225	0.0052882	0.0389677	0.0116368	1.0738326	0.0582588	0.1272014	0.0692444	0.0051779	0.1216039	0.8703210	0.3701582	0.5076744	0.9492298	0.9471352	0.7961189	0.0817033	0.6066576	0.9710833	0.9618717	0.9214552	0.6503391	0.9722323	0.0844774	0.2025673	0.0415959	0.3726946	0.0739445	0.6657185	0.8572411	0.2159681	0.9648623	0.4379622	0.7128157	0.3794473	0.0113378	0.9778336	0.4496820	0.0634844	0.0983881	0.7240939	0.5268027	0.6492081	0.8603089	0.8868865	0.3552046	0.0930815	0.3495277	0.3573642	0.0117286	0.7307871	0.4131900	0.6860365	0.2447485	0.3873402	0.9807285	0.7079721	0.5626290	0.1460191	0.2460615	0.6073660	0.5579765	1.1169870	0.7212713	0.3508711	0.0268740	0.3221021	0.2770186	0.2754726	0.8889273	0.3704617	0.5751819	0.8775593	0.5382247	0.2635902	0.7353288	0.7787389	0.9579789	0.1095557	0.7119701	1.0533071	0.3582875	0.3444389	0.3415888	0.6307193	0.8526199	0.5187385	0.3270834	0.3947002	0.5765764	0.1102043	0.6891392	0.1976847	0.0251950	0.5723535	0.9768641
900	0.0356180	0.7291439	0.9768045	0.1531892	0.5204245	0.0012502	0.0324400	0.0171990	1.1042173	0.1627336	0.1372482	0.0702093	0.0007308	0.0832426	0.9391792	0.3889699	0.4859896	1.0126061	0.8910901	0.8268003	0.0566128	0.6161771	1.0812130	1.0668048	0.8573728	0.6795058	0.9197167	0.1089784	0.2327814	0.0320339	0.3642458	0.0796331	0.6070730	0.8549122	0.2288826	0.9808181	0.3331169	0.7868944	0.3322497	0.0299184	0.9828577	0.4264976	0.0787187	0.0974004	0.7044267	0.4936440	0.6096580	0.9475769	0.9158783	0.3020766	0.0716285	0.3373528	0.4952908	0.0014840	0.7143542	0.4932132	0.6751678	0.2390895	0.4074195	0.9398694	0.7829223	0.5671890	0.1807653	0.2548921	0.5598488	0.6122714	1.0037279	0.6337927	0.4072537	0.0350331	0.3837957	0.2803109	0.2433018	0.9276807	0.3779379	0.4400676	0.8712039	0.3634785	0.2746137	0.6170747	0.7688289	0.9185221	0.1056519	0.6192959	0.9698713	0.3217918	0.2726649	0.3444075	0.5681973	0.8502421	0.5659474	0.2803788	0.3902611	0.4778144	0.1209155	0.6372689	0.2218455	0.0415932	0.5109366	1.0468561
950	0.0357661	0.6967653	0.9193703	0.1212151	0.4715640	0.0005801	0.0187001	0.0191687	0.9875556	0.1937749	0.1256450	0.1018736	0.0002328	0.1021257	0.8823903	0.3562964	0.4588195	0.9720024	0.8421829	0.7928415	0.0440137	0.6013083	1.0414998	1.0429027	0.8536929	0.6118613	1.0137402	0.0940948	0.2253615	0.0298337	0.3663204	0.0968217	0.6889264	0.7817887	0.2685945	0.9002656	0.2610928	0.6590462	0.3489624	0.0206737	1.0032013	0.4517047	0.0670502	0.0888791	0.7362064	0.4624145	0.6666807	0.9342370	0.8524074	0.3000019	0.0827071	0.3645299	0.6178743	0.0025877	0.6679739	0.5086631	0.6622703	0.2442744	0.4826034	0.9019705	0.7763817	0.6285628	0.2272538	0.2511128	0.5176977	0.6214880	0.9510684	0.6852948	0.4747825	0.0260132	0.3161708	0.2082890	0.2521271	0.8749141	0.3149963	0.3651270	0.8624186	0.2567533	0.2863970	0.6287089	0.8853687	0.8116113	0.0984765	0.6970104	1.0288509	0.2919897	0.2404966	0.3881425	0.4361399	0.6767384	0.4731135	0.2948536	0.3885745	0.5241938	0.1537792	0.5356212	0.2652483	0.0573325	0.5006966	1.0222369
1000	0.0253405	0.6162204	0.9279930	0.1332244	0.4625779	0.0016059	0.0281299	0.0187703	0.9836575	0.2171600	0.1172080	0.1230437	0.0000000	0.1084568	0.8043621	0.3690482	0.4672833	0.9600558	0.9479005	0.9763922	0.0490945	0.6171568	1.0034735	0.9815092	0.9234047	0.6015245	0.9929598	0.1205453	0.2313881	0.0501337	0.3434574	0.0853931	0.7517073	0.7850473	0.2533730	0.8062224	0.2047382	0.7721590	0.3709390	0.0289179	0.9860574	0.4619988	0.0992500	0.1009340	0.7479764	0.3938871	0.6648212	0.9101576	0.9381810	0.3316716	0.0734061	0.3384260	0.7505805	0.0004263	0.7564609	0.4820138	0.7465995	0.2627540	0.4063162	0.9780425	0.8671924	0.6490419	0.2051372	0.2458922	0.4927875	0.5523895	0.9353507	0.6914404	0.4711172	0.0297984	0.3329312	0.1648365	0.2329464	0.9845415	0.3417614	0.3381568	0.8835900	0.3048244	0.2604650	0.6619489	0.8395430	1.0394379	0.1275458	0.7462138	1.0925326	0.3228265	0.2343796	0.4546735	0.5452225	0.6863041	0.4872502	0.3006673	0.5118821	0.5988639	0.1255059	0.6242788	0.2129355	0.0596772	0.5360948	1.0540191

0	0.0094491	0.6355617	1.0459758	0.0876986	0.4170952	0.0015965	0.0357302	0.0201856	0.7842026	0.5482911	0.1482550	0.1067167	0.0074763	0.0795139	0.9263252	0.4386615	0.5117037	1.0187251	0.9869150	0.9112762	0.0675828	0.6396705	0.9879649	0.9056811	1.0249936	0.8053086	0.8415975	0.0956169	0.2807776	0.0361236	0.3476186	0.0945586	0.7647381	0.8073502	0.2691465	0.9854445	0.2644993	0.7761342	0.3511720	0.0142404	0.9503393	0.3956488	0.0912837	0.0721673	0.8039584	0.5632487	0.5721011	0.9104100	0.8750489	0.3877912	0.0490860	0.3690556	1.0040851	0.0016799	0.7496314	0.4296180	0.7445798	0.3138374	0.4763448	0.9977159	0.8917758	0.5763065	0.2317245	0.3844034	0.5377636	0.4876338	1.0898320	0.8135737	0.5024926	0.0491368	0.3912071	0.2335426	0.3169327	0.9297559	0.3112694	0.3637340	0.9584119	0.1589398	0.2670455	0.6498318	0.7931145	1.0351174	0.1402507	0.6535788	1.0095359	0.4184859	0.2245238	0.5131035	0.6073464	0.7854143	0.4606182	0.1309775	0.4648780	0.5528648	0.0723851	0.5781484	0.2784400	0.0363961	0.5378107	0.9932421
50	0.0692998	0.6094636	0.8341133	0.0973633	0.5066480	0.0010188	0.0449733	0.0193027	0.5780282	0.2492597	0.1192177	0.0720322	0.0646343	0.0837464	0.8202279	0.4397900	0.3177044	1.1100949	0.7406566	1.0118961	0.3355494	0.6635105	1.0568813	0.7978745	0.9214813	0.8097240	0.9620089	0.3719384	0.1841278	0.0213243	0.4850262	0.0623745	0.7065750	0.7646980	0.2720056	0.8825773	0.2834054	0.5942406	0.4437209	0.0208246	0.8702079	0.4317903	0.0437364	0.0975444	0.7758893	0.4977687	0.6351792	0.8763820	0.8411550	0.5886448	0.0756027	0.3556475	1.0381956	0.0000578	0.7672823	0.5214560	0.7666950	0.2987545	0.4941666	0.9810057	0.7950582	0.6346539	0.1774102	0.2666247	0.4739030	0.5185559	1.1167468	0.8963785	0.5502269	0.2128015	0.4965956	0.3888962	0.2288917	0.9537804	0.3628446	0.3571148	0.9263213	0.2654559	0.2107870	0.5423136	0.5162945	0.7216346	0.1308240	0.4785698	1.0789831	0.3318140	0.3415052	0.5251074	0.5812478	0.7833453	0.7454882	0.1794966	0.5456564	0.4880696	0.1244682	0.5728169	0.2474240	0.2802467	0.5194369	0.9956941
100	0.1249109	0.6096691	0.7964244	0.1030982	0.5155140	0.0050905	0.0381183	0.0169516	0.4435913	0.1313861	0.1030454	0.0857497	0.1419833	0.0308660	0.8089155	0.4152886	0.3381432	1.1456798	0.5498085	0.9545526	0.6857262	0.6918172	0.9864136	0.5320196	0.9072282	1.0203413	0.9005289	0.6872196	0.1743673	0.0326871	0.5404627	0.0462332	0.5659288	0.7527973	0.1894123	0.9537630	0.2482317	0.4388658	0.4496490	0.0216726	0.9225187	0.4288845	0.0268225	0.1442923	0.8206230	0.4728272	0.6516967	0.9122905	0.8104611	0.8622290	0.0633340	0.2960237	0.9256117	0.0036023	0.7917520	0.5202722	0.8024176	0.2704767	0.6073308	1.0517807	0.7164551	0.6183035	0.1496371	0.2971095	0.4968630	0.4997822	1.0486864	0.8919084	0.5049325	0.4144015	0.6914565	0.5170053	0.2273174	0.9514513	0.2787460	0.2576419	0.8849692	0.4395431	0.2083497	0.5160058	0.2973201	0.6643361	0.1215115	0.4785146	0.9750112	0.3497162	0.3134426	0.4920426	0.5447285	0.9057058	0.7495018	0.1265751	0.5100640	0.4912880	0.2530425	0.5816514	0.2083207	0.5747606	0.5293478	1.0109391
150	0.1903254	0.5322332	0.7123898	0.1183816	0.4965747	0.0087421	0.0654432	0.0211963	0.4500932	0.0691426	0.1324033	0.0932588	0.1807323	0.0117405	0.8359268	0.4059461	0.3360909	1.0345412	0.5190668	0.9260921	0.8064001	0.6716808	0.8910845	0.3504683	0.9139218	1.0590907	0.8469445	0.8677724	0.1604573	0.0434653	0.4740829	0.0366780	0.5498409	0.7618307	0.2089427	0.8846697	0.3025138	0.3258949	0.5442587	0.0259294	0.9871167	0.4389725	0.0658377	0.1860870	0.7173147	0.4671530	0.7138716	0.8760883	0.7959743	0.9366864	0.0650530	0.3265460	0.7955024	0.0013808	0.7845512	0.5024300	0.8381180	0.2560916	0.5557500	0.9701332	0.7386362	0.6083443	0.1922210	0.2857566	0.5320343	0.4693451	1.0454615	0.9671342	0.4605409	0.4740520	0.7917403	0.4982702	0.2328755	0.7947572	0.2097885	0.2097006	0.8742206	0.4137187	0.2274234	0.4639817	0.4021003	0.6130685	0.1116517	0.5062305	1.0022350	0.3614134	0.2855113	0.4257822	0.5551617	0.8451968	0.7782396	0.0874047	0.4960586	0.5134957	0.2589579	0.6158172	0.2692487	0.7649931	0.5218904	0.9903029
200	0.2015105	0.5036388	0.7420502	0.1217769	0.4061275	0.0040747	0.0475225	0.0183409	0.4915451	0.0477446	0.1389501	0.1043588	0.1591775	0.0077210	0.8643306	0.5203615	0.3600769	1.0010129	0.4412505	0.8514117	0.8730365	0.6567512	0.8527960	0.1666291	0.8783201	1.0328781	0.8595664	0.9158900	0.1498271	0.0398322	0.5456874	0.0200285	0.4622456	0.7274698	0.2738420	0.8129974	0.1918886	0.2752158	0.6290906	0.0199707	1.0253167	0.4506293	0.0896743	0.1867854	0.7444976	0.3694155	0.7304137	0.8585440	0.6507717	0.9784268	0.0442186	0.3425410	0.6214140	0.0081261	0.8368688	0.5835134	0.8240069	0.2539611	0.5023599	0.9629428	0.7664566	0.5930078	0.3105561	0.2390943	0.5061088	0.4505250	0.9544368	0.9302199	0.4358242	0.4728889	0.8384094	0.5091825	0.2044527	0.8097207	0.1698177	0.2244832	0.9136383	0.2842921	0.2385440	0.4300523	0.3731659	0.6550812	0.1084917	0.6425642	0.9721872	0.3221421	0.3136138	0.4845262	0.6274235	0.8070739	0.7427504	0.0481647	0.4459429	0.4898039	0.2868160	0.5486653	0.3398200	0.8610474	0.4999216	1.0019669
250	0.2083094	0.5113123	0.6944879	0.1223078	0.5303218	0.0030490	0.0429091	0.0097825	0.4961903	0.0362720	0.1235216	0.0861499	0.1635044	0.0093050	0.8692665	0.6051358	0.4593050	0.8176998	0.4574677	0.7730178	0.7974301	0.7236263	0.7142159	0.1048026	0.8951654	1.0391358	0.8923749	1.0266489	0.1652512	0.0345730	0.5516263	0.0248592	0.4890054	0.7076341	0.2853341	0.7192846	0.1273081	0.2475203	0.5744328	0.0368629	1.0333599	0.3768493	0.0893743	0.2006478	0.7520877	0.2891485	0.6000016	0.7520167	0.5725794	1.0183145	0.0293781	0.4111397	0.5066231	0.0035377	0.7989904	0.5928991	0.7661929	0.2666755	0.5323400	0.9455927	0.8098943	0.5568991	0.3334531	0.2759635	0.5179587	0.4678515	0.9828745	0.9559669	0.3726537	0.5507459	0.8866191	0.5387844	0.2189877	0.8881593	0.1608043	0.2474472	0.9320416	0.1948002	0.2043043	0.4015274	0.3061126	0.6352779	0.1222793	0.5297418	0.9132709	0.2773802	0.3738648	0.4962716	0.6777457	0.7896772	0.8254927	0.0588429	0.5140987	0.5278636	0.3280554	0.5537285	0.3899019	0.9008773	0.5044894	0.8525945
300	0.1803136	0.4786801	0.7018653	0.1291761	0.4298515	0.0000000	0.0363723	0.0131123	0.4605076	0.0281192	0.1640950	0.0859572	0.1313548	0.0223429	0.7091359	0.6464452	0.5750176	0.7997640	0.4554097	0.7889829	0.8361612	0.6955827	0.7852490	0.0827814	0.9146836	0.9929248	0.9170598	0.9488203	0.2203165	0.0223142	0.5104125	0.0411655	0.4953326	0.8351140	0.3257279	0.7171875	0.1028250	0.2740379	0.5177336	0.0371707	0.9308504	0.4374351	0.0909240	0.1869083	0.8252427	0.4394865	0.5300492	0.7160963	0.6079494	0.9614874	0.0246645	0.4795092	0.4113176	0.0032957	0.7960816	0.5955718	0.7493149	0.2156149	0.5559037	1.0934346	0.7307519	0.6107295	0.3665985	0.2685635	0.5589707	0.4611584	0.7018545	0.9021122	0.3058911	0.4786315	0.7936163	0.5045580	0.2673693	0.9549244	0.1539623	0.2819187	0.8446069	0.1337167	0.1814991	0.3327893	0.3649702	0.5742663	0.1388736	0.5653942	1.0260708	0.2954528	0.4236176	0.4565878	0.6159926	0.8538739	0.7034215	0.1125545	0.5368435	0.5362749	0.3614157	0.6076714	0.4121215	0.9392138	0.4978199	0.7939883
350	0.2257791	0.4820979	0.7422322	0.1300529	0.4569078	0.0007590	0.0325736	0.0112985	0.4234894	0.0488273	0.1459602	0.0769375	0.1382130	0.0292854	0.7308446	0.7230283	0.5611391	0.7828072	0.4181742	0.9320446	0.9249358	0.7031490	0.8112852	0.0503672	0.8793336	1.0996249	0.8533277	0.9512065	0.2633170	0.0430736	0.5893262	0.0485641	0.4623933	0.8769586	0.3139189	0.7947397	0.1602359	0.2667319	0.4576578	0.0119240	0.9197281	0.4196734	0.0740006	0.1600224	0.7890045	0.5144356	0.4769435	0.7763520	0.5057668	1.0402374	0.0436848	0.4904106	0.4056637	0.0075823	0.7804288	0.5887556	0.6889881	0.2844055	0.6633784	1.0685192	0.6725164	0.5726155	0.4623230	0.3407731	0.5886137	0.4613271	0.7214123	0.9542477	0.3307484	0.4491439	0.8600132	0.5405550	0.2527289	0.9285056	0.1893757	0.2627668	0.8552830	0.1040426	0.1906898	0.4273382	0.3611190	0.5315815	0.1944749	0.4748559	1.0333227	0.3054718	0.4031622	0.3715046	0.7518429	0.8441979	0.7764582	0.0943559	0.5305272	0.5512918	0.3263469	0.5994642	0.4604711	0.9365761	0.4895204	0.8305619
400	0.1941109	0.5010340	0.8246330	0.1064818	0.5181298	0.0008985	0.0175752	0.0274087	0.4049141	0.0249329	0.1356220	0.1169884	0.1571909	0.0226350	0.7172178	0.6457586	0.5331674	0.7934630	0.5178164	0.9478471	0.8708559	0.8201432	0.8966624	0.0735776	0.8352082	1.1328531	0.7946204	0.9906788	0.2785831	0.0480262	0.5131375	0.0812738	0.4988849	0.8271107	0.3566489	0.8742435	0.3238990	0.2459349	0.5030453	0.0133692	0.9572989	0.4281268	0.0868920	0.1721085	0.7806053	0.6151066	0.4835183	0.8250022	0.5208612	1.0266526	0.0741204	0.4991991	0.4153905	0.0148033	0.7157581	0.5169646	0.7235901	0.2669974	0.6266065	1.0230205	0.6843522	0.5575414	0.3917540	0.2571369	0.5768937	0.5419240	0.9163587	0.9273865	0.3185082	0.5001924	0.7755375	0.4170180	0.2853184	0.9459609	0.1827373	0.4115212	0.8682015	0.1386072	0.1969675	0.4531915	0.3979862	0.5256511	0.1772030	0.5823812	1.1093539	0.2888448	0.3658038	0.3741421	0.5852627	0.8616303	0.9105920	0.0558045	0.5556674	0.6493032	0.3996309	0.6434662	0.4646622	0.8669570	0.4524626	0.8232653
450	0.1711804	0.5034034	0.7470834	0.1601668	0.4367535	0.0030344	0.0291596	0.0179708	0.4265331	0.0422718	0.1472224	0.1345596	0.1125746	0.0131843	0.7119967	0.7972869	0.6278646	0.8481595	0.5030407	0.8843863	0.8177015	0.7554679	0.7878883	0.0774014	0.8302260	1.0338523	0.8796091	0.9958573	0.3100718	0.0575512	0.5548974	0.0775183	0.5258443	0.8925082	0.3266019	0.9522781	0.3932420	0.2212524	0.5289075	0.0306079	0.8873765	0.4174650	0.0676015	0.1345619	0.6355715	0.6522120	0.5291854	0.8521223	0.4964055	1.0734686	0.0788273	0.4706658	0.3928950	0.0156786	0.8504067	0.4790313	0.6808243	0.2367415	0.6340282	1.0755407	0.6689706	0.5636067	0.4649757	0.2682523	0.6404691	0.4939234	0.9627805	0.9933617	0.2733972	0.5028594	0.7615600	0.4657746	0.2698959	0.9363166	0.0944551	0.4845328	1.0416041	0.1252035	0.3119145	0.4340695	0.4704538	0.5297947	0.1653670	0.5591389	0.9661716	0.2953104	0.3403974	0.3869648	0.5916584	1.0068092	0.9295708	0.0608636	0.5214884	0.6308559	0.4085744	0.5846677	0.4198094	0.8307221	0.4132569	0.8746196
500	0.2163307	0.4475067	0.7716938	0.1855507	0.5151398	0.0074053	0.0353680	0.0256542	0.3733089	0.0202087	0.1446172	0.0811659	0.1359906	0.0186888	0.6769750	0.7175463	0.5395722	0.8455090	0.4575158	0.8506843	0.7651426	0.6887453	0.8080291	0.0706581	0.8397500	0.9799125	0.8823688	1.0162060	0.4129756	0.0541884	0.5955406	0.0696706	0.5713519	0.9063791	0.2665781	0.9385963	0.3769614	0.2789230	0.5018873	0.0290130	0.9838715	0.4107734	0.0772964	0.1813767	0.7337913	0.5734532	0.6361570	0.9082687	0.5402038	1.0308427	0.0656167	0.4585225	0.3972507	0.0131967	0.7063749	0.3876019	0.7137087	0.2456538	0.6794485	1.0010243	0.6829721	0.5959215	0.5772346	0.2210986	0.5826760	0.5419237	1.0125651	0.8944336	0.2727261	0.5641450	0.8396838	0.4245517	0.3202365	0.9544612	0.1242504	0.4932405	0.9709338	0.2391166	0.2314232	0.4270936	0.4235159	0.5859804	0.1665041	0.6043534	0.9336771	0.3142622	0.2323190	0.3395159	0.5307613	0.9850212	0.8945374	0.1190696	0.5680438	0.5837279	0.3901661	0.6216527	0.4142179	0.9335889	0.4410957	0.7997188
550	0.1926262	0.5459575	0.8305050	0.1661849	0.4353218	0.0053795	0.0201959	0.0143367	0.5602229	0.0526027	0.1916799	0.0685142	0.0747670	0.0639147	0.7327354	0.7544826	0.5505083	0.7013841	0.6366625	0.8371099	0.5128261	0.7286920	0.7395406	0.1794240	0.8507112	0.8342698	0.9441143	0.7327685	0.3255283	0.0383366	0.5106955	0.0657038	0.5459586	0.9052288	0.2754277	1.0148999	0.3417487	0.4489657	0.4510438	0.0322238	1.0392441	0.4902821	0.1135962	0.1532355	0.7421809	0.4769519	0.6259196	0.8326566	0.5415048	0.7519571	0.0830623	0.4943830	0.4109682	0.0194429	0.6424493	0.4394183	0.8063391	0.3009524	0.5421530	1.0026890	0.5687711	0.5247792	0.5840841	0.3072642	0.5554143	0.5697607	0.9450084	0.8522024	0.2323239	0.2718843	0.7558607	0.2221249	0.3031192	0.9478014	0.1381404	0.5662950	0.9760882	0.2897569	0.2125069	0.3735516	0.6550969	0.8228179	0.2211166	0.8070582	0.9898259	0.3547640	0.2111592	0.3707942	0.6437114	0.7996313	0.7086696	0.0929630	0.5537285	0.5556317	0.3843760	0.6497246	0.3826467	0.6413299	0.4697262	0.7824815
600	0.1146476	0.5281452	0.9418625	0.1290976	0.3351297	0.0019202	0.0369956	0.0096567	0.7391846	0.0655293	0.1570868	0.0667836	0.0250072	0.0860191	0.7313187	0.7967414	0.6300439	0.8370690	0.9444443	0.8854687	0.2692987	0.6723839	0.8434236	0.2695756	0.9205629	0.7382380	0.9418533	0.5632181	0.3383539	0.0267016	0.4237646	0.1245341	0.5924049	0.7056625	0.3439047	0.8898752	0.3000949	0.6268420	0.4208794	0.0195793	1.0199703	0.4654821	0.1087760	0.1105238	0.7732794	0.4621879	0.7065884	0.8572236	0.5492065	0.4680194	0.0951785	0.5805387	0.3728168	0.0203231	0.7217393	0.4942904	0.8244011	0.2759980	0.5512092	1.0351374	0.5170076	0.5286240	0.5639915	0.3055168	0.4357769	0.5854187	0.9979574	0.8109567	0.2548801	0.1232962	0.5446583	0.1405953	0.3378842	0.9839040	0.1525190	0.5866037	1.0333974	0.1413771	0.1901391	0.4527650	0.8087103	0.9541971	0.1798374	0.8503765	1.0631306	0.3363247	0.2633038	0.3563520	0.6105882	0.6641621	0.5531204	0.1321561	0.4325665	0.5476299	0.3259876	0.5603728	0.3434786	0.3356291	0.4614175	0.8038343
650	0.0690032	0.5829755	1.0013595	0.1161520	0.4065284	0.0062204	0.0343435	0.0135872	0.8399885	0.0643237	0.1685719	0.0840296	0.0190577	0.1190534	0.7788081	0.7371349	0.5906594	0.7718337	0.9324957	0.9037924	0.1389129	0.6228267	0.8594247	0.4850617	0.8498345	0.6604156	0.9111947	0.3351485	0.2553622	0.0310088	0.3835825	0.1289661	0.5555737	0.7986095	0.3664866	0.8980541	0.2595734	0.7469139	0.3273233	0.0240234	0.9119005	0.4370941	0.0817473	0.0984519	0.8765394	0.3901204	0.6561114	0.9743368	0.6663312	0.3225001	0.0706826	0.5966502	0.3711119	0.0171146	0.7347485	0.5431194	0.7334537	0.2872804	0.5420659	0.9873262	0.4961213	0.4944301	0.4214449	0.2962839	0.5481197	0.5703545	1.0859943	0.7389402	0.2786656	0.0678354	0.3940813	0.1639376	0.3703927	1.0125714	0.2011435	0.5181071	0.9226814	0.1492582	0.1763242	0.5421082	0.8573897	0.9961591	0.1687872	0.8655398	0.9992569	0.2782579	0.2707047	0.4186305	0.7000087	0.6614007	0.4848550	0.1853127	0.4451163	0.5390616	0.1959402	0.5504811	0.2894799	0.1477526	0.4135833	0.9013263
700	0.0488845	0.5750028	1.0840550	0.0816732	0.4016077	0.0085808	0.0439115	0.0128248	1.0149451	0.0288182	0.1160449	0.1184091	0.0044563	0.0854346	0.8092495	0.5109908	0.4485394	0.9234854	0.9658143	0.8944619	0.1039317	0.6948157	0.8968282	0.7012750	0.9278723	0.7597258	1.0513944	0.2253350	0.2676372	0.0295577	0.3871097	0.1067025	0.6827936	0.6630742	0.3114693	0.8269132	0.1703676	0.7421026	0.3120825	0.0197877	0.9648990	0.4437678	0.0678752	0.0581272	0.7525269	0.4422852	0.7620893	0.7917165	0.7739820	0.3830020	0.0789693	0.5159661	0.3627192	0.0135846	0.8348034	0.4264640	0.7585874	0.2724821	0.5750433	0.9427291	0.5429463	0.5148721	0.3735379	0.2769746	0.5457570	0.5368007	1.0715096	0.7463800	0.3269923	0.0959420	0.3866156	0.1792237	0.3401326	0.8732092	0.1582436	0.4898041	0.8709093	0.1734126	0.1893856	0.5027166	0.7165963	0.9619265	0.1694224	0.7015921	0.9719939	0.3089479	0.3498610	0.3719079	0.6063351	0.7307966	0.5165498	0.1841478	0.4121122	0.5427113	0.1192831	0.6335412	0.2365421	0.0979011	0.4661070	1.0417840
750	0.0225197	0.5680759	0.9256528	0.0917862	0.4180281	0.0042532	0.0289625	0.0239681	0.9155941	0.0989254	0.1067468	0.1023286	0.0015290	0.1297497	0.9079478	0.3733660	0.5258055	0.9463161	1.0068695	0.9843621	0.0933562	0.6829496	0.9466123	0.8339277	0.8513062	0.7081080	1.0315305	0.1730045	0.2347918	0.0342949	0.4200997	0.1062990	0.6643647	0.7015160	0.2884112	0.7892523	0.1185926	0.7633605	0.2905336	0.0192450	0.9549900	0.4872432	0.0670077	0.0419566	0.8797759	0.3391937	0.6765692	0.8293706	0.7745315	0.3511626	0.0857320	0.4885839	0.3348063	0.0112237	0.7297011	0.4556031	0.7219835	0.2247237	0.6082672	0.8987195	0.6770129	0.5971228	0.2218508	0.3279992	0.4747905	0.5154154	0.9171751	0.7820273	0.3382195	0.0625266	0.3301416	0.2191831	0.3236854	0.8532474	0.2738244	0.3813761	0.8617904	0.2048608	0.1883858	0.5762817	0.6590916	0.9678824	0.1147999	0.6512403	1.0862234	0.3164479	0.4165094	0.4206828	0.5853583	0.7268742	0.4899153	0.1908255	0.4010263	0.5369230	0.0976744	0.6373679	0.2367702	0.0627475	0.4832190	0.9855913
800	0.0196490	0.6372485	0.9466983	0.0881544	0.3775585	0.0006697	0.0224990	0.0231592	0.9178464	0.2487656	0.1096408	0.1133843	0.0015623	0.1263080	0.8830588	0.4101287	0.4719656	0.9893403	0.9814729	0.9166712	0.0751592	0.6787912	0.9534379	0.9127053	0.8954553	0.7096358	0.9774868	0.2111938	0.2605376	0.0323720	0.3275405	0.1060533	0.6767196	0.7597499	0.2875200	0.7455551	0.1192259	0.7877351	0.3060679	0.0151689	0.9577008	0.4616859	0.0603774	0.0691799	0.8922524	0.4355842	0.5767960	0.7828197	0.8428454	0.3231546	0.0671367	0.4850459	0.3551190	0.0062595	0.6989168	0.4434532	0.7592702	0.2156510	0.5143467	0.9918439	0.7541882	0.5637716	0.1410167	0.2385050	0.4801120	0.5312978	0.8428267	0.7795347	0.4252402	0.0474850	0.3724010	0.2272091	0.2910455	0.8278685	0.2688292	0.2977448	0.9356312	0.2911490	0.1729297	0.5652145	0.7084338	0.9797383	0.0995714	0.6552546	0.9468635	0.2772628	0.4627887	0.4219128	0.5112541	0.8120798	0.5415724	0.2184898	0.3493063	0.5154564	0.0602210	0.6491710	0.2443606	0.0497983	0.5017407	1.0292334
850	0.0218018	0.6271695	0.9608467	0.0603534	0.4074451	0.0007714	0.0266034	0.0221263	0.9723972	0.4202710	0.0832024	0.0923361	0.0073440	0.0823270	0.9684937	0.4219246	0.5318996	0.9024774	0.9371037	0.8115443	0.0712696	0.6423977	0.9855015	0.8552121	0.9849836	0.7497344	1.0321871	0.1445343	0.2232232	0.0579680	0.3406295	0.0754467	0.7561954	0.7621642	0.3510826	0.7943092	0.1644129	0.8259165	0.3991019	0.0180647	0.8252378	0.5032275	0.0512238	0.0613103	0.8765652	0.4619783	0.5986664	0.8042164	0.8098470	0.3481698	0.0563494	0.4716601	0.5470887	0.0000000	0.7104107	0.4673342	0.8392324	0.2266448	0.4606781	1.0029369	0.7070700	0.5868091	0.0644575	0.2136578	0.5586341	0.5817951	0.8191359	0.6616766	0.4299262	0.0561832	0.3399157	0.2114214	0.2725269	0.7702500	0.2759633	0.3019251	0.9932906	0.3523628	0.2257018	0.5948809	0.7114255	1.0217329	0.0941842	0.6657064	0.9714046	0.2962341	0.4665873	0.5202409	0.6314179	0.8201773	0.5898642	0.1939309	0.4079134	0.5385768	0.0792769	0.5831101	0.2273608	0.0374536	0.5539772	1.0397564
900	0.0278106	0.6542819	1.0350455	0.0514958	0.5228321	0.0010388	0.0133904	0.0233051	0.9354986	0.3608839	0.0913891	0.0917868	0.0107453	0.1123309	0.8432913	0.3288780	0.5505638	0.9810972	0.8819171	0.8227562	0.0601828	0.5432392	1.0483649	1.0110066	0.9711514	0.6951165	0.9920767	0.1362837	0.3192572	0.0325239	0.3591198	0.0447782	0.7273789	0.7916223	0.3166788	0.8762564	0.2083098	0.8376953	0.3484097	0.0242123	0.8845452	0.4100974	0.0514787	0.0762526	0.8413908	0.5299722	0.4879961	0.7930398	0.8004461	0.3145221	0.0600827	0.4229541	0.7369877	0.0055142	0.8030592	0.5020516	0.7533573	0.2256139	0.5007358	1.0682860	0.7976742	0.5776194	0.0639204	0.2896437	0.5339409	0.4928650	0.9601252	0.6940283	0.4389472	0.0653631	0.3869705	0.2295877	0.3030096	0.7774785	0.3210076	0.3917812	0.9574378	0.4319398	0.2082124	0.6428057	0.6741384	0.9877420	0.0919545	0.6791489	0.8858561	0.3027609	0.3735722	0.5560417	0.5400589	0.8078755	0.6750533	0.2319754	0.4427472	0.5253960	0.0915002	0.6353469	0.2120355	0.0447273	0.5764896	1.0056409
950	0.0147215	0.6044863	0.9868315	0.0961638	0.5325977	0.0014249	0.0338236	0.0244067	0.8965704	0.3502776	0.0539857	0.0828041	0.0022906	0.1160321	0.8439272	0.2979574	0.5278493	0.9145953	0.9295354	0.8585029	0.0596279	0.5562812	0.9536966	0.9533631	0.9067139	0.7106758	1.0007768	0.1009719	0.2859137	0.0454801	0.4366498	0.0656192	0.6968823	0.8975416	0.2827937	0.9032326	0.2594197	0.7971683	0.3024926	0.0225634	0.9280444	0.4858134	0.0391774	0.0393356	0.7012286	0.5971876	0.5336649	0.8593726	0.7792259	0.3299770	0.0593087	0.2782446	0.8953350	0.0067783	0.7731747	0.5137803	0.8410475	0.1898769	0.5185429	1.0476591	0.8844908	0.5575519	0.0828073	0.2530597	0.5734066	0.4326975	0.9979168	0.7311060	0.4761756	0.0839188	0.4328596	0.1450445	0.2590283	0.8237178	0.3033371	0.4532420	0.8942576	0.4794216	0.2525861	0.5593094	0.7518009	1.0305770	0.0925727	0.6401310	0.8890380	0.3210954	0.2996232	0.5993243	0.5814370	0.9287686	0.5935530	0.2694745	0.4257437	0.5088212	0.0991153	0.6688896	0.2233106	0.0613573	0.5537802	0.9399398
1000	0.0151368	0.6854569	0.9682451	0.1171901	0.4774020	0.0008918	0.0254312	0.0314000	0.8642640	0.3899922	0.0774873	0.0899327	0.0024246	0.1331036	0.9200345	0.2298282	0.5252615	0.8391407	0.8283579	0.8132569	0.0483150	0.5624888	0.9138206	1.0314225	0.9267386	0.6534137	1.0961061	0.0920761	0.3129173	0.0647690	0.3963509	0.0669143	0.6687341	0.8933813	0.2519352	0.8690718	0.3360531	0.7866129	0.3349182	0.0134934	0.9855799	0.4139382	0.0774643	0.0743928	0.8251169	0.6235914	0.6560777	0.9070661	0.8948800	0.3040217	0.0607822	0.3137544	0.9947205	0.0087131	0.8363205	0.5051131	0.8294147	0.1878321	0.4829973	0.8952630	0.9093430	0.5789546	0.0476696	0.2731088	0.5383176	0.4815337	1.0804723	0.7199861	0.5297717	0.0603142	0.4286514	0.1744076	0.2467497	0.9042565	0.3213222	0.5353066	0.7096397	0.4572128	0.2544664	0.6107962	0.7310589	1.0090233	0.0921319	0.6010159	0.9244302	0.2656668	0.2705720	0.5578929	0.5370423	1.0072643	0.4676002	0.2299845	0.4039047	0.5231968	0.1538469	0.6782591	0.1959913	0.0284429	0.5481400	0.9135640

0	0.0094491	0.6355617	1.0459758	0.0876986	0.4170952	0.0015965	0.0357302	0.0201856	0.7842026	0.5482911	0.1482550	0.1067167	0.0074763	0.0795139	0.9263252	0.4386615	0.5117037	1.0187251	0.9869150	0.9112762	0.0675828	0.6396705	0.9879649	0.9056811	1.0249936	0.8053086	0.8415975	0.0956169	0.2807776	0.0361236	0.3476186	0.0945586	0.7647381	0.8073502	0.2691465	0.9854445	0.2644993	0.7761342	0.3511720	0.0142404	0.9503393	0.3956488	0.0912837	0.0721673	0.8039584	0.5632487	0.5721011	0.9104100	0.8750489	0.3877912	0.0490860	0.3690556	1.0040851	0.0016799	0.7496314	0.4296180	0.7445798	0.3138374	0.4763448	0.9977159	0.8917758	0.5763065	0.2317245	0.3844034	0.5377636	0.4876338	1.0898320	0.8135737	0.5024926	0.0491368	0.3912071	0.2335426	0.3169327	0.9297559	0.3112694	0.3637340	0.9584119	0.1589398	0.2670455	0.6498318	0.7931145	1.0351174	0.1402507	0.6535788	1.0095359	0.4184859	0.2245238	0.5131035	0.6073464	0.7854143	0.4606182	0.1309775	0.4648780	0.5528648	0.0723851	0.5781484	0.2784400	0.0363961	0.5378107	0.9932421
50	0.0062341	0.6331549	0.9811957	0.2252150	0.4757528	0.0951730	0.2760463	0.2795048	0.6643189	0.5470344	0.0999692	0.4261714	0.0058420	0.1359452	0.9541753	0.2812363	0.4737479	0.9785253	0.9505275	0.7997366	0.0715810	0.5189993	0.9591443	1.0337752	0.9520236	0.8028814	0.8972189	0.0919072	0.2426835	0.0292383	0.1387118	0.0723838	0.4740479	0.6773962	0.2236351	0.8736271	0.2186511	0.7550748	0.4277731	0.3387765	0.9300111	0.4769059	0.0796734	0.0598836	0.7627738	0.4088417	0.9182849	1.0239068	0.9041969	0.3138114	0.0517603	0.2697729	0.9654500	0.0007141	0.7663788	0.5146032	0.7127997	0.2215370	0.3022105	0.9328700	0.7539073	0.5089392	0.2095908	0.1763006	0.3538586	0.4780797	1.0590783	0.7585921	0.5070730	0.0447169	0.2857510	0.2109889	0.3868767	0.9406999	0.3434461	0.3917738	0.8760550	0.2056143	0.2112419	0.6258395	0.8082524	1.0953996	0.0991838	0.6414312	0.8837709	0.3850577	0.2591733	0.4841365	0.5484644	0.8222048	0.4391606	0.2717225	0.5130217	0.4743722	0.1318533	0.6724219	0.2358948	0.0588358	0.4818353	1.0629827
100	0.0081634	0.7175932	0.9391598	0.3658381	0.3633895	0.1631080	0.4018024	0.5812956	0.6189418	0.7210134	0.1095124	0.7088685	0.0196436	0.1220745	0.9116562	0.2066745	0.4715248	1.0485651	0.8811130	0.7484461	0.0466622	0.6140504	1.0750621	0.9492060	0.8908157	0.8868677	0.9128665	0.1150200	0.1937653	0.0308202	0.0790190	0.0951293	0.3542090	0.7064840	0.2013304	0.8919326	0.1283629	0.7341013	0.3823549	0.7931789	0.9932856	0.5823702	0.0759467	0.0603125	0.7748906	0.2826699	1.0240030	1.0692435	0.8972264	0.2470161	0.0387224	0.1432017	1.0450368	0.0009437	0.7275338	0.5316607	0.7544086	0.2459934	0.1233238	0.9106938	0.8091579	0.5053379	0.3277875	0.1054968	0.3386383	0.4556506	1.0901019	0.7501973	0.5118005	0.0566663	0.2352652	0.1237925	0.5157960	1.0612286	0.3195808	0.2845292	0.8120346	0.1790330	0.2129481	0.5155138	0.8046812	1.0041996	0.1032974	0.7795987	0.8025038	0.4212259	0.3253393	0.5178229	0.6246596	0.8915629	0.5513259	0.3429929	0.4945363	0.4124711	0.1378525	0.6446706	0.2190952	0.0809522	0.3560359	1.0908484
150	0.0112284	0.9636727	1.0753430	0.3305274	0.1691130	0.2514152	0.6349575	0.7544319	0.5599219	0.8519961	0.0861055	0.8931824	0.0907990	0.0784707	0.8750452	0.1702217	0.4501740	0.9790860	0.8773128	0.7821187	0.0665119	0.6743750	0.9651685	1.0872330	0.8064100	0.9550988	0.9056406	0.1183177	0.1393097	0.0222902	0.0293838	0.1545857	0.2659147	0.6516382	0.2054408	0.6030407	0.1005428	0.7169531	0.3617757	0.9349919	0.9592205	0.5555336	0.0812133	0.0736556	0.9419509	0.2199470	1.0358856	1.1233162	0.7909936	0.2647701	0.0126468	0.1021315	1.0150023	0.0014895	0.6731086	0.4348839	0.7640071	0.3025518	0.0683320	0.9580929	0.8072029	0.4217387	0.4351525	0.0992054	0.3259695	0.3806418	1.0897848	0.5985868	0.5663336	0.1036620	0.1922408	0.1106386	0.6108672	0.9681241	0.2500166	0.2562585	0.8029227	0.2405484	0.2038430	0.5891832	0.7962402	1.0349631	0.0818765	0.7697580	0.9828875	0.4174825	0.3744915	0.5455865	0.5270252	0.8444999	0.5929577	0.4141569	0.4619949	0.4403806	0.2084872	0.7481011	0.2046574	0.0870266	0.2174187	1.0210242
200	0.0114438	1.0384282	1.0337478	0.3477181	0.0822972	0.3606227	0.7546684	0.8678907	0.5492236	0.8446192	0.0980432	0.8524261	0.1352962	0.1128895	0.7958609	0.1285187	0.4936631	0.9398526	0.8307287	0.7279528	0.0552025	0.6610233	1.0305348	0.9792625	0.8052759	1.0120324	0.8710834	0.0914346	0.0739185	0.0190452	0.0227464	0.3179990	0.2853921	0.6220337	0.2912209	0.3685768	0.0762786	0.7664103	0.4825205	0.9154052	0.9832147	0.5728654	0.0641655	0.0437789	0.9999345	0.1643749	0.8544087	1.0786765	0.7869034	0.2519243	0.0120539	0.0452619	0.8616752	0.0006767	0.6772787	0.3499210	0.8025081	0.2444818	0.0369451	0.9863029	0.6742143	0.4512848	0.3137446	0.1379010	0.3211193	0.2785593	0.8082268	0.6347440	0.6267782	0.1774282	0.1667740	0.0781014	0.5821752	0.9896746	0.2154619	0.3243989	0.7078447	0.2670760	0.1537619	0.5578483	0.7116240	0.9407284	0.1107463	0.8055059	1.0056686	0.4399399	0.3981351	0.6479133	0.5634763	0.7711952	0.5718756	0.4940436	0.4270461	0.3882026	0.2263135	0.6996323	0.2042859	0.0644844	0.1759920	1.0161377
250	0.0094442	0.9643584	0.9214899	0.3838468	0.0526383	0.3677503	0.7210850	0.9040715	0.4818101	0.8875586	0.0797988	0.8791577	0.2181119	0.1275862	0.6627263	0.0734381	0.4965176	0.9479240	0.7816676	0.6907276	0.0701440	0.6666808	1.0060223	1.0482800	0.8905711	0.9294027	0.9588998	0.0840390	0.0336797	0.0198429	0.0096193	0.3037283	0.3202811	0.7322562	0.3045976	0.3003425	0.0400924	0.7653085	0.3973465	1.0337743	0.9289910	0.5150698	0.0483888	0.0209992	1.0227321	0.2712450	0.8662760	0.9551128	0.7291162	0.2270906	0.0251531	0.0627465	0.8305472	0.0004777	0.7280674	0.2460271	0.7238677	0.2175031	0.0276064	0.9770787	0.5528966	0.4626862	0.3336939	0.1397048	0.2862660	0.2534453	0.7657341	0.7889955	0.6292228	0.2874715	0.2196731	0.1095939	0.7275346	1.0025991	0.2083665	0.3589065	0.6417337	0.4039255	0.1255958	0.5506771	0.6734771	0.9183387	0.0822696	0.7043391	1.0483049	0.4176918	0.5147649	0.6373140	0.5121537	0.8487663	0.6696612	0.5935712	0.3834696	0.4812981	0.2117482	0.6476394	0.2208721	0.1152472	0.1311725	0.9964606
300	0.0142553	1.0119720	1.0034072	0.3627675	0.0133162	0.3418529	0.6310192	0.8741904	0.3725211	0.8156520	0.0782064	0.9373559	0.2235916	0.1362183	0.7097547	0.0714922	0.5485753	0.9294946	0.7708637	0.6996273	0.0542777	0.5757447	0.8380126	1.0480924	0.8983179	0.9476437	0.9714913	0.0677221	0.0257491	0.0280171	0.0269758	0.2794656	0.3439588	0.7175283	0.3737617	0.4541968	0.0749689	0.7200014	0.4360390	0.9702817	0.9529451	0.6033722	0.0561687	0.0424126	1.0291629	0.3158324	0.8812034	0.8844798	0.6993881	0.2743456	0.0191318	0.0387993	0.8162190	0.0028668	0.7888188	0.1753465	0.6224507	0.2076494	0.0382754	0.9725555	0.3927539	0.4829749	0.2823396	0.1697457	0.2353513	0.2780130	0.5744046	0.7988597	0.6898896	0.4401122	0.2327682	0.1175277	0.7970693	0.8955070	0.1912886	0.2855277	0.6637454	0.3766101	0.1357955	0.5590298	0.7004630	0.9346701	0.0935720	0.7756208	0.9344482	0.4444465	0.5104492	0.5507142	0.5825496	0.7792009	0.7842738	0.7298747	0.4035444	0.4216915	0.1873016	0.6739159	0.1795543	0.1174000	0.1195151	0.9703836
350	0.0152356	1.0409859	0.9604716	0.3116125	0.0273544	0.3756157	0.7360188	0.9624058	0.3785407	0.8823051	0.0784662	0.8317667	0.2050074	0.1636813	0.7640752	0.0624747	0.5184928	0.9381869	0.8204115	0.7870920	0.0842704	0.6038607	0.9003242	0.9705146	0.8461390	0.9926072	1.0046016	0.0403018	0.0537045	0.0173413	0.0128515	0.2565068	0.3758432	0.7352597	0.3898703	0.5340976	0.0852195	0.8026504	0.4311311	0.9208366	0.9613674	0.5757735	0.0585351	0.0312500	0.8998935	0.2562341	0.7635435	1.0115024	0.7993927	0.2358972	0.0272373	0.0314914	0.8213503	0.0009975	0.7646273	0.1507204	0.6554434	0.1682326	0.0179506	0.9972670	0.3271439	0.4771171	0.4575786	0.2034076	0.2915107	0.2205106	0.4913417	0.7842662	0.7281203	0.5232049	0.2571380	0.0940683	0.7757470	0.9062871	0.2422071	0.3080863	0.6201690	0.5345149	0.1182877	0.6379710	0.7748643	0.9696724	0.0741300	0.8376858	0.9152332	0.4194749	0.5588430	0.5666244	0.5493475	0.7977045	0.6725838	0.6506162	0.3456413	0.4970233	0.1864535	0.6987679	0.2207551	0.1112226	0.1174886	0.9394759
400	0.0150549	0.9619996	1.0029779	0.3633148	0.0275856	0.4264023	0.8029910	0.8988871	0.4747255	0.8586514	0.0746932	0.8185396	0.1845719	0.1423510	0.6973971	0.0685537	0.5926420	0.8711770	0.8275685	0.7957679	0.0717098	0.6635482	0.8825733	0.9310951	0.8696383	1.0583813	0.9938734	0.0264624	0.0322076	0.0089210	0.0212170	0.2178479	0.3245794	0.7301528	0.3152249	0.5475769	0.0646310	0.8086159	0.4132169	1.0122394	0.9856906	0.5320662	0.0757605	0.0220064	0.9108549	0.2441267	0.9842260	0.9817784	0.8543394	0.2219297	0.0289874	0.0559094	0.9033659	0.0003385	0.7854791	0.1605066	0.7053432	0.1773193	0.0288519	1.0222142	0.2915001	0.4717432	0.4534407	0.1855089	0.2390555	0.2594786	0.6220957	0.8714408	0.7279702	0.4211984	0.2019171	0.1109425	0.7712830	0.8993670	0.2493684	0.3012505	0.5811282	0.4569340	0.1455741	0.5670887	0.7735062	0.9845829	0.0776738	0.8868427	0.9992315	0.4209970	0.5604057	0.5354961	0.5697121	0.8842915	0.6986527	0.5890725	0.4143496	0.4794238	0.1541187	0.6047525	0.2039614	0.0905406	0.1130384	0.9478299
450	0.0163126	0.9872183	1.0149337	0.2875863	0.0203725	0.4292389	0.7429517	0.8481022	0.4381439	0.7950680	0.0947704	0.8523757	0.2570465	0.1203234	0.7541819	0.0655700	0.5837846	0.9252221	0.7772188	0.8705916	0.0501830	0.5840193	1.0284529	1.0018175	0.8796805	1.0652824	0.9352914	0.0317917	0.0440221	0.0097840	0.0221711	0.2271969	0.2822091	0.7024166	0.3062274	0.4878984	0.0720440	0.8274046	0.3536104	0.9338391	0.9454389	0.4951844	0.0599841	0.0506075	0.9705038	0.2663026	0.9294656	1.1147370	0.8271905	0.2639175	0.0172083	0.0396013	0.8598811	0.0001645	0.7144911	0.1883949	0.7277055	0.2156580	0.0214020	0.9507858	0.3483998	0.5187453	0.4325631	0.1637906	0.2585920	0.2527662	0.6618304	0.8615469	0.6872478	0.4617511	0.1946545	0.1027416	0.7184507	0.9842498	0.2502568	0.3355757	0.6537627	0.3440954	0.1437395	0.5607423	0.7129840	0.8548561	0.0966604	0.8348512	0.9594985	0.4826150	0.5033811	0.5445158	0.5342680	0.7430807	0.6666276	0.6215049	0.4450631	0.4997250	0.1447288	0.5879156	0.1923267	0.0693428	0.0938603	0.9590833
500	0.0091338	0.9745644	1.0462993	0.2877098	0.0125530	0.4655989	0.7653516	0.8549220	0.4633209	0.7521841	0.0771464	0.7603363	0.2540636	0.1269333	0.8032632	0.0688249	0.6049790	0.9230196	0.7806887	0.8706172	0.0633236	0.5588988	1.0096096	0.9470078	0.8820587	1.1157326	0.8604573	0.0482375	0.0430196	0.0143150	0.0185554	0.2916855	0.3005772	0.7554570	0.3618823	0.4283935	0.0758499	0.7855689	0.4278046	1.0031776	1.0149043	0.5270396	0.0944487	0.0375663	1.0065019	0.2583704	0.9466577	1.1527055	0.8183100	0.2475668	0.0121640	0.0338084	0.9581459	0.0004069	0.7187542	0.1599662	0.6633181	0.2288203	0.0511205	0.8654092	0.2841334	0.4095246	0.3810333	0.2259853	0.2186707	0.1919455	0.5934910	0.9151116	0.7841028	0.5010674	0.2121486	0.0713212	0.7223366	1.0090247	0.2376975	0.3276076	0.7149197	0.2469797	0.1438185	0.6202126	0.7194367	0.9007478	0.1049936	0.8643933	0.9175923	0.5065460	0.4991990	0.4794428	0.5167907	0.7902803	0.6366917	0.6473298	0.4684109	0.3972780	0.1619762	0.6511448	0.1751318	0.0494929	0.1198542	0.9567063
550	0.0166282	0.8488527	1.0025261	0.2227735	0.0116082	0.3224828	0.5582376	0.6298279	0.4332637	0.6556339	0.0628325	0.5212048	0.2570391	0.1276768	0.7089393	0.0746317	0.5525439	0.9117837	0.8170129	0.8790464	0.0559974	0.6626618	1.0275135	1.0195690	0.9239112	0.9830688	0.7949795	0.0458381	0.0429057	0.0082730	0.1748366	0.3964896	0.4951666	0.7582060	0.4259239	0.5422266	0.0821559	0.7714141	0.3503643	0.5576571	0.9637227	0.4803919	0.0650801	0.0427762	0.9200679	0.2623447	0.8391428	0.8926290	0.8114037	0.2273325	0.0204669	0.1397639	0.9259159	0.0007185	0.7116354	0.1216492	0.7485902	0.2340281	0.2383679	0.9319748	0.3272688	0.4378209	0.4045038	0.3271657	0.3214911	0.1846823	0.5764254	0.8665592	0.7224179	0.5382381	0.1971269	0.1465377	0.5498503	0.9264856	0.2531959	0.3118969	0.8177213	0.1849590	0.1284286	0.6615355	0.7262908	0.9747644	0.0922973	0.8412743	0.9361722	0.5293378	0.4935783	0.5077920	0.5572346	0.8219535	0.6603123	0.6684211	0.4582746	0.5385735	0.2246160	0.6345248	0.1736627	0.0696576	0.0828887	0.9952029
600	0.0223646	0.7239926	1.0097556	0.1346669	0.0206113	0.2234698	0.3914688	0.3092097	0.4646561	0.5345799	0.0719771	0.2508429	0.2000275	0.1379125	0.7985971	0.1610161	0.5782239	0.9663508	0.7964771	0.8814950	0.0800707	0.7044798	1.0583060	1.0384044	0.8679346	0.9149196	0.7044093	0.0558667	0.1093291	0.0000000	0.2925570	0.3180159	0.6709253	0.7239509	0.4100446	0.5811796	0.0573502	0.7054291	0.2916650	0.2252176	0.9792774	0.4939885	0.0764400	0.0392535	0.8547262	0.2526105	0.7111434	0.7261424	0.7062481	0.2214362	0.0199030	0.2117825	0.8591466	0.0006962	0.7186678	0.0840254	0.6497899	0.2639458	0.3104160	0.9897194	0.3716262	0.5523331	0.2933386	0.3654639	0.4402075	0.2813619	0.5493339	0.9076442	0.6518302	0.4603910	0.4023690	0.2042240	0.4750816	0.8739307	0.2657998	0.1855261	0.8832334	0.2995336	0.1537979	0.5215807	0.6468219	0.9905512	0.1067522	0.8549355	0.9402489	0.4538061	0.4533130	0.4424822	0.5888926	0.7732936	0.7021333	0.5865086	0.4240652	0.6160309	0.1703751	0.6647851	0.2331198	0.0475536	0.0308561	0.9247378
650	0.0239201	0.6973866	0.9466032	0.0924055	0.0281414	0.1338088	0.2133649	0.1497392	0.5975664	0.4825563	0.0981594	0.1394297	0.1157042	0.1325909	0.8591300	0.1882627	0.5379939	0.9578752	0.8077410	0.8471271	0.0820420	0.6230148	1.0101284	1.0843650	0.8231705	0.9356640	0.8041127	0.0533591	0.1589031	0.0182345	0.3231460	0.1732839	0.7378455	0.6673735	0.3952309	0.6757028	0.0764388	0.7066546	0.2646335	0.0655906	0.9371976	0.4690549	0.0663867	0.0373553	0.8444972	0.3520930	0.4816089	0.6415447	0.8137435	0.1969591	0.0128017	0.2579420	0.6944011	0.0031106	0.7573546	0.1207896	0.6855623	0.2908241	0.3670058	0.9444309	0.4036547	0.5144229	0.2474690	0.2667636	0.4430015	0.3800780	0.5467266	0.8621835	0.6320528	0.4564942	0.3857597	0.2479845	0.4191966	0.9219407	0.3037290	0.1283684	0.8965051	0.2537993	0.1583534	0.5473909	0.5717376	0.9326182	0.1386902	0.7409932	0.9235966	0.3646286	0.4766303	0.4051492	0.5160320	0.7921953	0.6592335	0.4995303	0.4433603	0.7235712	0.1909468	0.5446224	0.2120060	0.0283057	0.0324419	0.9721700
700	0.0167374	0.6472720	0.9253474	0.0746059	0.0753642	0.0806219	0.1379240	0.0849315	0.7582725	0.3953635	0.0908783	0.1229388	0.0825294	0.1207066	0.8898239	0.2424334	0.5189874	0.9672882	0.7839264	0.9012093	0.0512265	0.6126586	1.0517685	1.1142196	0.9037606	0.8901186	0.8073733	0.0492135	0.2143239	0.0218968	0.3756902	0.1191141	0.7492090	0.7658816	0.3460202	0.7486478	0.1175555	0.6892185	0.2761837	0.0568313	0.9699374	0.4258228	0.0589740	0.0312050	0.8271836	0.5405134	0.4380585	0.6986130	0.7473596	0.2885879	0.0220084	0.2356183	0.6177785	0.0019309	0.7286669	0.2202675	0.7547781	0.3129332	0.4370166	0.9397342	0.4113040	0.5103836	0.1647021	0.3225313	0.3827029	0.4089229	0.5246296	0.8998607	0.6059411	0.4041712	0.4028685	0.2280931	0.3458087	0.8490026	0.3198810	0.1393189	0.8901464	0.3198846	0.1744605	0.5398392	0.6721547	0.8752952	0.1248043	0.6149938	0.9278824	0.3578142	0.4725179	0.5273770	0.5461536	0.7741427	0.6660018	0.4816822	0.3733922	0.6581611	0.1714086	0.5570913	0.2912813	0.0504540	0.0840847	0.9537016
750	0.0077565	0.5930430	0.9776721	0.0645381	0.2082543	0.0400564	0.0768387	0.0486650	0.7240638	0.3767894	0.0896298	0.0962379	0.0504275	0.1000880	0.8511838	0.2810886	0.6134131	0.9301003	0.9484194	1.0827126	0.0515031	0.7348049	0.9298683	1.0799697	0.9455302	0.7707177	0.7903548	0.0775629	0.2534506	0.0274781	0.3463614	0.0926929	0.6603167	0.8064825	0.3001084	0.8414694	0.2653970	0.7346751	0.2846907	0.0222487	1.0614666	0.4340912	0.0676868	0.0465334	0.6865101	0.6044766	0.4428468	0.6954315	0.8308052	0.2676461	0.0484800	0.3089132	0.6014361	0.0002948	0.8070901	0.3788479	0.7246652	0.2633569	0.4288723	0.9525232	0.4675136	0.5120069	0.1108767	0.3157544	0.4138509	0.4465042	0.7959782	0.7354076	0.5620648	0.3541199	0.3246898	0.2528956	0.3131955	0.8414274	0.3289783	0.2561409	0.9001156	0.4236467	0.2023717	0.5928981	0.7454471	0.9692891	0.0980272	0.7177479	0.9651305	0.3771048	0.5283213	0.5919907	0.5686448	0.8091032	0.5804213	0.4010610	0.3873325	0.6832594	0.1169327	0.5859505	0.2518894	0.0235861	0.2319613	0.9015962
800	0.0012995	0.5875789	1.0628057	0.0750545	0.2947419	0.0108303	0.0471018	0.0310440	0.7835223	0.4454010	0.1118810	0.0901486	0.0149280	0.1072846	0.9042842	0.3143260	0.4987971	0.8898540	1.0284141	1.0252884	0.0616354	0.6786138	0.9821014	0.9602472	0.8829237	0.7826178	0.8178858	0.1334303	0.2600042	0.0362601	0.4354250	0.1117512	0.6758887	0.7965166	0.2627245	0.8824284	0.3712964	0.7469405	0.3235748	0.0227733	1.0683552	0.4297286	0.0729772	0.0706183	0.7042982	0.6902964	0.4270436	0.6974550	0.7130142	0.2705131	0.0665504	0.2473545	0.6373162	0.0031085	0.8464385	0.4651975	0.8529576	0.2310822	0.4545345	1.0513041	0.4980443	0.5767222	0.0990472	0.3336205	0.4200264	0.4201696	0.9388378	0.6810418	0.5003176	0.2407838	0.3644436	0.2920777	0.2939132	0.7624447	0.2963697	0.3159272	0.9719932	0.4529473	0.2507526	0.6162774	0.7894372	0.9829987	0.1135758	0.7786702	0.9230279	0.3699461	0.4828660	0.6764374	0.5602675	0.8112114	0.5282260	0.2832719	0.4110571	0.5937328	0.0827984	0.6180766	0.2345552	0.0320051	0.3460053	0.9362939
850	0.0037922	0.7050479	1.0718332	0.1315606	0.4764523	0.0067714	0.0431166	0.0306536	0.7392542	0.4078256	0.1186816	0.0917665	0.0095593	0.0876644	0.8395381	0.3416643	0.5427291	0.9145976	1.0049875	0.9319124	0.0654171	0.6717414	1.0431440	1.0061294	0.8290712	0.7716499	0.8633207	0.1018759	0.2535731	0.0304070	0.3530590	0.1149734	0.6704958	0.8536064	0.2741882	0.9290470	0.4919805	0.7525047	0.3527657	0.0201282	1.0590450	0.3974755	0.0566179	0.0583015	0.7102746	0.7559739	0.4908038	0.7308067	0.7856824	0.2627894	0.0999481	0.3215211	0.7681702	0.0013894	0.8518131	0.4779499	0.7877644	0.2394168	0.4716562	0.9383907	0.5862654	0.6418368	0.1155310	0.2517214	0.4623575	0.6014374	1.0329298	0.7468359	0.4905221	0.1289215	0.3555220	0.2152490	0.3274113	0.7265686	0.2785526	0.4193619	0.9781661	0.4411497	0.3139136	0.6620455	0.8321083	0.9815815	0.1122273	0.6713517	0.8495684	0.4032340	0.4556113	0.6452314	0.5057162	0.8595299	0.5549654	0.2272796	0.3885413	0.6160602	0.0929140	0.6112285	0.2270424	0.0448239	0.4148661	1.0409195
900	0.0088935	0.6215451	1.1044292	0.1345076	0.4938686	0.0007292	0.0269854	0.0099401	0.7630809	0.4378443	0.1331310	0.0679736	0.0102232	0.1208716	0.9183257	0.3328240	0.5807322	0.9172054	0.9478797	0.9097018	0.0661698	0.6527205	0.9228784	0.9730084	0.8231288	0.7034623	0.9088254	0.1551960	0.1786415	0.0405149	0.4381311	0.0794275	0.6576272	0.8257977	0.2832317	1.0156319	0.4426698	0.7765938	0.3845148	0.0171109	1.0470778	0.3929739	0.0816723	0.0689875	0.6935054	0.6037772	0.4918766	0.7822015	0.7840318	0.2423197	0.0841869	0.2647231	0.8933550	0.0036962	0.7766725	0.4736992	0.8231881	0.2826865	0.5356902	1.0008281	0.6852493	0.5643874	0.1798937	0.2896715	0.4397910	0.5787754	1.0178852	0.7455235	0.4786310	0.0561585	0.3047533	0.2554438	0.2867939	0.7555751	0.2832111	0.4398167	1.0135737	0.5044200	0.3323385	0.6942687	0.7523919	0.9970341	0.1124957	0.7180121	0.9641774	0.4400494	0.3498211	0.6130234	0.6937199	0.7784913	0.4555916	0.1999339	0.3893799	0.5662196	0.0683676	0.5714038	0.2028391	0.0485304	0.4492280	1.0021219
950	0.0143000	0.6417583	0.9670658	0.1886793	0.5090154	0.0002290	0.0125526	0.0199768	0.7919592	0.4351561	0.1477867	0.0638492	0.0000000	0.1119584	0.8735178	0.4231412	0.5602499	0.9609564	0.9524871	0.8478783	0.0918478	0.6083539	1.0118279	0.8876008	0.9572096	0.7071375	0.9597068	0.1369647	0.1660976	0.0361771	0.4160874	0.0539916	0.6805978	0.9071808	0.2632694	1.0831503	0.3717534	0.7943948	0.3725884	0.0184085	0.9508442	0.4691357	0.0762324	0.0775621	0.7308284	0.6290058	0.4371801	0.8336221	0.9085189	0.2746869	0.0947209	0.3412280	0.9463352	0.0008545	0.7801937	0.5271742	0.8670850	0.2374128	0.4788279	1.0126296	0.6901403	0.5677299	0.2659227	0.2801706	0.4967867	0.5248410	1.0075940	0.7665651	0.4842179	0.0511886	0.3735549	0.1965465	0.2514003	0.8726611	0.3147366	0.4179483	0.9845920	0.3939876	0.3369427	0.6682334	0.8222893	0.8655010	0.1044912	0.6810559	0.9140851	0.4754366	0.2593897	0.5035660	0.5751041	0.8048386	0.5420288	0.1540332	0.4354214	0.5935905	0.0606594	0.5344054	0.2365130	0.0335807	0.5368457	0.9951792
1000	0.0140241	0.6734553	0.9428485	0.1450389	0.4446665	0.0001156	0.0201172	0.0236972	0.7919101	0.4162774	0.1323732	0.0740918	0.0057963	0.1205599	0.9644802	0.4350425	0.4838020	0.9312260	0.9219018	1.0140772	0.0691364	0.5762332	1.0143378	0.9574971	0.9440469	0.6449025	0.9603025	0.1043776	0.2281040	0.0570733	0.4119816	0.0784336	0.6859789	0.9002366	0.2691823	1.0440670	0.4770824	0.7847326	0.3038231	0.0173659	0.8972026	0.4661871	0.0430386	0.0651804	0.7259356	0.7200472	0.5835164	0.8714719	0.9250023	0.3545762	0.0806483	0.3357655	1.0195655	0.0034232	0.7608928	0.5640381	0.9433030	0.2692400	0.4982196	0.9511343	0.8009421	0.5772856	0.2911638	0.2260511	0.4821449	0.5633212	1.0615034	0.7721097	0.4672807	0.0519595	0.4035899	0.1324271	0.1908005	0.8208246	0.2804864	0.3113447	0.9723563	0.3229143	0.3372807	0.7177943	0.8433318	0.8867869	0.1035213	0.5802177	0.9820214	0.4066260	0.1302186	0.4723131	0.5689589	0.6894324	0.4840587	0.1117062	0.3997036	0.5754210	0.1156862	0.5567313	0.2499262	0.0254153	0.5069745	0.9626330

0	0.0094491	0.6355617	1.0459758	0.0876986	0.4170952	0.0015965	0.0357302	0.0201856	0.7842026	0.5482911	0.1482550	0.1067167	0.0074763	0.0795139	0.9263252	0.4386615	0.5117037	1.0187251	0.9869150	0.9112762	0.0675828	0.6396705	0.9879649	0.9056811	1.0249936	0.8053086	0.8415975	0.0956169	0.2807776	0.0361236	0.3476186	0.0945586	0.7647381	0.8073502	0.2691465	0.9854445	0.2644993	0.7761342	0.3511720	0.0142404	0.9503393	0.3956488	0.0912837	0.0721673	0.8039584	0.5632487	0.5721011	0.9104100	0.8750489	0.3877912	0.0490860	0.3690556	1.0040851	0.0016799	0.7496314	0.4296180	0.7445798	0.3138374	0.4763448	0.9977159	0.8917758	0.5763065	0.2317245	0.3844034	0.5377636	0.4876338	1.0898320	0.8135737	0.5024926	0.0491368	0.3912071	0.2335426	0.3169327	0.9297559	0.3112694	0.3637340	0.9584119	0.1589398	0.2670455	0.6498318	0.7931145	1.0351174	0.1402507	0.6535788	1.0095359	0.4184859	0.2245238	0.5131035	0.6073464	0.7854143	0.4606182	0.1309775	0.4648780	0.5528648	0.0723851	0.5781484	0.2784400	0.0363961	0.5378107	0.9932421
50	0.0109434	0.5986411	0.9958278	0.1164289	0.4821476	0.0002369	0.0415123	0.0209966	0.5451787	0.3995192	0.1867164	0.2544716	0.0021052	0.0819576	0.8493938	0.4849236	0.3181520	0.9434374	0.9847237	0.9138343	0.0637299	0.8754365	1.0154603	0.7909155	0.8692265	0.6019835	0.8652636	0.0694577	0.2782705	0.0509183	0.2853647	0.0567668	0.6851471	0.7191963	0.3627589	0.7830972	0.5367423	0.7582410	0.3678502	0.1948067	0.9317141	0.5204534	0.0838135	0.0760468	0.7891319	0.4096223	0.6290445	0.9797470	0.9056538	0.3232146	0.0674116	0.4010664	1.0205864	0.0033659	0.8088893	0.4800232	0.7183513	0.2715602	0.5944478	0.9909018	0.7328557	0.6427263	0.3786912	0.2656183	0.5803454	0.4951004	0.9093391	0.7073919	0.3679442	0.0499744	0.3284480	0.1570946	0.3262587	0.8890858	0.1943410	0.4924295	0.9435230	0.1766632	0.2712322	0.7444735	0.7515712	0.9405238	0.2173826	0.6653991	0.9839816	0.2883469	0.2762642	0.4627922	0.5154671	0.6930906	0.7361742	0.3908589	0.4120571	0.5305017	0.0732547	0.6140858	0.2164867	0.0212548	0.5065576	1.0041507
100	0.0142668	0.6522625	1.0330786	0.1015525	0.4285280	0.0006539	0.0144832	0.0089504	0.5336144	0.3864719	0.2997032	0.3589161	0.0029493	0.1113205	0.8888847	0.4252733	0.1639092	0.9030211	0.8999046	0.9346522	0.0935566	0.8600586	0.8454870	0.5293850	0.8697239	0.6867429	0.8076021	0.0858610	0.2375709	0.0411080	0.1602667	0.0599082	0.6193185	0.7503712	0.4620737	0.8671615	0.8007780	0.7307299	0.4904733	0.4090822	0.9622124	0.6267248	0.0579150	0.1088239	0.8269493	0.4412415	0.7225224	0.9904749	0.9039063	0.4145622	0.0532182	0.4863930	0.9923859	0.0008918	0.7965425	0.4776505	0.7190316	0.3399645	0.7795222	1.0226248	0.7247948	0.7109917	0.4551673	0.2664602	0.5841370	0.5775882	0.9282800	0.6538445	0.2268342	0.0500700	0.2902432	0.0825336	0.4281507	0.8893331	0.1246800	0.4227286	0.9591977	0.4356365	0.2672908	0.8274780	0.7609074	0.8998346	0.3986703	0.6014893	0.9779365	0.2301915	0.3397769	0.4232848	0.5787262	0.6212981	0.8218394	0.5593024	0.5138351	0.5100814	0.0783599	0.6546757	0.3334111	0.0290883	0.3379047	0.9755108
150	0.0075648	0.6773697	1.0173458	0.0854152	0.4424414	0.0005158	0.0297763	0.0203938	0.5227637	0.4012779	0.3629388	0.4721509	0.0005135	0.1052177	0.7667727	0.4534601	0.1245717	0.8808988	0.9457921	0.9224581	0.0904616	0.8758928	0.9001943	0.4318788	0.8509650	0.7055444	0.8593397	0.0914839	0.1381452	0.0357763	0.1355045	0.0477365	0.7018635	0.7268055	0.6084625	0.8231295	0.8408421	0.7384588	0.5967470	0.4685034	0.9720488	0.7795768	0.0270561	0.1436856	0.7541019	0.3845015	0.7866569	1.0321457	0.8325416	0.4331263	0.0468889	0.4363146	1.0233918	0.0016823	0.8174023	0.5169084	0.6844416	0.3700754	0.8810296	0.9485310	0.5720697	0.7717060	0.5206306	0.2462175	0.5532646	0.7818375	1.0313185	0.7847521	0.1966996	0.0724264	0.2978685	0.0509034	0.4769302	0.7588050	0.0733646	0.2649411	0.8960865	0.6300163	0.2599387	0.8336665	0.7644503	1.0021350	0.5183016	0.7154876	1.0664241	0.2634812	0.2925120	0.5402774	0.6947061	0.5547797	0.8628946	0.7522818	0.5189292	0.5592605	0.0592074	0.7488390	0.3105482	0.1532230	0.1872293	0.9726402
200	0.0078883	0.5988109	1.0163041	0.1083583	0.4791569	0.0002397	0.0315795	0.0273592	0.4967107	0.4122998	0.3406463	0.4956067	0.0003240	0.1026060	0.8545422	0.3729646	0.1474325	0.9539684	0.8996133	0.9182181	0.0913344	0.9553303	0.9198443	0.3848279	0.9157287	0.6668106	0.9321663	0.1502802	0.0699151	0.0252267	0.1350785	0.0575835	0.6354684	0.7082167	0.6959825	0.7611276	0.8167553	0.8632347	0.6309205	0.5429503	0.9284725	0.6489669	0.0213126	0.1947789	0.7535900	0.3146041	0.7320935	1.0921802	0.7994139	0.4604427	0.0456370	0.4379321	1.0272851	0.0006566	0.7772879	0.4971875	0.7597529	0.3480584	0.9630086	0.9195619	0.5611151	0.6550887	0.5213568	0.2217992	0.5065877	0.7707689	1.0242523	0.7960481	0.1587418	0.1700386	0.2638878	0.0540096	0.5697718	0.7151132	0.0821593	0.2829137	0.7746477	0.8574246	0.2184425	0.8926428	0.7695930	0.9724664	0.5784413	0.7387321	1.0288163	0.3065284	0.3132847	0.5100473	0.6703643	0.4776450	0.9453661	0.8063194	0.4879934	0.5230276	0.0416408	0.7108305	0.3738130	0.2330636	0.0890869	0.9679806
250	0.0152891	0.5500898	0.9783457	0.0910057	0.5540394	0.0005262	0.0310956	0.0445737	0.4571115	0.4880205	0.3423135	0.4395070	0.0007567	0.1091984	0.8289404	0.3475272	0.1614145	0.9782003	0.8876519	0.8552800	0.1311313	0.7941167	0.9723962	0.3250177	0.8862455	0.7148390	0.9026450	0.1200032	0.0403209	0.0201319	0.1173004	0.0781608	0.6654751	0.7374921	0.6991943	0.6117217	0.8265657	0.8330003	0.5819981	0.5086311	0.9395536	0.6914966	0.0388568	0.1537699	0.8119324	0.3394640	0.7451268	0.9841418	0.7780510	0.4784774	0.0647077	0.4931855	1.0120376	0.0000864	0.8144012	0.4975781	0.7319022	0.3505059	0.9522589	0.9288837	0.5147370	0.6505756	0.5287213	0.2634426	0.4772412	0.8004575	1.0758215	0.8813187	0.1912522	0.2251306	0.2379657	0.0588129	0.6083236	0.6515143	0.0539711	0.3109501	0.8573357	0.8627123	0.1704312	0.8174253	0.7259043	0.9572117	0.5790095	0.6302950	1.0194214	0.3622983	0.3456887	0.4706334	0.5859589	0.5169912	0.9170953	0.8204791	0.4870077	0.5999289	0.0353910	0.7225063	0.3872574	0.2702876	0.0648812	0.9278951
300	0.0165907	0.5480390	1.0237545	0.0759398	0.5285681	0.0008023	0.0231461	0.0494840	0.4865580	0.4348759	0.3852208	0.4747964	0.0000386	0.0968642	0.7792611	0.3517848	0.1358979	1.0940170	0.9185621	0.8594588	0.1477963	0.9376152	0.9918764	0.3872824	0.8735311	0.7033491	0.9131646	0.0825080	0.0283836	0.0224683	0.0879899	0.0981848	0.6180385	0.7065384	0.7686779	0.6964404	0.8712105	0.8000437	0.6070896	0.5087290	0.9865281	0.8100928	0.0272699	0.1299609	0.8410729	0.3215234	0.7800645	1.0917975	0.6767374	0.4716750	0.0796428	0.4525757	1.0943363	0.0000840	0.8587882	0.5353834	0.7093300	0.3072864	0.9282970	0.9816243	0.4419360	0.7122688	0.5170500	0.3259687	0.4909382	0.8679476	0.9845054	0.8444362	0.2190506	0.2399730	0.2675939	0.0668771	0.5854653	0.6484313	0.0614800	0.2932786	0.7957211	0.8982944	0.1878903	0.7724572	0.6997622	0.9596129	0.6225694	0.4668170	0.9802276	0.3147650	0.3631618	0.5559447	0.6805978	0.5049229	0.8769409	0.8382983	0.4816072	0.5934486	0.0418709	0.6667823	0.3845932	0.2078154	0.0410217	0.9242906
350	0.0134721	0.6715727	0.9935922	0.0961127	0.4324984	0.0002261	0.0238476	0.0629348	0.4668892	0.3431564	0.3592304	0.4212051	0.0014238	0.1570257	0.7058192	0.4002854	0.1278152	0.9447140	0.9571390	0.9183418	0.1134276	1.0484760	0.9899260	0.4563504	0.8383922	0.7522331	0.8170861	0.0698502	0.0202296	0.0309901	0.0927739	0.0772828	0.6097403	0.7507379	0.7626198	0.6760744	1.0604642	0.7912608	0.6048723	0.5454754	0.9834990	0.8091505	0.0271174	0.1424015	0.8524504	0.3099932	0.8410797	1.1031180	0.7295871	0.4920718	0.0872087	0.4870681	1.0127195	0.0022899	0.7660771	0.5332903	0.6109417	0.2830669	0.9340725	0.9678983	0.4652274	0.7512060	0.5474360	0.3258691	0.4885748	0.8749565	0.9258645	0.7327361	0.2400708	0.2611310	0.2773034	0.0132766	0.6408603	0.6649852	0.0406729	0.3060671	0.8558000	0.8128097	0.2026313	0.8881219	0.6661007	0.9662910	0.7008411	0.5470003	1.0207104	0.4058008	0.3538585	0.5397766	0.6235708	0.4744088	0.9298675	0.8671190	0.4979006	0.6015603	0.0234673	0.7403796	0.4061938	0.2605293	0.0299212	0.9681500
400	0.0124442	0.5799696	0.9688437	0.0805603	0.5037246	0.0016074	0.0406488	0.0610595	0.5536539	0.3733966	0.3189749	0.4717281	0.0000000	0.0802549	0.9176503	0.3688855	0.1192389	1.0415462	0.8663987	0.8457878	0.0916457	0.9801095	0.8799777	0.3928827	0.8562877	0.6937240	0.7418571	0.0947877	0.0247444	0.0323834	0.0976597	0.0693377	0.7328047	0.6930571	0.7076706	0.6461181	0.9572020	0.7626493	0.6868635	0.6003516	0.9794792	0.7323981	0.0190572	0.1662997	0.9010170	0.2983936	0.7204543	1.1228482	0.8723589	0.5276053	0.0766998	0.5239362	1.0296285	0.0001054	0.7896901	0.5302621	0.6223848	0.3243230	0.9626481	0.9626981	0.4431659	0.7970309	0.4992463	0.3717148	0.5386456	0.8738672	0.8678218	0.8046060	0.2358952	0.2254893	0.2066715	0.0393851	0.6695860	0.5994997	0.0304477	0.3172036	0.8220242	0.8932129	0.1741720	0.8369867	0.6251519	0.9831250	0.7375700	0.5743310	0.9619297	0.3992402	0.3474137	0.6419669	0.6214321	0.4058924	0.9478735	0.7672195	0.5254878	0.6163684	0.0130066	0.7938559	0.3908732	0.3113250	0.0379955	0.8850773
450	0.0177934	0.5901844	1.0106643	0.1023050	0.4835717	0.0003522	0.0422404	0.0336233	0.4721973	0.3868645	0.3117505	0.4399512	0.0009974	0.1246630	1.0192003	0.2877335	0.1317307	0.9438003	0.9109704	0.7687988	0.1224862	0.8995421	0.8777712	0.3912709	0.7774925	0.6850078	0.8198561	0.0799741	0.0125088	0.0294292	0.1217705	0.0646659	0.7110448	0.7224377	0.7746632	0.5898596	0.8366266	0.7919795	0.6763595	0.5972648	0.9592126	0.8557712	0.0342766	0.1549122	0.9392852	0.3155489	0.7968131	1.0393858	0.7651071	0.4941648	0.0586624	0.4675094	0.9051855	0.0010553	0.8205430	0.5331861	0.7592849	0.3489918	0.9043255	1.0161684	0.3703185	0.7858656	0.5492310	0.2966583	0.5017296	0.8705401	1.0269083	0.9006215	0.2127812	0.2718461	0.1389752	0.0993963	0.6270916	0.6754971	0.0310704	0.2760728	0.7513646	0.8948307	0.1762791	0.8347936	0.7376903	1.1073848	0.7244970	0.5336975	0.9591110	0.3496889	0.3623766	0.6344326	0.6465045	0.4210414	0.9238520	0.8309939	0.4574240	0.5857598	0.0291773	0.8012407	0.3772450	0.3403444	0.0581485	0.8953919
500	0.0137340	0.5685652	1.0634598	0.0664428	0.4797539	0.0028900	0.0411119	0.0459751	0.4142340	0.4111698	0.3375466	0.4563468	0.0006510	0.1120004	0.8528225	0.3226095	0.1565384	0.9087240	0.9052865	0.8213237	0.1212516	0.8238394	0.8540435	0.4408792	0.8353081	0.7339961	0.7576756	0.1034394	0.0217154	0.0263151	0.0803849	0.0519409	0.6409483	0.7377938	0.8363492	0.6346695	0.8094909	0.8370046	0.7277688	0.5248937	1.0068479	0.7085375	0.0238860	0.1271330	0.9084238	0.2422952	0.7511821	0.9400740	0.9335951	0.4879624	0.0562715	0.4643465	0.9346800	0.0026146	0.7568300	0.4810449	0.7479596	0.3632982	0.9193375	0.9697391	0.4257640	0.7575810	0.5847717	0.2971076	0.5393046	0.8128887	1.0568653	0.8408137	0.1948116	0.2423406	0.1544203	0.1217092	0.5960369	0.5608730	0.0520238	0.3221907	0.8817543	0.8643565	0.2166770	0.8546491	0.7141174	1.0499766	0.6784148	0.5086316	0.9458769	0.3275074	0.3939223	0.5852324	0.6890558	0.4425833	1.0006111	0.8258127	0.4382014	0.6037670	0.0217028	0.8310208	0.4223478	0.3190274	0.0548924	0.9026931
550	0.0079289	0.5612647	0.9083829	0.0361627	0.4536730	0.0009226	0.0218967	0.0294795	0.5110619	0.4717896	0.2140207	0.2714583	0.0016561	0.1049863	0.8774701	0.4061673	0.3289101	0.9645381	0.8164888	0.8513689	0.1157505	0.7216047	0.8449762	0.7410540	0.7252029	0.7035228	0.8306258	0.0834664	0.0269368	0.0296790	0.2501804	0.0749710	0.7767898	0.7223057	0.6630367	0.6397681	0.4535780	0.8369532	0.6646451	0.3203683	1.0839355	0.6006675	0.0512849	0.1841510	0.8924393	0.2856441	0.7930278	0.9090900	0.8272061	0.4818926	0.0717580	0.3504566	1.0399743	0.0003761	0.7819757	0.6190952	0.6826150	0.2903529	0.6688961	1.0591626	0.4158379	0.6341793	0.6490394	0.3080263	0.4807772	0.7977484	0.9591732	0.8585547	0.2811391	0.3144042	0.2075611	0.1596842	0.6173154	0.6153113	0.1140141	0.2819391	0.8828634	0.7512212	0.1957426	0.7055098	0.7206915	1.0754627	0.5062360	0.5633150	1.0252790	0.4451426	0.3995793	0.6786254	0.7469471	0.5705282	0.8004334	0.6211288	0.4227249	0.5182080	0.0161190	0.7906663	0.4067906	0.2169631	0.0464951	0.8905550
600	0.0153635	0.5719875	0.9626503	0.0580782	0.4999860	0.0031038	0.0238801	0.0467231	0.6034745	0.4764136	0.1269536	0.1566219	0.0127376	0.1280721	0.8772866	0.4135946	0.4509533	0.9786084	0.9024929	0.8085674	0.1143021	0.6815380	0.9890903	0.9418114	0.7268547	0.6207286	0.7608322	0.0623527	0.0737280	0.0302791	0.3437000	0.0642558	0.7688497	0.7755159	0.5255080	0.6584943	0.2792834	0.7813271	0.5778063	0.1350261	1.0307440	0.4724964	0.0762221	0.1740764	1.0031252	0.3441487	0.7348650	0.7749392	0.8981086	0.4565586	0.0610748	0.3176153	1.0298368	0.0008469	0.7939643	0.5151470	0.7256568	0.2431296	0.5663231	0.9357132	0.3907635	0.5561350	0.4863880	0.3117419	0.4775266	0.6885124	0.9062656	0.8482403	0.3904568	0.2059285	0.2177914	0.1317538	0.5899745	0.7233994	0.1575010	0.2481415	0.8532136	0.5518077	0.1820082	0.5985156	0.7262549	0.9507146	0.3044302	0.5101869	0.9670948	0.4840895	0.3858592	0.7390707	0.6413958	0.5428044	0.6516035	0.4327404	0.4222975	0.5259544	0.0270692	0.7392886	0.3377186	0.1606319	0.0265651	0.8440176
650	0.0112633	0.6009296	0.9659222	0.0714696	0.5816183	0.0056837	0.0385822	0.0191853	0.7011483	0.5384099	0.1089761	0.1313114	0.0068177	0.1230816	0.8556211	0.4572840	0.4818372	0.9563069	0.8512093	0.7747765	0.0866232	0.6331956	1.0539811	0.9459422	0.6526214	0.6713340	0.7878048	0.0881462	0.1716625	0.0200397	0.2890234	0.0734715	0.7651793	0.6802537	0.4450801	0.6845928	0.1434027	0.7974977	0.3969073	0.0497704	1.1301749	0.4317552	0.0881546	0.1123145	0.8614364	0.3312213	0.6626220	0.6871671	0.8789775	0.3857355	0.0710474	0.3588168	1.0011887	0.0038799	0.7810474	0.5166271	0.7590810	0.2811833	0.5622913	0.9630371	0.4588097	0.5479598	0.3060554	0.3184147	0.5075982	0.5559222	0.9607575	0.8833885	0.4836360	0.1933802	0.2253772	0.1623597	0.5192628	0.8455293	0.2045037	0.2250854	0.9033107	0.3803761	0.1743460	0.5350084	0.7286936	0.8780081	0.1733952	0.5260284	0.9398121	0.4477924	0.3744888	0.8264732	0.5167855	0.6789640	0.7085323	0.3596448	0.3867097	0.5769598	0.0350243	0.7199419	0.3235138	0.1013878	0.0362065	0.8882216
700	0.0051099	0.6274208	1.0341643	0.0976301	0.4848780	0.0026798	0.0311828	0.0219180	0.6877116	0.4565160	0.0998173	0.1102413	0.0093334	0.0990721	0.8627791	0.3942873	0.5237233	1.0484827	0.9201228	0.8260928	0.0664769	0.7021142	0.9646890	0.9751339	0.7423094	0.7364354	0.7802768	0.1088292	0.1686659	0.0262589	0.3699578	0.0599736	0.7307449	0.8582139	0.3656616	0.7482616	0.1446591	0.7590061	0.3645471	0.0196708	1.0970188	0.4263954	0.0988314	0.0638311	0.8028540	0.3846897	0.5660326	0.7397349	0.8237311	0.3647633	0.0872285	0.4018806	0.9995583	0.0018395	0.7619303	0.5045040	0.8025562	0.2959242	0.6075662	1.0687902	0.6213638	0.5351435	0.2011403	0.2629037	0.5267149	0.5508532	0.9885547	0.8859368	0.4690406	0.1044993	0.2884895	0.2208232	0.4997621	0.7925668	0.2122962	0.2395665	0.8408790	0.1983196	0.1602568	0.5629489	0.7587176	0.9892388	0.1183428	0.4835856	0.9644039	0.3602994	0.3245491	0.7221139	0.5759481	0.7057345	0.6133772	0.2965862	0.4074118	0.5521733	0.0655647	0.6713633	0.2616295	0.0662549	0.1540146	0.9795898
750	0.0098509	0.6819184	1.0036055	0.1281159	0.4614835	0.0035464	0.0358775	0.0258154	0.7626487	0.4547723	0.0907920	0.0975126	0.0166716	0.1182044	0.8957699	0.3428986	0.4736446	1.0680951	0.9029392	0.7867198	0.0705194	0.7074843	0.9385388	0.9486950	0.8790981	0.6503275	0.8298752	0.1378871	0.2424134	0.0358765	0.2923964	0.0615268	0.6176633	0.8493886	0.3329273	0.7399578	0.1894589	0.7096334	0.3250920	0.0199585	0.9075478	0.4561490	0.0769872	0.0406595	0.7931387	0.4588716	0.4758380	0.7201189	0.9216742	0.3781604	0.0758591	0.3519383	1.0003332	0.0002118	0.6963209	0.6286904	0.7863498	0.2739115	0.6027083	0.9366490	0.6685341	0.6033451	0.1359253	0.2866657	0.5269582	0.5867025	1.0769223	0.7900479	0.4874111	0.0723369	0.3495894	0.2547803	0.4351480	0.8499485	0.2880696	0.2541144	0.8987383	0.1864572	0.1853660	0.6428715	0.7078889	0.9883338	0.0895874	0.6007967	0.9981309	0.3472662	0.3168354	0.6833412	0.5589264	0.7080201	0.5829643	0.2084280	0.3993063	0.5676282	0.0729128	0.5986004	0.2805642	0.0390669	0.3423126	1.0217391
800	0.0033359	0.6818031	0.9670496	0.1233860	0.4843254	0.0028349	0.0430754	0.0076407	0.7589054	0.4122836	0.0983940	0.1023188	0.0046741	0.0700792	0.8762892	0.3723184	0.4992514	1.0190118	0.9540482	0.8355685	0.0758665	0.6341871	0.8930013	0.9673080	0.8431761	0.6931368	0.8434443	0.1424855	0.2436290	0.0612251	0.4624529	0.0790326	0.6180420	0.8166562	0.3375592	0.7743962	0.2393635	0.7347565	0.3615115	0.0258679	0.9120023	0.4655986	0.1065529	0.0455957	0.7869979	0.6178623	0.4801292	0.7047257	0.7774979	0.3335723	0.0958930	0.3809216	1.0017983	0.0026122	0.6712220	0.5749843	0.7155751	0.2631673	0.5388537	1.0215843	0.7350073	0.5235831	0.1221022	0.2827805	0.4954665	0.5437400	0.9521240	0.8295270	0.4372092	0.0835955	0.3539434	0.2546265	0.3790081	0.9009231	0.3303548	0.3507312	0.9101774	0.1569234	0.2018441	0.6521923	0.7903852	1.0141611	0.0778255	0.5298123	1.0067518	0.3700118	0.2737866	0.5592735	0.4615147	0.8642544	0.5518622	0.1443400	0.4123217	0.5204590	0.0836850	0.6172315	0.2263708	0.0312262	0.4663840	1.0095387
850	0.0159439	0.6004095	1.0743085	0.1248876	0.4792498	0.0020263	0.0379927	0.0114411	0.7938468	0.5220461	0.1223415	0.0838764	0.0055638	0.0930853	0.8867607	0.3324639	0.4224155	1.0144139	0.9833028	0.8841614	0.0888220	0.5861235	0.9402407	0.9595014	0.7731336	0.7914455	0.9230294	0.1296229	0.3299682	0.0572025	0.3296566	0.0621593	0.6195524	0.8163079	0.2957840	0.7533962	0.3909636	0.7032129	0.3506239	0.0337100	0.9392717	0.4646119	0.0681069	0.0662979	0.7794981	0.6051153	0.4730536	0.7611541	0.8558101	0.3267650	0.0737049	0.3209568	1.0504894	0.0092344	0.6676441	0.5406831	0.8292715	0.2644728	0.4559057	1.0383305	0.7395946	0.5016801	0.1275701	0.2961540	0.5304808	0.5120066	0.9873297	0.7795194	0.4644084	0.0629723	0.4071603	0.2346840	0.3270319	0.8217571	0.2638151	0.4328645	1.0031425	0.1464050	0.2491387	0.5951066	0.8282142	1.0164566	0.1036405	0.6420122	0.9770437	0.3790561	0.1951455	0.5351211	0.5321028	0.7989375	0.5535110	0.2133572	0.3666825	0.5603265	0.1329843	0.6039487	0.2382387	0.0309228	0.4950880	0.9282696
900	0.0163555	0.6516514	1.2249553	0.1261073	0.4853977	0.0041130	0.0201414	0.0234737	0.8219745	0.5141254	0.1470622	0.0996103	0.0046333	0.0859589	0.9275911	0.3674125	0.4723986	1.0254089	0.9299952	0.8510110	0.0881378	0.5985918	1.0248822	1.0150199	0.8647110	0.6732338	0.9067357	0.0936792	0.3180570	0.0797413	0.4177854	0.0594455	0.7315453	0.8218267	0.2905396	0.7912410	0.4508000	0.6936587	0.3437812	0.0135177	1.0753165	0.4839051	0.0528747	0.0945912	0.7722147	0.6306279	0.5369724	0.8245069	0.8121866	0.3457232	0.0986694	0.3004653	0.9924620	0.0150136	0.7117446	0.5346267	0.7663741	0.2440063	0.4583617	1.0680580	0.8443180	0.5433460	0.1308123	0.3024602	0.5582870	0.5439584	0.9587393	0.7719756	0.4626648	0.0404309	0.3704348	0.2392490	0.3377667	0.8948080	0.2966361	0.4402779	0.9436464	0.3380301	0.2725438	0.6683942	0.9223638	0.9496095	0.1176663	0.6988096	1.0121687	0.3464783	0.2075577	0.5131157	0.5949856	0.7581217	0.5227239	0.2512484	0.4457169	0.5841717	0.0891812	0.5557530	0.2682399	0.0424203	0.4707022	1.0932986
950	0.0043584	0.6966295	1.0704882	0.1268559	0.5061414	0.0093972	0.0278600	0.0171285	0.7844726	0.5253157	0.1408863	0.0979431	0.0019914	0.1112477	0.8697543	0.4249628	0.5013025	1.0088429	0.9092822	0.9170013	0.0661709	0.6948126	1.0816904	1.1015533	0.9058545	0.5888121	0.9316425	0.0814421	0.4196156	0.0433747	0.4470909	0.0961390	0.6374704	0.8417141	0.2601778	0.8818298	0.4485292	0.7312949	0.3528734	0.0272693	1.0290981	0.4486068	0.0598580	0.1126628	0.7336460	0.5764910	0.5665142	0.7925456	0.8868376	0.3423205	0.0751244	0.3206260	1.0441093	0.0108276	0.7048901	0.4834557	0.7387109	0.2380335	0.4177606	0.9657449	0.8738765	0.5616583	0.2499543	0.2868896	0.5522191	0.4745860	1.0492153	0.7369884	0.4683502	0.0360401	0.2768172	0.2464971	0.3627971	0.8249869	0.3134195	0.5441880	0.8992934	0.5040519	0.2866980	0.6435083	0.8281428	1.0580374	0.1027719	0.7348088	1.1064527	0.3991735	0.1607359	0.5249754	0.5742282	0.7836624	0.4617772	0.2367849	0.3979505	0.5382675	0.0768540	0.5801785	0.2391279	0.0502367	0.4792040	1.0047998
1000	0.0141179	0.7049189	1.0555276	0.1401461	0.4614100	0.0007493	0.0319889	0.0255849	0.7009283	0.4299849	0.1235725	0.1037989	0.0043626	0.0955204	0.9362645	0.4693840	0.4736235	0.9514395	0.9646179	0.8071940	0.0796239	0.5653364	0.9988542	1.0484007	0.8236642	0.6479715	0.8273655	0.0600563	0.3922405	0.0303965	0.3924677	0.1177872	0.6202432	0.8450115	0.3360868	0.8571912	0.4865205	0.6702504	0.3544464	0.0332946	0.9813591	0.4267120	0.0560637	0.1370187	0.6388563	0.5719148	0.6285847	0.7735535	0.9760823	0.3394153	0.0725716	0.4047080	0.8683127	0.0136141	0.7659508	0.4940015	0.8385552	0.2550970	0.4820787	0.9532681	0.7904675	0.5910904	0.2284521	0.2968235	0.4750023	0.5821295	1.0139657	0.7304567	0.4991711	0.0435034	0.3313159	0.2424722	0.3450719	0.8901428	0.2648275	0.6550473	0.8303998	0.5237986	0.3150071	0.6130146	0.8168082	0.8696761	0.1483335	0.8009328	1.0912747	0.4308420	0.1651633	0.5055724	0.4880058	0.6870866	0.4110120	0.2932992	0.3762903	0.5596220	0.0858268	0.5533574	0.2488448	0.0477226	0.5080144	1.1042703

0	0.0094491	0.6355617	1.0459758	0.0876986	0.4170952	0.0015965	0.0357302	0.0201856	0.7842026	0.5482911	0.1482550	0.1067167	0.0074763	0.0795139	0.9263252	0.4386615	0.5117037	1.0187251	0.9869150	0.9112762	0.0675828	0.6396705	0.9879649	0.9056811	1.0249936	0.8053086	0.8415975	0.0956169	0.2807776	0.0361236	0.3476186	0.0945586	0.7647381	0.8073502	0.2691465	0.9854445	0.2644993	0.7761342	0.3511720	0.0142404	0.9503393	0.3956488	0.0912837	0.0721673	0.8039584	0.5632487	0.5721011	0.9104100	0.8750489	0.3877912	0.0490860	0.3690556	1.0040851	0.0016799	0.7496314	0.4296180	0.7445798	0.3138374	0.4763448	0.9977159	0.8917758	0.5763065	0.2317245	0.3844034	0.5377636	0.4876338	1.0898320	0.8135737	0.5024926	0.0491368	0.3912071	0.2335426	0.3169327	0.9297559	0.3112694	0.3637340	0.9584119	0.1589398	0.2670455	0.6498318	0.7931145	1.0351174	0.1402507	0.6535788	1.0095359	0.4184859	0.2245238	0.5131035	0.6073464	0.7854143	0.4606182	0.1309775	0.4648780	0.5528648	0.0723851	0.5781484	0.2784400	0.0363961	0.5378107	0.9932421
50	0.0097832	0.6392830	0.9681372	0.1308720	0.5010651	0.0009772	0.0283879	0.0147306	0.7580170	0.4739654	0.1173475	0.0849402	0.1892133	0.1450007	0.8550137	0.3574044	0.5208440	0.9521795	0.9151979	0.8814452	0.1092054	0.8249142	0.9223569	1.1411909	0.9627323	0.8091453	0.8280952	0.1644906	0.2080757	0.0276490	0.3983230	0.0358083	0.6527521	0.8366100	0.2593771	0.9496274	0.3016893	0.7817199	0.3287683	0.0368801	0.8884753	0.4905175	0.0701404	0.0872930	0.6120298	0.3835713	0.6052414	0.8545657	0.8822292	0.3010978	0.0456017	0.4006761	1.0314412	0.0008241	0.5443666	0.4518177	0.7433088	0.3314299	0.4932748	0.9965520	0.8220440	0.4977635	0.3093212	0.2308166	0.5101407	0.4419596	0.8804017	0.7084752	0.4202374	0.1794660	0.4145770	0.1165003	0.2807270	0.7807594	0.4049994	0.3555192	0.8842348	0.2658094	0.2281942	0.5618600	0.5298698	1.0570556	0.1246163	0.6729418	1.0920038	0.3651654	0.2599760	0.4245441	0.5364884	0.6397053	0.4113617	0.2866420	0.4849644	0.6271515	0.0555935	0.5838325	0.2487099	0.0599986	0.5718191	0.9869097
100	0.0083469	0.5878488	1.0351773	0.1313301	0.4389211	0.0028726	0.0384698	0.0188712	0.8077071	0.4741024	0.1009529	0.1260763	0.3370005	0.1374229	0.8591132	0.3209159	0.5013342	0.9475342	0.8496532	0.9347719	0.1306021	0.9301249	0.9570525	0.9353054	0.8971057	0.9972241	0.7676220	0.2291896	0.1781479	0.0434912	0.3668721	0.0546198	0.5471281	0.8290288	0.2931131	0.9028299	0.3762925	0.7369602	0.3866692	0.0205874	0.8370040	0.5193672	0.0672688	0.0921763	0.5444591	0.3307583	0.6803625	0.8722696	0.8912429	0.3507566	0.0375066	0.3202164	0.9853886	0.0026355	0.4557286	0.4454851	0.7266644	0.3015904	0.4129717	1.0669262	0.7844232	0.4214245	0.4347369	0.2341304	0.4912200	0.3778070	0.8643333	0.6573381	0.4888069	0.4043750	0.4206890	0.0485809	0.2074452	0.8469155	0.4734876	0.3317681	1.0159148	0.3384029	0.2146233	0.5809961	0.4378059	0.9631636	0.1404407	0.7673227	1.1119409	0.4048061	0.2482376	0.4046764	0.4300092	0.6218961	0.4423419	0.3157262	0.5683537	0.5917628	0.0757266	0.5301235	0.2704810	0.1383006	0.5349252	1.0445328
150	0.0063707	0.6137694	0.9366306	0.1501864	0.4783051	0.0016044	0.0644651	0.0269696	0.7575901	0.4470431	0.2652506	0.1532284	0.4174624	0.1319139	0.9346452	0.3438831	0.4402589	0.9796724	0.8275448	0.9242775	0.1567726	0.9548456	0.9814694	0.9488980	0.8208288	1.0278050	0.7390511	0.3023858	0.2276732	0.0430174	0.3946151	0.1629622	0.4390517	0.7773880	0.3037975	0.7961366	0.3558750	0.7710394	0.3382695	0.0124699	0.8542858	0.5897977	0.0481211	0.0804666	0.4907254	0.3388255	0.6427924	1.0377708	0.9125647	0.3103712	0.0695742	0.4068641	1.0046870	0.0009608	0.4755230	0.5437866	0.7627460	0.2564539	0.4421016	1.0078541	0.7184539	0.5501773	0.4404241	0.2249971	0.4389470	0.3746043	0.8106678	0.6592427	0.5470170	0.4393003	0.3580952	0.0265188	0.2084919	0.8069932	0.4454797	0.3042026	0.9188203	0.3770208	0.1982176	0.6305450	0.4638262	0.8515815	0.1346354	0.6819959	0.9481456	0.3922550	0.2960051	0.4750065	0.4113255	0.5531215	0.4246477	0.3180247	0.6746932	0.5757009	0.1503668	0.5637112	0.3186105	0.1350575	0.5058649	0.9589445
200	0.0136166	0.5556950	0.8619658	0.1703630	0.4940015	0.0015724	0.0409995	0.0253023	0.7410064	0.5525132	0.2022313	0.1721640	0.3845772	0.0847569	0.8643548	0.3031587	0.4797761	0.8658027	0.8945283	0.9246780	0.1308596	0.9444089	0.9708356	0.8766160	0.7691293	1.0474767	0.7321757	0.3598981	0.2193138	0.0297899	0.3483402	0.2884100	0.5127931	0.8100566	0.3691656	0.8490796	0.3890157	0.7527425	0.3256754	0.0300339	0.9191492	0.5437803	0.0572470	0.0789287	0.5256352	0.2825610	0.7213308	1.0287068	0.9680968	0.3160234	0.0828840	0.4090681	0.9655489	0.0007942	0.4534804	0.4625286	0.7536404	0.3064398	0.4743766	0.9386428	0.7638177	0.5598302	0.6650721	0.2364875	0.4672773	0.3661836	0.8197246	0.7059732	0.5021539	0.5387587	0.3148205	0.0193138	0.1986388	0.7516520	0.3995517	0.2784306	0.8877493	0.5200627	0.2031103	0.6102308	0.4063734	0.9560261	0.1679854	0.8089149	0.9297718	0.3983225	0.3588027	0.4126531	0.3970709	0.4305401	0.3701954	0.2627722	0.7239750	0.5877692	0.1029391	0.5760002	0.3533255	0.1497543	0.5233282	0.9576050
250	0.0151078	0.5429032	1.0347518	0.1596051	0.5537288	0.0012931	0.0489447	0.0199390	0.6829241	0.5420388	0.1930254	0.2095815	0.4899697	0.1054782	0.8508916	0.3270134	0.4800517	0.8643609	0.8522283	0.9063888	0.1457924	0.9916817	0.8981738	0.8151933	0.7477487	1.0282431	0.6893285	0.3568456	0.2008690	0.0263589	0.3508556	0.3664827	0.4663726	0.7844865	0.4973966	0.6710171	0.3218098	0.8269915	0.4011418	0.0239053	0.9761713	0.5304315	0.0618955	0.0847372	0.5526503	0.2354915	0.6550417	1.1290512	0.9480728	0.2861575	0.1109803	0.4827663	0.9682153	0.0026825	0.4455687	0.2904146	0.7122494	0.3635854	0.5478137	0.8962160	0.7750874	0.5884717	0.6571091	0.2513215	0.4866303	0.4361755	0.8324951	0.7389152	0.5371801	0.5200633	0.3232392	0.0041772	0.2611478	0.8652082	0.3088606	0.3392729	0.9854517	0.4641319	0.1585296	0.5892678	0.4034476	0.9685652	0.2015222	0.7760545	0.9213455	0.4643924	0.3373420	0.4193080	0.3726610	0.4197507	0.3875520	0.3149061	0.7559120	0.7067935	0.0899849	0.6383142	0.3038628	0.1748124	0.4980855	1.0112744
300	0.0064585	0.5433398	0.9248434	0.1739577	0.4881511	0.0004498	0.0326538	0.0113039	0.6643466	0.4961479	0.2506320	0.1712621	0.3914558	0.1342891	0.9230098	0.3394734	0.6105216	1.0203032	0.7654622	0.8673154	0.1216639	0.9236824	0.8827240	0.8471757	0.7651394	1.0929578	0.6407498	0.3803536	0.2016058	0.0157162	0.3766218	0.3085959	0.4991216	0.7868313	0.4651342	0.5940740	0.3821622	0.8463005	0.3961601	0.0241728	1.0214744	0.5377982	0.0649873	0.0918094	0.6406045	0.2251538	0.6622288	1.0682208	0.9255803	0.2420250	0.1224676	0.4798700	0.9825762	0.0015088	0.4299187	0.1970601	0.7213306	0.3217561	0.5110410	0.8746189	0.6870236	0.5674832	0.6540367	0.2820136	0.4502238	0.4298129	0.9476454	0.9125033	0.5185633	0.6006328	0.2639728	0.0000000	0.3246875	0.8351088	0.3373332	0.4089292	0.9976111	0.4087089	0.1448281	0.6318428	0.4288453	0.8699496	0.1929583	0.7450378	0.9815079	0.4743093	0.3015155	0.4488576	0.4659137	0.4451936	0.4221721	0.2011810	0.7430626	0.7933524	0.0710179	0.6800627	0.3329121	0.1789215	0.5414010	1.0045767
350	0.0198999	0.5908799	0.9823984	0.2072451	0.4557202	0.0003595	0.0329322	0.0220418	0.5830770	0.4670966	0.2521183	0.1772776	0.4293568	0.1234589	0.9120612	0.3630912	0.4818964	0.9996235	0.8034084	0.9550887	0.1183433	0.9163324	0.9051435	0.6903426	0.6269765	1.0084984	0.5919245	0.3894417	0.2067739	0.0290600	0.3625228	0.2635075	0.4872382	0.7494992	0.4850635	0.5493173	0.3421109	0.8574649	0.3264132	0.0362338	0.8837431	0.5022432	0.0718149	0.0961872	0.5866122	0.2259922	0.7663633	1.0952304	0.8504751	0.2342338	0.1517147	0.4677957	0.9828627	0.0023355	0.4399666	0.1362898	0.7467594	0.3899334	0.5138558	0.9372115	0.6684229	0.6448492	0.7431449	0.3115848	0.5208494	0.4311203	0.9213932	0.9093688	0.5105474	0.5631366	0.2272130	0.0092527	0.3336710	0.9190351	0.3555537	0.3492525	0.9619091	0.3100825	0.1140537	0.5641952	0.3412862	0.9469019	0.1784201	0.8251806	1.0108902	0.5237491	0.3555789	0.5144776	0.4932390	0.4063342	0.4433100	0.1669670	0.7224350	0.7231146	0.1172748	0.6070454	0.3679836	0.1784213	0.5236020	0.9133934
400	0.0112373	0.5954261	1.0830559	0.1818353	0.4799378	0.0012992	0.0593580	0.0188225	0.6994508	0.4940842	0.1861400	0.2005593	0.4188843	0.0871920	0.8971728	0.3584659	0.5000896	1.0410580	0.7913491	0.8856530	0.1232464	0.9466450	0.9038993	0.6985931	0.5683279	0.9934293	0.5675699	0.3320218	0.1987343	0.0334670	0.2946784	0.2299313	0.5439723	0.6803497	0.5425224	0.5988750	0.3999932	0.7887642	0.3756073	0.0294077	0.9780323	0.4618346	0.0766104	0.0767805	0.6532744	0.2380273	0.8196199	1.0035160	0.7753271	0.2522871	0.1412078	0.5422960	0.9518653	0.0000691	0.4436597	0.1783414	0.7873219	0.4355170	0.5481509	0.9695194	0.6240228	0.5424949	0.6933469	0.2771768	0.5007127	0.3953588	0.8154150	0.7850354	0.4888190	0.6188336	0.2669551	0.0051684	0.3117984	1.0346138	0.4071509	0.3023102	0.9879274	0.3419401	0.1215571	0.5847247	0.2942649	1.0568232	0.1519978	0.8019868	1.0210777	0.4768285	0.2835585	0.5475597	0.4594710	0.4277654	0.4186103	0.2321071	0.7215377	0.7067056	0.1030501	0.6557447	0.3101046	0.1899002	0.5573355	0.9829048
450	0.0101617	0.5605351	1.0317793	0.1591252	0.5022159	0.0031623	0.0275583	0.0257942	0.6625930	0.4892046	0.2044023	0.1553325	0.3918403	0.1070305	0.8629953	0.3051560	0.3986835	0.9682039	0.9163597	0.8583709	0.1225389	0.9802975	0.9257273	0.6960769	0.4937361	0.9952296	0.6160434	0.3482904	0.1821325	0.0345283	0.2964272	0.2011494	0.5411224	0.7436835	0.5111560	0.5829469	0.3312425	0.7471845	0.3712599	0.0210047	0.9791838	0.4500531	0.0695179	0.0861000	0.6381208	0.2408945	0.7645465	1.0429218	0.7647549	0.2809916	0.1630328	0.4599693	0.9647685	0.0002137	0.4297820	0.2006851	0.7521855	0.4578505	0.4347027	0.9440922	0.7061936	0.5720266	0.6885361	0.2668324	0.5604682	0.4138193	0.9981312	0.8011120	0.4582065	0.6314389	0.3660315	0.0029285	0.3107382	0.8670753	0.3917824	0.2737294	0.9518199	0.3181894	0.1119050	0.5766835	0.2886758	1.0111865	0.1420990	0.7832864	0.9793511	0.4680764	0.2854086	0.5290458	0.4268052	0.4095433	0.5030400	0.2447905	0.8022679	0.7330729	0.1268689	0.6099942	0.2824715	0.1513791	0.5549755	0.9836801
500	0.0091007	0.5806913	1.0200044	0.1484626	0.4504711	0.0004151	0.0480457	0.0216327	0.7401120	0.4943153	0.2144504	0.1618553	0.3979984	0.1333520	0.8499526	0.3095033	0.4509773	1.0761689	0.9067237	0.8288582	0.1293040	0.9773526	1.0773458	0.7322972	0.5599101	0.9905023	0.6112033	0.3449651	0.2070104	0.0333109	0.3631898	0.1881789	0.5691789	0.7708581	0.4671123	0.5006089	0.2582067	0.7589325	0.2976493	0.0237959	0.9817016	0.5142456	0.0879293	0.0778800	0.6259125	0.1780457	0.7053125	1.0483498	0.8788221	0.2665112	0.1774554	0.4160973	0.9061212	0.0002789	0.4199091	0.2967773	0.6747400	0.4446848	0.4576100	0.9138003	0.6723217	0.6201929	0.5886385	0.2358684	0.5143169	0.4341490	0.9000659	0.7179693	0.5168848	0.6132071	0.2990853	0.0013444	0.2908127	0.8609516	0.4939432	0.2820935	0.9381596	0.2773930	0.0942783	0.5639711	0.3345851	0.9682575	0.1433573	0.8125115	1.0675865	0.5155138	0.3584920	0.4745139	0.4040493	0.3802892	0.4521547	0.1346493	0.7832855	0.7728108	0.1330686	0.6005103	0.2823135	0.1358108	0.6149074	1.0237245
550	0.0117659	0.5689696	0.9947370	0.1802920	0.5621542	0.0010345	0.0521446	0.0366031	0.6443554	0.4647035	0.2113495	0.1401416	0.2192006	0.1157626	0.7921385	0.3419986	0.4898201	1.0585840	0.9421623	0.8081598	0.1175223	0.8388276	1.0550739	0.7891742	0.6177117	0.8312126	0.6806705	0.3030317	0.1856759	0.0277645	0.3265834	0.1824644	0.5728616	0.7247919	0.5821315	0.4236471	0.2030800	0.7772302	0.2884868	0.0229360	0.9654689	0.4604119	0.0935446	0.0823599	0.7920255	0.3104103	0.8105726	0.8672167	0.8335168	0.2857436	0.1793555	0.3693442	0.9211282	0.0008164	0.5205671	0.3555121	0.6531693	0.4374027	0.4748994	0.8887817	0.7077169	0.5728197	0.4855468	0.2636391	0.4659563	0.4326944	1.0189079	0.7111076	0.4650440	0.3171206	0.3450371	0.1033637	0.3889665	0.9468660	0.3003702	0.3018510	0.9789399	0.1639266	0.0928963	0.5528768	0.5283331	0.8228298	0.1159043	0.7509217	1.0109683	0.4832031	0.3828466	0.4930281	0.5535035	0.4242939	0.4213366	0.1078643	0.6799987	0.7754394	0.1130490	0.6151067	0.3307903	0.0953375	0.5344016	1.0385005
600	0.0078918	0.6385370	1.0637126	0.1177446	0.5125945	0.0010507	0.0438899	0.0370851	0.6342394	0.3895885	0.1567983	0.1129896	0.0586406	0.1260946	0.8572689	0.3745932	0.4726519	1.0407119	0.9082526	0.8503364	0.0989401	0.6886460	1.0675474	0.8052035	0.6176223	0.7383259	0.7686580	0.1789110	0.1746023	0.0294330	0.3028433	0.1402771	0.6235256	0.7478645	0.5529025	0.5619813	0.1283934	0.6841804	0.3403538	0.0498137	0.9948540	0.4403004	0.0842021	0.0562905	0.8053269	0.3437093	0.7292668	0.6934823	0.7694082	0.2914817	0.1355573	0.4100096	0.8972616	0.0005576	0.6407045	0.3543153	0.6704138	0.4292962	0.5156271	0.9458067	0.7368563	0.5659080	0.4961062	0.2691924	0.5215049	0.5022997	0.9484745	0.8615863	0.5057492	0.2156092	0.3717331	0.1887875	0.5166387	0.8057853	0.2474078	0.2279849	1.0059587	0.1546755	0.1101566	0.5070890	0.5901834	0.9042945	0.0962980	0.5819861	0.9483375	0.5054302	0.3494866	0.5046262	0.6226181	0.4871322	0.4356342	0.1481947	0.5716514	0.7127147	0.1009025	0.5496577	0.3388678	0.0804391	0.5072943	1.0971467
650	0.0220207	0.7283701	1.0160321	0.0846832	0.4929335	0.0003678	0.0400281	0.0112168	0.7591865	0.3919461	0.0944910	0.1215469	0.0140884	0.1338163	0.8517961	0.3761111	0.4597694	1.1066030	0.9002949	0.8715427	0.0669253	0.6991470	1.0274637	0.9794992	0.7585713	0.6075463	0.8176045	0.1322414	0.2374377	0.0205994	0.2855084	0.1094734	0.6694390	0.7837422	0.4740672	0.6521221	0.1330166	0.6991327	0.3531093	0.0304393	0.9574537	0.4272043	0.0922951	0.0764829	0.9255341	0.3477102	0.5180597	0.6484608	0.8171309	0.2715297	0.1527627	0.3188827	0.8122728	0.0025113	0.7388898	0.3567081	0.6914642	0.4201006	0.5304182	0.9731272	0.7154309	0.5665688	0.4120776	0.2428570	0.4906079	0.4935870	0.8021412	0.9043413	0.5321887	0.1697584	0.2764629	0.1808906	0.5463489	0.7733759	0.2410425	0.2987131	0.9926481	0.1280800	0.1092887	0.5545816	0.7104059	0.9629031	0.1193343	0.6060133	0.9828392	0.4658468	0.3165458	0.5221862	0.5268979	0.6355651	0.5055351	0.2781359	0.5337387	0.6854760	0.0748142	0.6320182	0.3729841	0.0599979	0.4677872	0.9216600
700	0.0127673	0.6190599	0.9230650	0.0784509	0.5122927	0.0000664	0.0304335	0.0127106	0.8545212	0.4291700	0.0987053	0.1173677	0.0026096	0.1101249	0.8173689	0.3698748	0.3828526	0.9952681	0.9121572	0.8360255	0.0863256	0.6665860	1.0802033	1.0611808	0.7882452	0.6924867	0.9267601	0.1122868	0.1741473	0.0369345	0.3872857	0.0875675	0.7312407	0.8838218	0.4446912	0.6570744	0.1458863	0.6761596	0.3798124	0.0175089	1.0129067	0.3899208	0.0694724	0.0582594	0.9773046	0.5379925	0.3639368	0.6716622	0.7890439	0.2638417	0.1435327	0.3148540	0.8127757	0.0009036	0.7534791	0.4855461	0.6429150	0.3969600	0.4435618	0.9275458	0.7969553	0.5965226	0.2220894	0.2856966	0.4981916	0.4488223	0.9839445	0.7957275	0.4975661	0.1323094	0.3183434	0.2329811	0.4841310	0.8125780	0.2742235	0.2613619	1.0013215	0.1548221	0.1478939	0.6646289	0.7126769	0.9173701	0.1242546	0.5705501	0.9229475	0.3955683	0.3835679	0.5226200	0.6044663	0.7599691	0.5750822	0.2776172	0.4471164	0.5985898	0.0786027	0.5804879	0.3463260	0.0314696	0.4647776	0.9850226
750	0.0148926	0.6077818	0.9824109	0.0826727	0.4451131	0.0018433	0.0560953	0.0078158	0.7177236	0.4223269	0.0881381	0.1089929	0.0009806	0.1268931	0.9484121	0.3494409	0.4529056	0.8590866	0.9102398	0.9108763	0.0650678	0.6518236	1.0375774	1.0159590	0.9137768	0.6998647	0.8936422	0.0872726	0.2161314	0.0436145	0.4344970	0.0588059	0.7201827	0.8660638	0.3828580	0.7959258	0.3149733	0.7052594	0.3684046	0.0168244	1.0364667	0.4159818	0.0630905	0.0667945	0.8102303	0.6874122	0.4110611	0.6688565	0.8007183	0.2631357	0.1185457	0.2622927	0.8891862	0.0007957	0.7414677	0.4358732	0.7077927	0.2871957	0.4506507	0.9485106	0.7142932	0.6010442	0.1347785	0.2479959	0.4910980	0.4100792	0.9324174	0.7333518	0.5057617	0.0995384	0.3740071	0.2150889	0.4920582	0.8502753	0.2795222	0.3239275	0.8959491	0.2729317	0.1648829	0.5991663	0.7633228	0.9798678	0.1327832	0.5329958	0.9235141	0.3641116	0.2876203	0.5421750	0.5721212	0.7337781	0.5862836	0.1729163	0.4727850	0.5731213	0.0744715	0.5502854	0.3343366	0.0297767	0.4583283	0.9570440
800	0.0216254	0.5565265	0.9189748	0.0814564	0.4728858	0.0013216	0.0495873	0.0117851	0.7660974	0.3608597	0.0671569	0.0807203	0.0039891	0.1265541	0.8526618	0.3625567	0.4171863	0.9783989	0.9950185	0.9640152	0.0493641	0.6702369	0.9087529	1.0106714	0.8743765	0.5879853	0.8967297	0.0855888	0.2333937	0.0557390	0.5086576	0.0714528	0.6953458	0.8501444	0.3116998	0.9598369	0.4915811	0.7083904	0.4308681	0.0099363	0.9824450	0.4911829	0.0714726	0.0776944	0.7314793	0.7925769	0.3608470	0.7939269	0.7754252	0.2900520	0.0952917	0.3089997	0.9975014	0.0002341	0.7287343	0.4756028	0.7565794	0.3030641	0.5307823	0.9061820	0.8008659	0.5741373	0.0697010	0.2752475	0.4727263	0.4158382	0.9583406	0.7509095	0.4890453	0.0761073	0.4166974	0.2913710	0.4005826	0.8712058	0.2623547	0.4517443	0.8688365	0.4277528	0.2615253	0.6843416	0.7514430	0.9797962	0.1111012	0.7045640	1.1037506	0.4224825	0.2282378	0.5396863	0.5279475	0.7817308	0.5709075	0.1149917	0.4575472	0.5727868	0.0919378	0.5739869	0.2762549	0.0348610	0.5207273	0.9737328
850	0.0255059	0.6081706	1.0219959	0.1167510	0.5024685	0.0024159	0.0388463	0.0220116	0.7786593	0.4022035	0.1202340	0.0924836	0.0023607	0.1156910	0.8443553	0.3513542	0.4928060	0.9287912	0.9466463	0.9213776	0.0657112	0.6636502	0.9207721	1.0077352	0.8605669	0.6547595	0.9126143	0.1259988	0.2131150	0.0475452	0.6003986	0.0651130	0.7466436	0.9396970	0.2653304	0.9384678	0.5722118	0.7927229	0.3506688	0.0110733	1.0546252	0.4497714	0.0647173	0.0983887	0.7183719	0.6508461	0.4733833	0.8634520	0.8156336	0.2893897	0.0631382	0.3604350	1.0225691	0.0008751	0.6611109	0.4985831	0.7999066	0.2837396	0.4618943	0.9660577	0.7723334	0.5411369	0.0723955	0.1993664	0.4878004	0.5748903	0.8801318	0.7763722	0.4771879	0.0558033	0.3373098	0.1565074	0.3009262	0.9532298	0.2415278	0.4173452	0.9059009	0.4483768	0.3452877	0.6359736	0.7793709	1.0051686	0.1033508	0.7056907	1.0602021	0.3206896	0.1757143	0.5203046	0.4829858	0.7793819	0.5192684	0.0983443	0.4219366	0.5362054	0.1575083	0.5617877	0.2464455	0.0250495	0.6236969	0.9612237
900	0.0226656	0.5984439	0.9618186	0.1308196	0.4398931	0.0006942	0.0326600	0.0211422	0.8567140	0.3326520	0.1333521	0.0889062	0.0136915	0.1147489	0.9729256	0.3409033	0.4546842	0.9200837	0.9952263	0.8643825	0.0967158	0.6972642	1.0435884	0.9303561	0.8578311	0.6957579	0.8919214	0.1519946	0.2543329	0.0388404	0.5492935	0.0687219	0.8122103	0.8852358	0.3015894	0.9113614	0.5234480	0.7262454	0.3638973	0.0044677	0.9334441	0.4865141	0.0544381	0.0908235	0.6928132	0.6992594	0.5728782	0.8079187	0.8533987	0.3212712	0.0672684	0.3077620	1.1298872	0.0022948	0.6237022	0.4683196	0.8794965	0.3080212	0.5292922	1.0202170	0.7675292	0.5218657	0.1629943	0.2638576	0.5292992	0.5037730	0.8939369	0.8364957	0.4854976	0.0389273	0.3510452	0.2410034	0.2439872	0.8725300	0.2903249	0.4792398	0.9627615	0.4925751	0.3507310	0.6951591	0.8314755	0.9814650	0.1238765	0.6751271	0.9748450	0.3590134	0.1444141	0.5713978	0.4359359	0.7106940	0.4643226	0.0517109	0.4053207	0.5775596	0.1159202	0.6187038	0.2767865	0.0333602	0.6006521	1.0879850
950	0.0141822	0.5995625	0.9971770	0.1146323	0.4371363	0.0016998	0.0288497	0.0105295	0.8682560	0.4042881	0.1254034	0.1022249	0.0201387	0.1164812	0.9349574	0.3628473	0.4484722	0.9804526	1.0129477	0.8263765	0.0725292	0.6597426	1.0248312	0.9413611	0.9282777	0.6888034	0.8710242	0.1014181	0.2489149	0.0405491	0.4088055	0.0644378	0.7857861	0.7848649	0.2779064	0.9059230	0.4871403	0.7840619	0.3930365	0.0195797	0.9572197	0.4448594	0.0501910	0.1062853	0.6364523	0.6070406	0.5716087	0.7959588	0.8470314	0.4346514	0.0624346	0.3386494	1.1208199	0.0026664	0.6263229	0.5309104	0.8102160	0.2668662	0.4708188	1.0246929	0.7612519	0.5769044	0.1945916	0.2652242	0.5730098	0.6049859	0.9216043	0.8403542	0.5639746	0.0556212	0.3078218	0.2532238	0.3028761	0.9146632	0.2431868	0.4853858	0.8940748	0.5336680	0.3032417	0.7155047	0.7863917	0.9980036	0.1559380	0.6686251	0.9766164	0.3376190	0.1552182	0.5315908	0.4778929	0.6902433	0.4508642	0.0883089	0.4089463	0.5471649	0.1023347	0.6397818	0.3133961	0.0326404	0.6265429	1.0555311
1000	0.0161586	0.6245296	1.0408042	0.1658337	0.4843182	0.0012479	0.0333959	0.0119350	0.9149619	0.3819676	0.1526280	0.1222209	0.0152222	0.1621246	0.8663835	0.4496720	0.5071872	0.9562687	0.8783015	0.8317157	0.0753852	0.6831491	1.0813069	1.0101424	0.9315823	0.6731444	0.9001322	0.0847810	0.2228367	0.0503780	0.2969829	0.0654375	0.7140854	0.7980498	0.2894083	0.8739751	0.4045009	0.7170959	0.3643984	0.0129800	0.9933110	0.4647868	0.0707673	0.1504554	0.6302667	0.5133776	0.4754332	0.8281944	0.8636470	0.3594360	0.1030226	0.3763920	0.9657811	0.0042574	0.6217027	0.5819198	0.7820749	0.3213036	0.4671720	0.9365973	0.7293630	0.6395462	0.2367946	0.2310925	0.5159542	0.5638738	1.0519184	0.7509714	0.5166648	0.0431671	0.3393909	0.2341668	0.3007843	0.8282052	0.2362884	0.4122312	0.8716390	0.5224939	0.2623284	0.6026802	0.8039074	0.9552039	0.1172236	0.7272604	1.0540457	0.4377593	0.1980143	0.6004749	0.4975631	0.6939419	0.5108171	0.1513085	0.4499428	0.4807686	0.0995547	0.6898482	0.3190081	0.0330558	0.5750065	0.9664678

0	0.0094491	0.6355617	1.0459758	0.0876986	0.4170952	0.0015965	0.0357302	0.0201856	0.7842026	0.5482911	0.1482550	0.1067167	0.0074763	0.0795139	0.9263252	0.4386615	0.5117037	1.0187251	0.9869150	0.9112762	0.0675828	0.6396705	0.9879649	0.9056811	1.0249936	0.8053086	0.8415975	0.0956169	0.2807776	0.0361236	0.3476186	0.0945586	0.7647381	0.8073502	0.2691465	0.9854445	0.2644993	0.7761342	0.3511720	0.0142404	0.9503393	0.3956488	0.0912837	0.0721673	0.8039584	0.5632487	0.5721011	0.9104100	0.8750489	0.3877912	0.0490860	0.3690556	1.0040851	0.0016799	0.7496314	0.4296180	0.7445798	0.3138374	0.4763448	0.9977159	0.8917758	0.5763065	0.2317245	0.3844034	0.5377636	0.4876338	1.0898320	0.8135737	0.5024926	0.0491368	0.3912071	0.2335426	0.3169327	0.9297559	0.3112694	0.3637340	0.9584119	0.1589398	0.2670455	0.6498318	0.7931145	1.0351174	0.1402507	0.6535788	1.0095359	0.4184859	0.2245238	0.5131035	0.6073464	0.7854143	0.4606182	0.1309775	0.4648780	0.5528648	0.0723851	0.5781484	0.2784400	0.0363961	0.5378107	0.9932421
50	0.0114639	0.5949207	0.6616282	0.1434160	0.4935416	0.0047574	0.0149497	0.0357559	0.5260526	0.4119422	0.1140434	0.0940436	0.0061935	0.1182012	0.9402842	0.3741074	0.2805324	0.9407372	0.9265492	0.8231354	0.0706037	0.7136978	0.9826800	0.9458696	0.8713021	0.6984266	0.9245566	0.1221880	0.1939885	0.0320236	0.4628226	0.0596387	0.6448207	0.8526723	0.4217098	0.7948326	0.2008952	0.7474627	0.3653567	0.0194873	1.0551951	0.6163347	0.0305712	0.0929896	0.6663895	0.3672378	0.5317749	0.7036330	0.8522254	0.3397040	0.0700897	0.2974368	0.9425519	0.0034776	0.7262785	0.3461562	0.8491799	0.2717120	0.4267769	0.8599202	0.7929768	0.6016434	0.2612568	0.2717566	0.5251930	0.4382719	1.0031090	0.6434505	0.4501296	0.0380262	0.4510191	0.2427179	0.3134738	0.9581853	0.2768826	0.3303833	0.9644971	0.4127539	0.2594612	0.6018361	0.6571915	0.9343404	0.0895693	0.6438410	1.0165277	0.4632526	0.2950208	0.4537947	0.6205028	0.6801120	0.5199775	0.0641572	0.3257888	0.5578921	0.0913568	0.5667287	0.3416288	0.0268679	0.5929649	0.9700253
100	0.0116419	0.5583130	0.4232618	0.1283006	0.4917794	0.0031537	0.0242422	0.0289513	0.3052074	0.4847318	0.1490502	0.0741025	0.0168652	0.1220706	0.9102499	0.3360626	0.2172001	0.8887161	0.9298253	0.7914142	0.0536045	0.5869429	0.8595781	0.9099370	0.8383729	0.7334561	0.9498270	0.1106593	0.1526698	0.0631504	0.4706583	0.0478925	0.5963786	0.6791680	0.3650116	0.7064596	0.1502816	0.7883920	0.3494686	0.0374255	0.9838384	0.6311143	0.0480761	0.1452323	0.6278322	0.3018197	0.4876797	0.7241932	0.8331680	0.4469107	0.0736286	0.3548278	0.9060020	0.0046857	0.7717275	0.2308676	0.8367396	0.2458415	0.4599587	0.9706537	0.8766594	0.6065215	0.3024130	0.2418931	0.5010528	0.4545604	1.0645826	0.5609328	0.4770458	0.0180312	0.4883136	0.2245430	0.2849858	0.8874387	0.3042232	0.3704134	0.8506056	0.5717294	0.2447522	0.5501153	0.5555051	0.8912896	0.1213973	0.5566786	1.0979868	0.4747508	0.3795355	0.3809045	0.5433661	0.5176432	0.4527421	0.0549783	0.2021017	0.5659638	0.0578391	0.6348568	0.4063944	0.0463315	0.5345958	1.1206352
150	0.0131969	0.4191476	0.3139201	0.1308964	0.4654817	0.0002639	0.0492563	0.0207738	0.2157157	0.5219619	0.1241028	0.0797322	0.0052199	0.1041099	0.9122256	0.4236402	0.1417503	1.0121693	0.8995095	0.8423998	0.0395519	0.5788884	0.8847482	0.9664946	0.8858856	0.6947019	0.9368933	0.1306267	0.2717469	0.0904926	0.5003960	0.1324744	0.5755430	0.6368430	0.3681531	0.5975317	0.1082463	0.7606073	0.4324929	0.0086504	0.9569807	0.5671248	0.0583870	0.1846653	0.6802405	0.3871300	0.4985566	0.7167828	0.8884608	0.4437340	0.0862566	0.2605636	0.8907478	0.0036705	0.7156462	0.1615283	1.0044022	0.2826323	0.4163613	0.9178067	0.8762944	0.5382033	0.4863661	0.3390955	0.5043999	0.5117791	0.9011287	0.4500362	0.4867480	0.0099946	0.3700464	0.2103672	0.2768412	0.7748313	0.2949479	0.2486252	0.8907583	0.4997850	0.2357918	0.5067356	0.4965370	1.0198092	0.1255241	0.5251023	1.0521683	0.4644988	0.6394202	0.3457926	0.4543839	0.4387069	0.4212675	0.0535776	0.1593998	0.5973334	0.0563247	0.6519541	0.3766885	0.1070321	0.5114577	0.9891612
200	0.0089465	0.3645119	0.2276786	0.1145946	0.5187246	0.0002685	0.0308180	0.0191591	0.1464145	0.5614240	0.1314739	0.0942389	0.0013702	0.0700837	0.8288508	0.4675654	0.1198242	1.0756629	0.9107541	0.8303955	0.0515250	0.4986157	0.8267637	0.9627209	0.8769234	0.6367595	0.9500003	0.1924889	0.3678962	0.1132077	0.5593367	0.1519408	0.5623609	0.6018074	0.2814779	0.8056713	0.0960638	0.7644499	0.4838497	0.0178790	0.9488272	0.5804179	0.0613907	0.2185233	0.5511555	0.3637448	0.4979903	0.7526995	0.8639783	0.3782989	0.0856455	0.3137580	0.8263100	0.0130602	0.8014700	0.1018691	0.9510058	0.2996124	0.4593375	0.9416544	0.7363425	0.5335352	0.5580954	0.2635328	0.5199428	0.5778497	0.8454572	0.3062770	0.4482671	0.0123605	0.3281036	0.2235777	0.2678005	0.7819922	0.3010205	0.4353890	0.9065370	0.4905360	0.1800071	0.4574834	0.5116988	0.9715187	0.1325683	0.6010518	1.0267521	0.5959030	0.7280376	0.2769255	0.3175576	0.4322818	0.5043840	0.0417094	0.1413528	0.5611515	0.0499121	0.6424639	0.3859576	0.1533916	0.5141898	0.7759234
250	0.0202596	0.4536055	0.1839070	0.1585571	0.4415129	0.0008082	0.0589498	0.0208652	0.1265926	0.5470747	0.2062423	0.1250262	0.0099496	0.0884602	0.8677723	0.5414148	0.1005076	1.0455783	0.9763586	0.8570634	0.0612653	0.6346979	0.8660742	0.9864021	0.9630007	0.6602875	1.0436985	0.2739204	0.4488644	0.1247190	0.5297542	0.1754941	0.5696586	0.5619233	0.2894667	0.7670727	0.0744148	0.7220763	0.5014004	0.0289353	0.9252347	0.6022176	0.0829102	0.1892002	0.5770822	0.3436133	0.4963690	0.6972805	0.9169656	0.3281826	0.0789286	0.3851703	0.8316262	0.0139492	0.7830488	0.0677272	0.8872576	0.2788211	0.4886428	0.8691943	0.6819939	0.5866943	0.6245421	0.2198154	0.5061996	0.5536542	0.7678425	0.2375350	0.3655657	0.0105725	0.3700579	0.2678577	0.2330755	0.7940102	0.2972053	0.5221991	0.9179810	0.3245937	0.2132551	0.4216942	0.5409597	0.9164080	0.1448041	0.5586011	0.9851048	0.6064181	0.8103836	0.2375594	0.3195612	0.3878374	0.3798733	0.0252903	0.1367923	0.5690534	0.0422267	0.5062547	0.4523704	0.2533167	0.5037481	0.7312422
300	0.0226583	0.3229586	0.2855030	0.1696722	0.4588108	0.0003691	0.0316693	0.0384657	0.1429021	0.4935100	0.2271026	0.1152902	0.0022017	0.0718951	1.0013234	0.5718694	0.0836993	1.0492679	0.9214984	0.9015906	0.0912810	0.5799076	0.7909545	0.8633367	0.8761055	0.6631967	1.0415219	0.2394106	0.4972504	0.1429283	0.5252708	0.2543626	0.5226545	0.5347849	0.3210506	0.8087570	0.0877970	0.7761854	0.5073680	0.0245566	0.9721554	0.6811270	0.1202297	0.1964193	0.5229437	0.4162980	0.4502251	0.6561403	0.8817573	0.3406846	0.0781585	0.4336640	0.7320441	0.0417766	0.7756202	0.0641808	0.7941186	0.2715257	0.4963995	0.8089339	0.6008495	0.5592803	0.8144810	0.2825977	0.5800170	0.5358685	0.6961184	0.1970500	0.3982396	0.0075284	0.3609534	0.3343196	0.2284980	0.8266481	0.2267795	0.5315864	0.9400958	0.2174041	0.2757097	0.4410431	0.5705326	0.9213702	0.1829522	0.6171977	1.0635037	0.5697607	0.7042207	0.2243313	0.2991564	0.2725403	0.4055627	0.0236684	0.1662068	0.5706020	0.0420614	0.6432034	0.5445301	0.4081312	0.5238121	0.8071597
350	0.0328857	0.2744661	0.2184476	0.1931245	0.5339368	0.0002966	0.0209255	0.0223733	0.1363100	0.5093446	0.1940852	0.1414959	0.0055503	0.1048973	1.0048006	0.4951351	0.0926918	1.0041346	0.9371704	0.8731529	0.0868862	0.5646679	0.8398267	0.9227859	1.0099812	0.6147172	0.9712768	0.3320029	0.5478834	0.1423294	0.6663651	0.2955967	0.5464833	0.6140995	0.2774426	0.7948287	0.1131083	0.7420365	0.5779161	0.0344065	0.9522501	0.6534656	0.1065663	0.1761988	0.5908028	0.4262185	0.4191665	0.6997766	0.9761281	0.3644054	0.0865907	0.4891364	0.7622407	0.0322688	0.7503184	0.0461536	0.8263592	0.3070489	0.5428890	0.8794454	0.5982538	0.5187620	0.8319477	0.2970290	0.5673739	0.5010458	0.7537968	0.1855981	0.3730368	0.0135197	0.4134255	0.3523199	0.2842972	0.9335507	0.2017272	0.6183808	0.8530931	0.1567080	0.2122380	0.3715161	0.5888452	1.0365668	0.1514678	0.7020346	1.0139791	0.5830373	0.6362720	0.2352520	0.3380573	0.2693076	0.3961273	0.0212024	0.1272737	0.6114039	0.0447336	0.6998987	0.5416468	0.4326190	0.4657763	0.8541008
400	0.0529650	0.2892731	0.2981321	0.1803262	0.5161148	0.0020001	0.0173938	0.0177051	0.1276664	0.5435741	0.2232280	0.1445179	0.0016174	0.0963652	0.9795185	0.4799175	0.0971365	0.9623124	0.9144790	0.9010029	0.1079578	0.5767614	0.8465948	0.8603919	1.0848997	0.5722581	0.9406395	0.3999468	0.5846955	0.1364513	0.5974480	0.2748736	0.5109285	0.7043437	0.3209728	0.7661985	0.0973803	0.7333499	0.5466479	0.0306681	0.9058150	0.7038778	0.1133771	0.1965504	0.5017536	0.4663711	0.4598074	0.6885890	0.9027329	0.3328171	0.0820598	0.3758033	0.7990795	0.0336681	0.7944178	0.0284227	0.8855172	0.2534024	0.4748941	0.8895547	0.4553475	0.6019136	0.7965121	0.2999391	0.4525419	0.5475312	0.7777635	0.1722577	0.4563101	0.0017023	0.4305632	0.2371734	0.2460872	1.0398485	0.1743526	0.5739090	0.8356462	0.1256731	0.1908094	0.4719648	0.6341064	0.9437266	0.1217687	0.6939838	0.9484317	0.5605865	0.6553688	0.2376838	0.2655360	0.3211264	0.4510264	0.0234466	0.1332675	0.6358292	0.0841279	0.7142480	0.5721598	0.4317100	0.4948888	0.8857412
450	0.0517150	0.2345831	0.2509229	0.1758312	0.5165713	0.0009732	0.0246441	0.0432769	0.1316159	0.4335219	0.2021903	0.0978778	0.0013094	0.0751773	0.8469568	0.5238037	0.0918897	0.9039803	0.9934514	0.8548990	0.1083392	0.6068169	0.8821925	0.7574618	1.0122488	0.6107837	0.9400599	0.4632827	0.5861224	0.1504342	0.5575307	0.2925198	0.5170304	0.6853842	0.2787089	0.8043570	0.1276320	0.6346921	0.5132289	0.0329316	0.9209823	0.6500302	0.0934563	0.2127132	0.4809707	0.4265981	0.4853470	0.8232786	0.8612745	0.3605048	0.1002846	0.3690226	0.8306430	0.0167302	0.7526429	0.0167928	0.8217093	0.2335746	0.5243278	0.9772589	0.4623898	0.6015839	0.8983466	0.2766684	0.4924477	0.5704681	0.8207636	0.1361447	0.5118766	0.0094423	0.3891434	0.2064862	0.2063857	1.0754270	0.1925925	0.7341471	0.8359125	0.0937514	0.2177813	0.4279022	0.5380499	0.9221523	0.1521987	0.7110781	0.9681884	0.5538735	0.6265702	0.2028822	0.2430767	0.2353584	0.3860709	0.0235247	0.1292378	0.6318678	0.1185986	0.6905977	0.7232757	0.4483295	0.4934984	0.8140007
500	0.1075556	0.1882982	0.2139860	0.2037145	0.4990271	0.0015721	0.0317345	0.0275750	0.1361050	0.3158626	0.2018303	0.0920234	0.0021026	0.0920583	0.8696051	0.5636530	0.1240843	0.9514337	0.9284099	0.8267380	0.1080497	0.6318272	0.9622635	0.6427284	0.9549139	0.6492411	0.9562948	0.5175439	0.6529489	0.1518855	0.6060859	0.3263072	0.5169359	0.6684564	0.2827469	0.7299298	0.0964338	0.7444359	0.5172355	0.0212398	0.9560149	0.6508994	0.0824620	0.1854277	0.5266946	0.3830326	0.5538174	0.8165273	0.8888885	0.3227495	0.1090860	0.3805321	0.8055514	0.0137139	0.7258292	0.0098876	0.9395241	0.2935672	0.5182168	0.9788301	0.4768520	0.6248203	0.8630004	0.2462642	0.4722779	0.5367684	0.9333722	0.1131555	0.4395556	0.0040038	0.3645379	0.2597731	0.2139323	1.0381365	0.1991164	0.7165807	0.7593523	0.1069590	0.1773115	0.4861748	0.5257714	0.8750921	0.1946280	0.7992945	0.8687685	0.6077334	0.6731176	0.2022730	0.2482374	0.2406183	0.3976709	0.0180224	0.1433418	0.6480672	0.0818237	0.7017784	0.6530528	0.4555114	0.5077933	0.7696441
550	0.1443146	0.2555058	0.5917969	0.1912258	0.4865326	0.0011660	0.0337300	0.0201497	0.4267520	0.2045939	0.1810515	0.0886563	0.0052147	0.1164544	0.8057069	0.5159488	0.3785438	0.9249246	0.8685905	0.8836145	0.1044441	0.6164085	0.8979388	0.5376867	0.9356724	0.6487451	0.9408175	0.5716746	0.5869954	0.1315189	0.5375045	0.3114218	0.5607058	0.7055531	0.2629047	0.8218119	0.0904477	0.7855266	0.5347541	0.0101814	1.0020864	0.5641137	0.0793766	0.1152287	0.6421913	0.5200346	0.4635508	0.7703130	0.9178861	0.3168665	0.1288305	0.4222484	0.6633408	0.0169604	0.7961023	0.0142053	0.8488825	0.2659126	0.3656491	0.8599557	0.5336310	0.6507508	0.8942172	0.2752506	0.4355914	0.5660552	0.7139790	0.1835044	0.3847393	0.0175146	0.3477563	0.2450543	0.2925278	0.9097019	0.1575468	0.6571784	0.8920578	0.1319733	0.2170068	0.5549384	0.5952564	0.7735516	0.1546172	0.7988434	0.9259778	0.5544979	0.6147417	0.2647013	0.2355245	0.4486347	0.3712713	0.0181399	0.2269464	0.6466571	0.0616492	0.7503649	0.4824817	0.3541934	0.4831924	0.8345277
600	0.2104905	0.3898247	0.8603421	0.1672851	0.5167017	0.0055806	0.0256344	0.0273976	0.7059566	0.0938844	0.1558337	0.0769472	0.0015379	0.1366067	0.8212126	0.5649435	0.4601676	0.9799189	0.8657731	0.8848374	0.1053315	0.6989880	0.8965121	0.4866735	0.9530212	0.7643996	0.9658722	0.5568928	0.6534363	0.0998629	0.4735572	0.2459518	0.5757489	0.7816285	0.2849018	0.8340453	0.1554795	0.8389740	0.4880716	0.0024480	1.0127987	0.5038427	0.1273606	0.0663874	0.6674888	0.5151564	0.5460793	0.8097559	0.8697287	0.2871615	0.1404883	0.3781214	0.5776882	0.0156875	0.7019515	0.0560101	0.8225190	0.3460759	0.3901323	0.8934110	0.5243828	0.6627340	0.7108034	0.2844013	0.4987769	0.4921244	0.8108407	0.3557933	0.3522851	0.0270478	0.3429705	0.2927549	0.3197222	0.8988165	0.1588646	0.7115784	0.8292667	0.1272057	0.2507613	0.5740265	0.7406952	1.0618165	0.1540867	0.7566796	0.8892193	0.4158100	0.4530184	0.3112791	0.2712152	0.5857860	0.4121306	0.0302195	0.3387586	0.6667808	0.0705476	0.6435586	0.4399277	0.2275886	0.4799785	0.8599439
650	0.2012379	0.5506793	0.9849547	0.2070878	0.5522715	0.0166110	0.0522464	0.0283283	0.8396288	0.0599022	0.1388134	0.0659433	0.0053545	0.1360311	0.8594929	0.4631776	0.4892546	1.0076304	0.7988491	0.9730428	0.1111777	0.5895593	0.8751706	0.4672827	0.9355214	0.7480989	1.0573211	0.4134726	0.7422199	0.0867177	0.4818968	0.1988642	0.6819169	0.8334452	0.3113483	0.8748547	0.2289010	0.7961074	0.3914508	0.0186363	1.0169437	0.4191263	0.1397968	0.0582343	0.7251139	0.5675524	0.5377514	0.9033211	0.8393616	0.2400806	0.0855386	0.4266127	0.4591809	0.0077604	0.7383452	0.1032326	0.8025953	0.2851700	0.4768085	0.8642221	0.4610854	0.6860644	0.5152692	0.2998583	0.5177592	0.5007455	0.8635241	0.5414903	0.3714948	0.0522859	0.3472613	0.1883593	0.3240113	0.8947575	0.1847490	0.7926219	0.9797530	0.0893475	0.2257491	0.5871328	0.7169620	0.9631319	0.1531879	0.9188721	0.9245191	0.3632500	0.3246627	0.3850465	0.3985210	0.6714600	0.3223888	0.0428935	0.4353604	0.7472009	0.1020933	0.6716962	0.3715994	0.1167090	0.5376508	0.9836432
700	0.1720306	0.6335678	0.9811205	0.1863233	0.4894845	0.0125646	0.0293045	0.0078226	0.9134216	0.0314563	0.1561888	0.1188138	0.0066934	0.1156858	0.8401701	0.4709571	0.4837616	0.9667574	0.8481226	0.9306151	0.0746952	0.6459938	0.8943542	0.6091557	0.8846649	0.7722206	1.0513531	0.2800895	0.6403556	0.0655146	0.4359760	0.1242025	0.6861140	0.8357972	0.2712992	0.7925743	0.2970467	0.7513048	0.3137563	0.0069290	0.9468980	0.3851765	0.1204516	0.0652525	0.8315937	0.5239515	0.5607424	0.7736615	0.8920295	0.2457911	0.0705306	0.3755497	0.4785133	0.0190880	0.6993097	0.1667582	0.7754501	0.2785992	0.4663634	0.9750804	0.5851417	0.6508775	0.4168522	0.2856865	0.5568929	0.5231530	0.9344301	0.6250714	0.4021596	0.0671864	0.3965264	0.2106100	0.2889180	0.8206976	0.2433625	0.7373885	1.0407851	0.0795117	0.2468478	0.6510336	0.8169371	0.9999461	0.1682915	0.9621383	1.0436819	0.2994165	0.2556182	0.3592649	0.4958683	0.6441367	0.4227830	0.0814177	0.4850723	0.6463678	0.1918576	0.7309993	0.3435520	0.0501704	0.4884854	1.0831333
750	0.1446461	0.5745699	0.9418081	0.1270833	0.5132179	0.0103287	0.0439144	0.0145490	0.9977899	0.0285317	0.1222966	0.1100663	0.0060259	0.1173957	0.7870033	0.5232699	0.4508659	0.9420923	0.9420886	0.8576693	0.0494792	0.5601146	0.8557070	0.6580245	0.9552123	0.6913427	0.9195557	0.1934692	0.5246444	0.0395527	0.4157808	0.1047410	0.8168631	0.7609292	0.2455647	0.8353366	0.3034967	0.6782318	0.3637939	0.0071085	0.9118520	0.4244270	0.0946009	0.0721915	0.7871167	0.5293312	0.5973849	0.7534963	0.8893596	0.2788388	0.0917336	0.4019691	0.4470753	0.0214193	0.7599841	0.2388702	0.8075729	0.3015435	0.4773525	0.9267702	0.7123024	0.6293652	0.3427971	0.2639261	0.6620999	0.5090656	1.0761327	0.7414881	0.3741409	0.0579129	0.3137305	0.1716441	0.2630622	0.8960875	0.2596975	0.8282174	0.9400885	0.1097669	0.2762714	0.7143972	0.8164061	1.0457488	0.1666736	0.8273685	1.0915487	0.2823062	0.2140346	0.3443629	0.5941191	0.7317444	0.4948199	0.1050926	0.4865521	0.6063239	0.1920395	0.7087873	0.2589388	0.0510209	0.4787893	1.0487993
800	0.1194758	0.5409505	1.0843462	0.1494584	0.4920002	0.0010845	0.0303237	0.0170627	0.9287311	0.0363728	0.0982229	0.1320864	0.0028818	0.1118836	0.9278636	0.4916292	0.4034090	0.8978849	1.0287884	0.8701430	0.0646966	0.5905755	0.9626335	0.9670814	0.8382928	0.7098528	0.9845534	0.1488935	0.3584045	0.0094621	0.4230942	0.0719717	0.7563055	0.7504872	0.2828303	0.8251141	0.3166288	0.7220425	0.3902415	0.0325208	0.9402640	0.4217457	0.0688203	0.0752885	0.7467496	0.5389766	0.5565729	0.7693874	0.8631741	0.3053221	0.0652185	0.5019459	0.4230969	0.0162871	0.6882418	0.4028827	0.8718302	0.2553830	0.4791409	0.9258282	0.7188564	0.5818170	0.2987758	0.2658666	0.5555241	0.5579990	1.0062201	0.7120063	0.3488950	0.0380243	0.3580378	0.1806952	0.2437158	0.7976353	0.3058195	0.8121976	0.8756686	0.1593096	0.2620415	0.7607065	0.8245576	1.0583324	0.1651248	0.7088184	1.0824934	0.2594381	0.2293177	0.3094912	0.6475419	0.7067875	0.4496787	0.1331657	0.4271107	0.6219721	0.1825881	0.6067769	0.3205080	0.0524871	0.4736949	0.9258633
850	0.0736212	0.6491205	1.0762386	0.1196570	0.5340508	0.0011821	0.0345295	0.0157601	0.9553331	0.0251144	0.1188647	0.1295597	0.0064919	0.1311394	0.8406424	0.5221204	0.4662920	0.9238540	0.9410778	0.7883388	0.0780881	0.6410845	0.9561900	0.9965633	0.8846893	0.6477263	1.0178388	0.1692838	0.2671919	0.0311711	0.4049673	0.0729854	0.7299554	0.7568222	0.3041649	0.8491988	0.3501090	0.6336859	0.3892844	0.0271538	0.9332160	0.4929686	0.0578515	0.0852953	0.7726634	0.6063494	0.5345866	0.7975368	0.8058497	0.2905111	0.0573605	0.4536881	0.4065605	0.0048389	0.6579889	0.4639421	0.7669624	0.2762600	0.5505759	1.0391640	0.7092910	0.6009860	0.2546530	0.2761837	0.5516230	0.5244204	1.0446222	0.7582651	0.3539009	0.0696543	0.3786573	0.2636934	0.2440150	0.8854315	0.3107321	0.5960539	0.8572525	0.2634009	0.2992219	0.6347637	0.8146253	1.0098635	0.1362902	0.7738755	1.0890089	0.3017450	0.2248059	0.3504365	0.6174999	0.7127115	0.5283735	0.2317062	0.3933550	0.6334899	0.1547627	0.5785290	0.3027777	0.0387498	0.4395681	1.0073784
900	0.0319521	0.7431041	1.0831777	0.1365573	0.4413846	0.0004401	0.0410919	0.0241487	0.9703098	0.0225784	0.1084679	0.1051680	0.0086192	0.1387699	0.7593993	0.5313314	0.5079345	0.8930650	1.0267846	0.8295959	0.0862029	0.7028437	0.8382475	0.8878404	0.9248038	0.6404646	0.9693153	0.1178292	0.2444372	0.0259533	0.4085268	0.0395683	0.7053102	0.8226149	0.2608300	0.8803596	0.3982721	0.7330432	0.3594240	0.0416387	0.9367757	0.4506488	0.0770646	0.0851348	0.6575063	0.6344123	0.6236556	0.8208353	0.7793091	0.3656546	0.0649641	0.4077427	0.4186248	0.0014160	0.7865962	0.4965354	0.7919936	0.2717544	0.5155640	1.0076274	0.6823250	0.5344922	0.2715491	0.2604839	0.5526192	0.5658862	1.0157746	0.7460762	0.4510985	0.0531256	0.3793548	0.2126444	0.2637867	0.8705673	0.3632962	0.4445894	0.9007876	0.3859912	0.2714381	0.6125561	0.7167012	0.8965039	0.0996795	0.6398664	1.0956444	0.3230513	0.2013947	0.4023019	0.6130874	0.7902804	0.4428253	0.2726237	0.3826783	0.5965754	0.1125269	0.5645812	0.2488192	0.0198523	0.6007089	0.9337548
950	0.0138728	0.5774106	0.9985454	0.1782322	0.4535703	0.0009132	0.0300420	0.0360114	0.9172929	0.1115725	0.1045104	0.0945985	0.0098292	0.1302678	0.8243185	0.4332249	0.5381202	0.9403482	0.9422819	0.7789379	0.0784538	0.6938574	0.9055326	0.9385364	0.9198290	0.7364344	0.9380246	0.1003271	0.2236732	0.0333422	0.3905216	0.0607251	0.5477151	0.8268281	0.3524149	0.9879733	0.3667824	0.6991909	0.3344937	0.0374275	0.8879588	0.5518747	0.0721092	0.0950962	0.6472231	0.5252927	0.6908505	0.8574188	0.8304576	0.3932989	0.0597307	0.4383484	0.4208716	0.0030814	0.7122664	0.4930767	0.7639782	0.2360865	0.4066183	0.9775106	0.6857190	0.5146819	0.2930064	0.2933847	0.5652048	0.5058625	1.0280612	0.7232406	0.4739182	0.0551717	0.3925067	0.1956826	0.2853213	0.8880868	0.2865841	0.3680498	0.8936924	0.2987943	0.3582843	0.5765226	0.9123032	0.8925418	0.1150713	0.5525460	1.1331763	0.3348772	0.1808408	0.3745757	0.5135554	0.8967736	0.4109307	0.3318963	0.4256397	0.5982115	0.1178843	0.5848615	0.2491454	0.0148298	0.5391956	1.0104268
1000	0.0168203	0.5216341	0.9070221	0.1895852	0.4888786	0.0016944	0.0284386	0.0380889	0.8834511	0.2844010	0.1208366	0.1044795	0.0050883	0.1347500	0.9110200	0.4002468	0.4898471	0.9217122	0.9787762	0.8011996	0.0632384	0.6536508	0.9688926	0.9970206	1.0118766	0.7359324	0.9411761	0.0869794	0.2501141	0.0409830	0.3768857	0.0780196	0.6572555	0.7957003	0.3175429	0.8929094	0.2872311	0.7535874	0.3945158	0.0475059	0.9151236	0.5224628	0.0717333	0.0596274	0.7404012	0.4089190	0.6556234	0.8957942	0.8010067	0.3771598	0.0840941	0.4077024	0.5698828	0.0064429	0.8510795	0.5037578	0.8489478	0.2752119	0.4276287	1.0809714	0.7234389	0.5338151	0.3430294	0.3135081	0.5761464	0.4614163	0.9370266	0.6655310	0.4121590	0.0422456	0.3873634	0.1633340	0.2900479	0.8870034	0.2667016	0.3927141	0.7832460	0.3001854	0.2934044	0.5855550	0.7545043	1.0022422	0.1107041	0.6523802	1.0340976	0.3081003	0.2052944	0.3805704	0.5755551	0.7925622	0.4658453	0.2968111	0.4333520	0.5339933	0.1093530	0.5402649	0.1851617	0.0232417	0.5259550	0.9481996

0	0.0094491	0.6355617	1.0459758	0.0876986	0.4170952	0.0015965	0.0357302	0.0201856	0.7842026	0.5482911	0.1482550	0.1067167	0.0074763	0.0795139	0.9263252	0.4386615	0.5117037	1.0187251	0.9869150	0.9112762	0.0675828	0.6396705	0.9879649	0.9056811	1.0249936	0.8053086	0.8415975	0.0956169	0.2807776	0.0361236	0.3476186	0.0945586	0.7647381	0.8073502	0.2691465	0.9854445	0.2644993	0.7761342	0.3511720	0.0142404	0.9503393	0.3956488	0.0912837	0.0721673	0.8039584	0.5632487	0.5721011	0.9104100	0.8750489	0.3877912	0.0490860	0.3690556	1.0040851	0.0016799	0.7496314	0.4296180	0.7445798	0.3138374	0.4763448	0.9977159	0.8917758	0.5763065	0.2317245	0.3844034	0.5377636	0.4876338	1.0898320	0.8135737	0.5024926	0.0491368	0.3912071	0.2335426	0.3169327	0.9297559	0.3112694	0.3637340	0.9584119	0.1589398	0.2670455	0.6498318	0.7931145	1.0351174	0.1402507	0.6535788	1.0095359	0.4184859	0.2245238	0.5131035	0.6073464	0.7854143	0.4606182	0.1309775	0.4648780	0.5528648	0.0723851	0.5781484	0.2784400	0.0363961	0.5378107	0.9932421
50	0.0132305	0.5941963	1.1058991	0.1698663	0.3622050	0.0021919	0.0459063	0.2325640	0.6723267	0.6065141	0.1144738	0.0844418	0.0172154	0.0823380	0.9909348	0.3635792	0.4507519	1.0765265	0.9784287	0.9340466	0.0802500	0.7660645	1.0532969	0.9773622	0.5609885	0.6807566	0.9211165	0.2016101	0.1608234	0.0292850	0.4390250	0.0607869	0.4953965	0.7863751	0.1968769	0.8676944	0.2751555	0.7652905	0.3611832	0.0360850	0.9107412	0.4242675	0.0737966	0.0676335	0.6357793	0.5086080	0.6051085	0.8857788	0.9130392	0.4661100	0.0593205	0.3462186	1.0538183	0.0006539	0.6669441	0.5497280	0.7893486	0.3110948	0.6474642	0.8334508	0.7667556	0.5591746	0.2552963	0.3066424	0.5657737	0.4765569	0.8926238	0.7431985	0.5329860	0.0548063	0.4290483	0.2682804	0.2598287	0.8323596	0.2899881	0.2254677	0.7049430	0.4611717	0.2294309	0.7664810	0.7346713	0.9751343	0.3523526	0.6819160	0.9739055	0.4128122	0.2579176	0.5031014	0.5258230	0.6597317	0.4677699	0.1925465	0.5451343	0.5829808	0.0794302	0.6647674	0.2644066	0.0274254	0.3360877	0.9527727
100	0.0188115	0.6416110	1.0198886	0.1793534	0.4589457	0.0029728	0.1169207	0.3843437	0.6466806	0.6154680	0.1653786	0.1156103	0.0049515	0.0916555	0.9094900	0.3910118	0.4435248	1.0452418	0.9899833	0.8775237	0.0841653	0.8539101	1.0110170	0.9293405	0.4111758	0.6276611	0.9737116	0.3517935	0.1700676	0.0220294	0.3649806	0.1111070	0.3394039	0.8206184	0.1756485	0.8106843	0.2282870	0.7989967	0.3810104	0.0239013	0.9706837	0.3783123	0.0937368	0.0987416	0.7111026	0.4604147	0.6266715	0.9901475	0.8661174	0.6504710	0.0438476	0.4156169	0.9909179	0.0026515	0.4101202	0.5684319	0.7869589	0.3411189	0.7769308	0.7417863	0.7694738	0.5272860	0.2870568	0.2878434	0.5523345	0.5299385	0.9463376	0.6562155	0.6575066	0.0238304	0.4424718	0.2732956	0.3537631	0.8216439	0.2188387	0.1300084	0.6640124	0.6120785	0.2288126	0.7187856	0.7669675	0.9935008	0.6408743	0.6776452	0.9489970	0.3676159	0.3002143	0.4710921	0.6497262	0.5167912	0.4584334	0.2434061	0.6140776	0.6610595	0.0876741	0.8010807	0.2734556	0.0384010	0.2550578	1.0486739
150	0.0138827	0.7267673	1.0982562	0.1780107	0.4217697	0.0124959	0.1750109	0.5342202	0.5512243	0.7071131	0.1217997	0.1125495	0.0044925	0.1018499	0.8840874	0.4028631	0.4696902	1.0912090	0.9913287	0.8174168	0.0947171	0.8929904	1.0844278	0.8452156	0.2505097	0.6922500	0.9893904	0.4124035	0.2089364	0.0256597	0.3449645	0.2632944	0.2636537	0.8023842	0.1536912	0.9245468	0.1675912	0.7098731	0.3881518	0.0366430	0.9232405	0.4977430	0.0785362	0.0845893	0.6784644	0.4018160	0.5970207	0.9679073	0.9350884	0.7038785	0.0441672	0.3880607	0.8680733	0.0042781	0.3811099	0.4785381	0.7016337	0.2935909	0.7887199	0.6723782	0.7211606	0.4905590	0.3873629	0.2747253	0.5021434	0.4880403	1.0276729	0.6520261	0.7214269	0.0632278	0.4116724	0.2802373	0.4570426	0.9335533	0.1589293	0.0946833	0.6671301	0.6574524	0.2095914	0.6786095	0.8279156	0.9670286	0.8364938	0.7118018	0.9495552	0.3646202	0.2788794	0.4862204	0.5940385	0.4643669	0.3735765	0.3009587	0.6792037	0.8310124	0.0773005	0.8153079	0.2560975	0.0275041	0.2276477	0.9602419
200	0.0179519	0.6643680	0.9581394	0.1347444	0.4742898	0.0117870	0.2121631	0.6283884	0.5499969	0.7748418	0.0891346	0.1254680	0.0057967	0.1171139	0.9978738	0.3671574	0.4345955	1.0701223	0.9625638	0.8428941	0.0941114	0.9667576	1.0204242	0.7486086	0.1824752	0.7233754	0.9718085	0.4486979	0.2142246	0.0194923	0.3592425	0.3882710	0.1741365	0.7905220	0.1450423	0.7134135	0.1808790	0.7021906	0.4280805	0.0386793	0.9214964	0.4353565	0.1086335	0.0621871	0.7627701	0.4289710	0.7087022	0.8442728	0.7762967	0.6989037	0.0396375	0.4242868	0.8660472	0.0050981	0.3279480	0.3265446	0.7351471	0.2373210	0.8293215	0.6576404	0.6287317	0.5249456	0.3458235	0.2251670	0.5327561	0.5467490	0.9111379	0.6314256	0.7518223	0.0560547	0.4295258	0.2801825	0.5162232	0.9673331	0.1163364	0.1191523	0.6212501	0.6340693	0.2091699	0.7086535	0.7758254	1.0514356	0.8659112	0.8715064	0.8336371	0.3912626	0.2868455	0.4713468	0.5312992	0.4476697	0.3356328	0.2894139	0.7208153	0.7509561	0.0683337	0.9280029	0.2257028	0.0328131	0.2087560	0.9725038
250	0.0231638	0.6547510	1.0154168	0.1362697	0.4751920	0.0231917	0.2258236	0.6964100	0.5170778	0.7580240	0.1069324	0.1136850	0.0011013	0.1217731	0.8721063	0.2698712	0.4406283	1.0833942	0.8924228	0.7972907	0.0695692	0.8595594	1.0068542	0.6883991	0.1780513	0.7052536	0.9164599	0.4642969	0.1661498	0.0311164	0.3886545	0.4346422	0.1901964	0.8027912	0.1257968	0.8446824	0.1196461	0.6717821	0.3912810	0.0209589	0.9206911	0.4766768	0.1131563	0.0495767	0.7790365	0.4245121	0.6805479	0.7453182	0.7709379	0.7426300	0.0222869	0.3898958	0.9198053	0.0029144	0.2883645	0.2005770	0.7726291	0.2179470	0.8373438	0.6279886	0.5685747	0.5150842	0.3251540	0.2419366	0.5094902	0.5162855	0.8872932	0.6287305	0.6877604	0.0491120	0.4227497	0.2677828	0.5625518	0.9403184	0.0919714	0.0555884	0.6151812	0.6013586	0.1616710	0.6318991	0.7512447	0.9268858	0.8535548	0.8303680	0.8474915	0.3868944	0.2855158	0.4809370	0.5137224	0.4550294	0.3860264	0.2216820	0.7044910	0.8592518	0.0799283	1.0049607	0.2775590	0.0318859	0.1450124	0.9295223
300	0.0141611	0.7012646	1.0544469	0.0830725	0.3570391	0.0411947	0.2852009	0.7711297	0.4519089	0.7017264	0.1386903	0.1197866	0.0152330	0.1011197	0.8813554	0.2597808	0.4444069	1.0421313	0.9756288	0.7879024	0.0435951	0.9854143	1.0723905	0.6026826	0.1419151	0.6671826	0.9663733	0.4569968	0.1869616	0.0325443	0.3637124	0.5705153	0.2299414	0.8054040	0.1290421	0.8111053	0.1232599	0.7528491	0.3948311	0.0252066	0.9547807	0.5133389	0.0979599	0.0339576	0.7877802	0.3879938	0.6142880	0.7755589	0.8584999	0.6650674	0.0090403	0.3380013	0.9927962	0.0011119	0.2805010	0.1065554	0.7648483	0.2072871	0.8522064	0.5780883	0.6157650	0.6075518	0.2913294	0.2686393	0.4853673	0.5371621	0.8103082	0.5375240	0.7134347	0.0508855	0.3793399	0.3049775	0.4970552	0.9487320	0.0914091	0.0632771	0.6088304	0.5885956	0.1537280	0.7471045	0.7044030	1.0457934	0.8417078	0.8510335	0.8294931	0.3852503	0.2993944	0.5308842	0.5355994	0.4845519	0.3582182	0.1710913	0.6984452	0.9661164	0.0747153	0.9448145	0.3245328	0.0148382	0.1815667	0.9497092
350	0.0181254	0.6456790	0.9701911	0.0928119	0.3307398	0.0564001	0.2548850	0.7535142	0.4558445	0.7302912	0.1253220	0.0929090	0.0130042	0.1270177	0.7861890	0.2947620	0.4758150	0.9651594	0.9741862	0.8003371	0.0603252	0.9795333	0.9139508	0.6266143	0.1450721	0.6572406	1.0566079	0.4162724	0.1844886	0.0267258	0.3182399	0.5665733	0.2449664	0.7890083	0.1255558	0.8808236	0.1570536	0.7627947	0.3978941	0.0249146	0.8645373	0.4652532	0.0807546	0.0423016	0.7631808	0.4920470	0.5995562	0.8217136	0.8323334	0.6843447	0.0166292	0.3740377	1.0008699	0.0012791	0.2712033	0.0738964	0.7158435	0.2741816	0.9012021	0.6782360	0.6254630	0.5718669	0.3481032	0.3108055	0.5215105	0.4607657	0.7864247	0.5742141	0.7268359	0.0341159	0.4057126	0.2831185	0.4394220	1.0667930	0.0736434	0.0486951	0.5165012	0.5583409	0.2218561	0.7398233	0.7206875	1.0305881	0.8704582	0.8928773	0.8167578	0.3670228	0.3474620	0.5676812	0.5776155	0.4454044	0.3833768	0.1019006	0.7058364	1.1026564	0.1037700	0.9550339	0.3128373	0.0345040	0.1661445	1.0416136
400	0.0211808	0.5748143	0.9520376	0.1138690	0.3375419	0.0477467	0.2704702	0.7236963	0.5762247	0.6510450	0.1108934	0.1121622	0.0109309	0.1364987	0.8679538	0.2746422	0.4758766	0.9927541	0.8678769	0.7953500	0.0652287	0.9038852	0.9174271	0.6281213	0.1756759	0.5848050	1.0546748	0.4017789	0.1912059	0.0288935	0.3222927	0.5717975	0.2994295	0.7456823	0.1282543	0.8339311	0.2181997	0.7706676	0.3757944	0.0257527	0.9463941	0.4607606	0.0705941	0.0320722	0.7935511	0.4803516	0.4659144	0.8428664	0.8119638	0.6591211	0.0462780	0.3768671	0.9539349	0.0005377	0.2652069	0.0414573	0.7379181	0.2586042	0.9514175	0.6744110	0.6092135	0.5803260	0.2888348	0.2574661	0.5511316	0.4797137	0.9641580	0.6299235	0.7988989	0.0743077	0.4055783	0.3206756	0.5234372	1.0909444	0.0988754	0.0657257	0.4903533	0.6825215	0.2383128	0.6911364	0.8191778	1.0145530	0.8163367	0.8720764	0.8540669	0.3933500	0.3950728	0.5089943	0.6543610	0.4218812	0.3328807	0.1150006	0.7553516	1.0629353	0.0778643	0.9467608	0.3248732	0.0352982	0.1944651	0.9873653
450	0.0297684	0.6463002	0.9601096	0.1019508	0.3179333	0.0420222	0.2855765	0.7602534	0.5213355	0.6190463	0.1165605	0.1135373	0.0121201	0.1229320	0.8477347	0.3331831	0.4459101	0.9691492	0.9013631	0.8439452	0.0672715	0.9093788	0.9347099	0.6108380	0.1871703	0.6027498	0.9792092	0.4417954	0.1891468	0.0554531	0.2995221	0.5024635	0.3145963	0.7814049	0.1047398	0.8690701	0.2623446	0.7701740	0.3815019	0.0271978	1.0750956	0.4454445	0.0885695	0.0296769	0.8085838	0.5361321	0.5587587	0.8595900	0.8707429	0.7290333	0.0366440	0.3596831	0.9390178	0.0000000	0.2992456	0.0231215	0.7325555	0.2335138	0.8449006	0.6458122	0.5257300	0.5120694	0.3169172	0.2935423	0.5324465	0.5389291	0.9122266	0.5445325	0.7831349	0.0527421	0.4312198	0.2659798	0.5489152	0.9852413	0.1162326	0.1141315	0.6255919	0.6878379	0.2281528	0.7509338	0.7694937	0.9473736	0.8439949	0.9709589	0.7953239	0.4128363	0.4116221	0.5391884	0.4629873	0.4183540	0.3775060	0.1139360	0.7292616	1.0146987	0.1110468	1.0200181	0.2569765	0.0201042	0.2075859	1.0523954
500	0.0161365	0.5937882	0.9722033	0.1022143	0.3029219	0.0389534	0.3199936	0.8119582	0.5207303	0.5914176	0.1227742	0.1117297	0.0086787	0.0902965	0.8394340	0.3020159	0.4048313	0.9801114	0.8087957	0.8589114	0.0551427	0.9116645	0.9358004	0.6272477	0.1528697	0.7399238	0.8741759	0.4275190	0.2601260	0.0704925	0.3664690	0.5003698	0.2640067	0.8175525	0.0993392	0.7533765	0.3162022	0.7490968	0.3618437	0.0396247	1.0809138	0.4181277	0.0848393	0.0406685	0.7079834	0.4863257	0.6287994	0.8426221	0.8400781	0.7418827	0.0614028	0.3672636	0.9876809	0.0032903	0.3448880	0.0139353	0.8761815	0.2514192	0.8137666	0.6344706	0.5255500	0.5261382	0.2896442	0.2985688	0.5546243	0.5160041	0.9468192	0.5262044	0.7143240	0.0594611	0.3915680	0.3124899	0.5479235	0.9945984	0.0962024	0.1076507	0.5711228	0.6757763	0.2454116	0.7875442	0.8347327	0.9725549	0.7791410	0.9165299	0.7504447	0.3601871	0.4218159	0.5778290	0.4685749	0.4240320	0.3728487	0.1119886	0.7456186	1.0168358	0.0976433	1.1043916	0.2498838	0.0120083	0.2209432	1.0558618
550	0.0169053	0.6449154	0.9719302	0.1421634	0.3983286	0.0375380	0.3085609	0.5526100	0.5856906	0.5250210	0.1479040	0.1244777	0.0072344	0.1145885	0.8729729	0.2742053	0.4915989	1.0574150	0.8739678	0.8545751	0.0448357	0.7289918	0.9791457	0.6725425	0.3736968	0.6748677	0.9878857	0.3346470	0.3725257	0.0534141	0.3567020	0.5777009	0.4111515	0.8367220	0.2029992	0.7548405	0.2847292	0.8767781	0.3993349	0.0219472	1.0473992	0.4541247	0.0646045	0.0421505	0.7059804	0.4213099	0.6070818	0.9011242	0.8308367	0.5112020	0.0499876	0.4097285	0.9429119	0.0011582	0.4164740	0.0124875	0.8197230	0.2343517	0.7524515	0.7782053	0.5935050	0.5372418	0.2944731	0.2682049	0.5232011	0.5335610	0.9805908	0.5478301	0.6533364	0.0374144	0.4235945	0.3258192	0.4168465	0.9389335	0.1279372	0.3520379	0.6075829	0.4860817	0.2346765	0.6589889	0.7744632	1.0862106	0.5480322	0.9181201	0.7685827	0.3541733	0.4446296	0.6117075	0.5065281	0.5170767	0.3708513	0.1335208	0.7118393	0.9517859	0.1169839	0.9449053	0.2509409	0.0177720	0.4077681	1.0621211
600	0.0279118	0.6920758	0.9977847	0.1310334	0.3680113	0.0676771	0.2648916	0.2830394	0.5978618	0.4714290	0.1174659	0.0979514	0.0124991	0.0902936	0.9206278	0.3504508	0.4729171	0.9937906	0.8956751	0.8432185	0.0573603	0.6716723	1.0454986	0.7615878	0.6389631	0.7173874	1.0131334	0.2322554	0.3689391	0.0468744	0.3162454	0.4980642	0.5470498	0.8182244	0.2432626	0.8884778	0.1994360	0.8154019	0.3952268	0.0200836	1.0667561	0.4652495	0.0622852	0.0624086	0.7770543	0.4623851	0.6692535	0.8352261	0.7919645	0.2985598	0.0330855	0.4070128	0.8990624	0.0092551	0.5850278	0.0229630	0.7982482	0.2690600	0.6288848	0.9902438	0.5424218	0.4921784	0.3754297	0.2965286	0.5227189	0.4875420	0.9055682	0.5495051	0.5940093	0.0605855	0.4146798	0.3060014	0.2867095	0.9507445	0.1632877	0.5492852	0.7062183	0.3959818	0.2355386	0.6476990	0.7265343	0.9572244	0.3262740	0.8587787	0.7807712	0.3689425	0.3982801	0.5944035	0.5708252	0.5848939	0.3768845	0.1280278	0.5373784	0.8589840	0.0639331	0.8218687	0.2683282	0.0141579	0.5059278	0.9983423
650	0.0279222	0.6235741	1.0321842	0.0867708	0.2205839	0.0564049	0.1543353	0.1391661	0.6796350	0.4318852	0.1277579	0.0873519	0.0198281	0.1360384	0.9770409	0.4355098	0.4621121	1.0914643	0.9146519	0.8290205	0.0864317	0.5906727	1.0475952	0.7675745	0.7679861	0.6384446	1.0086923	0.1782607	0.2902429	0.0286511	0.3312706	0.3241180	0.6129287	0.7545008	0.2808710	0.8538467	0.2124589	0.7250916	0.3681547	0.0117191	1.0139943	0.4670260	0.0698768	0.0555411	0.8241704	0.4026738	0.6790714	0.8265177	0.9148099	0.1738459	0.0291963	0.3607481	0.9089522	0.0075637	0.6392444	0.0343712	0.7487852	0.2223945	0.5798416	0.9477945	0.5128242	0.5112486	0.2823100	0.3033907	0.5152619	0.5013427	0.8998499	0.5830216	0.4924087	0.0927994	0.3933622	0.3110397	0.3484006	0.9372768	0.2264125	0.5648719	0.8240975	0.3398113	0.2369348	0.6633368	0.7700791	0.9244492	0.2240042	0.8576661	0.7893500	0.3285371	0.4200381	0.5700314	0.5685566	0.6317388	0.3974400	0.0996920	0.4195332	0.7820493	0.0419647	0.7458409	0.2686176	0.0139290	0.5001884	1.0143537
700	0.0236201	0.6379322	1.0323313	0.0674386	0.3719010	0.0238593	0.0586573	0.0590181	0.6809129	0.3492969	0.1103642	0.1072243	0.0078434	0.1057895	0.9894020	0.4107793	0.4297184	1.0832089	0.9113078	0.7456420	0.0612521	0.6532627	1.0364915	0.8643202	0.8786809	0.5629876	0.9345508	0.1628121	0.2182904	0.0180067	0.3523248	0.2354592	0.6531793	0.9103132	0.2752979	0.8637089	0.1290678	0.7530813	0.3785683	0.0133106	0.9835197	0.4526727	0.0816938	0.0335318	0.8233618	0.4150735	0.6079585	0.8783274	0.7236569	0.2126456	0.0363821	0.3577052	0.9123276	0.0009156	0.7210482	0.0962320	0.7584464	0.2303882	0.5250826	0.9094639	0.4474875	0.5748408	0.2466582	0.3040992	0.4481968	0.5843700	0.8892695	0.6922851	0.4589504	0.0990213	0.3405363	0.3238558	0.3198016	0.8801934	0.2457714	0.4160743	0.8620288	0.2969919	0.1987267	0.6749901	0.7465552	0.9394356	0.1471562	0.7779406	0.8638971	0.3349303	0.4304549	0.6742074	0.6812475	0.7269871	0.5208640	0.0779140	0.4485791	0.6972531	0.0635548	0.6906868	0.2059546	0.0176355	0.5787813	1.0069006
750	0.0130432	0.5872250	1.1022452	0.0831337	0.3587620	0.0053477	0.0279555	0.0355610	0.7389018	0.4100897	0.0921927	0.1015213	0.0145067	0.0953696	0.8717160	0.4567920	0.4363588	1.0887841	0.9456361	0.8904803	0.0700457	0.6597956	0.9671435	0.8809434	0.8286840	0.6429551	0.9315192	0.1588550	0.1928953	0.0202029	0.3133165	0.1287492	0.6874871	0.8126441	0.3211485	0.7591391	0.1390266	0.7262521	0.3347373	0.0134298	0.9615213	0.3310553	0.0891329	0.0350730	0.7928812	0.4564375	0.5706784	0.7855029	0.7440844	0.2487624	0.0656488	0.3010171	0.9799081	0.0000871	0.7200895	0.1990186	0.7479516	0.2194946	0.4872364	0.9368811	0.5932714	0.6043801	0.1354389	0.3008561	0.4815340	0.5436148	0.7927217	0.7095120	0.4662179	0.1343177	0.3666849	0.2800928	0.3071907	0.8623790	0.2729640	0.3209690	0.8621413	0.2384540	0.1942568	0.7062811	0.7818676	0.9961432	0.1144928	0.7088057	0.8526402	0.2810045	0.4483408	0.6344785	0.5608179	0.7302354	0.5098601	0.0607237	0.4655828	0.7259454	0.0674759	0.6146370	0.2075434	0.0201090	0.6082921	0.9753571
800	0.0207247	0.6850313	1.0499776	0.0849943	0.4102581	0.0003973	0.0245094	0.0309775	0.7604054	0.4486489	0.0865300	0.0897700	0.0008131	0.1345233	0.9519705	0.3915359	0.4765357	1.0453273	0.8934914	0.7687824	0.0502864	0.6902207	0.9726383	0.8908008	0.8800559	0.6382160	0.9783747	0.1420691	0.1704651	0.0284527	0.3164697	0.1143909	0.6379915	0.8338184	0.2743797	0.8081157	0.2036603	0.7832112	0.3778893	0.0180138	0.9667459	0.4472569	0.0706925	0.0296300	0.8057529	0.5192222	0.5197382	0.8246335	0.8059149	0.2535356	0.0725710	0.3237140	1.0001004	0.0009735	0.6896324	0.3324802	0.7771389	0.2638454	0.4239666	0.9899140	0.5718078	0.6424067	0.1020435	0.2136291	0.4768093	0.5161216	0.8382017	0.6570350	0.5023397	0.0840644	0.3243453	0.2470286	0.2856939	0.8623763	0.2571790	0.2207567	0.8099617	0.1399457	0.1830500	0.7409843	0.7827467	0.9936775	0.1157919	0.6913979	1.0098332	0.2487802	0.4327131	0.5580641	0.5639062	0.7356444	0.6541914	0.1138671	0.4068457	0.6610762	0.1040397	0.5102812	0.1876231	0.0225733	0.5110799	0.9143496
850	0.0085862	0.7002372	1.0586556	0.1175484	0.4530131	0.0014141	0.0213755	0.0277876	0.7687093	0.4295598	0.0787473	0.1216029	0.0117627	0.1452692	0.7877806	0.3195142	0.5171133	0.9941217	0.8640498	0.8283922	0.0496611	0.6547250	0.9327720	0.9296962	0.9206010	0.6608383	1.0581145	0.0993719	0.2356897	0.0332047	0.4085048	0.0806415	0.6238591	0.8405028	0.2855029	0.9168608	0.2743516	0.7509075	0.4199620	0.0327312	0.9032164	0.4528962	0.1000101	0.0402737	0.8048051	0.5027509	0.6450184	0.7724993	0.8232222	0.2473692	0.0746274	0.3328232	0.9746609	0.0005091	0.6959934	0.4790544	0.8358023	0.2308430	0.3977387	0.8916389	0.6888055	0.4991076	0.1002061	0.2957684	0.4156076	0.5645458	0.9780257	0.7274981	0.5237452	0.0653518	0.3290674	0.1956926	0.3156585	0.8391498	0.2675577	0.3138762	0.8950352	0.1969165	0.1865546	0.7891298	0.7893493	0.9695901	0.1199070	0.6594582	1.0258383	0.2940172	0.4010626	0.6397579	0.5355425	0.8617082	0.5317499	0.1572682	0.4195506	0.5986284	0.1110421	0.4580295	0.2432514	0.0181719	0.5419127	0.8786551
900	0.0084755	0.6494063	0.9868662	0.1263281	0.4588707	0.0010855	0.0490433	0.0217948	0.6939612	0.4547255	0.0999034	0.0988776	0.0079949	0.1488655	0.9007374	0.3845365	0.4971123	0.9241412	0.8055712	0.8327761	0.0724862	0.6162106	0.9712169	0.9922082	0.9831714	0.6514251	1.0836159	0.0853402	0.2916601	0.0430314	0.4642652	0.1082228	0.6362373	0.7914467	0.2730598	0.9654596	0.2821377	0.7762865	0.3564204	0.0214680	0.8560102	0.4314912	0.0867909	0.0555839	0.8054540	0.5373747	0.5412722	0.7323643	0.8353662	0.2753687	0.0707644	0.3228808	0.9740557	0.0002974	0.7327913	0.4504543	0.7419474	0.2732314	0.3966270	0.8460685	0.7475710	0.5607924	0.1456382	0.3193965	0.5543509	0.4935917	0.9447657	0.6503376	0.4673540	0.0649637	0.3870489	0.2065022	0.2943587	0.8397460	0.2791911	0.4449186	0.9474925	0.1846986	0.1845661	0.7220543	0.7571519	0.9815681	0.0929245	0.5862539	1.0002361	0.2708959	0.3325799	0.6344676	0.5799093	0.7875291	0.4856092	0.2190190	0.4465813	0.5758134	0.1330668	0.5461862	0.2290425	0.0323169	0.4888237	0.9400193
950	0.0177502	0.6802511	0.9938824	0.1354857	0.4402745	0.0047959	0.0589368	0.0141047	0.7516482	0.4772524	0.1105189	0.0831883	0.0030137	0.0810930	1.0446581	0.3579664	0.4561158	0.9395237	0.8478173	0.8289766	0.0681204	0.6803497	1.0203070	0.9146131	1.0249657	0.5966728	1.0099982	0.1138338	0.2856658	0.0344987	0.4012525	0.0858413	0.5723772	0.8548165	0.2374347	0.8203932	0.2826877	0.7717894	0.4004594	0.0327537	0.9456258	0.4753025	0.0468419	0.0816912	0.7644605	0.5867346	0.5558006	0.7844414	0.7931296	0.2912911	0.0552886	0.3328486	1.0114117	0.0023203	0.7592780	0.4838183	0.6970629	0.2755925	0.4448815	0.9696576	0.7223746	0.5409012	0.1580803	0.2802546	0.5087667	0.5643788	0.9625731	0.7034406	0.4096030	0.0414727	0.3844804	0.2232273	0.3042628	0.8080297	0.2837745	0.4719086	0.8698285	0.2849026	0.2011377	0.6120114	0.6860826	1.1202197	0.1048494	0.5753380	1.0227329	0.3379285	0.2587767	0.5788217	0.5274119	0.8191559	0.4213032	0.2666319	0.4611978	0.5702589	0.1511274	0.5290533	0.2573379	0.0425401	0.4744744	0.8351474
1000	0.0134343	0.5799450	0.9915509	0.0919489	0.4073986	0.0027726	0.0507890	0.0144331	0.7699950	0.4710348	0.0953195	0.0931709	0.0032611	0.0944149	1.0070537	0.3874814	0.4947543	0.9945559	0.8889306	0.8747350	0.0635486	0.6089650	1.0859011	0.9580753	1.0151701	0.7330557	1.0582199	0.1236526	0.2650189	0.0475289	0.3767654	0.1092621	0.6383531	0.8059278	0.2749844	0.9575912	0.3644867	0.8167632	0.4314599	0.0302064	0.8554284	0.4653696	0.0513813	0.0631405	0.8019444	0.6515371	0.5495109	0.8509295	0.7864405	0.2827621	0.0552830	0.3116943	0.9180446	0.0019645	0.7038927	0.4493629	0.7589193	0.2278479	0.4999947	0.9493598	0.8002906	0.6156556	0.1547539	0.2110038	0.5060035	0.5020506	0.9218274	0.6831660	0.4454340	0.0525070	0.3416879	0.2322064	0.2909396	0.8162475	0.2943771	0.5953959	0.8878243	0.4255007	0.2815688	0.6436452	0.8611507	0.9729241	0.1214217	0.5704799	0.9673588	0.3224095	0.2155310	0.4904776	0.6222720	0.7927315	0.5379489	0.2801483	0.4008095	0.5702350	0.1158095	0.5512913	0.2395636	0.0434217	0.4738407	0.8877832

0	0.0094491	0.6355617	1.0459758	0.0876986	0.4170952	0.0015965	0.0357302	0.0201856	0.7842026	0.5482911	0.1482550	0.1067167	0.0074763	0.0795139	0.9263252	0.4386615	0.5117037	1.0187251	0.9869150	0.9112762	0.0675828	0.6396705	0.9879649	0.9056811	1.0249936	0.8053086	0.8415975	0.0956169	0.2807776	0.0361236	0.3476186	0.0945586	0.7647381	0.8073502	0.2691465	0.9854445	0.2644993	0.7761342	0.3511720	0.0142404	0.9503393	0.3956488	0.0912837	0.0721673	0.8039584	0.5632487	0.5721011	0.9104100	0.8750489	0.3877912	0.0490860	0.3690556	1.0040851	0.0016799	0.7496314	0.4296180	0.7445798	0.3138374	0.4763448	0.9977159	0.8917758	0.5763065	0.2317245	0.3844034	0.5377636	0.4876338	1.0898320	0.8135737	0.5024926	0.0491368	0.3912071	0.2335426	0.3169327	0.9297559	0.3112694	0.3637340	0.9584119	0.1589398	0.2670455	0.6498318	0.7931145	1.0351174	0.1402507	0.6535788	1.0095359	0.4184859	0.2245238	0.5131035	0.6073464	0.7854143	0.4606182	0.1309775	0.4648780	0.5528648	0.0723851	0.5781484	0.2784400	0.0363961	0.5378107	0.9932421
50	0.0177007	0.7312594	1.0528016	0.1123869	0.5023117	0.0003967	0.0483149	0.2196141	0.7858392	0.4637702	0.1697494	0.0836396	0.0081092	0.0828804	0.9068316	0.4780053	0.4152322	0.9635441	1.0592181	0.7858769	0.0876993	0.5984753	1.0352531	0.7595950	0.7958149	0.7195121	0.8909711	0.3474786	0.3180594	0.0232218	0.3403883	0.0445444	0.6835779	0.6986221	0.3250384	0.8485569	0.2257915	0.7525762	0.3242035	0.0245106	1.0199910	0.3378421	0.0569884	0.1716816	0.7437522	0.3787272	0.6310062	0.8056339	0.7661447	0.4293718	0.0910866	0.4283870	0.8664312	0.0017593	0.8798736	0.5369541	0.7550002	0.2548681	0.4891085	0.9884281	0.8052284	0.6081904	0.2930569	0.2803832	0.6516865	0.4740332	0.9522669	0.7558688	0.5086391	0.0448995	0.3129599	0.2110690	0.2929249	0.7423790	0.3362119	0.3993513	0.8336917	0.3003021	0.3652021	0.6504676	0.7160285	0.8908790	0.1190859	0.7038588	0.9565249	0.3384270	0.3721752	0.4164216	0.6749328	0.6008033	0.5058482	0.1631411	0.4678156	0.5770467	0.1054350	0.6032424	0.2822046	0.0297249	0.4858906	0.9783463
100	0.0211285	0.6500974	1.0389277	0.1047444	0.4966336	0.0029611	0.1015776	0.3414177	0.7295686	0.5372099	0.1375221	0.0931837	0.0042090	0.1002336	0.8822957	0.4354269	0.4385957	0.9087585	1.0212476	0.8221516	0.1054752	0.5941651	1.0059818	0.5607118	0.7745819	0.6732423	0.7976876	0.5760465	0.5397362	0.0234908	0.3906151	0.0599174	0.6104373	0.7797410	0.2422942	0.7891597	0.1541087	0.8178814	0.2026488	0.0352091	0.9781838	0.2420349	0.0690308	0.2203764	0.6883208	0.4122242	0.5576480	0.8896713	0.6889703	0.4726898	0.0490853	0.3625278	0.9180974	0.0012074	1.0955514	0.5395997	0.7031237	0.3004999	0.5020074	1.0392516	0.7436344	0.6145930	0.1892485	0.2542588	0.5523561	0.5745913	1.0675957	0.6993496	0.4248128	0.0236760	0.3145118	0.1223171	0.2671567	0.7921732	0.3431195	0.4456405	0.7372473	0.2944466	0.6018575	0.6280908	0.7044693	0.9183687	0.1207268	0.7626516	0.8662578	0.3211295	0.4587863	0.3313275	0.7169060	0.7332609	0.4885851	0.2317110	0.5727507	0.4990329	0.0823932	0.5983580	0.3309333	0.0350889	0.5315451	1.0038477
150	0.0277357	0.6691435	0.9783133	0.1214559	0.4596097	0.0006172	0.1023208	0.4661436	0.7453913	0.5005917	0.1378246	0.0635618	0.0055107	0.1045181	0.8058877	0.4603634	0.5274662	0.9301955	0.9151642	0.8616829	0.1204465	0.6462451	0.9323959	0.3345525	0.8122651	0.7067499	0.8162118	0.7466455	0.6214708	0.0271910	0.4071521	0.1010094	0.6073406	0.7131594	0.2386029	0.7840746	0.1646483	0.7952325	0.1733515	0.0183951	0.9232525	0.1976074	0.1128398	0.2192775	0.6831283	0.4942296	0.6346575	0.7578618	0.7007452	0.4431841	0.0303834	0.3201003	0.9724898	0.0051000	1.0396910	0.4905103	0.7674837	0.2367919	0.3819698	1.0477451	0.7682742	0.6257893	0.1333531	0.2630459	0.5611109	0.5100055	0.8804829	0.7069616	0.4055244	0.0340700	0.2964289	0.1253203	0.2933098	0.7927253	0.3098844	0.4814275	0.6935239	0.2444797	0.6762257	0.5614496	0.7491786	0.9742543	0.1577077	0.8999207	0.7047803	0.3481050	0.5535050	0.3009102	0.7454717	0.7878331	0.4689044	0.1969015	0.6783442	0.5163884	0.0510734	0.4730913	0.2945512	0.0513883	0.5423551	1.0107591
200	0.0570447	0.6746706	1.0128430	0.1767668	0.4797931	0.0055457	0.0800045	0.4992701	0.7186765	0.3025270	0.1813861	0.0432865	0.0106799	0.1041729	0.8203898	0.4865278	0.5192146	0.9318385	0.9188137	0.8855710	0.1329574	0.6028507	0.9470764	0.2022652	0.8111481	0.6309247	0.9328155	0.8554067	0.6720399	0.0356600	0.3743313	0.0813142	0.5994732	0.8696360	0.1868017	0.7484452	0.1722467	0.7390949	0.1244616	0.0098791	0.7400386	0.1267978	0.1075994	0.2024741	0.6293227	0.5161625	0.5127823	0.6868834	0.8641159	0.3892334	0.0320898	0.3363484	0.9144687	0.0056965	1.0207184	0.4907806	0.7465895	0.2661993	0.4329512	1.0075773	0.8319462	0.6497787	0.1293379	0.2301224	0.6151337	0.5004023	0.8939426	0.7421050	0.4035076	0.0073996	0.3509548	0.1780698	0.3096447	0.8707267	0.2311354	0.5125864	0.5762502	0.1262018	0.7296292	0.4574584	0.7374462	0.9174537	0.1372073	0.9698631	0.6320109	0.2973081	0.5776138	0.3096886	0.6812164	0.7388422	0.4147236	0.1391091	0.7093425	0.4763592	0.0945332	0.5037726	0.2789472	0.0552584	0.5388521	0.9685119
250	0.0842232	0.6544491	1.0084458	0.1629324	0.5182073	0.0098801	0.0785154	0.5865627	0.8215525	0.1854697	0.1784014	0.0622995	0.0048101	0.1161764	0.8524419	0.5205638	0.4770135	0.9592528	0.9064160	0.8899465	0.1438336	0.5998634	0.8734733	0.1878490	0.8478409	0.6250419	1.0254763	0.8818454	0.7935530	0.0302561	0.4132886	0.1174298	0.6621630	0.9364251	0.2287454	0.8059532	0.2039000	0.7321345	0.1443457	0.0207331	0.6427269	0.1598857	0.1363352	0.2370237	0.6046124	0.4781333	0.5643404	0.6927668	0.8595634	0.3575742	0.0235007	0.2979104	0.9228399	0.0036744	0.9639808	0.4636693	0.8605414	0.2799093	0.4514035	0.9771789	0.8946225	0.5814127	0.2168047	0.2503940	0.5635341	0.4845236	0.9003304	0.5827052	0.3911304	0.0089161	0.3602791	0.1649888	0.2765044	0.9008365	0.3322446	0.6023378	0.5319625	0.0761319	0.7648657	0.5054357	0.8438392	1.0123940	0.1191445	0.9202328	0.5828404	0.3317768	0.5047110	0.2153417	0.6957933	0.7358185	0.3142431	0.1119213	0.6639819	0.4923758	0.1622264	0.4507912	0.2963900	0.0272061	0.5469681	1.1105665
300	0.1481309	0.6502068	0.9496710	0.1901118	0.4886151	0.0056927	0.1096339	0.5632525	0.9059015	0.1452425	0.2304797	0.0648664	0.0029407	0.1033161	0.8475904	0.4763419	0.4765839	1.0899526	0.8950490	0.8463285	0.1671906	0.5551429	0.8787428	0.1253622	0.8862102	0.7910978	0.9903832	0.8314067	0.6685710	0.0447313	0.4067748	0.1157281	0.6358430	0.9588863	0.2472205	0.8740058	0.1965172	0.8207820	0.1464837	0.0291145	0.6038045	0.1385345	0.1501436	0.2838580	0.5669349	0.5908334	0.4495074	0.7107465	0.8200497	0.4248325	0.0213318	0.3629091	0.9608730	0.0012019	0.9320933	0.4465148	0.8261861	0.3501945	0.4416479	0.9950813	0.8352605	0.6482590	0.1561205	0.2228356	0.6092540	0.5135276	0.9783854	0.6784305	0.3751760	0.0125924	0.3925017	0.1704572	0.2624676	0.8657861	0.3235440	0.5420421	0.5450675	0.0770780	0.7918781	0.7037189	0.8288110	0.8603926	0.1212071	0.9336965	0.5461608	0.3709305	0.4804029	0.1515586	0.6977616	0.6469269	0.2883789	0.1488577	0.7210413	0.5021152	0.1959064	0.5020277	0.3659505	0.0228435	0.5320783	1.0392277
350	0.1173506	0.6569107	0.9652621	0.2660342	0.4612243	0.0032880	0.0859018	0.4771394	0.9082061	0.0998222	0.1872209	0.1027117	0.0013364	0.1186587	0.8596602	0.4871999	0.4213422	1.0615520	1.0262803	0.8094840	0.1427947	0.5553134	0.9049315	0.1245184	0.9126779	0.8028912	0.9763194	0.9118765	0.6613884	0.0488184	0.4088288	0.1033906	0.6800471	0.9520838	0.2040132	0.9156052	0.2720176	0.7609230	0.1514894	0.0172484	0.5556510	0.1278694	0.1732405	0.2683277	0.5295266	0.6347072	0.4422099	0.7624562	0.9071203	0.3787760	0.0144434	0.4171568	0.8599059	0.0008482	1.0825200	0.4421645	0.8081513	0.3300624	0.4742110	0.8318744	0.8692402	0.6020014	0.1817423	0.2798291	0.5883144	0.4022687	1.0045495	0.6737976	0.4147280	0.0083713	0.4212471	0.2185370	0.2396726	0.7969534	0.2850467	0.6201646	0.5177337	0.1070327	0.8231894	0.6067863	0.8324161	0.9391643	0.1212010	0.9496165	0.5536660	0.3029387	0.4482114	0.1210391	0.6887337	0.5952473	0.2950210	0.2072621	0.6758088	0.4399394	0.3177062	0.4607274	0.4060933	0.0275539	0.4782863	1.0753651
400	0.0719242	0.6956419	0.9140014	0.2813525	0.4318392	0.0002112	0.0377711	0.4789235	0.9329277	0.1173616	0.2531901	0.0889364	0.0023041	0.1554344	0.8382624	0.4468988	0.4037185	1.1311096	1.0062007	0.8366631	0.0969467	0.6496853	0.8587790	0.1163882	0.8736888	0.7722997	0.9937355	0.8461614	0.7133023	0.0580718	0.4980820	0.1110411	0.5857912	0.8912979	0.1841104	0.9780683	0.2669447	0.7066946	0.1703596	0.0072026	0.5308827	0.1598451	0.1856564	0.2801299	0.4641588	0.6151543	0.5322408	0.8779430	0.9564487	0.3949130	0.0217579	0.4119757	0.7457779	0.0127523	1.0246182	0.4782820	0.6779113	0.3578996	0.3897828	0.9616825	0.9485457	0.6459371	0.1899214	0.3038839	0.5513316	0.4663046	0.8790029	0.6339674	0.4355527	0.0103143	0.3547842	0.2138439	0.2201081	0.8768654	0.3039096	0.5201169	0.4722182	0.0919797	0.8168219	0.6735912	0.8363259	0.9767121	0.1212774	0.8394637	0.5269566	0.2574104	0.4463568	0.0672230	0.6252933	0.6130849	0.2874511	0.1511215	0.7469833	0.3716246	0.3996684	0.4201073	0.3953655	0.0131459	0.4364254	1.1119824
450	0.0930241	0.6382035	0.8697812	0.3970175	0.4210066	0.0012796	0.0807522	0.4955291	0.9238675	0.1269560	0.2288612	0.0912709	0.0031635	0.1315771	0.9118148	0.5388312	0.4145570	1.0755444	1.0218275	0.9252383	0.1325039	0.6696690	0.8644487	0.1252987	0.9238051	0.7410055	0.9917483	0.9008112	0.7228545	0.0308335	0.4056877	0.1646240	0.5674463	0.8322792	0.2223316	0.8999580	0.2404165	0.7772073	0.2018914	0.0149011	0.4680358	0.1579589	0.2192433	0.2727115	0.4532280	0.6619235	0.5503909	0.8553402	0.8832277	0.3708750	0.0459921	0.3826964	0.7398094	0.0116517	1.0586339	0.4238662	0.6374725	0.3831511	0.4239104	1.0093323	0.9016525	0.5619261	0.1924903	0.3557331	0.6390225	0.4374535	0.9508742	0.6451807	0.3737549	0.0094559	0.4166355	0.1699835	0.2401801	0.9632695	0.2599699	0.6460327	0.4797695	0.0696772	0.7525279	0.6386046	0.8161598	0.9322599	0.1536472	0.9147606	0.5770330	0.2958132	0.4692913	0.0378159	0.5936078	0.5562517	0.2985230	0.1219593	0.7279416	0.3991360	0.4961005	0.4871197	0.3647955	0.0222496	0.4643322	1.0313082
500	0.1130550	0.6572971	0.8713462	0.4015711	0.3980508	0.0002970	0.0793794	0.4838136	0.8484367	0.1248242	0.2473674	0.0898162	0.0074188	0.1389442	0.8763369	0.4776026	0.4044361	1.1019174	0.9290917	0.9086305	0.1463195	0.6419097	0.8358512	0.0874468	0.9753413	0.6905809	1.0013027	0.9160297	0.6787257	0.0330042	0.3444632	0.2338449	0.5644656	0.8689240	0.1826122	0.8766808	0.2121148	0.7010050	0.1775791	0.0257676	0.4953389	0.2084686	0.2023254	0.2426979	0.4846504	0.6161843	0.5625943	0.7921141	0.9071241	0.3600569	0.0429284	0.4032177	0.7271289	0.0010475	1.0315076	0.3686859	0.7491261	0.3516760	0.4902871	0.9709552	0.8678594	0.4946549	0.1913510	0.3542913	0.6634744	0.5028971	1.0148415	0.6540198	0.3737807	0.0103700	0.3559940	0.2098828	0.2644744	0.9564300	0.2263162	0.7335466	0.4732927	0.0679375	0.7593209	0.6065873	0.8905877	0.9757724	0.1415922	0.9379641	0.5897174	0.3242351	0.4846866	0.0340367	0.6777580	0.5186052	0.2822316	0.1252450	0.7189056	0.4798996	0.5313783	0.5192076	0.3251171	0.0480356	0.3975639	1.0142772
550	0.0998945	0.6101587	0.9576598	0.4471221	0.4657148	0.0027683	0.0730076	0.3021909	0.9546496	0.1055808	0.2010585	0.1041282	0.0046295	0.1216578	0.8829534	0.4181503	0.3836934	0.9810530	0.9883488	0.8631454	0.1433239	0.5953833	0.8184876	0.1439380	1.0001618	0.6937551	1.0322392	0.6680686	0.4739366	0.0355551	0.3738147	0.2557195	0.5708916	0.8700524	0.1918540	0.9267286	0.2894234	0.6407142	0.2626221	0.0425240	0.5096639	0.2993672	0.1947543	0.1570530	0.5354454	0.5785503	0.6162630	0.7392981	0.9054205	0.3378757	0.0536934	0.4440616	0.6407832	0.0021404	0.8242671	0.2888157	0.7337984	0.3418427	0.4520670	1.0344148	0.8535533	0.5299784	0.2305665	0.3399366	0.6366371	0.4583908	1.0496220	0.5994737	0.4176513	0.0250691	0.3907798	0.2327183	0.2683044	0.8410551	0.1984409	0.6792792	0.5693867	0.0614870	0.6955178	0.6723425	0.8493485	1.0140818	0.1283416	0.9229815	0.6023890	0.3581556	0.3862578	0.0359198	0.6887840	0.5573876	0.2738466	0.2084401	0.6448449	0.5170839	0.5643366	0.5533586	0.3429268	0.0215146	0.4202020	0.9305760
600	0.0720376	0.6044588	0.9823760	0.3220962	0.4569803	0.0055134	0.0648998	0.1873286	1.0228704	0.0585815	0.1841067	0.0807288	0.0018642	0.1315214	0.9913800	0.5021156	0.4864426	0.9983394	0.9639068	0.9188680	0.1394547	0.6966180	0.8498370	0.3722714	1.0148578	0.7770397	0.9970204	0.3600559	0.3157090	0.0172766	0.4250842	0.2180504	0.5148440	0.8670531	0.2077295	0.8335376	0.2627773	0.6187944	0.3117551	0.0401691	0.5945691	0.4836805	0.1159998	0.1298835	0.6055103	0.4893583	0.5652579	0.7684981	0.8771785	0.2458996	0.0581818	0.3830027	0.5913261	0.0051995	0.7513713	0.1922812	0.6872349	0.3266277	0.4800678	1.0441209	0.8183880	0.4834994	0.3453018	0.3753365	0.7059840	0.5198646	1.0219041	0.5824791	0.4117771	0.0221431	0.3559772	0.2284465	0.3043158	0.9901471	0.1866784	0.6370730	0.6591335	0.0740606	0.4700351	0.6408582	0.7728463	1.0382943	0.1336438	0.7783790	0.7783470	0.2823088	0.2942029	0.0675367	0.6229115	0.5652274	0.2913621	0.2931124	0.4848176	0.5525580	0.5690712	0.5587626	0.3559004	0.0310366	0.4093305	0.9023229
650	0.0611896	0.6191037	1.0321864	0.2768973	0.5355017	0.0070555	0.0557110	0.0823595	1.1072413	0.0737350	0.1986789	0.0670210	0.0074006	0.1509120	0.8917538	0.5425583	0.5622250	0.9605942	1.0114006	0.8543759	0.0910403	0.6009635	0.9068237	0.6025065	0.9960465	0.7044918	0.9734465	0.2347881	0.2468757	0.0325435	0.4195183	0.1914164	0.4943463	0.9716875	0.2022042	0.9639180	0.1899670	0.6831781	0.3642147	0.0351652	0.7814170	0.5044314	0.0841782	0.1111028	0.7220715	0.5493289	0.5251585	0.7275491	0.7556640	0.2040785	0.0524847	0.4532827	0.5187009	0.0033683	0.7162644	0.1788474	0.7033257	0.3378630	0.4967653	0.9810084	0.7590767	0.5473284	0.3509400	0.3844036	0.6468647	0.4691961	1.0103025	0.6024880	0.3250904	0.0316124	0.3289169	0.2578186	0.2740298	1.0289082	0.2158694	0.5745897	0.8040336	0.0937929	0.3301660	0.6956094	0.8416427	1.0037199	0.1202186	0.7094297	0.9587894	0.3070173	0.2651001	0.0961892	0.6561694	0.6141051	0.3354818	0.3756363	0.4313388	0.5913802	0.4746498	0.5299247	0.3257672	0.0296333	0.4702556	0.9145050
700	0.0323610	0.6671836	0.9650238	0.1830330	0.4834339	0.0039138	0.0428293	0.0396111	1.1209274	0.0644761	0.1916463	0.0675063	0.0063508	0.1438358	0.8522977	0.5078113	0.5067258	0.9845290	0.9484536	0.8463270	0.0741944	0.6245516	0.9354461	0.8444683	0.9427427	0.7247939	1.0189781	0.1963432	0.2826386	0.0355607	0.4060014	0.1717116	0.6081483	0.8867757	0.2360881	1.0049845	0.1918085	0.7197863	0.3163136	0.0133861	0.9075262	0.5011477	0.0858464	0.0735184	0.6752931	0.5204206	0.4601376	0.7972999	0.8611568	0.2296800	0.0916445	0.3968407	0.5036586	0.0012905	0.7615888	0.2184686	0.7926979	0.2725120	0.4560396	0.9635646	0.6696852	0.4825320	0.4224487	0.3950260	0.5566581	0.5572974	1.0126091	0.6053891	0.3382957	0.0508486	0.3691552	0.2405199	0.2528106	0.9530878	0.1828886	0.4279761	0.7875690	0.1337267	0.2735286	0.7693480	0.7401787	1.0181333	0.1528411	0.6388783	0.9321704	0.3739136	0.2439244	0.1669940	0.6287100	0.6382912	0.4016530	0.3796738	0.4301416	0.6704938	0.3183424	0.6418759	0.3628145	0.0307848	0.4487773	0.9111337
750	0.0147588	0.7034363	0.9791120	0.1726261	0.4914982	0.0034938	0.0325057	0.0470282	1.0630079	0.1595297	0.1449345	0.1044622	0.0020621	0.1138110	0.9139836	0.4568066	0.5016511	0.9541503	0.9522551	0.8225176	0.0610208	0.6956422	0.9300215	0.9247026	0.9738475	0.6930715	1.0683806	0.1517655	0.2655759	0.0344692	0.3655700	0.0876411	0.5397391	0.7838949	0.2368765	0.8415062	0.2463970	0.7084184	0.2503119	0.0097370	0.9174216	0.5459148	0.1028973	0.0789859	0.7926036	0.6419915	0.6241007	0.9232316	0.8652832	0.2449996	0.0918708	0.3858283	0.4575657	0.0072032	0.7559206	0.2427531	0.7933850	0.2570951	0.3770409	1.0213124	0.7174969	0.5147538	0.3620264	0.3187928	0.6213812	0.5932016	1.0530182	0.7816713	0.3803893	0.0517359	0.3633638	0.2267334	0.2072162	0.9661093	0.1976305	0.4136274	0.8792618	0.1266264	0.2528851	0.7688814	0.7705543	1.0169577	0.1361171	0.7266765	1.0586591	0.3991490	0.1984482	0.2348238	0.6863912	0.6712887	0.3997991	0.3335783	0.4178406	0.5798933	0.2272571	0.6533840	0.2986511	0.0227024	0.4987485	0.9946769
800	0.0166983	0.6707253	0.9656956	0.2041276	0.5016658	0.0013764	0.0302463	0.0304652	0.9808606	0.2727848	0.1049016	0.1132746	0.0059159	0.1164848	0.9617423	0.4434484	0.5065835	0.8827390	0.9992519	0.8574195	0.1041015	0.6822776	0.9771140	0.9607464	0.9288345	0.6369071	0.9618333	0.1069486	0.2493394	0.0345226	0.3747116	0.1119945	0.6459732	0.7840234	0.2500197	0.9608829	0.3542157	0.8537631	0.3150291	0.0471482	0.9229856	0.4941482	0.0844616	0.0522904	0.7594077	0.5483926	0.6698909	0.7495894	0.8850989	0.2630015	0.1022062	0.4503686	0.5965412	0.0136739	0.7704491	0.3861676	0.7542677	0.2519755	0.4936062	0.9267455	0.7735738	0.5786687	0.3440645	0.2874760	0.5976509	0.5159908	0.9951872	0.7761666	0.3604954	0.0723015	0.3820617	0.2510808	0.2049187	1.0061835	0.1910357	0.5024153	0.8890629	0.1837119	0.2506816	0.6159027	0.7152113	0.9032293	0.1066959	0.6344028	0.9836262	0.3927590	0.1856945	0.2731447	0.5887573	0.7577227	0.4227856	0.2932727	0.4206789	0.5328163	0.1750057	0.6288143	0.2640746	0.0336913	0.5602806	1.0820098
850	0.0158556	0.7151928	1.0551908	0.1579133	0.4353121	0.0008345	0.0363229	0.0318151	0.9654164	0.3442000	0.1286656	0.1163253	0.0036714	0.0926051	0.9670713	0.3614394	0.4825970	1.0163845	0.9642368	0.8818333	0.1380317	0.6112028	0.8791367	0.8940312	0.9681978	0.6283161	1.0246194	0.0949125	0.2192834	0.0244962	0.4168763	0.0859997	0.6566182	0.8573546	0.2816217	0.8571267	0.3138119	0.8201499	0.2897279	0.0266736	0.8655231	0.5801298	0.0725103	0.0949594	0.8151940	0.4416574	0.5754413	0.7186206	0.9092903	0.2555785	0.0892781	0.4299702	0.6780250	0.0088691	0.7740927	0.4644620	0.7957510	0.2345670	0.4668602	0.9582394	0.8482860	0.6554906	0.2684501	0.3382471	0.5489816	0.5792216	1.0038389	0.7619991	0.3585989	0.0625564	0.3771745	0.2059757	0.2763983	0.9312558	0.2348381	0.4864686	0.9221972	0.2803627	0.2672031	0.6561793	0.7160521	1.0992460	0.1220942	0.6880005	0.9427064	0.3829483	0.2390859	0.3422422	0.5381996	0.7602909	0.5194783	0.2933764	0.4052310	0.5755337	0.1704619	0.6614849	0.2427524	0.0235009	0.5350974	1.0508274
900	0.0115988	0.6621336	1.0267178	0.1088035	0.4161502	0.0014111	0.0151168	0.0342502	0.8330222	0.3678151	0.1057867	0.0962045	0.0019803	0.0751509	0.8986277	0.3451910	0.5176193	1.0584837	0.8283718	0.8065237	0.1049912	0.6755895	0.9051869	0.9672485	0.9056942	0.6646242	1.0161578	0.0771844	0.2428468	0.0300445	0.4085930	0.0946342	0.7294798	0.7890537	0.3058987	0.8503524	0.2684202	0.7557736	0.3027632	0.0321552	0.9034926	0.4600395	0.0648185	0.0968604	0.7947068	0.5277392	0.4972020	0.7868971	0.8832028	0.3154869	0.0635669	0.3968267	0.8597481	0.0063076	0.7259003	0.5355729	0.8257013	0.2086634	0.5140925	0.9922345	0.8460889	0.5975903	0.2943416	0.3161538	0.5360514	0.5330142	1.0252200	0.7913397	0.3582544	0.0535116	0.3827772	0.2018402	0.2757217	0.9080979	0.3294817	0.4135819	0.9072001	0.2911401	0.2689965	0.6490302	0.7501578	0.9364260	0.1204128	0.6304914	0.9588589	0.3134525	0.2503034	0.4161554	0.6117170	0.6993944	0.4982399	0.3168688	0.3524209	0.5606726	0.1085187	0.7061189	0.2600702	0.0207363	0.5483093	0.9917159
950	0.0174832	0.6974417	0.9890069	0.0992908	0.5263028	0.0014018	0.0287031	0.0296489	0.8137193	0.3979091	0.1398830	0.0895662	0.0085728	0.0720676	0.8157466	0.3894213	0.4091172	1.0051780	0.9111381	0.8904308	0.0697638	0.6895516	0.8834345	0.9637281	0.9171027	0.5944945	0.9406666	0.0824998	0.2294780	0.0429322	0.4082414	0.0910255	0.8004608	0.8666787	0.2726647	0.7940512	0.3058396	0.7792501	0.3699469	0.0308886	0.8408697	0.4434944	0.0638066	0.0664848	0.8085042	0.6781490	0.4863485	0.7795974	0.7275951	0.3028901	0.0805392	0.4088328	0.8458363	0.0006557	0.7652759	0.5381677	0.7392103	0.2466714	0.5519726	1.0035295	0.8872452	0.5847082	0.2236316	0.2420154	0.5087838	0.5753579	1.0846689	0.6916959	0.4879284	0.0361476	0.3188508	0.1596288	0.2359247	0.8870045	0.3465723	0.4698839	0.8531932	0.3911887	0.2536693	0.5801638	0.7411224	0.9845686	0.1151300	0.6577385	1.0389265	0.3628808	0.2519943	0.4809982	0.6099035	0.7362041	0.6196289	0.3251853	0.3222528	0.5353420	0.1356390	0.6881352	0.2563978	0.0194206	0.5558200	0.8857562
1000	0.0189896	0.6470953	1.0078384	0.1284892	0.4943415	0.0022305	0.0356498	0.0129168	0.9104118	0.3994869	0.0832045	0.0959870	0.0095822	0.1163914	0.8376053	0.3971875	0.4194164	0.9852241	0.9318712	0.9223135	0.0534888	0.6714955	0.9713460	0.9998559	0.9424717	0.5571417	0.8899784	0.0854363	0.1988709	0.0440909	0.4264079	0.0469293	0.7468857	0.9258279	0.3282387	0.9585077	0.5262818	0.7992856	0.3910188	0.0112846	0.9536728	0.4480502	0.0705191	0.0419312	0.7861113	0.6669487	0.5019087	0.7957827	0.7785464	0.3166695	0.0499493	0.4053342	0.9428409	0.0022240	0.7240116	0.4859533	0.7310099	0.2337901	0.4939082	0.9999739	0.8788331	0.5065222	0.1791108	0.2239884	0.4604232	0.4769761	1.0393708	0.6224399	0.4919882	0.0301311	0.3523000	0.1810050	0.2350122	0.8284534	0.3285969	0.3874358	0.9206521	0.3864867	0.2884687	0.7097820	0.7169283	0.9952419	0.0972628	0.7205910	1.0430949	0.3686047	0.2134791	0.4705640	0.5795314	0.7053430	0.5258645	0.2583451	0.3602247	0.5968287	0.1165244	0.6114193	0.2337064	0.0141914	0.5443652	0.9439210

0	0.0094491	0.6355617	1.0459758	0.0876986	0.4170952	0.0015965	0.0357302	0.0201856	0.7842026	0.5482911	0.1482550	0.1067167	0.0074763	0.0795139	0.9263252	0.4386615	0.5117037	1.0187251	0.9869150	0.9112762	0.0675828	0.6396705	0.9879649	0.9056811	1.0249936	0.8053086	0.8415975	0.0956169	0.2807776	0.0361236	0.3476186	0.0945586	0.7647381	0.8073502	0.2691465	0.9854445	0.2644993	0.7761342	0.3511720	0.0142404	0.9503393	0.3956488	0.0912837	0.0721673	0.8039584	0.5632487	0.5721011	0.9104100	0.8750489	0.3877912	0.0490860	0.3690556	1.0040851	0.0016799	0.7496314	0.4296180	0.7445798	0.3138374	0.4763448	0.9977159	0.8917758	0.5763065	0.2317245	0.3844034	0.5377636	0.4876338	1.0898320	0.8135737	0.5024926	0.0491368	0.3912071	0.2335426	0.3169327	0.9297559	0.3112694	0.3637340	0.9584119	0.1589398	0.2670455	0.6498318	0.7931145	1.0351174	0.1402507	0.6535788	1.0095359	0.4184859	0.2245238	0.5131035	0.6073464	0.7854143	0.4606182	0.1309775	0.4648780	0.5528648	0.0723851	0.5781484	0.2784400	0.0363961	0.5378107	0.9932421
50	0.0142340	0.7463492	1.0098479	0.1598123	0.3967364	0.0753629	0.0862338	0.0369762	0.5630232	0.4616067	0.1194745	0.1114196	0.0050577	0.0491775	0.9781103	0.4358584	0.5022639	1.0052148	0.8445768	0.8766322	0.1924302	0.6656726	1.0257756	0.9026418	0.7512866	0.8698181	0.9932093	0.1035718	0.2603948	0.0244634	0.4212712	0.0970129	0.7173508	0.7912690	0.2617803	0.9171740	0.4985289	0.7766637	0.3084728	0.0357067	0.9222171	0.6554151	0.2138300	0.0751127	0.6841540	0.4970225	0.7462351	0.9725493	0.8325228	0.3244268	0.0813502	0.3787278	0.9130053	0.0098864	0.7297603	0.5598725	0.8055003	0.2446839	0.4834701	0.9720826	0.6621744	0.6468543	0.1587804	0.2573059	0.5272369	0.5267426	1.0470420	0.8494938	0.5497554	0.0649393	0.2712737	0.2158560	0.2378547	0.8032434	0.2884049	0.3654690	0.9426599	0.1730054	0.4398678	0.6382240	0.9598070	0.9521173	0.1124804	0.6198319	1.0164082	0.3303273	0.2635194	0.5401679	0.5487845	0.7966488	0.5837044	0.4368395	0.4473358	0.5183344	0.1398430	0.6417222	0.2279482	0.0313704	0.5270084	1.0097375
100	0.0250442	0.8170091	1.1043531	0.1720070	0.3055033	0.2213482	0.1797767	0.0340010	0.4136400	0.4616974	0.1221541	0.1259394	0.0404204	0.0143765	0.9077641	0.4052728	0.4260265	1.0796360	0.7446676	0.8680705	0.2152778	0.8100793	0.9557125	0.9271480	0.6441347	1.0177226	1.0427680	0.1111344	0.2580758	0.0116417	0.4403787	0.0883157	0.6789785	0.8117427	0.2620850	0.8984393	0.5571674	0.7611296	0.3280901	0.0471428	0.9289647	0.6876216	0.3136049	0.0799024	0.9253261	0.3630148	0.7068795	0.9359190	0.8224592	0.4817210	0.0698751	0.3608815	0.9336684	0.0029515	0.6933195	0.5774815	0.8262134	0.2009799	0.4659041	1.0049177	0.7735681	0.6650824	0.2217993	0.2643241	0.5948006	0.4130993	0.9740342	0.7648277	0.5490151	0.0533468	0.2130334	0.1583220	0.2409571	0.7530644	0.2246479	0.1989902	1.0150610	0.1169980	0.4711338	0.5789519	0.8444672	1.0605339	0.1134055	0.6340121	0.9849413	0.3090603	0.2808969	0.4490770	0.6143644	0.7823781	0.5628447	0.6106699	0.3793332	0.3397235	0.3468093	0.6307151	0.2154516	0.0094926	0.5320649	1.0567796
150	0.0131860	0.8209382	1.0799608	0.1856983	0.1604264	0.2745006	0.2327989	0.0330045	0.3597021	0.3982365	0.0962542	0.0981031	0.0960130	0.0105673	0.8952358	0.3733998	0.4720512	1.0376929	0.6412905	0.8453211	0.2957980	0.7887016	0.9859547	0.9900999	0.4673915	0.9462518	1.0207560	0.1184825	0.2101591	0.0078523	0.3886755	0.0725110	0.6133052	0.7858122	0.2888686	0.7815124	0.6063291	0.7819744	0.3457810	0.0701759	0.9819857	0.7043291	0.3237361	0.1256331	0.8876678	0.3818361	0.7379354	0.9524800	0.8536159	0.5419478	0.0531946	0.3963722	0.9582296	0.0019627	0.7211610	0.5025571	0.7653553	0.1904757	0.5271100	1.0516495	0.7378240	0.6032959	0.2791317	0.3131250	0.5825844	0.3504806	0.9098999	0.7308351	0.6423450	0.0850546	0.1290936	0.1549759	0.2813068	0.8686075	0.2081310	0.2037146	0.9426835	0.1980409	0.5701076	0.6048570	0.6223992	1.0627568	0.0876027	0.6448321	0.8870917	0.3077958	0.3400688	0.4978645	0.5992668	0.8519142	0.6505536	0.7334815	0.4937580	0.3267713	0.4404488	0.6197244	0.2007786	0.0205122	0.4518509	1.1313460
200	0.0117027	0.9168470	1.0741813	0.1239339	0.0604717	0.3086909	0.3032611	0.0215542	0.4167301	0.4097110	0.0848877	0.1039250	0.1179197	0.0191258	0.9124719	0.3451527	0.4808641	0.9216056	0.6971685	0.9143510	0.2812038	0.7333509	0.9590498	1.0483263	0.4257306	1.0794215	1.0574897	0.1075845	0.1907947	0.0137602	0.3687292	0.0612838	0.7343400	0.7304717	0.3704740	0.7299474	0.6413687	0.7302317	0.3537509	0.1653591	1.0297319	0.6094419	0.3967354	0.1040042	0.8013381	0.3231317	0.6933859	0.9526622	0.8950209	0.4932780	0.0580249	0.3601295	0.8855000	0.0046647	0.7569067	0.4721512	0.7596634	0.1800824	0.5373773	1.0597899	0.6210239	0.5334406	0.1978037	0.3129597	0.5874282	0.3728820	0.8866489	0.7275854	0.7121426	0.1905101	0.0725233	0.1041293	0.3240960	0.8426082	0.2385125	0.1585913	0.9271957	0.2010158	0.6375830	0.5480855	0.7295247	0.9654632	0.1251351	0.7293541	0.8618113	0.3189237	0.3345190	0.5418416	0.5567513	0.8722559	0.5587019	0.8571598	0.4838870	0.3949666	0.6178040	0.7417541	0.2459094	0.0453583	0.2605382	1.0554430
250	0.0151086	0.9832726	1.0206873	0.1252264	0.0744248	0.3754067	0.2887214	0.0277384	0.3997682	0.4393754	0.0953409	0.1112653	0.1675405	0.0099301	0.9785551	0.3555345	0.4778074	0.9067612	0.6405456	0.9047394	0.3151791	0.6931667	0.8987916	1.0148445	0.3376193	1.0093564	0.9266700	0.0900375	0.2707643	0.0048468	0.3293097	0.0756492	0.6400310	0.7934974	0.3656522	0.6973846	0.5796613	0.7530981	0.3495287	0.1931238	1.0642633	0.6184589	0.3411342	0.1135033	0.8602740	0.3986105	0.6341686	0.9963459	0.8104894	0.4833064	0.0984135	0.3062036	0.8916250	0.0024915	0.6652608	0.5752268	0.8006511	0.1997201	0.6560422	0.9596440	0.5703760	0.4898025	0.1753188	0.2821271	0.5609823	0.2891211	0.8279774	0.7366853	0.7883356	0.3057161	0.0361988	0.1091009	0.3113166	0.8690408	0.2660275	0.1648609	0.9127424	0.2268051	0.5650991	0.5127963	0.6468494	1.0229298	0.1349817	0.7535170	1.0259202	0.2962424	0.3969018	0.6043895	0.5593712	0.9412299	0.5559160	0.7970952	0.5990050	0.4077405	0.6090379	0.6271846	0.2441822	0.0376945	0.1398466	0.9984672
300	0.0127733	0.9633337	0.9785236	0.0822150	0.0347404	0.3093580	0.2983940	0.0347977	0.3777798	0.4664283	0.0928467	0.1142494	0.1710624	0.0120380	0.8720303	0.3416229	0.5156362	0.8312366	0.6064354	0.8482168	0.2864456	0.6509766	0.9513625	1.0481186	0.3352491	1.0174862	1.0116579	0.0971282	0.2757740	0.0124099	0.4123238	0.0561534	0.7423356	0.7453334	0.3680215	0.7493806	0.6619064	0.7189846	0.3341153	0.2274516	1.0844606	0.6563000	0.4009109	0.1114429	0.9589945	0.4481873	0.6871870	0.8794922	0.8116470	0.5777869	0.1247589	0.2621033	0.9365418	0.0008222	0.7335582	0.6271925	0.7816516	0.2114803	0.7050084	1.0531548	0.4593819	0.5909473	0.1738558	0.2991000	0.6200113	0.3637417	0.7150239	0.7572290	0.7720537	0.3377855	0.0764166	0.1406852	0.3959550	0.9620175	0.2417568	0.2282436	0.9686833	0.2291321	0.6447439	0.5807524	0.8177619	0.9125076	0.0927137	0.7643572	0.9578800	0.3281652	0.4509594	0.6686197	0.6003597	0.9442801	0.7115682	0.8757507	0.5367773	0.3991239	0.5828660	0.5693531	0.2830394	0.0247268	0.0783974	1.0760528
350	0.0059744	0.9049979	0.9588629	0.0526817	0.0370794	0.3056058	0.2292630	0.0377030	0.3374085	0.5165739	0.0878785	0.1148096	0.1703353	0.0132736	0.8754702	0.3560305	0.6434690	0.8464332	0.6193764	0.8796128	0.2853283	0.6926061	0.8967123	1.0054294	0.3536861	1.0248014	0.9951661	0.1117648	0.2358594	0.0121839	0.4215237	0.0600610	0.7282828	0.7735570	0.3264787	0.7694921	0.6467892	0.7189641	0.3307985	0.2323664	1.0199323	0.6622289	0.3622606	0.1099447	0.8650835	0.4956520	0.6078370	1.0842759	0.8542434	0.5296965	0.1439054	0.2573497	0.8450607	0.0021875	0.7304786	0.5916121	0.7424597	0.2126506	0.6557696	1.0223021	0.4467471	0.5222690	0.1407710	0.2445347	0.5561078	0.3793299	0.7710736	0.7421044	0.7126820	0.4962320	0.0455567	0.2005311	0.4250923	0.8931283	0.2937721	0.2425998	0.9756137	0.2654862	0.6970027	0.4288285	0.8193319	0.9338448	0.1314179	0.7666059	1.0321153	0.2551726	0.4040808	0.7074624	0.6013798	1.0379498	0.6877544	0.8371021	0.5231415	0.4500574	0.6069681	0.5790007	0.3407944	0.0334695	0.0591418	1.0239524
400	0.0058653	1.0550198	0.9498678	0.0766570	0.0316124	0.3042187	0.2228596	0.0454978	0.2968977	0.4148488	0.0879094	0.1230972	0.1780010	0.0084238	0.9398387	0.2856604	0.5332090	0.9679203	0.6146740	0.8201413	0.2823272	0.6953316	0.9251864	1.0437105	0.3939151	0.9778305	0.9841190	0.0625986	0.2312617	0.0159060	0.3871634	0.0625321	0.7425690	0.7839784	0.3054557	0.9741864	0.7224065	0.8178880	0.2848728	0.1815927	1.0334347	0.6848814	0.3179129	0.1342136	0.8215022	0.4397677	0.7204952	1.0487902	0.7987772	0.5121456	0.1749048	0.3697166	0.9019048	0.0013961	0.6620242	0.5760587	0.8064605	0.2306170	0.5704808	1.0382566	0.3679768	0.5165352	0.1343578	0.2648223	0.4785307	0.4624867	0.7505572	0.8366815	0.7352344	0.4401127	0.0905199	0.1672191	0.3911473	0.8865081	0.2734617	0.1964401	0.9406649	0.2700419	0.6307466	0.4718285	0.8086631	0.9647227	0.1326750	0.7420424	0.9641923	0.2464612	0.4026820	0.7193255	0.5577985	0.9965049	0.6429880	0.8088002	0.5045517	0.5287261	0.5765763	0.6354220	0.3410745	0.0317964	0.0439336	1.0349998
450	0.0105634	1.0458781	0.9568951	0.1213521	0.0180672	0.2667959	0.2176730	0.0339540	0.3377409	0.4979275	0.1001512	0.0924986	0.2177619	0.0134572	0.7996620	0.2177261	0.4554350	0.8831889	0.6428519	0.7676367	0.3282241	0.7306788	0.9571397	0.9957554	0.4595496	0.9968301	0.9709439	0.0579935	0.2073835	0.0083141	0.4479983	0.0673108	0.7436501	0.7355668	0.2923559	0.8911240	0.5865708	0.8141510	0.3340413	0.1743222	1.0809444	0.6578016	0.3346008	0.1077912	0.8178044	0.4379439	0.6231062	0.9898691	0.7873965	0.5500828	0.1620212	0.3474591	0.8604097	0.0042852	0.7410022	0.5820152	0.7498134	0.2146580	0.6637841	0.9539816	0.4330657	0.5353452	0.1595353	0.2304671	0.4730655	0.4660196	0.8859805	0.7334157	0.9080255	0.4504786	0.0756136	0.1455722	0.4275057	0.8833937	0.3026965	0.2477229	0.9130987	0.2185287	0.6455087	0.4846350	0.7051494	0.9557855	0.1070646	0.7077433	1.0205521	0.2373118	0.4301689	0.6357840	0.4708376	1.0681919	0.6232307	0.8179319	0.3931338	0.4588180	0.5807405	0.7139857	0.3053715	0.0269435	0.0180337	1.0104501
500	0.0160232	1.0306267	0.9497416	0.1090453	0.0168118	0.2841993	0.2435833	0.0319169	0.3436250	0.4651223	0.1064661	0.1191419	0.1999263	0.0230374	0.9459765	0.2289612	0.4888164	0.9955164	0.6274876	0.7408379	0.4384342	0.8013343	1.0410327	0.9403585	0.4078940	1.0424447	0.9643199	0.0885640	0.1938585	0.0180045	0.3966130	0.0693110	0.6550256	0.6706008	0.3122491	0.9108110	0.6113715	0.7367454	0.3632592	0.1441867	0.9549941	0.6866803	0.3883120	0.1045522	0.8311537	0.4214947	0.7483766	0.9534532	0.7719312	0.6532687	0.1707127	0.3434037	0.9000238	0.0052597	0.7747106	0.5565919	0.7286662	0.2006827	0.6155839	0.9409618	0.4282562	0.5663264	0.1864182	0.2847324	0.4945265	0.4077782	0.8448844	0.7307224	0.8690267	0.4650895	0.1207166	0.1530557	0.3682663	0.8454359	0.3049445	0.1772390	0.9831766	0.2612751	0.6934585	0.4407673	0.7085862	1.0333508	0.1066026	0.7595293	1.0421475	0.2307213	0.4134893	0.6636595	0.5670535	0.9666605	0.5492355	0.8098430	0.4290569	0.4422211	0.6191570	0.6951978	0.3104114	0.0284174	0.0288323	1.0040622
550	0.0187762	0.9690690	1.0209226	0.0962618	0.0176771	0.2368252	0.1547219	0.0123387	0.5664457	0.3864309	0.1150790	0.1211230	0.1459605	0.0616046	0.8869519	0.2934071	0.4790383	0.9909015	0.7923518	0.6939948	0.2442781	0.7225805	1.1101753	0.9548902	0.5273219	0.9817643	0.8146644	0.0667175	0.1604589	0.0084504	0.3445617	0.0586941	0.6934856	0.7911748	0.3436566	0.8875929	0.3247234	0.8687553	0.3725544	0.1788639	0.9562809	0.4477886	0.2985680	0.1395138	0.8519069	0.3254902	0.7342608	0.9942568	0.7137486	0.5820155	0.1538776	0.3622335	0.8834315	0.0000000	0.7882691	0.5306250	0.6861624	0.3065069	0.7046217	0.9675552	0.3920596	0.4673654	0.2603522	0.2349903	0.5106611	0.3555161	0.9923310	0.7172724	0.8616356	0.4778135	0.1498220	0.2243300	0.4229539	0.8081772	0.2976006	0.2647608	0.9966964	0.2350017	0.4909828	0.4721267	0.6903751	0.9875348	0.1047976	0.6598364	1.0565944	0.2492603	0.4101477	0.6730198	0.4901400	1.0338964	0.6212012	0.6460566	0.5051604	0.5222705	0.6042102	0.5856160	0.2667853	0.0367179	0.0278173	0.9742835
600	0.0212954	0.7219715	0.9643813	0.1124787	0.0310759	0.1237962	0.0983620	0.0224637	0.6359984	0.3464525	0.1470816	0.1084013	0.0917310	0.0934441	0.9060980	0.3594987	0.4911067	0.9011652	0.8673298	0.7205696	0.1665639	0.6471358	1.0824009	1.0616808	0.6886125	0.9802791	0.7060874	0.0692551	0.2213205	0.0105016	0.3971342	0.0739163	0.7473544	0.7312769	0.3092407	0.6879442	0.1951449	0.7795584	0.3931464	0.1211822	0.8896945	0.3836158	0.2277020	0.1542785	0.8500651	0.2832633	0.7100568	0.9258756	0.7922129	0.4842053	0.1337708	0.3827821	0.8434397	0.0013985	0.7237455	0.5661765	0.8447231	0.2787387	0.5682787	0.9535516	0.3575739	0.5302594	0.2393713	0.2872035	0.5714097	0.2966170	1.0621920	0.7166373	0.7936747	0.5628965	0.2392421	0.2253596	0.4228890	0.9091160	0.2776858	0.2916109	0.9582245	0.1449123	0.3402051	0.5146087	0.7309025	0.8892155	0.1065493	0.6033237	1.0883567	0.2508632	0.4211644	0.6418911	0.4897997	0.9781426	0.5149826	0.4942710	0.4528867	0.6118882	0.5501103	0.5734811	0.1824391	0.0426134	0.0540448	1.0157714
650	0.0175362	0.6672579	1.0406659	0.0864858	0.0801093	0.0372248	0.0509941	0.0385113	0.7596316	0.3836478	0.1334480	0.1123725	0.0646089	0.0839444	0.8574252	0.3721184	0.4815707	0.9570074	0.7945613	0.8092666	0.1238514	0.6692004	1.0353696	1.0716169	0.6929861	1.0400719	0.6989336	0.0634444	0.1686398	0.0204964	0.4154170	0.0918573	0.6840051	0.7108729	0.3335511	0.6988103	0.1319834	0.8337740	0.3545738	0.0962154	0.9436507	0.3761403	0.1666658	0.1068890	0.8277256	0.3029035	0.6636889	0.8542089	0.8242084	0.3741583	0.0943232	0.3100346	0.7805986	0.0038055	0.7667455	0.5660954	0.7058622	0.4343282	0.5077376	0.9334940	0.3612180	0.5153977	0.3196860	0.2730214	0.5851138	0.3311397	0.9407369	0.6310220	0.6643367	0.3821664	0.3062683	0.2184925	0.4639315	0.7897202	0.2384870	0.2943690	0.9136399	0.0920595	0.2020194	0.5093793	0.7107225	0.9831942	0.1378884	0.5130772	1.0184581	0.3126187	0.4614237	0.5917884	0.5660374	0.9505737	0.6570877	0.4136821	0.4742748	0.6284894	0.3847794	0.6350931	0.1922937	0.0399831	0.0939231	0.9820591
700	0.0140329	0.5482996	1.0205995	0.0745068	0.2590808	0.0262482	0.0413545	0.0213340	0.6899389	0.4934931	0.1193942	0.0720550	0.0328966	0.1096942	0.8394412	0.3989546	0.5145606	0.9626966	0.8835264	0.8228610	0.0653298	0.6118173	1.0198265	0.9533567	0.6944291	0.9365792	0.7672345	0.0852359	0.1883099	0.0358547	0.3502286	0.0736115	0.7473182	0.7931113	0.3054773	0.6752331	0.0910958	0.8613365	0.3390136	0.0729293	0.9078722	0.4222433	0.1150815	0.0428780	0.8587839	0.3915937	0.6807390	0.7964347	0.8337571	0.3447313	0.0787697	0.3217912	0.8022300	0.0015563	0.7795435	0.5508508	0.7537196	0.4609451	0.4744855	0.9646056	0.3851186	0.5067404	0.2379519	0.2769757	0.4683345	0.4309366	0.9208778	0.6714374	0.5327126	0.2538707	0.3169740	0.1953081	0.4287883	1.0146296	0.2715378	0.2415541	0.8038475	0.0921104	0.1929545	0.4677605	0.7188679	0.8436092	0.1397215	0.4968861	1.0759581	0.3623189	0.5571881	0.5214410	0.5120710	0.8195113	0.5867308	0.4067036	0.4255468	0.5718954	0.2502841	0.5510753	0.2180389	0.0317214	0.0904880	0.9513838
750	0.0301954	0.5449022	0.9998730	0.0717954	0.3624114	0.0199543	0.0318110	0.0145970	0.7100167	0.4081057	0.1238912	0.0557833	0.0093433	0.1133250	0.8988621	0.4445066	0.4721489	0.9848305	0.8305129	0.8582584	0.0449773	0.6389450	1.0064708	1.0152943	0.6997104	0.7888177	0.7686052	0.0969133	0.2253387	0.0309808	0.3700929	0.0570620	0.7211275	0.7577417	0.2397195	0.7583030	0.1281708	0.7644960	0.4168988	0.0454694	0.9776431	0.4738000	0.0972999	0.0387820	0.8049822	0.4705608	0.5474314	0.7847851	0.8621465	0.3041370	0.1004697	0.3266119	0.7141182	0.0019544	0.7733618	0.4758462	0.8316794	0.4380715	0.3973485	1.0571124	0.4956752	0.5422206	0.2393944	0.3097365	0.4641094	0.4794356	0.7781565	0.6948287	0.4690871	0.1098283	0.3422095	0.2330926	0.3205938	0.8456699	0.2858507	0.2787220	0.8982999	0.0867796	0.2064600	0.5522174	0.7413280	1.0024759	0.0936448	0.4910442	1.0728701	0.3658908	0.4736865	0.4934380	0.4721761	0.7183263	0.5348418	0.3805423	0.4444389	0.6170576	0.1458729	0.5758258	0.2489676	0.0270245	0.1015947	0.9089454
800	0.0215768	0.6073042	0.9032186	0.1211692	0.3793126	0.0059198	0.0379804	0.0139474	0.7932747	0.3104858	0.1220467	0.0788075	0.0065618	0.1230873	0.9786039	0.3965979	0.5315897	0.9472473	0.8928137	0.8445702	0.0279973	0.5831014	1.0229835	0.9760021	0.6598733	0.6855011	0.7752136	0.0945086	0.2386534	0.0424991	0.3954882	0.0487630	0.6875412	0.8526674	0.2625265	0.8791958	0.2483522	0.7496576	0.3935452	0.0427414	0.9760318	0.4103478	0.0695223	0.0355773	0.7923204	0.5434688	0.4786509	0.6816036	0.8705589	0.3539927	0.1061196	0.3789661	0.7241249	0.0043052	0.7730142	0.4708661	0.7728884	0.3445977	0.4342939	1.0795521	0.6133338	0.5421041	0.2024807	0.2757923	0.4527932	0.4953596	0.8648477	0.6083020	0.4670676	0.1030501	0.3435139	0.2199780	0.2829715	0.8865406	0.3081476	0.3212618	0.8312256	0.1414208	0.2310644	0.5683848	0.7194648	0.9890307	0.0912308	0.6101452	1.0035238	0.3262656	0.4399573	0.4840921	0.4952039	0.7843866	0.5140540	0.3182560	0.4272918	0.5950059	0.0917221	0.6143842	0.2773724	0.0221837	0.2866267	0.9372789
850	0.0382356	0.5560878	0.9645610	0.1402963	0.3582228	0.0019463	0.0298035	0.0194884	0.7983869	0.3043874	0.1273300	0.0779261	0.0024538	0.0933932	0.8543561	0.3741809	0.4552396	0.9910358	0.8520377	0.8138660	0.0386789	0.5968050	1.0206943	1.0064490	0.7656611	0.6647510	0.7767677	0.1489238	0.2590745	0.0508627	0.3945895	0.0613809	0.7108157	0.9616466	0.2210864	0.8427235	0.2627540	0.6997371	0.2956392	0.0211184	0.8717814	0.4247718	0.0750544	0.0586106	0.7218737	0.6310294	0.5106084	0.8011306	0.8103356	0.3082951	0.1177204	0.3442923	0.8811520	0.0039848	0.7958533	0.4446468	0.8343309	0.2780687	0.4939579	1.1318115	0.7441766	0.5203911	0.1232930	0.1931592	0.4961075	0.5002798	0.9741560	0.5759353	0.5036714	0.0796153	0.4253282	0.2341368	0.2561021	0.8896537	0.3193405	0.3995441	0.8484345	0.1783209	0.2659644	0.5752312	0.8319610	1.0461932	0.0736532	0.6009154	1.0241960	0.2980467	0.3450160	0.4574660	0.5952043	0.8900907	0.4445534	0.2467509	0.4094776	0.6036038	0.0754318	0.5392338	0.2528690	0.0162380	0.3520873	0.9295958
900	0.0428401	0.6282503	1.0529518	0.1637970	0.3555749	0.0051408	0.0321888	0.0197137	0.8609008	0.2258298	0.1398994	0.0695099	0.0021096	0.1242329	0.8907152	0.4001849	0.4741841	1.0171612	0.8340633	0.8968848	0.0400099	0.5472752	1.0874153	0.9569645	0.7570872	0.6947282	0.8005519	0.1288698	0.2436804	0.0322739	0.3906692	0.0827956	0.6447790	0.8857128	0.2107720	0.8341880	0.3641457	0.7032167	0.3193006	0.0154020	0.8645166	0.4153028	0.0759597	0.0854614	0.6247938	0.6484309	0.5575419	0.9229016	0.8797531	0.3295551	0.1110957	0.3308731	0.8679811	0.0074602	0.6986720	0.4650262	0.8864534	0.2384187	0.4451763	1.1002782	0.8262192	0.5568484	0.1432955	0.2480428	0.5752049	0.5258510	1.0033972	0.6573348	0.4314831	0.0550260	0.3622098	0.2182426	0.2439484	0.8305909	0.2993113	0.4403931	0.8267782	0.2501670	0.2707879	0.6835153	0.7796099	1.0566097	0.0782452	0.6820429	1.0524778	0.2663011	0.3056967	0.4551220	0.6422590	0.7990483	0.4805115	0.2146164	0.3988998	0.5765408	0.1125087	0.6047708	0.2391248	0.0253277	0.3865057	0.9286114
950	0.0261876	0.6576818	1.1036228	0.1725763	0.4419097	0.0029293	0.0386745	0.0173556	0.9558703	0.1797760	0.1319435	0.0995333	0.0038162	0.1084976	0.9471966	0.4532421	0.4647374	0.9688678	0.9384676	0.8775763	0.0681130	0.6372250	1.0154321	0.9703637	0.7547412	0.7483090	0.8637314	0.1238200	0.2577750	0.0373861	0.3491840	0.1096798	0.5404082	0.9326269	0.2491263	0.8681803	0.4085545	0.6356472	0.3305683	0.0113993	0.8777027	0.3865086	0.0891037	0.0962378	0.6758538	0.6451001	0.6887893	0.9363593	0.8330782	0.3345909	0.0896729	0.3343411	0.8506604	0.0040977	0.7047960	0.4536959	0.8580201	0.3057715	0.4370056	1.0481659	0.8962458	0.5806636	0.2005674	0.2840192	0.5148340	0.6441617	1.0043783	0.6265931	0.3715159	0.0240398	0.3404746	0.2728877	0.2752578	0.8143169	0.2882534	0.3303942	0.8203750	0.2733430	0.2551011	0.7089175	0.8834769	0.9071930	0.0920599	0.6844383	1.0247045	0.2324512	0.2823678	0.4327362	0.5572684	0.8163101	0.4959978	0.1387140	0.3821020	0.5615664	0.1226603	0.5977254	0.2192431	0.0276091	0.4550658	0.8593991
1000	0.0340204	0.6461968	1.0317870	0.2384064	0.5130877	0.0011090	0.0425484	0.0193157	0.9655362	0.1234931	0.1627449	0.0916774	0.0065248	0.0951147	1.0459672	0.3848507	0.4675494	1.0116477	1.0864855	0.8995180	0.0514335	0.6904532	1.0697713	1.0037702	0.7750190	0.6932613	0.8651778	0.1165793	0.2922336	0.0324267	0.3845563	0.1525890	0.6085301	0.8564938	0.2293868	0.9095890	0.3902706	0.6550294	0.3834209	0.0101711	0.8461670	0.4478741	0.1162645	0.0828999	0.6414044	0.4944003	0.7266960	0.9687318	0.7574941	0.3029316	0.1218087	0.3344271	0.9178766	0.0079899	0.7551867	0.4509753	0.8173334	0.2658719	0.4173278	1.0776536	0.9351667	0.5595647	0.3042224	0.2834268	0.5775968	0.5723331	1.0189093	0.6681924	0.3343513	0.0455475	0.3299294	0.2578489	0.2460608	0.8574326	0.2724737	0.4300660	0.8892962	0.2189314	0.3325308	0.7595764	0.9182958	1.0220383	0.0982932	0.7099299	1.0644675	0.2715756	0.2644781	0.3911032	0.5158689	0.8406526	0.4753833	0.1185002	0.3655762	0.6135369	0.1513311	0.6426214	0.2722059	0.0295955	0.4749590	0.9960755

0	0.0094491	0.6355617	1.0459758	0.0876986	0.4170952	0.0015965	0.0357302	0.0201856	0.7842026	0.5482911	0.1482550	0.1067167	0.0074763	0.0795139	0.9263252	0.4386615	0.5117037	1.0187251	0.9869150	0.9112762	0.0675828	0.6396705	0.9879649	0.9056811	1.0249936	0.8053086	0.8415975	0.0956169	0.2807776	0.0361236	0.3476186	0.0945586	0.7647381	0.8073502	0.2691465	0.9854445	0.2644993	0.7761342	0.3511720	0.0142404	0.9503393	0.3956488	0.0912837	0.0721673	0.8039584	0.5632487	0.5721011	0.9104100	0.8750489	0.3877912	0.0490860	0.3690556	1.0040851	0.0016799	0.7496314	0.4296180	0.7445798	0.3138374	0.4763448	0.9977159	0.8917758	0.5763065	0.2317245	0.3844034	0.5377636	0.4876338	1.0898320	0.8135737	0.5024926	0.0491368	0.3912071	0.2335426	0.3169327	0.9297559	0.3112694	0.3637340	0.9584119	0.1589398	0.2670455	0.6498318	0.7931145	1.0351174	0.1402507	0.6535788	1.0095359	0.4184859	0.2245238	0.5131035	0.6073464	0.7854143	0.4606182	0.1309775	0.4648780	0.5528648	0.0723851	0.5781484	0.2784400	0.0363961	0.5378107	0.9932421
50	0.0081659	0.6770705	0.7576733	0.1273857	0.4632722	0.0014948	0.0320453	0.0188371	0.5825108	0.4493133	0.1391847	0.0887188	0.0085964	0.0902494	0.6493152	0.3427477	0.4097679	0.9757247	0.9476635	0.9870384	0.0593077	0.5823521	0.9807664	0.9691893	0.7867528	1.0107386	0.8636971	0.1306767	0.3861606	0.0170373	0.3805497	0.0828515	0.5971408	0.8791132	0.2255592	0.7825968	0.2177804	0.7543142	0.4592503	0.2630373	0.8869518	0.4505339	0.0401823	0.1079188	0.7215137	0.4364715	0.6913180	0.8906679	0.8514245	0.6351040	0.0704763	0.3677025	1.0210626	0.0013534	0.7861941	0.5873102	0.8175753	0.3196519	0.6358081	0.8245071	0.7570944	0.6084786	0.3113741	0.2698632	0.5333796	0.4917819	0.8634056	0.8076350	0.4671839	0.0444329	0.3442806	0.1844382	0.2416278	0.9522171	0.2438214	0.4073668	0.8859569	0.4726190	0.2363042	0.6172027	0.7665784	0.8432055	0.1263181	0.5685427	0.9565980	0.4266287	0.3075658	0.5473236	0.5193484	0.6645670	0.3331076	0.3495972	0.4086621	0.6175873	0.0850369	0.6897939	0.2607208	0.0331207	0.4118079	1.0896532
100	0.0128930	0.5905449	0.5467743	0.0922033	0.4504719	0.0042341	0.0342843	0.0199019	0.2933282	0.4553404	0.1352882	0.1089781	0.0091013	0.1625579	0.4287775	0.2965472	0.4792854	0.9587016	0.9379022	0.9929104	0.0364211	0.6340340	1.0639866	0.9062151	0.8486972	0.9232492	0.8989215	0.1083072	0.5674758	0.0116974	0.2962445	0.0742664	0.8332952	0.8900270	0.2037340	0.7280733	0.1461702	0.7795229	0.4820383	0.4524980	0.9724032	0.4304078	0.0692606	0.0882509	0.7797610	0.4142135	0.6838346	0.8901740	0.8097704	0.8990882	0.0572276	0.3080975	0.9355715	0.0002997	0.8024192	0.5359496	0.8047752	0.2814062	0.7762795	0.6824804	0.7191163	0.6869609	0.5167068	0.2788188	0.5171282	0.5330703	0.8547865	0.7328097	0.4668168	0.0325094	0.3539887	0.1613594	0.2383657	0.9270548	0.2585415	0.4749270	0.8200330	0.5140487	0.2387345	0.4790112	0.7837152	0.8308034	0.1111204	0.7065480	1.0477071	0.4119636	0.3831449	0.7016710	0.6229265	0.4254257	0.3724669	0.6325767	0.3966669	0.6201242	0.0689143	0.6498443	0.2410252	0.0266715	0.2479135	1.0208191
150	0.0410003	0.4177978	0.4732145	0.0632373	0.4713815	0.0081072	0.0475284	0.0063743	0.1616669	0.4196641	0.1187034	0.1071091	0.0421214	0.3240407	0.3409679	0.2326679	0.4998816	0.9400963	0.9021835	0.9163225	0.0530241	0.6448583	1.0684211	0.9161013	0.8767187	0.9736609	0.9223338	0.0854013	0.6278142	0.0031522	0.3451748	0.0705032	0.8253213	0.7763619	0.2115371	0.7866512	0.1363448	0.7060060	0.4814358	0.4726469	1.0891086	0.4476553	0.0764101	0.0641457	0.7606255	0.4587910	0.6546578	0.9465223	0.9604605	0.9801369	0.0621165	0.3203113	0.9224025	0.0036201	0.8062573	0.5446896	0.7678838	0.2856755	0.8586481	0.5962372	0.8140380	0.7473952	0.6940957	0.2397579	0.4898495	0.5465763	0.7434777	0.6535245	0.4850244	0.0256139	0.3548381	0.2271313	0.2375034	0.9800665	0.2644688	0.6078686	0.7957725	0.3831790	0.2221587	0.3773744	0.7767248	0.8329577	0.1576761	0.7368280	1.1866460	0.4038695	0.4876364	0.6589516	0.6038698	0.3550749	0.2841255	0.7328040	0.3680793	0.5350698	0.0672512	0.6868585	0.2166937	0.0209959	0.1311622	0.9721084
200	0.0777607	0.4626047	0.4309143	0.0566895	0.5234581	0.0021303	0.0571517	0.0194085	0.0893565	0.2938163	0.1427389	0.0970127	0.0571598	0.3975761	0.3428913	0.2144027	0.5340355	1.0171001	0.9612740	0.7845121	0.0593569	0.7267980	1.0550569	0.8971938	1.0202092	1.0320546	0.9199434	0.1163065	0.6536353	0.0026915	0.3762369	0.0595219	0.9113787	0.8096318	0.2380800	0.8446343	0.2046418	0.8023468	0.5028074	0.5079679	1.0464047	0.4935346	0.0725731	0.0353014	0.7987961	0.4782425	0.6538112	0.9859434	0.9263706	0.9932001	0.0494866	0.3049134	0.8829033	0.0004463	0.7470876	0.6142593	0.8229940	0.2395683	0.9013120	0.5403660	0.8082471	0.7832861	0.7555549	0.2105722	0.5163488	0.4675511	0.7511549	0.7039326	0.5671776	0.0300956	0.3597592	0.3258246	0.2282379	0.8877451	0.2462779	0.6721051	0.8116583	0.2157314	0.2052432	0.3082055	0.7635936	0.8024311	0.1384869	0.7248428	1.0935358	0.3949643	0.5148430	0.7952283	0.5862698	0.4126639	0.2700936	0.7352661	0.4163097	0.5883587	0.0464180	0.6507237	0.2267245	0.0147961	0.0606644	1.0639517
250	0.1437390	0.3819751	0.4258923	0.0534923	0.5062494	0.0005630	0.0386262	0.0206701	0.0803111	0.1461187	0.0933979	0.0899188	0.0671137	0.4548123	0.3504979	0.2034972	0.4604939	0.9626229	0.9528394	0.7409757	0.0496832	0.6807801	0.9743949	0.8963027	0.9414503	0.9852424	0.8384166	0.1860880	0.5957000	0.0172310	0.3111128	0.0647351	0.8959318	0.7658886	0.3313645	0.9183331	0.2692425	0.7524673	0.5095877	0.5266486	1.0938815	0.4418207	0.0903544	0.0527996	0.8392932	0.4490566	0.6592860	1.0050146	0.8916411	1.0362074	0.0436099	0.3322307	0.8421643	0.0001793	0.7917601	0.5383243	0.7700978	0.2937936	0.8818899	0.5757123	0.8387034	0.8086801	0.8128065	0.2169076	0.4354398	0.4571640	0.7602007	0.7021188	0.5728290	0.0305442	0.3447672	0.4079212	0.2536931	0.9003149	0.1827709	0.7249805	0.8908399	0.2027571	0.2265889	0.2627833	0.8298032	0.8602670	0.1162578	0.7973437	1.0081643	0.4129066	0.5178537	0.9224442	0.5620282	0.3921338	0.3484308	0.7947640	0.4149732	0.5009525	0.0541123	0.6274273	0.1974806	0.0099642	0.0421093	1.0651364
300	0.1274462	0.4124850	0.3923262	0.0781913	0.4257881	0.0027772	0.0419770	0.0108905	0.0575152	0.0830450	0.0757997	0.0950812	0.0389674	0.3692307	0.4020378	0.1513657	0.4005236	0.9794456	0.9977399	0.7259391	0.0485690	0.7016164	0.9633759	0.8370439	0.8981678	1.0255543	0.8605827	0.2723337	0.6677524	0.0077002	0.2895912	0.0516500	0.9308467	0.7715963	0.2978210	0.8470936	0.2464858	0.8190632	0.5420396	0.5597550	1.1427133	0.4204282	0.0570298	0.0517001	0.7880976	0.4670119	0.7778873	0.9530670	0.8980319	0.9792412	0.0466565	0.3313136	0.8475601	0.0004404	0.7693507	0.5730272	0.7929513	0.2864593	0.8485113	0.4835193	0.8429078	0.8356937	0.7426264	0.2385405	0.5268854	0.4881886	0.8132012	0.6900699	0.5760933	0.0374600	0.3162867	0.4893091	0.3050261	0.9712108	0.2689535	0.7391009	0.8819036	0.2534033	0.2474129	0.2254747	0.7603989	0.7446532	0.0823240	0.8767805	1.0281663	0.4045239	0.5314559	0.9345981	0.5505808	0.3990982	0.3482810	0.7453382	0.4384826	0.5392707	0.0550617	0.6651804	0.1954944	0.0165635	0.0230246	1.1117198
350	0.1311339	0.3552476	0.4535388	0.0708465	0.4309828	0.0015753	0.0394534	0.0100280	0.0583074	0.0259765	0.1111670	0.0904678	0.0340995	0.3637488	0.4469191	0.1224824	0.4412614	0.9580154	1.0046801	0.7508145	0.0454281	0.5746412	0.9250599	0.8222685	0.9204849	0.8906677	0.9595104	0.3112853	0.6263463	0.0057898	0.3558418	0.0438666	0.9814687	0.8228558	0.2761415	0.7680351	0.2332209	0.8162887	0.5693432	0.5659958	1.0892842	0.4671522	0.0645341	0.0481088	0.7375507	0.4230281	0.6351478	0.8869060	0.9287999	0.9531702	0.0763384	0.3397956	0.7310463	0.0010439	0.7461147	0.5801035	0.7246290	0.2988298	0.8733143	0.4812940	0.8332202	0.7848530	0.7040096	0.2319395	0.4733911	0.5292291	0.7661515	0.6832910	0.5709778	0.0596822	0.3189640	0.5256684	0.3266652	0.9052764	0.2793262	0.7193548	0.8219691	0.3778285	0.2422411	0.2719521	0.7547244	0.7571541	0.0829240	0.9046974	1.0026411	0.3570582	0.4760452	0.8530515	0.5356512	0.4518763	0.3426310	0.8255779	0.4412156	0.5362254	0.0568702	0.6170801	0.2139537	0.0309868	0.0175082	0.9941199
400	0.1214484	0.3126776	0.4196524	0.0488700	0.4092648	0.0000000	0.0791017	0.0100625	0.0666935	0.0185032	0.1423290	0.0958538	0.0356383	0.3928657	0.3759209	0.1789828	0.4772867	1.0029808	0.9453010	0.8124496	0.0404992	0.6152852	0.9205536	0.7798774	0.9950317	0.9938828	1.0448808	0.3138959	0.5470616	0.0149728	0.4075241	0.0472882	1.0326060	0.8155076	0.2601230	0.8174570	0.1431438	0.8233880	0.5226043	0.5953524	1.0775698	0.4196084	0.0475900	0.0627914	0.7978870	0.4543054	0.5683246	0.8283714	0.9205630	0.9154877	0.0645160	0.3050829	0.6790764	0.0025181	0.7680929	0.5577224	0.7268653	0.2238233	0.8698611	0.5015791	0.9705112	0.7854678	0.6705892	0.2302686	0.4933736	0.4754213	0.8712934	0.6304954	0.5624831	0.0677135	0.3093581	0.6233556	0.3137413	0.9224694	0.2216787	0.7618147	0.8278810	0.4443540	0.2516485	0.2123646	0.7424435	0.7621902	0.0944947	0.8626797	1.0811034	0.3436543	0.5387597	0.7418211	0.5742101	0.4018253	0.3127223	0.8468642	0.4132406	0.5530226	0.0605844	0.5990222	0.1855568	0.0509195	0.0087873	1.0214655
450	0.1147398	0.3056036	0.4421543	0.0587599	0.4425130	0.0014127	0.0449138	0.0058235	0.0619954	0.0266674	0.1331602	0.1184044	0.0311702	0.3571276	0.3997365	0.1733311	0.4651484	1.0557499	0.8971342	0.8590474	0.0748531	0.6265762	0.9309306	0.7838309	0.9264159	0.9979172	0.9407058	0.2991468	0.5891834	0.0127000	0.3597366	0.0379795	1.0119894	0.9187018	0.2977960	0.8037218	0.2114579	0.8099293	0.4725852	0.6019951	1.1459078	0.4863364	0.0639086	0.0467007	0.7732270	0.5437705	0.5857278	0.8134513	0.8236594	0.9722099	0.0669091	0.3079780	0.7040052	0.0002667	0.6871697	0.5407597	0.8406669	0.2112154	0.8640104	0.5561638	1.0055153	0.7199939	0.6617430	0.2535088	0.5003397	0.5057333	0.7651011	0.6846832	0.6446907	0.0703475	0.3902492	0.7065676	0.2793508	0.9547580	0.2129459	0.7331036	0.7769975	0.4602132	0.1938763	0.2365526	0.7451212	0.7423099	0.0840304	0.7927432	1.0726231	0.4625384	0.6003508	0.8056691	0.6181922	0.3687865	0.3065605	0.8274318	0.3748584	0.5358727	0.0361539	0.5462796	0.1957971	0.0402448	0.0220965	0.9585216
500	0.1203664	0.3960555	0.4263854	0.0501829	0.4515168	0.0023700	0.0270752	0.0287355	0.0566330	0.0313734	0.1192340	0.0933436	0.0206374	0.4030211	0.3634498	0.2070109	0.4256010	1.0084431	1.0299829	0.8227120	0.0843022	0.6750156	0.8886003	0.7306769	0.9196759	0.9859215	1.0486505	0.3883215	0.5374711	0.0035114	0.3516440	0.0364485	0.9559679	0.8198727	0.2735748	0.7818500	0.3493433	0.8172382	0.5413392	0.4444670	1.0585656	0.4678200	0.0626766	0.0558017	0.8363899	0.6120882	0.6447278	0.8610548	0.8328674	0.9449275	0.0624839	0.2516179	0.7472742	0.0005830	0.6544240	0.5779677	0.7874875	0.2454847	0.8430828	0.5390731	0.8887786	0.7943160	0.6509378	0.2519848	0.4571077	0.4369572	0.7610153	0.6785588	0.7067711	0.0494082	0.4010198	0.7520617	0.3097174	0.9387102	0.2256989	0.6395393	0.7635995	0.3795298	0.2149489	0.2907754	0.7706504	0.8209094	0.0912521	0.8483725	0.9675974	0.3713538	0.5301871	0.7710143	0.6845242	0.3948999	0.2627785	0.7807700	0.3806422	0.5706026	0.0476892	0.5829212	0.2489459	0.0494472	0.0226206	1.0199000
550	0.1360622	0.4027315	0.6254413	0.1156836	0.4592047	0.0003480	0.0175957	0.0218183	0.3142296	0.0234667	0.1053021	0.0832170	0.0200742	0.4188708	0.6233598	0.2085317	0.4142520	1.0268226	0.9946126	0.8317300	0.0599216	0.5340749	0.9272128	0.7718428	0.9590424	0.9174712	1.0218152	0.3456101	0.4137021	0.0177486	0.3757060	0.0395020	0.9287833	0.7174733	0.2403751	0.7806397	0.3838838	0.7929088	0.4344820	0.2588984	1.0838175	0.4369482	0.1028918	0.0619375	0.7697997	0.4618442	0.6156452	0.8708720	0.8633181	0.7579800	0.0679351	0.2771042	0.7081470	0.0053258	0.6596713	0.5463878	0.7871015	0.2597003	0.6680132	0.7979717	0.7813022	0.6366025	0.5517375	0.2154754	0.4973559	0.5767177	0.9503485	0.6849506	0.6628097	0.0514269	0.3935508	0.5321560	0.3138404	0.9196762	0.3120831	0.6363574	0.7941113	0.3626381	0.2404700	0.3163634	0.7210527	0.8412077	0.0964809	0.8891812	0.9981020	0.3526763	0.4657760	0.7623219	0.6148508	0.5661628	0.3286537	0.6086331	0.4034076	0.5798630	0.0538574	0.6768686	0.2404281	0.0299924	0.0332000	0.9916935
600	0.0984900	0.4874919	0.8755230	0.0985119	0.5233700	0.0012539	0.0269929	0.0155427	0.6750288	0.0392162	0.1111029	0.0899336	0.0135039	0.2752090	0.7575588	0.3298344	0.4389868	1.0541594	0.9325188	0.8424148	0.0282230	0.5752741	0.9354564	0.7414359	1.0227008	0.7089080	1.0378108	0.2809848	0.2677298	0.0385405	0.3739975	0.0392101	0.7525334	0.6990554	0.2825077	0.8172122	0.3196537	0.7051602	0.4235663	0.1043058	0.9676653	0.4862794	0.0696991	0.0694957	0.7725433	0.4341715	0.7014790	0.8218749	0.9019513	0.5633556	0.0532518	0.2372087	0.6759733	0.0045049	0.6848432	0.5708434	0.7482261	0.2112769	0.5997466	0.9146038	0.8051727	0.6356501	0.3235747	0.2819290	0.5364426	0.5564243	1.0100363	0.6864264	0.5748735	0.0414417	0.3882296	0.3173485	0.2594975	0.9132287	0.3416531	0.5705044	0.8769727	0.2977776	0.1945979	0.4531308	0.8054369	1.0449425	0.1210930	0.8664148	0.9988897	0.2862834	0.3484332	0.6485764	0.6229497	0.6970766	0.4125348	0.4327401	0.3860860	0.5395582	0.0534940	0.7369606	0.2464070	0.0366114	0.0570491	0.9755768
650	0.0589878	0.5290104	0.9133306	0.1340904	0.4962551	0.0008200	0.0259299	0.0151919	0.8556034	0.0296385	0.1138322	0.0756901	0.0102186	0.2107709	0.7707204	0.4157209	0.4003110	1.0339445	0.9846160	0.8444657	0.0454620	0.5253716	0.9715453	0.8589206	0.9552700	0.6222598	1.0676110	0.2387339	0.2203011	0.0314191	0.4033616	0.0505157	0.6288743	0.7768631	0.3074606	0.9079624	0.2266454	0.7508587	0.4270601	0.0428955	0.9388946	0.4641603	0.0780020	0.0841424	0.8082482	0.4004061	0.6291611	0.8107763	0.9545238	0.4181065	0.0787661	0.2388122	0.6263008	0.0123565	0.6652406	0.5793339	0.7332903	0.2027621	0.5288037	1.0535449	0.7926823	0.6700967	0.2533245	0.3087807	0.5016333	0.5029913	0.9286633	0.5856623	0.5174594	0.0437625	0.3917232	0.2854824	0.2676508	0.9022069	0.3254214	0.4249991	0.9563948	0.2488487	0.1854295	0.4898228	0.7586619	0.9855631	0.1184775	0.6210542	1.0524765	0.3304663	0.3011991	0.5215401	0.5725789	0.7870957	0.4590453	0.3625264	0.4291098	0.5304267	0.0811050	0.6742685	0.2370656	0.0375308	0.1442747	0.9732401
700	0.0306325	0.5474813	0.9918081	0.1195994	0.4690333	0.0027614	0.0329286	0.0237877	1.0552979	0.0867763	0.1259021	0.0953579	0.0083547	0.1580217	0.8942505	0.4082642	0.4430394	1.0536348	0.8797701	0.9083443	0.0711317	0.5947413	1.0159062	0.8517750	0.9659351	0.6119075	0.9999216	0.2131976	0.1744472	0.0386409	0.4362560	0.0706180	0.5862985	0.7954697	0.2642999	0.8645012	0.1988497	0.7769022	0.4039737	0.0312037	0.9903679	0.4901428	0.0614073	0.0641845	0.8717445	0.3942653	0.5936914	0.8094442	0.9004860	0.3758019	0.0606080	0.2842527	0.4933885	0.0075960	0.7544045	0.5749888	0.8011134	0.1978613	0.4286262	1.0076647	0.7529521	0.6074184	0.2796189	0.3086698	0.5044169	0.5516764	1.0026536	0.6290628	0.5074703	0.0376247	0.4003663	0.2269517	0.2354429	0.9470005	0.2797299	0.3586242	0.9245879	0.2159113	0.1956775	0.5749699	0.8156552	1.0704932	0.1383631	0.6868394	1.0005771	0.3280218	0.3250742	0.4583899	0.5760823	0.8604251	0.5015497	0.3614151	0.4622907	0.5056013	0.0797233	0.6626822	0.2692987	0.0296973	0.2175064	0.9315876
750	0.0211482	0.6113219	1.0466003	0.0987157	0.5605543	0.0051306	0.0423753	0.0229261	1.0251729	0.1898582	0.1409958	0.1037377	0.0061866	0.1311478	0.8361395	0.4197265	0.4852071	0.9631405	0.9135100	0.9945420	0.0655324	0.6737570	0.9901049	0.9342337	0.9355907	0.7012657	0.9995802	0.2115873	0.1917023	0.0281936	0.4375741	0.1024102	0.6823005	0.8490062	0.2377426	0.7665173	0.1696765	0.7395167	0.3505498	0.0151636	1.0078208	0.4807093	0.0739595	0.0427135	0.8575149	0.4092730	0.5761752	0.7681070	0.8641142	0.3544342	0.0617547	0.2757283	0.4982825	0.0047911	0.7132919	0.5693310	0.7896731	0.2401609	0.4065449	1.0100690	0.8438643	0.5336404	0.2161059	0.2881183	0.4878926	0.5492379	0.9891811	0.6603794	0.5187172	0.0328895	0.3600338	0.2117501	0.2387162	0.8247961	0.2484832	0.3570509	0.9678828	0.2729198	0.2077655	0.6107647	0.7866004	0.9444869	0.1086887	0.6831603	0.9478159	0.3205542	0.3254664	0.4453787	0.6286152	0.7566285	0.5482571	0.3555470	0.4464542	0.5544681	0.0695714	0.6538474	0.2861952	0.0303035	0.3574081	0.9856953
800	0.0223799	0.5392072	0.9996936	0.1084501	0.5154539	0.0033618	0.0507895	0.0442136	0.9449100	0.3195644	0.1565736	0.1039044	0.0095037	0.1190272	0.8364700	0.4327920	0.3983666	0.9644310	0.9453334	0.9471235	0.0736897	0.6246910	0.9530489	0.9983138	0.9680567	0.6635866	1.0675492	0.1434268	0.1998536	0.0209678	0.3478305	0.0874500	0.6744251	0.7555693	0.3456650	0.8337041	0.1764554	0.7515445	0.3193768	0.0100429	1.0268337	0.4389261	0.0843137	0.0325759	0.9282920	0.4467926	0.5306529	0.8435644	0.8354945	0.3590241	0.0533918	0.3662939	0.5218979	0.0079086	0.6923800	0.6404371	0.8357600	0.2377095	0.4568905	1.0650855	0.8720589	0.5445575	0.2282628	0.2796345	0.5218516	0.5983985	0.9823512	0.7277979	0.4626426	0.0323897	0.3615195	0.2551593	0.2919573	0.9440250	0.2508099	0.2842312	0.9327604	0.2662910	0.2435118	0.5364740	0.6891987	1.0370291	0.1136312	0.5804893	0.9698490	0.3663656	0.3126382	0.4996998	0.5803873	0.7271329	0.4239901	0.2539071	0.4625887	0.5581667	0.0546341	0.6568403	0.3318480	0.0422071	0.4501566	1.0752096
850	0.0183620	0.5410714	0.9243930	0.0746732	0.5243040	0.0004693	0.0396662	0.0266606	0.8806989	0.3770624	0.0935640	0.1114377	0.0113142	0.1310806	0.9257086	0.4561378	0.3857395	1.0325846	0.9246515	0.9208788	0.0770414	0.6180623	0.9768160	0.9223840	0.9787265	0.7192946	0.9787341	0.1303508	0.2013296	0.0280336	0.3785094	0.0692632	0.7392221	0.7579356	0.3734879	0.8530271	0.1729380	0.7301730	0.4256969	0.0179989	0.9326527	0.4636980	0.0731923	0.0375071	0.8657178	0.4967426	0.5665292	0.7749253	0.8131182	0.3207705	0.0582944	0.3863380	0.6880472	0.0014713	0.7037334	0.5912057	0.8156038	0.2163594	0.4210924	0.9843502	0.7973762	0.5480694	0.2312580	0.2322560	0.4385799	0.5413491	0.9909716	0.7371490	0.4489218	0.0703901	0.3315999	0.2332143	0.3010316	0.9736666	0.3152480	0.2630261	0.8773390	0.2410232	0.2275639	0.5778584	0.6798503	1.0102036	0.0903372	0.6129565	0.9521563	0.3217909	0.2394110	0.5084852	0.5934262	0.7039762	0.5916855	0.1255735	0.4625440	0.5556923	0.0693919	0.6003427	0.3193131	0.0368183	0.5175850	1.0888789
900	0.0206423	0.6022639	0.9679640	0.0709854	0.4636340	0.0014149	0.0224291	0.0227829	0.7773908	0.3600877	0.1231562	0.1083868	0.0074843	0.1028980	0.8196892	0.4302328	0.4667088	0.9583019	0.8163360	0.8669224	0.0704521	0.6792247	1.0604942	0.9110706	0.9488192	0.6275740	1.0075334	0.1163323	0.1747918	0.0371484	0.4130851	0.0393586	0.6813846	0.8414007	0.3085316	0.8311013	0.2281807	0.7194799	0.4134935	0.0317791	0.9343222	0.4283496	0.0838274	0.0391826	0.7735894	0.5007490	0.5760703	0.8372965	0.8705238	0.3064635	0.0569847	0.4137704	0.7686187	0.0018491	0.7527474	0.5496236	0.8049500	0.2402385	0.4479123	1.0346093	0.8121640	0.4704447	0.1175908	0.2813164	0.5409427	0.5242419	0.9191512	0.7545674	0.4687107	0.0470376	0.3662370	0.2002649	0.2824574	0.8740644	0.2843748	0.2441186	0.9375970	0.2135837	0.2261056	0.6115089	0.7242819	1.0455462	0.1098156	0.5920524	0.9165305	0.3681945	0.2210885	0.5072060	0.5185823	0.7801885	0.6500693	0.1595445	0.4454120	0.6207016	0.0861456	0.5902181	0.2528680	0.0455354	0.5583549	1.0704779
950	0.0115159	0.5920145	1.1108079	0.1189031	0.4231529	0.0032411	0.0194587	0.0231024	0.8481144	0.3680350	0.1358180	0.1019855	0.0084491	0.1347039	0.8468593	0.4397652	0.5637290	0.9081091	0.8448915	0.7568034	0.0566549	0.7326112	1.0568890	0.9544377	0.9852754	0.6776418	1.0160044	0.1393804	0.2245458	0.0403708	0.3838409	0.0596044	0.8108153	0.7547718	0.3140985	0.9229279	0.2613601	0.6854005	0.3689183	0.0310859	0.8635560	0.4225615	0.0642958	0.0784438	0.7140045	0.5501658	0.5610453	0.8313359	0.9244087	0.2785477	0.0665621	0.3887695	0.8766432	0.0011259	0.8023844	0.6150859	0.7803310	0.2274249	0.4353182	0.9556983	0.6945454	0.5300433	0.1515420	0.2168268	0.6032916	0.4725471	1.0880174	0.7318632	0.4487582	0.0401958	0.3543301	0.1670385	0.2860478	0.8076661	0.2717372	0.2655695	0.9317287	0.2057926	0.2661195	0.5677534	0.6940472	0.9918243	0.1089529	0.5380491	0.9432737	0.3659764	0.1956077	0.5666738	0.6133556	0.8133696	0.5884293	0.2148858	0.4583900	0.5460975	0.0938993	0.6005334	0.2861748	0.0390989	0.5344058	0.9601447
1000	0.0048618	0.6142276	1.0490495	0.1290938	0.5051475	0.0010870	0.0279427	0.0196732	0.9027350	0.3772334	0.1330285	0.0965904	0.0046687	0.1328518	0.8547900	0.4312211	0.5306723	0.9407490	0.8914162	0.8307524	0.0530520	0.6641572	1.1046647	1.0173786	0.9317987	0.6661012	0.9381247	0.1120088	0.2359664	0.0329043	0.3683988	0.0578783	0.7278312	0.7103220	0.2945007	0.8602198	0.2694404	0.7411983	0.3102536	0.0103354	0.9142179	0.4693448	0.0517682	0.0559478	0.6806217	0.5682446	0.5065028	0.7802861	0.9153356	0.3112561	0.0584488	0.3612462	0.9735961	0.0105250	0.8568391	0.5584566	0.8170373	0.1916058	0.4660828	0.9370898	0.6896703	0.5092101	0.2608740	0.2209761	0.5488690	0.4880707	1.0368069	0.7552094	0.4160098	0.0563740	0.3629211	0.1925269	0.3673876	0.7195591	0.2741421	0.3501922	0.8791327	0.2790787	0.2322912	0.6839835	0.7195336	1.0255992	0.1393957	0.5842493	0.9484043	0.3354541	0.2522212	0.5047985	0.6103537	0.7210864	0.5534276	0.2713599	0.4047554	0.5467964	0.0932412	0.5603422	0.2673392	0.0434648	0.5266087	1.0085085

0	0.0094491	0.6355617	1.0459758	0.0876986	0.4170952	0.0015965	0.0357302	0.0201856	0.7842026	0.5482911	0.1482550	0.1067167	0.0074763	0.0795139	0.9263252	0.4386615	0.5117037	1.0187251	0.9869150	0.9112762	0.0675828	0.6396705	0.9879649	0.9056811	1.0249936	0.8053086	0.8415975	0.0956169	0.2807776	0.0361236	0.3476186	0.0945586	0.7647381	0.8073502	0.2691465	0.9854445	0.2644993	0.7761342	0.3511720	0.0142404	0.9503393	0.3956488	0.0912837	0.0721673	0.8039584	0.5632487	0.5721011	0.9104100	0.8750489	0.3877912	0.0490860	0.3690556	1.0040851	0.0016799	0.7496314	0.4296180	0.7445798	0.3138374	0.4763448	0.9977159	0.8917758	0.5763065	0.2317245	0.3844034	0.5377636	0.4876338	1.0898320	0.8135737	0.5024926	0.0491368	0.3912071	0.2335426	0.3169327	0.9297559	0.3112694	0.3637340	0.9584119	0.1589398	0.2670455	0.6498318	0.7931145	1.0351174	0.1402507	0.6535788	1.0095359	0.4184859	0.2245238	0.5131035	0.6073464	0.7854143	0.4606182	0.1309775	0.4648780	0.5528648	0.0723851	0.5781484	0.2784400	0.0363961	0.5378107	0.9932421
50	0.1989965	0.6056526	0.8665960	0.1270916	0.4877364	0.0003773	0.1299444	0.0263333	0.8612157	0.3094709	0.0883347	0.0844043	0.0099081	0.0807867	0.9336888	0.4022073	0.4451634	1.0446858	0.9794123	0.7735932	0.0498854	0.7788512	0.9452168	0.6864187	0.9846298	0.6556232	0.8837412	0.1082996	0.2323248	0.0253515	0.4690468	0.0610400	0.8219057	0.7927651	0.2827279	0.8694854	0.3201285	0.7833818	0.2491138	0.0503754	0.9403823	0.4203081	0.4062836	0.1049299	0.7428190	0.4991145	0.6758485	0.9453826	0.7564216	0.3900366	0.1596401	0.3392780	0.9395229	0.0007087	0.7658822	0.5293271	0.7341816	0.1521295	0.4773396	0.9779807	0.8442046	0.5597803	0.1771878	0.2575867	0.3329479	0.3524683	1.0509796	0.5700987	0.4679897	0.0425137	0.3148940	0.2855860	0.2748728	0.9581762	0.2825223	0.3788634	0.8563627	0.5792915	0.1966183	0.6274353	0.7932989	1.0399070	0.0968904	0.6386519	1.0920834	0.4331581	0.2703464	0.3801576	0.4784286	0.8353549	0.4990196	0.5620772	0.4774880	0.4743885	0.1693777	0.6904166	0.1998386	0.1233378	0.5687674	0.9247840
100	0.4571242	0.6469609	0.8521576	0.2210167	0.4746761	0.0029645	0.1892274	0.0262512	0.9323253	0.1551927	0.0975307	0.0824734	0.0086155	0.1072414	0.9104149	0.3564406	0.4721018	0.9587607	0.9840983	0.6328345	0.0568997	0.8852751	1.0251530	0.4025613	0.9635494	0.6718696	0.8041384	0.1207632	0.2370626	0.0239064	0.5745847	0.0559921	0.8137415	0.7395184	0.3219744	0.8204561	0.2526258	0.8450895	0.2191552	0.3676905	0.8997354	0.2911021	0.6845974	0.0804010	0.6597641	0.3851835	0.6524216	0.9682098	0.8784638	0.3103240	0.3304375	0.4034394	0.9390435	0.0083808	0.6484845	0.5292681	0.9253474	0.0642196	0.5271755	0.9977208	0.9488204	0.4590931	0.1620140	0.3042190	0.1677449	0.1721683	0.9644330	0.4298290	0.5213828	0.0429969	0.3363657	0.3666832	0.2580077	0.8739382	0.1992227	0.4060026	0.8868157	0.5580251	0.1910394	0.5306630	0.7625543	0.9997961	0.1334951	0.5445500	0.9862595	0.4667198	0.2148817	0.2713161	0.5212237	0.8658016	0.4826732	0.7638344	0.6261887	0.4226884	0.2888624	0.7331098	0.2976631	0.2294906	0.5231233	0.8680188
150	0.6249113	0.5460166	0.7646585	0.2795693	0.4826187	0.0143807	0.2574631	0.0286894	1.0346209	0.0711759	0.0722364	0.0777327	0.0040874	0.1312755	0.9809883	0.2595723	0.5123437	0.9604035	0.9268992	0.4722299	0.0604533	0.9159723	0.8684558	0.3468542	0.9114280	0.6401702	0.7889389	0.1318193	0.2178755	0.0398510	0.5924709	0.0522171	0.8397225	0.7278168	0.3642684	0.6495213	0.1695769	0.7927923	0.1763537	0.7649565	0.7541311	0.2586860	0.7529131	0.0755906	0.6675551	0.4224837	0.6628325	0.9513766	0.9907891	0.2868006	0.4143023	0.3627485	0.8069463	0.0228466	0.7505627	0.5282105	1.0667042	0.0762347	0.4828637	1.0222340	1.0017166	0.3508151	0.1361667	0.3047194	0.0913865	0.0770241	1.0136339	0.3662843	0.5504876	0.0588875	0.4465325	0.4905019	0.4345570	0.9428133	0.1600436	0.4290333	0.9770854	0.4897430	0.2156604	0.5681440	0.7173354	1.0123957	0.1307629	0.4686319	0.9519934	0.4141385	0.1867587	0.1564073	0.5009942	0.9594118	0.4395753	0.9042876	0.7239906	0.3319754	0.4617617	0.8335554	0.3750000	0.2686969	0.4232925	1.0027346
200	0.8334188	0.5364842	0.7545089	0.3340668	0.5084246	0.0169378	0.2516682	0.0410334	0.9439790	0.0351267	0.0695572	0.0613665	0.0120979	0.1307414	0.8860549	0.2278669	0.5418558	0.9201211	0.8178895	0.3640547	0.0642280	0.9026624	0.8384871	0.3143478	0.8878504	0.6717291	0.7177386	0.1187512	0.1590819	0.0491054	0.5604995	0.0640040	0.8852778	0.8037421	0.3695412	0.8461814	0.1700010	0.7619768	0.1272223	0.9304610	0.6453625	0.2506917	0.9085914	0.0534215	0.7183344	0.4214363	0.7392191	0.8837791	0.9222382	0.3001942	0.4609218	0.4554303	0.6900470	0.0306442	0.6952241	0.5951209	1.0745803	0.0923967	0.4300726	0.9243400	1.0397582	0.2785743	0.1192387	0.3502702	0.1115362	0.0275730	0.9679137	0.2786370	0.4937562	0.0888051	0.5150624	0.5837149	0.5778457	0.8626183	0.1197217	0.4320128	0.8823551	0.4817283	0.2422382	0.5326366	0.7153788	0.9942201	0.1456143	0.4156394	1.0972748	0.3557358	0.1507228	0.0603480	0.5126723	0.8835849	0.5402087	0.9948186	0.8261989	0.2836023	0.5944029	0.8125697	0.3480757	0.2934043	0.3660845	0.9508428
250	0.8074665	0.5728947	0.7126850	0.3108247	0.4806549	0.0102293	0.2734031	0.0281664	0.9870803	0.0156937	0.1012270	0.0950342	0.0064616	0.1311502	0.9917643	0.1856205	0.5858162	0.9968503	0.7536340	0.3199536	0.0627066	1.0377646	0.8744812	0.2677805	0.8252985	0.5935194	0.6058895	0.1282855	0.1117791	0.0409838	0.5058447	0.0709370	0.8565093	0.7555177	0.4683608	0.7758428	0.1152480	0.6483863	0.1570092	0.9544486	0.5801753	0.2812112	1.0015977	0.0620934	0.7498591	0.3825904	0.7188920	0.9220021	0.8568806	0.3112078	0.5042268	0.4542348	0.6845249	0.0197341	0.7933816	0.5619450	1.0242304	0.0983969	0.4050919	1.0309051	0.9725828	0.1757932	0.1063342	0.4100394	0.1477519	0.0129438	0.9019146	0.1741015	0.5140518	0.0942235	0.5362818	0.4970561	0.7486965	0.9443148	0.0984827	0.3466400	0.8810210	0.4747584	0.2369518	0.5672005	0.7038365	0.7687425	0.1124113	0.2833496	1.0241945	0.3472792	0.1367052	0.0430254	0.4543180	0.8477478	0.4951594	0.9946303	0.9032295	0.2557583	0.6657437	0.8429112	0.3392178	0.3315590	0.3464694	0.9900511
300	0.8645703	0.5021928	0.7478404	0.2719808	0.5138372	0.0348964	0.2444038	0.0144290	1.0425909	0.0237830	0.0914600	0.0797953	0.0034070	0.1266004	0.9076872	0.1863871	0.5188994	0.9921546	0.8434327	0.3092334	0.0785837	0.9965122	1.0041546	0.2753913	0.7714597	0.6659593	0.5660608	0.1105065	0.0808596	0.0222251	0.4781524	0.0609028	0.8398554	0.7657264	0.4888228	0.7511387	0.1190165	0.7733922	0.1568107	0.9372733	0.5617649	0.2846314	0.9222747	0.0386894	0.8567442	0.4109724	0.7112552	1.0763994	0.8382107	0.3579391	0.4842243	0.4955196	0.6981023	0.0172242	0.6260882	0.5840415	1.0065971	0.1333151	0.5025780	1.0054161	0.9352148	0.2339308	0.0936675	0.3456036	0.1343764	0.0021668	0.9201118	0.1901964	0.5472453	0.1485388	0.5432723	0.4238349	0.8546895	0.8237503	0.1063983	0.1940936	0.9389264	0.5232108	0.2267340	0.5274698	0.6675538	0.8090199	0.1375711	0.1942110	0.9607227	0.3399943	0.1146675	0.0304658	0.5174746	0.8322977	0.5765654	1.0183706	0.9401858	0.2383289	0.7353161	0.8565655	0.3536263	0.2905542	0.3408598	0.9601670
350	0.8359994	0.4607811	0.7519091	0.2227563	0.4603917	0.0486074	0.2339787	0.0154487	1.0327181	0.0276167	0.0856027	0.0829408	0.0141337	0.0901577	0.9573469	0.1742923	0.4776199	0.9882682	0.9025211	0.2894574	0.0670310	0.9614476	1.0044069	0.2294052	0.7950060	0.7043453	0.4921547	0.1017303	0.0652965	0.0337259	0.4943532	0.0651041	0.8719154	0.6962433	0.4490710	0.7334777	0.1356547	0.9043380	0.1276171	0.9533105	0.5165905	0.2178643	0.8904847	0.0474747	0.7967848	0.4285137	0.7449249	0.9899370	0.8622896	0.2617480	0.4490373	0.4632163	0.6442372	0.0236246	0.6611597	0.5595153	0.9007060	0.1308110	0.4495812	0.9345554	0.9755989	0.2426511	0.0852968	0.3268335	0.1274106	0.0032642	0.8931908	0.1962627	0.5053265	0.1875343	0.5458611	0.4464640	0.8114956	0.9577357	0.1271808	0.1680975	0.9882528	0.5456064	0.1982320	0.5722014	0.5688880	0.8837885	0.0918740	0.1617309	0.9158016	0.2842618	0.0930631	0.0102028	0.4997079	0.7780157	0.6223844	0.9463351	0.9769928	0.2072991	0.8312658	0.8500901	0.3059014	0.2958618	0.4380344	0.9461983
400	0.8130562	0.4455991	0.7313259	0.2936792	0.4215601	0.0439862	0.2605741	0.0272220	0.9745164	0.0125784	0.0582893	0.0599789	0.0085560	0.1138583	0.9224284	0.1297649	0.5450286	0.9262908	0.8911904	0.2805691	0.0525919	0.9540228	0.8390497	0.2660885	0.8447012	0.7509515	0.4051716	0.0832344	0.0927957	0.0245831	0.5593892	0.0509948	0.9722005	0.6932002	0.5095862	0.6253142	0.1346023	0.8856878	0.1461560	0.9553804	0.4209649	0.1878971	0.9763297	0.0329083	0.7336154	0.3823236	0.7918916	1.0300101	0.8996280	0.3338607	0.5445275	0.3935767	0.6304054	0.0271048	0.4578950	0.5968694	0.9944200	0.1316216	0.4025683	0.9004387	0.8560515	0.2262361	0.0653333	0.3178308	0.1447061	0.0064664	1.0242774	0.1378880	0.5427764	0.2258648	0.6021254	0.4708900	0.8042424	0.8980074	0.1047165	0.1723482	0.8833638	0.5211557	0.1924347	0.5743007	0.7064168	0.8838425	0.0790230	0.1196476	1.0236814	0.3143501	0.0920813	0.0077089	0.4477752	0.8302821	0.4633950	0.9201753	0.9625995	0.2131873	0.8258777	0.7581258	0.2306918	0.2402148	0.4500663	0.8934894
450	0.7568068	0.4711031	0.7276212	0.3094141	0.3618215	0.0384317	0.2997415	0.0332984	0.9399716	0.0107076	0.0556925	0.0674142	0.0044450	0.1280336	0.8715499	0.1860594	0.4762492	0.9891719	0.9236945	0.2546541	0.0559819	0.9186248	0.7576669	0.2238180	0.8537781	0.7225912	0.4011862	0.0762655	0.0692761	0.0426233	0.4977379	0.0731935	0.8294806	0.6989882	0.4868273	0.7870834	0.1067608	0.9107527	0.1548906	0.9777203	0.3298000	0.1993475	0.9595313	0.0460460	0.7039858	0.3433845	0.8181690	1.0229863	0.9884202	0.3191556	0.4709380	0.4123586	0.5984116	0.0131486	0.2188488	0.5816944	0.9736194	0.1632389	0.3905906	0.9275674	0.8626703	0.2145552	0.0287763	0.3253765	0.1887420	0.0045006	0.9878339	0.1588093	0.5166988	0.1804233	0.6176830	0.3865735	0.8677535	0.9385682	0.1063458	0.2282581	0.8100256	0.5730561	0.1937990	0.5229711	0.7585884	0.8447027	0.0709120	0.1057488	1.0230214	0.3293662	0.0947242	0.0051457	0.4285312	0.8634756	0.4356289	0.9287119	0.9867918	0.1521987	0.9212404	0.7756344	0.2641794	0.2613262	0.3806666	0.9777180
500	0.7663799	0.4661197	0.7290237	0.2812587	0.3965664	0.0374370	0.3115706	0.0395639	0.9458535	0.0123754	0.0872071	0.0780026	0.0123852	0.0890549	0.8761184	0.1617547	0.4690871	0.9420138	0.9333989	0.2272322	0.0574535	0.9683262	0.7684785	0.2813566	0.8337329	0.6502508	0.3732082	0.0984612	0.0927266	0.0601750	0.5205834	0.0757952	0.8932318	0.6799936	0.4245808	0.7347378	0.0792742	0.7870963	0.1702365	0.9770056	0.2989141	0.2450454	0.8994231	0.0461951	0.6649337	0.2934965	0.7952115	0.9824672	0.9691185	0.3074004	0.5062984	0.4638228	0.5567600	0.0142376	0.1264343	0.5581328	0.9830781	0.1659842	0.4175245	0.9988892	0.8599087	0.1393781	0.0546414	0.3368260	0.1491225	0.0195882	0.7211821	0.1235021	0.5455007	0.2543055	0.5770441	0.4459610	0.8656625	0.9976175	0.1514243	0.2137308	0.7480424	0.5620571	0.1669859	0.5313477	0.7550397	0.7932941	0.0799667	0.1304627	0.9685953	0.3234540	0.0953446	0.0054939	0.3683360	0.7234851	0.4050569	0.9916595	1.0045280	0.1218090	0.8929095	0.7971408	0.2655463	0.2811022	0.3773127	1.0286242
550	0.5748169	0.5763015	0.8124795	0.2749776	0.3825661	0.0469804	0.1669417	0.0286304	1.0276819	0.0260851	0.1263089	0.1064100	0.0195799	0.0982402	0.9716481	0.1635688	0.5428424	0.9593208	1.0049381	0.3513339	0.0737991	0.7258908	0.8079027	0.5870548	0.8853705	0.7640236	0.4535302	0.1216014	0.0963958	0.0438202	0.4178351	0.0724178	0.7657887	0.6919617	0.4872947	0.6463373	0.0628987	0.8476431	0.3123443	0.9548695	0.3322765	0.2455987	0.7148531	0.0375716	0.6311621	0.2859745	0.7459129	0.9324219	0.9052678	0.2416053	0.3780798	0.3749409	0.4978562	0.0120116	0.0821035	0.5215504	0.8743092	0.3683511	0.4025093	0.9867324	0.8785401	0.1925353	0.1220820	0.3282810	0.3539761	0.0178786	0.6936336	0.2162266	0.5098017	0.2858944	0.5596760	0.4015676	0.8890609	1.0010418	0.1718422	0.1681047	0.6867023	0.2859637	0.1496674	0.5106502	0.6632197	0.8127376	0.0968567	0.1349605	0.8995475	0.2392078	0.1028965	0.0006582	0.5309896	0.7298129	0.4419160	0.8613955	0.9893074	0.2250890	0.8994752	0.7490424	0.2297047	0.2389901	0.3382441	1.0320804
600	0.3807982	0.5205837	0.9075025	0.3098025	0.3762325	0.0360169	0.1113666	0.0091657	1.0284152	0.0205881	0.1427748	0.0816539	0.0036895	0.0972151	0.9723911	0.2549405	0.5044859	1.0417469	0.9577778	0.5814193	0.0545456	0.6283682	0.8033780	0.8317340	0.7587846	0.6226600	0.5017177	0.0607865	0.0877785	0.0472829	0.3946580	0.0684004	0.6711778	0.6682110	0.4128262	0.6140493	0.0601331	0.9035664	0.2866688	0.7619856	0.3416241	0.2610270	0.3534698	0.0296347	0.7265693	0.3558288	0.6813624	0.8528380	0.9522536	0.3196376	0.2001243	0.3257546	0.4179286	0.0003100	0.0984888	0.5337456	0.8311801	0.5496605	0.4502940	0.9577736	0.8744088	0.2589939	0.2748968	0.3437443	0.5210664	0.0991358	0.6389563	0.3982148	0.5589637	0.2038678	0.5554620	0.3646112	0.8897173	0.9602313	0.2438094	0.0886585	0.7147954	0.0949494	0.1279088	0.6350066	0.7270257	0.7626422	0.1391964	0.0950543	0.8440350	0.2317414	0.1458926	0.0074175	0.4859320	0.7041060	0.4757032	0.6873694	0.7499120	0.3274843	0.9388905	0.6859373	0.2302087	0.1777103	0.2002115	0.9716680
650	0.2032396	0.5136621	0.9918765	0.2589463	0.3938210	0.0208416	0.0714025	0.0171877	0.9217825	0.0195405	0.1265104	0.1133115	0.0050965	0.1374971	0.9244793	0.3323287	0.4450091	1.0086772	0.8024615	0.6748182	0.0552436	0.6052510	0.7861314	0.9586833	0.7160098	0.7532143	0.5991208	0.0638412	0.0841563	0.0209589	0.3454160	0.0567775	0.6100205	0.6581786	0.4165024	0.5969216	0.0908229	0.8590285	0.3215214	0.3779898	0.4478812	0.3757081	0.1780001	0.0294863	0.7900679	0.3650846	0.6728191	0.8033293	1.0090811	0.3621904	0.1148530	0.3122777	0.4304391	0.0024001	0.2419457	0.5674843	0.7504149	0.5658406	0.4268565	0.9571834	0.8531015	0.3691644	0.3295681	0.3451253	0.5138289	0.2576153	0.5738917	0.5750690	0.5091641	0.1828033	0.5199634	0.3514916	0.7032414	0.8932924	0.2627088	0.0715557	0.7013972	0.0454935	0.1478575	0.6343558	0.6710839	0.9277280	0.1734952	0.1345719	0.9690906	0.1618244	0.2144086	0.0188253	0.6305315	0.6872556	0.4402031	0.6138559	0.6388882	0.4671945	0.8497865	0.5467127	0.2463290	0.0941304	0.1318637	1.0349944
700	0.1288503	0.5250739	0.9796254	0.1389473	0.3692976	0.0159228	0.0822975	0.0251370	0.9310764	0.0117733	0.1291911	0.1005883	0.0018600	0.1434201	0.9190008	0.4109907	0.4152024	0.9413791	0.7915392	0.8166981	0.0390821	0.5448862	0.9034671	0.9770487	0.5901985	0.7438171	0.5712495	0.0499544	0.1123499	0.0331980	0.3460994	0.0891525	0.6037370	0.7012186	0.3375098	0.6444974	0.1375642	0.8329152	0.3522652	0.1264749	0.6430894	0.4025315	0.1519908	0.0463401	0.8200283	0.3780617	0.5805879	0.6980431	0.9650286	0.3634777	0.1078327	0.3478434	0.3913271	0.0107404	0.4681576	0.5446523	0.7365739	0.4841310	0.4169401	0.9974072	0.9045394	0.4502335	0.3506869	0.3126089	0.5240904	0.3750560	0.7167645	0.6427588	0.4619335	0.1743434	0.4770528	0.2907632	0.5786684	0.9703266	0.2663188	0.1397442	0.6774987	0.0540310	0.1886212	0.5581350	0.7383684	0.9776199	0.1295344	0.1915692	0.9275656	0.1969694	0.3081461	0.0504423	0.5751454	0.6675455	0.4954616	0.5291430	0.5218365	0.5482164	0.6066642	0.5286814	0.2684116	0.0431809	0.0768318	0.9399109
750	0.0744763	0.4705633	0.8855635	0.1352061	0.3994073	0.0063467	0.0402283	0.0292401	0.9220148	0.0298139	0.1245488	0.0677248	0.0002189	0.1330007	0.9175767	0.4106300	0.4366229	0.9575201	0.9026811	0.9360389	0.0619070	0.5846994	0.9360056	0.9752844	0.6593571	0.6564194	0.6889649	0.0522237	0.1393019	0.0318568	0.3142729	0.0865442	0.6378801	0.7942709	0.3570983	0.6962931	0.1976087	0.7179048	0.3662576	0.0402536	0.7618657	0.4844181	0.0928747	0.0504549	0.8270221	0.5534996	0.4987785	0.7354524	0.9355965	0.3809475	0.1040987	0.3322977	0.3980119	0.0081454	0.5910940	0.5331197	0.7091224	0.3698220	0.5530200	0.9392187	0.7629849	0.4667188	0.3559475	0.2954643	0.5203738	0.4382760	0.7896226	0.7006341	0.4549208	0.1054267	0.4052778	0.1914328	0.5438192	0.9651815	0.2769419	0.1781953	0.7758598	0.0598462	0.1933571	0.6077896	0.6939071	1.0002015	0.1010821	0.2913713	0.8897848	0.2260474	0.3741576	0.1575068	0.5621408	0.7374007	0.5106976	0.5009418	0.4464469	0.5309357	0.4525589	0.5094801	0.2939322	0.0475137	0.0546271	0.9831383
800	0.0544633	0.5549676	0.9512272	0.1213255	0.5223703	0.0051277	0.0410975	0.0254657	0.9950501	0.0271802	0.1271319	0.0862886	0.0038715	0.0860589	0.9354251	0.4082273	0.4924830	0.8988297	0.8751700	0.9219660	0.0680039	0.6598560	0.9804743	1.0780873	0.6247784	0.6650969	0.7806224	0.1054273	0.1819106	0.0377340	0.3934505	0.0593107	0.6747547	0.7622366	0.3391372	0.8278554	0.2702279	0.7151412	0.3783358	0.0230176	0.8322948	0.3893373	0.0752537	0.0504522	0.7578541	0.6515242	0.5495712	0.6500413	0.8960331	0.3590628	0.1134137	0.3374877	0.3942277	0.0019187	0.7840165	0.5452837	0.7470396	0.3776531	0.5366089	1.0794465	0.7962520	0.5890388	0.2437760	0.2622787	0.5259718	0.4474455	0.9150751	0.7757475	0.4166082	0.0839844	0.3636872	0.1872794	0.4630428	0.9775119	0.3198394	0.2140010	0.7864720	0.1728859	0.2349848	0.6131633	0.7884634	1.0171408	0.0911569	0.3568455	0.9426288	0.2478222	0.3217181	0.2241837	0.6811420	0.7358972	0.6077931	0.3680319	0.4396889	0.5721271	0.3165861	0.4985550	0.2876406	0.0480086	0.2087129	1.0415607
850	0.0342844	0.5417297	1.0257799	0.1063492	0.4020307	0.0016884	0.0493203	0.0224374	0.9487514	0.0376307	0.1504292	0.0800477	0.0016463	0.0940164	0.8635995	0.3908231	0.5402409	0.8995873	0.8655261	0.8618368	0.0627230	0.5277173	1.0100207	1.0822056	0.6395163	0.6355974	0.8600802	0.1118821	0.1862542	0.0556936	0.3542804	0.0812129	0.5913564	0.8483969	0.3071051	0.7893805	0.4084445	0.7686812	0.2869228	0.0184012	0.9164954	0.4620428	0.0564246	0.0808931	0.6669062	0.7441683	0.3716829	0.7500120	0.9307005	0.3628021	0.0979774	0.3205262	0.3745544	0.0006113	0.7953228	0.5448563	0.7444875	0.3180880	0.4739785	0.9887981	0.8044202	0.5331723	0.2187184	0.2961208	0.4522399	0.5076754	1.0516711	0.6674662	0.4289102	0.0453407	0.4471562	0.2563713	0.3550374	0.9508206	0.3411812	0.2535684	0.8207941	0.3370599	0.2963157	0.5517788	0.7485275	0.9155999	0.1167475	0.4174386	0.8996083	0.3477321	0.2874653	0.2383520	0.5145924	0.7894546	0.6090958	0.3225225	0.3987133	0.6212991	0.1522463	0.5417811	0.2740996	0.0350138	0.3788906	1.1277850
900	0.0242615	0.5375724	0.9968068	0.1765097	0.4194767	0.0105016	0.0599712	0.0154004	0.9157592	0.1030854	0.1597721	0.0402034	0.0060505	0.1261194	0.8215316	0.4399956	0.5089617	0.8507549	0.8516099	0.8663079	0.0689254	0.7077911	1.1136267	0.9843536	0.7286599	0.7072045	0.7975859	0.1318356	0.2585495	0.0553688	0.4258101	0.1119887	0.6368101	0.9480538	0.2472285	0.9480649	0.4270314	0.7771627	0.3152834	0.0160063	0.9263455	0.4970347	0.0741424	0.0436514	0.5794538	0.6968311	0.4407797	0.7458161	0.8508953	0.3291269	0.1108380	0.3059262	0.4187773	0.0081638	0.8324609	0.4754517	0.7919613	0.2985148	0.4920005	1.0415112	0.8466400	0.5934205	0.2421319	0.3115139	0.4502312	0.5729092	1.0174591	0.7217065	0.4416967	0.0647518	0.4373400	0.3407874	0.3317987	0.8283150	0.3479724	0.3534831	0.8261304	0.5246042	0.3016487	0.5785833	0.8080852	1.0228184	0.0954129	0.6496815	0.9001461	0.3610591	0.2020200	0.2952022	0.5492697	0.7383487	0.5430288	0.2663413	0.4333970	0.5534288	0.1107029	0.5406834	0.2820502	0.0183592	0.4966317	1.0410481
950	0.0285011	0.5389891	0.9842762	0.1801974	0.5155663	0.0036127	0.0389061	0.0237455	0.8811374	0.1776567	0.1493337	0.0953535	0.0087817	0.1373929	0.8722161	0.4420842	0.5358324	0.8894742	0.9235975	0.9792293	0.0700820	0.6846325	1.0164491	1.0761219	0.8494687	0.7814140	0.9228359	0.1324230	0.3074909	0.0420215	0.4520876	0.1663424	0.5379905	0.9667911	0.3005780	0.9220666	0.3970736	0.7524121	0.3097677	0.0370948	0.9564763	0.4721962	0.0684956	0.0579768	0.5281631	0.7219382	0.4907243	0.8921064	0.8379807	0.3565856	0.1101174	0.4043067	0.5660882	0.0039825	0.7662962	0.4195821	0.7963841	0.2908559	0.4766699	1.1208487	0.8603359	0.5545883	0.3110465	0.3240825	0.4148140	0.5487940	1.0599831	0.6236588	0.4385944	0.0469696	0.3753773	0.2535370	0.3135643	0.7689713	0.2315939	0.5270324	0.8606064	0.3503461	0.3480802	0.7300461	0.8587670	0.9025872	0.0796805	0.7049083	0.9706787	0.3619668	0.2097552	0.3845532	0.5551914	0.7547507	0.4112728	0.2737551	0.4141438	0.5797965	0.1409170	0.5311580	0.3098912	0.0244258	0.5131827	1.0386753
1000	0.0197255	0.5225341	1.0080593	0.2437330	0.4101519	0.0002901	0.0390113	0.0219956	0.9619500	0.2597052	0.1479543	0.1134994	0.0155562	0.0969363	0.8968316	0.4630248	0.4942182	0.9793835	0.9920589	0.9480666	0.0721859	0.6539934	0.9967877	1.0516785	0.9406927	0.7262037	0.9881376	0.1263918	0.2636820	0.0524452	0.4029433	0.1605750	0.5549294	0.9435266	0.2820792	1.0168172	0.3465635	0.7375994	0.2693509	0.0256200	0.9365423	0.5157072	0.0848733	0.0599733	0.6137720	0.5591020	0.5807034	0.8074389	0.9097317	0.2854615	0.1074049	0.3694186	0.7077073	0.0039073	0.7175065	0.3870412	0.7761907	0.3062748	0.4807051	1.0250225	0.8694457	0.5640703	0.3741173	0.2983340	0.5096831	0.5442048	1.0860524	0.7634459	0.3823256	0.0225627	0.3860207	0.1883073	0.2432113	0.8180944	0.2072773	0.5940046	0.9057101	0.3806295	0.3483391	0.7289703	0.8929992	0.9317028	0.1048771	0.6270110	0.9726207	0.3357725	0.1706805	0.4221349	0.6232665	0.7271265	0.4430562	0.3255857	0.3445784	0.5907817	0.1340095	0.5941794	0.3115310	0.0115025	0.4505798	0.9982013

0	0.0094491	0.6355617	1.0459758	0.0876986	0.4170952	0.0015965	0.0357302	0.0201856	0.7842026	0.5482911	0.1482550	0.1067167	0.0074763	0.0795139	0.9263252	0.4386615	0.5117037	1.0187251	0.9869150	0.9112762	0.0675828	0.6396705	0.9879649	0.9056811	1.0249936	0.8053086	0.8415975	0.0956169	0.2807776	0.0361236	0.3476186	0.0945586	0.7647381	0.8073502	0.2691465	0.9854445	0.2644993	0.7761342	0.3511720	0.0142404	0.9503393	0.3956488	0.0912837	0.0721673	0.8039584	0.5632487	0.5721011	0.9104100	0.8750489	0.3877912	0.0490860	0.3690556	1.0040851	0.0016799	0.7496314	0.4296180	0.7445798	0.3138374	0.4763448	0.9977159	0.8917758	0.5763065	0.2317245	0.3844034	0.5377636	0.4876338	1.0898320	0.8135737	0.5024926	0.0491368	0.3912071	0.2335426	0.3169327	0.9297559	0.3112694	0.3637340	0.9584119	0.1589398	0.2670455	0.6498318	0.7931145	1.0351174	0.1402507	0.6535788	1.0095359	0.4184859	0.2245238	0.5131035	0.6073464	0.7854143	0.4606182	0.1309775	0.4648780	0.5528648	0.0723851	0.5781484	0.2784400	0.0363961	0.5378107	0.9932421
50	0.1495711	0.5594307	0.9410362	0.1283094	0.4390420	0.0049574	0.0276604	0.0236387	0.6785995	0.2863911	0.1413874	0.1482544	0.2023911	0.0528380	0.9561944	0.3793159	0.4539044	1.0003518	0.9865223	0.9162119	0.0573240	0.5954231	1.0230454	0.9283153	0.9442263	0.6428273	0.9492004	0.1496551	0.3366372	0.0411159	0.1914895	0.0669280	0.6983384	0.5305729	0.2676591	0.9890175	0.2218605	0.8021554	0.3989316	0.2464483	0.9323777	0.4429523	0.0813296	0.0701458	0.7437728	0.4119523	0.7012864	0.9200060	0.8179742	0.3131149	0.0757715	0.2625699	1.0125960	0.0126741	0.7642300	0.4378622	0.8564792	0.1624010	0.6904020	1.0557305	0.6258448	0.5605031	0.3046542	0.2482037	0.4703327	0.5955790	1.0358112	0.7007604	0.4732374	0.0442348	0.3684401	0.2168844	0.2485240	0.9011291	0.2115645	0.6746635	0.9094054	0.2517142	0.5090289	0.6278986	0.8711847	1.0419620	0.2412504	0.6885980	0.9856675	0.4070167	0.2373063	0.5837027	0.4647003	0.6820446	0.5814580	0.3914968	0.3161888	0.4672012	0.0634944	0.5962082	0.3647345	0.0299797	0.4922336	1.0019049
100	0.2639675	0.6188476	1.0893388	0.1527014	0.3975844	0.0037856	0.0215223	0.0378850	0.6189062	0.1275418	0.0918983	0.1750545	0.2864943	0.0134742	0.7405343	0.4079696	0.4116557	0.9789550	0.9996835	0.7829052	0.0628526	0.6555755	1.0215378	0.9592786	0.8688686	0.6317009	0.8999868	0.1149874	0.2678227	0.0291177	0.0691615	0.0804692	0.7015296	0.4221171	0.2367652	0.7940719	0.1545326	0.8293636	0.3538527	0.3672868	0.9349437	0.4086025	0.0508799	0.0757842	0.7299914	0.4895808	0.7214045	0.9289211	0.7771418	0.3016574	0.0657010	0.1964853	0.8687662	0.0091683	0.7615444	0.4529176	0.8007433	0.1100708	0.8301031	1.0871825	0.6071042	0.6246300	0.3228575	0.2688578	0.4587915	0.5357443	1.0152083	0.6539721	0.4209063	0.0611864	0.3608911	0.1983657	0.2602981	0.8455127	0.2320388	0.7124424	0.9601336	0.2000381	0.7345501	0.5538406	0.8987390	1.0909171	0.4782830	0.7513648	0.9953126	0.3276577	0.2587351	0.4609931	0.3637466	0.7067192	0.5308326	0.4435771	0.2060258	0.5231540	0.0752559	0.6018570	0.5128159	0.0187998	0.2561140	1.0461228
150	0.3808671	0.5647454	1.0367291	0.1579201	0.4247548	0.0020003	0.0267995	0.0168206	0.5407222	0.0616760	0.1084773	0.1751047	0.3813374	0.0088550	0.7383142	0.3945337	0.4048706	1.0118071	0.9530630	0.6711023	0.0722910	0.6002804	0.9623595	1.0424310	0.9359181	0.6246948	0.9438155	0.1354574	0.1636191	0.0307758	0.0582094	0.0525461	0.7270328	0.3628760	0.2428422	0.8058429	0.1598744	0.8211495	0.3988033	0.5126016	0.9731699	0.4441346	0.0689674	0.0696249	0.6664997	0.3848322	0.7441243	0.8965673	0.7759150	0.3038557	0.0863653	0.1289162	0.7521273	0.0034092	0.5963995	0.4860397	0.6999544	0.0716417	0.9453435	1.0284033	0.5770242	0.5727074	0.2262542	0.2275841	0.4555950	0.5763433	1.0260676	0.6825061	0.4191493	0.0557107	0.3805647	0.1519680	0.2922049	0.9138665	0.2423669	0.6169247	0.9036686	0.2592445	0.8747574	0.4539687	0.8799692	0.9817195	0.5903217	0.6859087	1.0028737	0.3444968	0.3400083	0.4033103	0.3548919	0.7406957	0.4613014	0.4902411	0.1930959	0.4750885	0.0719548	0.5674166	0.5584728	0.0260018	0.1179690	0.9616294
200	0.3754560	0.5514625	1.0389127	0.1891548	0.3959957	0.0051956	0.0369954	0.0181532	0.5822390	0.0568479	0.1536055	0.2300110	0.3662573	0.0130644	0.7463330	0.3509563	0.4302661	1.0716797	0.9979810	0.5811332	0.0660685	0.6467178	0.9427871	0.8996454	0.9981389	0.5903906	0.8982081	0.1152725	0.1424162	0.0367381	0.0570250	0.0412831	0.6802481	0.3591156	0.2825240	0.6648752	0.1297153	0.7320035	0.4037677	0.5117728	1.0113577	0.4344343	0.0849832	0.0531052	0.6737580	0.2796530	0.7495689	0.8193296	0.8128823	0.3522181	0.0990078	0.0905087	0.6229656	0.0075856	0.6534810	0.5527095	0.6391746	0.0420361	0.8319054	0.9426698	0.5667250	0.5804346	0.2354688	0.2792242	0.4532377	0.5428222	0.9711207	0.6193411	0.4831303	0.0400217	0.4223463	0.1759060	0.3209402	0.8509539	0.2634973	0.4666741	0.9114211	0.1911922	0.9081108	0.5075749	0.8476417	1.0097789	0.5705447	0.7162262	1.0115609	0.3380170	0.5008714	0.4239779	0.4305016	0.7483247	0.5175466	0.5249999	0.1553875	0.4673726	0.0550080	0.5158706	0.5783548	0.0280847	0.0692110	0.9823646
250	0.4155321	0.5218130	1.0302512	0.1134354	0.3906998	0.0030824	0.0513065	0.0110319	0.6060265	0.0432621	0.1522398	0.1853486	0.4371506	0.0016552	0.7576089	0.3517589	0.4176331	0.9869540	1.0251402	0.5913865	0.0938282	0.6631421	0.9853182	0.9723329	1.0107128	0.5552057	0.9473808	0.0932819	0.1022913	0.0389747	0.0836467	0.0557434	0.7338494	0.3801622	0.3305739	0.6314103	0.0855354	0.7075691	0.3475477	0.5111732	0.9617890	0.3654232	0.0814530	0.0555131	0.7008002	0.3806495	0.6679204	0.8425031	0.9130540	0.3840048	0.0693948	0.0917555	0.5109145	0.0043057	0.7064912	0.5608023	0.6196788	0.0523368	1.0684226	0.9491658	0.5530005	0.5422646	0.3424456	0.3156958	0.5418745	0.5129193	0.8004114	0.6571066	0.4875842	0.0604825	0.4407199	0.1837512	0.4442908	0.8040549	0.2167903	0.4239302	0.8922848	0.1182942	0.9095207	0.4505647	0.7957584	0.8312814	0.6227039	0.6734804	1.0099640	0.3546396	0.5531105	0.4329819	0.4206768	0.6844767	0.4358143	0.6298566	0.1670964	0.4833571	0.0720454	0.5506908	0.6186109	0.0537391	0.0487852	0.9423000
300	0.4494602	0.4741917	0.9519836	0.1128480	0.3727550	0.0027603	0.0264989	0.0067868	0.5940665	0.0355158	0.1253840	0.2206398	0.3554030	0.0010158	0.8301279	0.4466083	0.4789192	0.9745806	1.0210851	0.6013826	0.0907596	0.6771731	0.9062999	0.9562450	1.0183317	0.6077247	0.9966190	0.1263271	0.0926644	0.0207743	0.0780397	0.0779348	0.6702993	0.3437465	0.3490582	0.6530752	0.0670320	0.7111935	0.3731868	0.5496461	0.9613423	0.3891953	0.0789149	0.0275954	0.7050420	0.3733735	0.6581429	0.7179539	0.8804645	0.2902583	0.0485939	0.1426367	0.4239249	0.0035863	0.6372930	0.5124144	0.6474388	0.0643487	0.9102325	0.9382391	0.6056609	0.6178255	0.3157671	0.3515878	0.5317788	0.4478012	0.6096343	0.7421097	0.4448472	0.1031561	0.4886882	0.2199438	0.4904544	0.8507755	0.2294167	0.4367175	0.9483438	0.1701450	0.9776205	0.4913462	0.8737468	0.8623365	0.5097287	0.6222692	0.9765677	0.3403172	0.6804137	0.3658295	0.5334257	0.6706989	0.5066000	0.6243040	0.1549068	0.5096836	0.0621595	0.5471851	0.5476092	0.0268402	0.0311169	0.9756863
350	0.4218929	0.5008230	0.9645954	0.0751021	0.4147730	0.0000697	0.0305209	0.0269620	0.6090656	0.0293483	0.1698693	0.2137132	0.3777363	0.0027141	0.7127685	0.5066750	0.4710618	0.9361125	1.0548691	0.5840931	0.0815334	0.5557017	0.9257673	0.9411362	0.9484158	0.6204043	0.9699349	0.1036613	0.0851408	0.0160772	0.0675504	0.0706174	0.6663731	0.3783517	0.3249902	0.6348211	0.1329353	0.8038633	0.4372755	0.5944182	0.9755199	0.4458452	0.0552395	0.0528921	0.7104997	0.5045188	0.5493914	0.7014744	0.9047658	0.3239787	0.0508061	0.1128384	0.4189036	0.0048735	0.7337935	0.5434067	0.6619722	0.0736708	0.9905972	0.8951648	0.5099630	0.5949795	0.3188649	0.2378123	0.4654436	0.4381384	0.6309277	0.8268812	0.4628500	0.1137153	0.4693774	0.1907728	0.4982978	0.8154294	0.2594038	0.4650700	0.9338101	0.2328516	0.9633669	0.4822761	0.8795528	1.0668858	0.5287404	0.5688183	1.0522601	0.3666007	0.6370124	0.4278275	0.5121460	0.7430739	0.4410327	0.6068174	0.1333408	0.4973471	0.0436941	0.5737806	0.5348072	0.0374905	0.0216940	1.0214584
400	0.4290112	0.5415343	0.9912603	0.1401602	0.3516773	0.0006459	0.0317196	0.0267693	0.5974416	0.0271634	0.1722250	0.1566830	0.3172582	0.0003893	0.7091366	0.5152953	0.4617400	0.9752195	0.9417137	0.6459655	0.0634659	0.5822117	0.9627839	0.9101120	0.9260737	0.6404496	0.8536672	0.1201483	0.1029551	0.0358114	0.0642397	0.0734734	0.6861759	0.3622694	0.3207786	0.7809453	0.2209840	0.7240518	0.4521948	0.5908154	0.9892060	0.4278161	0.0360023	0.0596061	0.6372456	0.5049954	0.4867663	0.7160236	0.8213306	0.2877159	0.0720410	0.1175001	0.4161180	0.0155333	0.7268260	0.4861182	0.7038562	0.0801192	0.8896759	0.9432582	0.4718653	0.5574372	0.3613442	0.3464836	0.4517921	0.4200444	0.8479375	0.7250904	0.3803460	0.1554291	0.4541494	0.1767881	0.4993609	0.8972418	0.3057958	0.4404361	0.9538259	0.5391731	0.9239571	0.5127324	0.8510460	0.9718877	0.5458196	0.6236997	1.0753953	0.4091031	0.5917779	0.4050314	0.4875901	0.7009599	0.4314299	0.6417925	0.1305256	0.5875034	0.0257147	0.5075658	0.5779240	0.0346959	0.0146605	1.0715780
450	0.4905675	0.5154059	0.9857470	0.1329928	0.4322923	0.0000000	0.0359563	0.0125357	0.5856423	0.0313085	0.1425249	0.1766977	0.3747378	0.0040844	0.7650183	0.5224182	0.5548953	1.0406495	1.0364619	0.5985707	0.0901496	0.6137342	0.9946805	0.9562859	0.8681624	0.5864497	0.8800414	0.1082859	0.0972093	0.0405462	0.0845550	0.1167165	0.6592036	0.3984229	0.2727806	0.8006376	0.2209439	0.7855116	0.4159241	0.6034489	1.0054883	0.4680131	0.0518050	0.0821692	0.5920136	0.5938624	0.5395570	0.8705051	0.8763507	0.3437948	0.0824882	0.1265452	0.3855751	0.0268400	0.7502281	0.5564490	0.6994766	0.0630982	0.8840669	0.9719730	0.4414984	0.4842062	0.4680305	0.3097394	0.4785251	0.4849005	0.7713493	0.6505190	0.3006698	0.1273601	0.4600092	0.1619156	0.5111523	0.9254554	0.2858868	0.5090272	0.9253779	0.5621652	0.8752881	0.5076811	0.8747878	0.9857274	0.5965913	0.6051639	0.9731822	0.3730707	0.5655107	0.3438038	0.4159579	0.6173081	0.4537218	0.5932422	0.1175438	0.5735738	0.0305778	0.5570388	0.5337216	0.0218920	0.0178319	1.0239506
500	0.5083937	0.5239024	0.9366286	0.1617969	0.3765970	0.0004146	0.0317579	0.0033722	0.5816219	0.0347283	0.1063858	0.1854431	0.3616089	0.0081142	0.7632795	0.4515057	0.4800455	1.0583779	1.1023671	0.6020334	0.0482696	0.6849057	0.9518750	0.9303192	0.9986673	0.6423707	0.9166847	0.1297603	0.1034142	0.0307100	0.0498389	0.1085449	0.6233129	0.4409318	0.2668661	0.9660273	0.2093043	0.8130997	0.3624805	0.5582624	0.9579549	0.4608044	0.0524346	0.0886606	0.5819624	0.5523410	0.6149832	0.9373772	0.7988609	0.2968007	0.0933386	0.1263296	0.4034429	0.0437712	0.7652771	0.4820506	0.6594452	0.0716243	0.9270999	1.0131327	0.3879599	0.4618529	0.4459149	0.3153819	0.5764750	0.5110631	0.9493131	0.6392514	0.3670505	0.0573283	0.5116111	0.2208277	0.5536278	0.8595037	0.2726796	0.5872880	0.9504513	0.4643070	0.8450696	0.5940138	0.9497259	0.9653384	0.5906179	0.5689709	0.9978433	0.4582789	0.4699400	0.3709940	0.4928372	0.6347935	0.4608756	0.6209015	0.1452232	0.5557757	0.0287910	0.5518844	0.5359819	0.0213209	0.0224477	0.9699647
550	0.3825346	0.5726726	1.0492390	0.2111583	0.4406892	0.0020135	0.0275205	0.0102742	0.6986108	0.0351887	0.1315715	0.0951395	0.1774898	0.0683137	0.9222782	0.3922171	0.4424571	1.0232231	0.9488374	0.6492977	0.0590840	0.6809999	0.9648819	0.9332175	1.0172372	0.7715308	0.8509635	0.1071607	0.0978921	0.0352343	0.2587147	0.1282869	0.6030194	0.5712739	0.2592397	0.8198919	0.1571284	0.7266684	0.3624215	0.3528752	0.9300615	0.4780170	0.0616115	0.0721789	0.6524151	0.4428721	0.6199513	0.8828488	0.9984777	0.2642085	0.0882469	0.2601493	0.4140588	0.0269440	0.8129827	0.4868134	0.6720375	0.1045890	0.7308363	0.9563442	0.4838823	0.6116267	0.3779398	0.2822611	0.5718757	0.5162750	0.9371932	0.6881427	0.3429382	0.0698863	0.5412547	0.1795692	0.5471003	0.8093500	0.2223802	0.3211061	0.7950851	0.4961776	0.7739619	0.6341116	0.8937585	0.9955326	0.4785375	0.4868877	0.9917971	0.3857660	0.4411376	0.3204576	0.5400703	0.7243550	0.4470540	0.6345583	0.2069254	0.5423895	0.0670471	0.5415767	0.4342099	0.0219416	0.0306661	0.9900511
600	0.2336024	0.5260890	1.1207597	0.1477021	0.4382615	0.0010649	0.0392246	0.0165406	0.8651500	0.0294183	0.0969985	0.0824348	0.0601776	0.0784397	0.9072696	0.3879482	0.4677860	1.0109633	0.9379081	0.7267304	0.0916114	0.6550872	0.9904681	0.9991545	0.9775340	0.7793401	0.8780699	0.1169170	0.1802634	0.0293970	0.3261047	0.1120030	0.6176884	0.6598308	0.2619076	0.8470453	0.2076062	0.8096471	0.3852984	0.1306763	0.9452454	0.4783940	0.0560415	0.0524359	0.6917527	0.5713104	0.6044838	0.8641574	0.8941494	0.2951175	0.0828593	0.3769472	0.4396423	0.0137096	0.8119878	0.4659414	0.6881953	0.1961442	0.5816544	0.9818848	0.6654531	0.5232345	0.3855023	0.2393571	0.5110934	0.5936696	0.9564507	0.5826617	0.4222751	0.0530692	0.4103199	0.2310938	0.4479702	0.7935983	0.2206199	0.2212246	0.8678085	0.3874147	0.5095176	0.6470167	0.7466679	0.9605095	0.3403525	0.5414548	0.9474857	0.3837561	0.4111439	0.2869349	0.4799632	0.6929383	0.3996715	0.4638242	0.3013831	0.6041488	0.0627427	0.5284746	0.3031787	0.0324621	0.0564018	0.9581765
650	0.1022219	0.5388594	1.0230765	0.1596605	0.4786261	0.0005842	0.0282338	0.0150965	0.9661619	0.0211796	0.0796925	0.0881473	0.0036923	0.1095599	0.8510049	0.3571114	0.4746599	0.9989504	0.9400566	0.7451227	0.0540224	0.6044035	1.0487449	1.0029070	0.9629853	0.7771584	0.8679496	0.1306107	0.2111207	0.0389964	0.2847540	0.1057253	0.6324236	0.7457478	0.2678265	0.8014582	0.2861590	0.8150526	0.3238646	0.0248862	0.9731909	0.4304602	0.0623372	0.0510220	0.6999856	0.5167251	0.5704496	0.8082769	0.8614067	0.3673178	0.0589373	0.2836018	0.4628900	0.0034834	0.8282332	0.4931629	0.7357447	0.2346838	0.5224464	0.9740565	0.7494859	0.5925097	0.3136770	0.2813244	0.5509838	0.5008340	0.9303463	0.6714503	0.4296758	0.0664688	0.3970547	0.2788100	0.3853032	0.8031826	0.2876034	0.3256270	0.9348091	0.4400590	0.3638923	0.6168462	0.7894059	1.0180636	0.1947908	0.5977958	0.9162084	0.4181573	0.3667908	0.3077669	0.4974685	0.6767270	0.4126092	0.3420959	0.3735996	0.5009842	0.0838458	0.5801122	0.2526460	0.0242545	0.1581115	0.9934761
700	0.0519902	0.5545152	0.9585785	0.1755011	0.4360295	0.0009195	0.0362916	0.0219042	0.9399581	0.0227719	0.1047664	0.1014889	0.0123421	0.1180432	0.8278839	0.3397266	0.4889998	0.9846607	0.8827725	0.8193032	0.0507074	0.6891288	1.1160983	1.0051741	0.9498242	0.6788928	0.9050151	0.1712922	0.1975631	0.0347258	0.3185802	0.1174783	0.6191049	0.7697207	0.2335886	0.8213228	0.2562602	0.7747854	0.3247686	0.0232475	1.0189117	0.4673375	0.0778174	0.0138419	0.6780147	0.4679189	0.6330042	0.8340444	0.8314376	0.3204232	0.0666594	0.3338085	0.4912285	0.0014860	0.7535611	0.4765313	0.7494131	0.2769731	0.4972379	0.9427862	0.7378716	0.5735011	0.1485887	0.2926027	0.5409506	0.4622826	0.9411015	0.6341877	0.4564852	0.0613544	0.3349360	0.2520927	0.3182331	0.8410227	0.2614384	0.2922456	0.9667232	0.3539810	0.2979200	0.5911890	0.7693627	0.9952411	0.1501395	0.6222524	0.9987321	0.3299508	0.3180864	0.3564284	0.4176541	0.7840378	0.4012393	0.3300346	0.4078589	0.4927729	0.0907131	0.6083282	0.2481377	0.0114556	0.2735928	0.9212897
750	0.0438246	0.5939061	0.9831512	0.1497251	0.4320247	0.0028779	0.0291177	0.0204313	1.0078385	0.0284103	0.0928872	0.0744937	0.0014591	0.0923713	1.0490855	0.3686612	0.4240106	0.9986028	0.8798254	0.7591764	0.0660182	0.6509773	1.0985574	0.9947025	0.9954329	0.7433024	0.9499449	0.1448008	0.1635849	0.0536599	0.3074974	0.1082408	0.6279049	0.7882028	0.2897060	0.8197525	0.2030548	0.7380692	0.3975552	0.0188399	1.1002324	0.5038815	0.0448038	0.0460400	0.7525024	0.4603274	0.6413561	0.8284805	0.8793033	0.3983043	0.0446603	0.3303151	0.5173002	0.0033028	0.7426483	0.4424502	0.7730590	0.2435933	0.4672790	0.9859008	0.7889807	0.4859949	0.1872315	0.2897141	0.5007081	0.4774462	0.8905068	0.6535990	0.4087717	0.0471245	0.3744977	0.2985156	0.2999272	0.8929607	0.2724469	0.3084194	1.0230553	0.3700676	0.2850688	0.6436180	0.8071673	1.0729040	0.1162391	0.5873458	1.0059574	0.2619191	0.2709016	0.3865969	0.5706358	0.9037214	0.3747481	0.3268852	0.4248977	0.4608860	0.0897968	0.5659049	0.2386893	0.0174331	0.4029303	0.9172544
800	0.0446221	0.6342666	0.9776474	0.1399370	0.4405665	0.0008532	0.0217180	0.0328591	0.9545826	0.1021389	0.1087473	0.0458618	0.0055613	0.0775069	0.9663906	0.3129624	0.4157477	0.9518699	0.8655605	0.8807542	0.1022437	0.5994611	1.0217071	0.9990588	1.0195659	0.7347706	0.9460540	0.1214792	0.2401322	0.0554519	0.3570547	0.1319101	0.6227513	0.8786443	0.2775136	0.8894179	0.2674029	0.8079381	0.3326772	0.0125557	1.0149620	0.4981867	0.0635187	0.0819696	0.8315372	0.4321873	0.5184597	0.7476348	0.8143664	0.3571448	0.0621241	0.3545165	0.5072521	0.0019394	0.7714550	0.4272217	0.7168279	0.2249126	0.4655546	0.9864494	0.7260523	0.5668494	0.1653325	0.2592772	0.4856853	0.4863978	0.9661639	0.6777037	0.4702568	0.0589725	0.3558864	0.2576228	0.3065758	0.8971788	0.2480217	0.2727858	0.9713097	0.4604158	0.2933116	0.5623965	0.7329380	0.9659070	0.1133442	0.5720889	1.0723846	0.2813375	0.3156646	0.4237040	0.5228303	0.7719421	0.3945192	0.3208313	0.4139381	0.5452311	0.0657453	0.6382984	0.2221886	0.0144129	0.4448175	0.9719551
850	0.0296275	0.7013300	1.0719134	0.1169608	0.4447003	0.0031281	0.0220722	0.0426724	0.9586859	0.0994370	0.0736783	0.0925002	0.0035456	0.0910756	0.8855711	0.4163037	0.4682348	0.9837298	0.9339306	0.8954592	0.0784638	0.6681203	0.9310054	1.0505183	0.9888983	0.7732999	0.8664443	0.0908776	0.2617370	0.0633833	0.3409606	0.1248793	0.6128933	0.8677552	0.1755792	0.9649441	0.2214098	0.7234105	0.3710335	0.0192323	1.0957641	0.4425144	0.0815311	0.0585625	0.7993419	0.5072370	0.4557075	0.7692176	0.8013066	0.3359441	0.0658221	0.3294851	0.5363197	0.0039167	0.7493091	0.4059034	0.7071591	0.2438345	0.4928054	0.9749855	0.7517789	0.5400621	0.1603941	0.3053816	0.4494511	0.4880877	1.0630011	0.7673654	0.3919720	0.0605646	0.4216851	0.1955097	0.2464318	0.8219068	0.3394807	0.3364717	0.8964809	0.4167708	0.2867525	0.6286324	0.7832750	0.8716875	0.1112699	0.6099731	1.0329022	0.2760601	0.2904255	0.4350703	0.4884445	0.7131514	0.4560044	0.2568250	0.3954207	0.6337116	0.0814093	0.6142780	0.2117580	0.0132918	0.4531740	0.9344573
900	0.0152759	0.6786383	0.9280917	0.1406047	0.4971149	0.0024111	0.0376133	0.0187753	0.9894405	0.1519295	0.1075594	0.1155339	0.0070248	0.0979011	0.9208193	0.2901244	0.4695539	1.0805884	0.8450737	0.8800532	0.0680989	0.5640927	0.8855599	1.1318680	0.9592127	0.6882763	0.8530463	0.0881364	0.2112894	0.0408722	0.3543897	0.1173941	0.5716339	0.8109236	0.1881128	0.8289226	0.2578990	0.6733913	0.4115275	0.0200729	0.9515537	0.4066850	0.0959055	0.0654268	0.7375759	0.6041280	0.5111438	0.8200890	0.8332827	0.2956000	0.0848685	0.3164253	0.5141780	0.0068667	0.6795942	0.3848201	0.8162952	0.2413706	0.3906207	1.0750616	0.8506062	0.5670282	0.0853949	0.3251625	0.5202119	0.5290217	1.0576003	0.7263390	0.3451963	0.0300371	0.3689393	0.1626886	0.2267599	0.8621755	0.3562705	0.3113468	0.9361421	0.2348990	0.2671758	0.6710837	0.7369887	0.9083836	0.0927735	0.6857680	1.1541098	0.2444285	0.2856269	0.4408889	0.4958822	0.9376007	0.4823335	0.2051908	0.3663759	0.5483772	0.0833523	0.6609406	0.2359554	0.0104208	0.5047947	0.9021638
950	0.0083927	0.7049094	0.9058801	0.1659581	0.4748221	0.0040639	0.0421583	0.0174975	1.0128909	0.2936660	0.1188368	0.1277192	0.0015283	0.1096506	1.0053773	0.3203376	0.3679477	1.0955992	0.8801741	0.8372787	0.0761488	0.5210503	0.8979596	1.0389481	0.9212123	0.7356900	0.8446310	0.0856151	0.2222236	0.0400641	0.4060906	0.1234583	0.5996183	0.7861268	0.2130174	0.8910072	0.4016302	0.5957123	0.3406780	0.0307568	0.9051623	0.4020373	0.0846175	0.0706347	0.6970580	0.5927960	0.6103270	0.9872013	0.9037002	0.2958738	0.0824879	0.2916332	0.6591503	0.0007439	0.6917762	0.3589965	0.8193964	0.2540557	0.4190893	0.9899297	0.8534810	0.6247126	0.1676168	0.3142997	0.5723289	0.5389859	1.0143883	0.7320099	0.3950678	0.0236316	0.3974148	0.1639953	0.1889692	0.8407560	0.3617504	0.3545775	1.0217670	0.1556060	0.3142056	0.6839245	0.7844370	0.8968166	0.1013751	0.6189041	1.1064823	0.2529810	0.1909307	0.4237544	0.5698223	0.8196419	0.5501800	0.2224185	0.3735970	0.5224804	0.1709031	0.6225823	0.2727839	0.0185012	0.4640335	0.9050494
1000	0.0101161	0.6753830	0.9324434	0.1747935	0.4493835	0.0044204	0.0218055	0.0113222	0.9841447	0.4171941	0.1337316	0.1129673	0.0042503	0.0942529	0.9150876	0.3725087	0.3848707	1.0230169	0.9105903	0.8747334	0.0736596	0.7318807	1.0269863	0.9713138	0.8558365	0.8309761	0.8490548	0.1162518	0.2370846	0.0403189	0.3814918	0.1175102	0.6144295	0.7339154	0.2761761	0.9649938	0.3732224	0.6213582	0.4329252	0.0472074	0.8668079	0.4636102	0.0693683	0.0844970	0.7142726	0.4929355	0.6795654	0.9914858	0.8392588	0.2980945	0.0790382	0.3023703	0.7848250	0.0003080	0.6695291	0.4082080	0.8418969	0.2580952	0.4825674	1.0311668	0.9192087	0.5763520	0.2003979	0.2906339	0.5862344	0.5887539	1.0906414	0.6488760	0.4067930	0.0320366	0.3506617	0.1704046	0.1437598	0.8259237	0.2925350	0.3287313	0.9587368	0.2190997	0.3332553	0.6654622	0.7056107	0.9461259	0.1069514	0.6382259	1.0640573	0.2426681	0.1769486	0.4502848	0.5877772	0.8009737	0.4686190	0.3055193	0.3356754	0.5480802	0.1548116	0.5979710	0.2564945	0.0294725	0.4837079	1.0292627

0	0.0094491	0.6355617	1.0459758	0.0876986	0.4170952	0.0015965	0.0357302	0.0201856	0.7842026	0.5482911	0.1482550	0.1067167	0.0074763	0.0795139	0.9263252	0.4386615	0.5117037	1.0187251	0.9869150	0.9112762	0.0675828	0.6396705	0.9879649	0.9056811	1.0249936	0.8053086	0.8415975	0.0956169	0.2807776	0.0361236	0.3476186	0.0945586	0.7647381	0.8073502	0.2691465	0.9854445	0.2644993	0.7761342	0.3511720	0.0142404	0.9503393	0.3956488	0.0912837	0.0721673	0.8039584	0.5632487	0.5721011	0.9104100	0.8750489	0.3877912	0.0490860	0.3690556	1.0040851	0.0016799	0.7496314	0.4296180	0.7445798	0.3138374	0.4763448	0.9977159	0.8917758	0.5763065	0.2317245	0.3844034	0.5377636	0.4876338	1.0898320	0.8135737	0.5024926	0.0491368	0.3912071	0.2335426	0.3169327	0.9297559	0.3112694	0.3637340	0.9584119	0.1589398	0.2670455	0.6498318	0.7931145	1.0351174	0.1402507	0.6535788	1.0095359	0.4184859	0.2245238	0.5131035	0.6073464	0.7854143	0.4606182	0.1309775	0.4648780	0.5528648	0.0723851	0.5781484	0.2784400	0.0363961	0.5378107	0.9932421
50	0.0104657	0.7280597	0.9312041	0.1425672	0.4392234	0.0020726	0.0212353	0.0375372	0.7842313	0.4186165	0.1029376	0.0838340	0.0027832	0.1481728	0.9330427	0.3973914	0.4621346	1.0357808	0.9172225	0.9059922	0.0696707	0.8354327	1.0038949	1.0518205	0.8113264	0.8041472	0.8254480	0.0937168	0.3026306	0.0346940	0.3515873	0.0539228	0.5965355	0.8587724	0.2465522	0.8957959	0.1465551	0.7455435	0.4442207	0.0204799	0.8960006	0.4441337	0.0929536	0.0530774	0.8214018	0.4106580	0.6209679	0.8140842	0.8787700	0.3923083	0.0539629	0.3755014	1.0027778	0.0001478	0.7758945	0.5793149	0.8365325	0.2819477	0.4124287	1.0353001	0.7928756	0.5252953	0.1919598	0.2205236	0.4773525	0.5108162	0.9470019	0.7253111	0.3445064	0.0309727	0.3190464	0.2254434	0.2519130	0.8770187	0.3663824	0.3630783	0.9322995	0.4163096	0.1506603	0.6160292	0.6898815	0.9991739	0.2746152	0.6627845	0.9599413	0.4703378	0.3255748	0.4573569	0.5742441	0.8236150	0.4628140	0.2593636	0.4375069	0.4905208	0.1207931	0.5649280	0.2042880	0.0384161	0.5001816	0.9525413
100	0.0148565	0.8695058	0.9823875	0.1323662	0.4100237	0.0009058	0.0231537	0.0307066	0.7659768	0.4035000	0.0969731	0.0883563	0.0053176	0.1033578	0.9533655	0.3229709	0.3936825	0.9410389	1.0348809	0.8261984	0.0594329	0.8576955	0.9684181	1.0372393	0.8485979	1.0057628	0.8438795	0.1196739	0.2932438	0.0350189	0.3470063	0.0646317	0.6810042	0.8334027	0.3322320	0.8747291	0.1939874	0.7795280	0.5262804	0.0255219	0.9798005	0.4321313	0.0907546	0.0396831	0.8747957	0.4708003	0.6228714	0.7860628	0.8101842	0.3511387	0.0663122	0.4272844	1.0020431	0.0000000	0.7284146	0.8300688	0.8561797	0.2830161	0.3567286	0.9712223	0.8655169	0.5254733	0.1745925	0.2907305	0.5141427	0.4593707	0.9071897	0.7230512	0.2446168	0.0477108	0.3197427	0.1621701	0.3203042	0.9151126	0.4131614	0.4328852	0.9401541	0.4040996	0.1928831	0.6434940	0.6869865	0.9450404	0.4967490	0.6913539	1.0582435	0.6183490	0.3830638	0.4853527	0.5970462	0.8368463	0.5149116	0.5847639	0.4707368	0.5775760	0.1125311	0.5698013	0.2200083	0.0180228	0.5596772	0.9883586
150	0.0158781	0.9263866	0.9988751	0.1588873	0.4104840	0.0001439	0.0438042	0.0537005	0.7975292	0.4383479	0.0720245	0.1000160	0.0023172	0.1111760	0.8977479	0.3521610	0.3366637	1.0234286	0.9895566	0.8114613	0.0490692	0.9846090	0.9942082	0.9852414	0.8310385	0.9826549	0.9049641	0.1065449	0.1957045	0.0290701	0.4136157	0.0799849	0.7781661	0.7912380	0.3675576	0.8934598	0.2340260	0.8550791	0.5076394	0.0255730	0.9463758	0.4484254	0.0769585	0.0277608	0.8066090	0.4818195	0.6440582	0.8959512	0.9619011	0.3589520	0.0741161	0.4177038	0.9247742	0.0007674	0.7233786	0.8529280	0.8247078	0.2766226	0.3361141	0.9626121	0.9185116	0.5912967	0.1207706	0.3199635	0.5159573	0.5201210	0.9822690	0.7912402	0.1489127	0.0622157	0.3828123	0.2009655	0.3677078	0.9473013	0.4523960	0.4447489	1.0311537	0.5710044	0.1964680	0.5899151	0.7337634	1.0301695	0.6003168	0.6297915	1.0204824	0.7305641	0.3817970	0.4929570	0.5242148	0.7691432	0.5702725	0.6802306	0.3861929	0.5318320	0.1122429	0.6362621	0.2307406	0.0294520	0.6241496	0.9733987
200	0.0128232	1.0125997	0.8717459	0.1866545	0.3692559	0.0020973	0.0392795	0.0273905	0.7169205	0.4352012	0.1149615	0.0834641	0.0063534	0.1011864	0.9684370	0.2737456	0.3249963	1.1286989	0.9773885	0.8048674	0.0779743	1.0233350	0.9411195	1.1177707	0.9091917	1.0128012	0.9565716	0.0801315	0.2179784	0.0327408	0.3994131	0.0915604	0.6965973	0.8172611	0.4129169	0.8803336	0.2322792	0.8178814	0.4676173	0.0383828	0.9538078	0.4112120	0.0899302	0.0609676	0.6888354	0.4010122	0.5157598	0.8296742	1.0198184	0.3785804	0.0656434	0.4430284	0.9486545	0.0015596	0.7431354	0.9377256	0.8650186	0.2774621	0.3792418	0.9631119	0.9785866	0.5984632	0.1394241	0.2896886	0.5192714	0.6056857	1.0329792	0.6975963	0.1113089	0.0719799	0.3859083	0.2694723	0.4997279	0.8909020	0.5204087	0.4844556	0.9909535	0.6115969	0.2271615	0.5623610	0.7490975	1.0428302	0.6574821	0.7098787	1.0587732	0.7629823	0.3626382	0.5114317	0.4825856	0.7625666	0.5432528	0.7194235	0.3984727	0.5629487	0.1353660	0.6776295	0.2004683	0.0383364	0.7386702	0.9892827
250	0.0098520	0.9382384	0.9659910	0.1642012	0.3745168	0.0015021	0.0397049	0.0238023	0.7581018	0.3948489	0.1002225	0.1105840	0.0037012	0.0992789	0.9743752	0.2673448	0.3252168	1.0496092	1.0791361	0.9077171	0.0703529	0.9892824	1.0435412	1.0422723	0.9008939	1.0736907	0.9169359	0.0590784	0.1977484	0.0170493	0.3567354	0.0971387	0.6707679	0.8030790	0.3965643	0.8703071	0.1798133	0.8661535	0.5526736	0.0253582	0.9205453	0.4710950	0.0593375	0.0676707	0.7522702	0.5707656	0.6012517	0.8506547	0.9694653	0.3467810	0.0588970	0.4083611	0.8854635	0.0045808	0.7886989	1.0081848	0.8002268	0.3184205	0.3308584	0.9893066	0.9684614	0.5955956	0.2377879	0.3071822	0.6753509	0.5294735	0.8828574	0.6959630	0.0753081	0.1152575	0.3700791	0.2660151	0.4839484	0.8908726	0.4371256	0.4382145	0.9514275	0.5288244	0.2215052	0.5705933	0.7596532	0.9325218	0.6265658	0.6500481	0.9660889	0.7901203	0.3491698	0.4681650	0.5936545	0.7634086	0.4382326	0.7336901	0.4704999	0.5185606	0.1416339	0.6834043	0.2284400	0.0462836	0.6827463	1.0231814
300	0.0137764	0.8912661	0.9934204	0.2025833	0.3802182	0.0000638	0.0322116	0.0201859	0.8099039	0.4725002	0.0754349	0.1005972	0.0049947	0.1337701	0.9481975	0.2068277	0.3210467	0.9635547	0.9816957	0.9337838	0.0863017	0.9943328	1.1053301	1.0291393	0.8807179	0.9906143	0.8687389	0.0537255	0.1785549	0.0228154	0.3061421	0.0976204	0.6562125	0.8632876	0.4366683	0.8753547	0.2451363	0.8876028	0.5574953	0.0329708	0.9248041	0.4770747	0.0956836	0.0822776	0.7168623	0.6631182	0.6544629	0.9298589	0.9119090	0.2693179	0.0639305	0.4019071	0.9933663	0.0063900	0.8218251	1.0146400	0.7410997	0.3050362	0.3804349	1.0319823	0.9392368	0.6146653	0.2557050	0.2765885	0.5984687	0.5572867	0.8953288	0.8211076	0.0709336	0.1162689	0.3536646	0.1929301	0.5214743	0.7787427	0.3978465	0.4395148	0.9553712	0.6152413	0.2327318	0.6090601	0.8812709	1.0673262	0.7244230	0.5869755	0.8871217	0.7454446	0.3304487	0.4300303	0.5233228	0.7840351	0.4207629	0.8135513	0.4235961	0.5277086	0.1485770	0.6420419	0.2349293	0.0525171	0.6322797	1.0233396
350	0.0111991	0.9504989	1.0462514	0.2322044	0.3806998	0.0007853	0.0225310	0.0201612	0.8235523	0.4352861	0.1100014	0.1033403	0.0007701	0.1039088	0.8719632	0.2200218	0.3223893	0.9119044	0.8888555	0.7962896	0.0716042	0.9177793	0.9937196	1.0402905	0.7765008	0.9876744	0.7921866	0.0459949	0.1462174	0.0279672	0.3273792	0.0620175	0.6707424	0.8212493	0.5280012	0.9159951	0.3362519	0.9436323	0.6294003	0.0347995	1.0147455	0.4459765	0.0892260	0.0672548	0.6406833	0.4935569	0.6636382	0.8827221	0.8894942	0.3091958	0.0642992	0.4138236	0.9701033	0.0002393	0.8399574	0.9992523	0.8338834	0.2259520	0.4193256	1.0294007	0.8957508	0.5988821	0.2435491	0.2714403	0.5180393	0.5243179	0.9065162	0.8222054	0.0541741	0.0992566	0.3676897	0.1800203	0.5380567	0.7957394	0.4490137	0.4208859	0.8914659	0.5668873	0.2252390	0.6337731	0.8094170	1.0651218	0.7377581	0.6336970	0.9602647	0.7550260	0.3362638	0.4439828	0.5882632	0.8471100	0.4442922	0.7859207	0.4299932	0.5232519	0.1585967	0.6108901	0.2660828	0.0603770	0.6063374	1.0170502
400	0.0072644	0.9803826	1.0116503	0.1731583	0.3269443	0.0013803	0.0464184	0.0132856	0.8395160	0.4684781	0.1396843	0.0859440	0.0044207	0.1095547	0.8763865	0.2383816	0.3528784	0.9795456	0.8707770	0.7834427	0.0789616	0.9276071	0.9626270	1.0913999	0.8792997	0.9567727	0.7500838	0.0496431	0.1194092	0.0181465	0.3024586	0.0845991	0.6072808	0.8186410	0.4614599	0.8599281	0.2772263	0.8936468	0.6408759	0.0256221	0.9833816	0.4180248	0.0658646	0.0746118	0.6953645	0.4525620	0.6500703	0.9227153	0.8371797	0.3316376	0.0589954	0.5396494	0.9798170	0.0030507	0.8424938	0.9371343	0.7318665	0.2989659	0.4960061	0.9996903	0.8713344	0.6216869	0.2599605	0.2835470	0.5784154	0.5173060	0.9863869	0.7363879	0.1055339	0.1628981	0.3940420	0.2175788	0.5628606	0.9154339	0.4972021	0.3732984	0.9565529	0.6302550	0.2502068	0.6674736	0.8207851	0.9503391	0.7527535	0.6279388	0.9788106	0.6993621	0.2961397	0.4800269	0.5040235	0.8561199	0.4616325	0.7502937	0.3827743	0.6065701	0.2021205	0.6423834	0.2586687	0.0426595	0.5878709	1.0059122
450	0.0087722	0.9823110	0.9515339	0.1347796	0.3329311	0.0045452	0.0490233	0.0181092	0.8222433	0.4910628	0.0989825	0.0920500	0.0046685	0.1178215	0.9005264	0.2889179	0.3401620	1.0198081	0.8856201	0.7675976	0.0746872	0.9977263	0.9874460	0.9758197	0.8327963	1.0139350	0.6329396	0.0543640	0.1249996	0.0149547	0.3514561	0.0692778	0.7455987	0.7902457	0.4186353	0.8126783	0.2406665	0.8819143	0.6035642	0.0352715	0.9461416	0.5527735	0.0611215	0.0694475	0.8547456	0.4077673	0.6735773	0.8834651	0.8299311	0.3563110	0.0762627	0.4832563	0.9328113	0.0001314	0.8287087	0.8787956	0.7571267	0.3221953	0.3990891	0.9799328	0.8250708	0.5768332	0.2681185	0.2477147	0.5566517	0.5335482	0.9977167	0.8183596	0.0690479	0.1722002	0.3630521	0.2221378	0.5691003	0.9895021	0.4527536	0.3356023	0.9215456	0.8005221	0.2051028	0.6838655	0.7334879	0.9990054	0.7573505	0.5156836	0.9982826	0.7655549	0.3766743	0.4878059	0.6117243	0.7386455	0.5357370	0.8538160	0.3806206	0.5506924	0.1519092	0.5984662	0.2136626	0.0531549	0.6110666	0.9713793
500	0.0149802	0.9864051	1.0221982	0.1110251	0.3603225	0.0014485	0.0456418	0.0179345	0.7497879	0.4427046	0.0783391	0.0794413	0.0079471	0.1139327	0.8963675	0.2909972	0.3618669	1.0944211	0.9258024	0.8514665	0.0856942	0.9808522	1.0249314	1.0054482	0.6976337	1.0653879	0.6205227	0.0593569	0.1069215	0.0205610	0.3841148	0.0899502	0.7101758	0.8009052	0.4440754	0.7072908	0.2073714	0.9394002	0.5845079	0.0352979	0.9237213	0.4721106	0.0635373	0.0657637	0.9272756	0.3953235	0.7020248	0.8266416	0.7718124	0.3741479	0.0726192	0.4288479	0.9478220	0.0028805	0.7467417	0.8698807	0.7666249	0.3482957	0.3114728	1.0019674	0.8739026	0.6269646	0.2014089	0.2464672	0.5658401	0.5386419	1.1312610	0.7862998	0.0610893	0.0985339	0.3351983	0.2420351	0.6457789	0.9340038	0.5161298	0.3377424	0.8990301	0.8160267	0.1999803	0.6679220	0.6741947	1.1123389	0.7581585	0.5588906	0.9434657	0.8422718	0.4320071	0.4481843	0.5296652	0.7553572	0.5723152	0.7795002	0.4276307	0.5637258	0.1170064	0.6398256	0.1742707	0.0322106	0.6210852	1.0916047
550	0.0253869	0.9230032	1.0136297	0.0800491	0.4005877	0.0038542	0.0593559	0.0192177	0.7108259	0.3456303	0.0697343	0.1000681	0.0004504	0.1323592	0.8687093	0.2161956	0.3626030	1.0799967	0.9396309	0.8116710	0.0732634	0.7623282	1.0002807	1.0547283	0.7753366	0.8154759	0.7772768	0.0582995	0.1083053	0.0259704	0.3580741	0.0848031	0.7959928	0.7311804	0.5113661	0.7516787	0.1545452	0.8040712	0.5309730	0.0194338	0.9418172	0.5020358	0.0659639	0.0507497	0.8218223	0.4062105	0.5992502	0.8025910	0.8042348	0.4103398	0.0852821	0.4266428	0.8952057	0.0004988	0.7814496	0.7364644	0.8944938	0.3744684	0.3603620	0.9079672	0.7540609	0.6231024	0.1352173	0.2035825	0.5042774	0.5294959	1.0401362	0.7629445	0.2167544	0.1405597	0.4353752	0.2496568	0.6238127	0.9288733	0.4450927	0.3274808	0.8966711	0.5496809	0.2337792	0.5639919	0.6533475	1.0565211	0.5227692	0.4135856	1.0770663	0.6461505	0.4974630	0.5107251	0.5464813	0.8217950	0.6976302	0.6862408	0.3812122	0.5991208	0.1252696	0.6411764	0.1769660	0.0333729	0.6141442	1.0693499
600	0.0105949	0.7729240	1.1140318	0.0837033	0.3757117	0.0003798	0.0346368	0.0371200	0.7877073	0.4035515	0.0998804	0.1249432	0.0167412	0.1254205	0.8924910	0.2212892	0.4467579	0.9879224	1.0350888	0.8114555	0.0439940	0.7161408	0.9139680	0.9574825	0.7546276	0.7171295	0.6563025	0.0550077	0.1142440	0.0225399	0.3739603	0.0706127	0.7671547	0.7908228	0.3901822	0.7713361	0.1663305	0.7670219	0.4351493	0.0132897	0.9045438	0.4390504	0.0732590	0.0576002	0.7791703	0.4568698	0.5196557	0.7391189	0.8804687	0.3631930	0.0765183	0.3569050	0.9191913	0.0019420	0.8074002	0.6147010	0.8139183	0.3337474	0.4819584	0.8663570	0.6529490	0.5686855	0.0972165	0.2061855	0.4326688	0.5024079	1.0365646	0.7105253	0.3835083	0.1549529	0.4185762	0.3507957	0.5582103	0.9345638	0.4501848	0.2557861	0.8943491	0.4917847	0.1805331	0.5739053	0.7057131	0.9969437	0.2923535	0.4380768	1.0812725	0.4936478	0.4260638	0.4852918	0.5356272	0.8072202	0.6556957	0.4099361	0.4536850	0.5867345	0.1081301	0.6044048	0.2419258	0.0315812	0.5794889	1.1178499
650	0.0126175	0.6643555	1.0741317	0.0752147	0.4219976	0.0005103	0.0362220	0.0301351	0.8022528	0.4373779	0.1304116	0.0789438	0.0033233	0.1571590	0.8781325	0.2983258	0.4422844	0.9409269	1.0351354	0.8806535	0.0605259	0.5904697	0.9188438	0.9768764	0.6925509	0.6380482	0.6075624	0.0819980	0.1469191	0.0187933	0.4035068	0.0660812	0.7044310	0.9101406	0.3417564	0.7687374	0.2313970	0.6900303	0.3602806	0.0348135	0.9306511	0.3825519	0.0885823	0.0463806	0.8959796	0.5207738	0.5333089	0.8328411	0.8343902	0.3687928	0.0676412	0.3114683	0.9165085	0.0009337	0.7459106	0.5743923	0.7640900	0.3466779	0.4646349	0.9143501	0.6598541	0.6038633	0.1291915	0.2502189	0.4399362	0.5199930	1.0617798	0.8318715	0.4283633	0.1064071	0.4132310	0.2677882	0.4723423	0.8603244	0.3747912	0.1949647	0.8730681	0.4010128	0.2086903	0.6016616	0.6276778	0.8928121	0.1998867	0.4105608	0.9654869	0.4429234	0.4596564	0.5552808	0.5407876	0.7830571	0.5302928	0.2694955	0.3836966	0.6493493	0.1000807	0.5545768	0.2108665	0.0221868	0.6158478	1.0949143
700	0.0097235	0.5902883	1.0738837	0.0843017	0.4815044	0.0000000	0.0523213	0.0182879	0.8184137	0.4092047	0.0999938	0.0840336	0.0056738	0.1330052	0.8306380	0.3930657	0.5357118	0.9370088	0.9397901	0.8486326	0.0840507	0.5482500	1.0297059	0.9620680	0.6688954	0.6205748	0.7983528	0.1053655	0.1517905	0.0300468	0.4066812	0.0853359	0.7043697	0.8760653	0.3273761	0.7837557	0.2938847	0.6718330	0.3295459	0.0116691	0.9580851	0.3939008	0.0915602	0.0647905	0.8423729	0.5544357	0.5274455	0.8134403	0.8655061	0.3896027	0.0713968	0.2736793	0.9064019	0.0009417	0.7596433	0.5624150	0.7348294	0.3829709	0.4865536	0.9195144	0.6665213	0.5456933	0.1351819	0.2611869	0.4748911	0.5001534	1.0722465	0.8260101	0.4479860	0.0926900	0.3540410	0.1944626	0.4040638	0.9953992	0.2815621	0.1916507	0.9154831	0.2731907	0.2407143	0.6414888	0.6926301	0.9453473	0.1293345	0.4550583	1.0424579	0.4297689	0.3469721	0.6437466	0.5175707	0.8807650	0.5572307	0.2765720	0.3827940	0.5720134	0.0631983	0.5176126	0.2132209	0.0251374	0.5334634	1.0616311
750	0.0100077	0.5752132	1.0517489	0.1358133	0.5104996	0.0020498	0.0394417	0.0168957	0.8588269	0.4864075	0.1041801	0.1092607	0.0018913	0.1430675	0.9492354	0.3698076	0.4197382	1.0003500	0.9494206	1.0055482	0.0861769	0.5728494	0.9300670	1.0122362	0.7729433	0.6656234	0.7427789	0.1036847	0.1849110	0.0559218	0.3815595	0.0899819	0.6780381	0.8759504	0.2772222	0.8639297	0.3856850	0.7159790	0.3394179	0.0199378	0.9533144	0.3853408	0.0789863	0.0809665	0.7243396	0.5720317	0.5543632	0.7980522	0.8549180	0.3520214	0.0943962	0.3034338	0.8476224	0.0002107	0.8303576	0.5989532	0.7956539	0.3376575	0.4954427	0.9988484	0.7347359	0.5817191	0.1423354	0.2835063	0.5211208	0.5713996	1.0351715	0.7369593	0.4763177	0.0643616	0.3181163	0.2515316	0.3079421	0.9863674	0.2739310	0.2501390	0.9433765	0.2214493	0.2996012	0.6359022	0.7461900	0.9663984	0.1452541	0.5340676	0.9205600	0.4255228	0.2766218	0.5156091	0.5617252	0.8160172	0.5061994	0.1734417	0.3085092	0.6698539	0.0903495	0.5899037	0.2293530	0.0272883	0.5667943	1.0669718
800	0.0126104	0.5167309	0.9908055	0.1672657	0.4474519	0.0016552	0.0217897	0.0288471	0.8010240	0.5039959	0.1099421	0.0956848	0.0031038	0.1279209	0.8953413	0.4090561	0.4349315	1.0599741	0.9429750	0.9989628	0.0566820	0.6477923	0.9651634	1.0543180	0.7493933	0.6166206	0.8287672	0.1008408	0.2315006	0.0405162	0.4134685	0.0993716	0.6496437	0.8081391	0.3294697	0.8726495	0.3959791	0.6871851	0.3709686	0.0142664	0.9637012	0.3972162	0.0953573	0.0724294	0.7254262	0.5629425	0.5502669	0.7376451	0.8341037	0.3315878	0.0910345	0.3229851	0.9195852	0.0028587	0.7786431	0.5099761	0.7607803	0.2928994	0.4973208	0.9850932	0.8432270	0.5468372	0.2099187	0.3273934	0.5213217	0.6148472	1.0235557	0.7850436	0.5064166	0.0413249	0.3242258	0.2441514	0.2987459	0.9831467	0.3053620	0.2945843	1.0549872	0.2065962	0.2728645	0.6809958	0.7890446	1.0694679	0.1175399	0.6204951	1.0024552	0.3444089	0.2085741	0.4967500	0.5954321	0.7773247	0.5036080	0.1214051	0.3493898	0.6173414	0.1117269	0.6242800	0.2821033	0.0299666	0.5606267	1.0974385
850	0.0176409	0.5395174	1.0593637	0.1621420	0.5320359	0.0029697	0.0444066	0.0421193	0.6920923	0.4711422	0.1152607	0.0866829	0.0030786	0.1107619	0.9572640	0.4110856	0.4327408	1.0155644	1.0144501	0.9643732	0.0837709	0.6460477	0.9874109	1.0609683	0.7212519	0.8130105	0.8564050	0.1018961	0.2832385	0.0402953	0.4136532	0.0861663	0.6570222	0.8747414	0.3125685	0.9699184	0.3394587	0.6971114	0.3912553	0.0070837	1.0094877	0.4060061	0.0958668	0.0797620	0.7120990	0.5472900	0.4508614	0.7259482	0.8532396	0.3272774	0.0820358	0.3343264	0.9440633	0.0033387	0.7496036	0.5682209	0.7359759	0.3134746	0.4733136	0.9336999	0.8326795	0.5648480	0.1980730	0.2859562	0.4878297	0.5415616	0.9730856	0.6722074	0.5765514	0.0273115	0.3600978	0.2780620	0.3356564	0.9153868	0.2753949	0.4259723	0.9120602	0.2179181	0.2901839	0.6877785	0.7703098	1.0506230	0.1055127	0.5899000	1.0122946	0.2500753	0.1966210	0.5173158	0.6485196	0.8718549	0.5171754	0.0976532	0.4368712	0.5783811	0.1308685	0.5711059	0.2566415	0.0283110	0.5604092	1.0019589
900	0.0246976	0.5760861	0.9465814	0.1405007	0.5033043	0.0058509	0.0424400	0.0324903	0.7150681	0.4652356	0.1261524	0.1226955	0.0036635	0.1234667	0.7837589	0.4001122	0.3465650	1.0442522	1.0276148	0.8589813	0.0713023	0.5556054	0.9485407	0.9819299	0.8086970	0.7152577	0.9232529	0.1301699	0.2251965	0.0404971	0.3366476	0.0595989	0.6467646	0.9082240	0.2621549	0.9332878	0.2742119	0.7202155	0.3604900	0.0092024	0.9211773	0.4432107	0.1008060	0.0532259	0.7972789	0.6055031	0.5057027	0.8444919	0.8973057	0.3164117	0.0837221	0.3969676	0.8249189	0.0024450	0.7759559	0.5453212	0.7587108	0.2835540	0.5095553	0.9427221	0.7725519	0.5759991	0.2672099	0.2276182	0.4978555	0.5161827	1.0331225	0.7462106	0.5362911	0.0553940	0.3545468	0.2719105	0.3524474	0.8788954	0.2602520	0.4453837	0.9333765	0.2145087	0.2371307	0.6458500	0.8680795	0.9402193	0.1019601	0.6956797	0.9949181	0.3256108	0.2251002	0.3962180	0.6053164	0.8318313	0.5126335	0.0849030	0.4398996	0.4766013	0.1252040	0.6102251	0.2282082	0.0588417	0.5593791	1.1222935
950	0.0108978	0.6973356	0.9357778	0.1901774	0.5742743	0.0023714	0.0230734	0.0238064	0.7690517	0.3809588	0.1072121	0.1151115	0.0092882	0.1500222	0.8298775	0.3918716	0.3599916	1.0648607	0.9340416	0.9498024	0.0895661	0.6431675	1.0041387	0.9478464	0.8403388	0.7000446	0.9535572	0.1328380	0.2233442	0.0321462	0.3732818	0.0850424	0.6276220	0.9239183	0.2673558	0.8678017	0.3827021	0.7798580	0.3848333	0.0306176	0.9719078	0.4587955	0.1014198	0.0419516	0.6638676	0.6473546	0.5016886	0.8249908	0.8383861	0.2963869	0.0775924	0.3780585	0.8716409	0.0002018	0.8174016	0.4608853	0.7552676	0.2961514	0.5217567	0.9779393	0.7566068	0.5336201	0.2844938	0.2851221	0.5412437	0.4989048	1.0757861	0.6968898	0.4879974	0.0413905	0.3563628	0.2077325	0.3351347	0.9846594	0.2523001	0.4028293	0.9209715	0.1425129	0.2706633	0.6897036	0.7318345	0.9357221	0.0909939	0.7084394	0.9076439	0.3631282	0.1759465	0.4421285	0.6085682	0.7271081	0.5100699	0.1004738	0.4379190	0.4365860	0.1283575	0.5773505	0.2285404	0.0349305	0.5825183	1.0000068
1000	0.0172077	0.6488929	1.0109080	0.1908127	0.4879353	0.0006090	0.0321507	0.0228224	0.8425053	0.3653163	0.1313021	0.0710436	0.0070619	0.1291106	0.9289463	0.3832053	0.3729300	1.0742252	0.8588734	0.8948868	0.0864783	0.6832631	0.9725474	0.9903607	0.8179745	0.7339275	1.0062741	0.1120579	0.2051818	0.0404488	0.4024223	0.0859785	0.6015148	0.8498864	0.2313798	0.9858737	0.3672489	0.7913863	0.4160829	0.0192001	0.9360066	0.5467299	0.0898248	0.0523713	0.6196912	0.5938783	0.4739425	0.8638165	0.8364438	0.3240331	0.0961490	0.3202573	0.9553673	0.0021958	0.7475287	0.4672016	0.7686173	0.2859664	0.4515948	0.9620215	0.6575381	0.5651661	0.2679276	0.3083290	0.5722014	0.5178794	0.9837082	0.6682597	0.5384528	0.0264683	0.3762380	0.1610716	0.2798451	0.8586201	0.2543260	0.3734468	0.9513355	0.1793673	0.2794407	0.7583132	0.7398604	0.9697322	0.1272098	0.6389620	0.9160989	0.3469523	0.1261363	0.4448144	0.5707863	0.7500068	0.4100521	0.1927182	0.3696616	0.4903738	0.1936327	0.5825333	0.2070621	0.0416367	0.5409321	0.9504243

0	0.0094491	0.6355617	1.0459758	0.0876986	0.4170952	0.0015965	0.0357302	0.0201856	0.7842026	0.5482911	0.1482550	0.1067167	0.0074763	0.0795139	0.9263252	0.4386615	0.5117037	1.0187251	0.9869150	0.9112762	0.0675828	0.6396705	0.9879649	0.9056811	1.0249936	0.8053086	0.8415975	0.0956169	0.2807776	0.0361236	0.3476186	0.0945586	0.7647381	0.8073502	0.2691465	0.9854445	0.2644993	0.7761342	0.3511720	0.0142404	0.9503393	0.3956488	0.0912837	0.0721673	0.8039584	0.5632487	0.5721011	0.9104100	0.8750489	0.3877912	0.0490860	0.3690556	1.0040851	0.0016799	0.7496314	0.4296180	0.7445798	0.3138374	0.4763448	0.9977159	0.8917758	0.5763065	0.2317245	0.3844034	0.5377636	0.4876338	1.0898320	0.8135737	0.5024926	0.0491368	0.3912071	0.2335426	0.3169327	0.9297559	0.3112694	0.3637340	0.9584119	0.1589398	0.2670455	0.6498318	0.7931145	1.0351174	0.1402507	0.6535788	1.0095359	0.4184859	0.2245238	0.5131035	0.6073464	0.7854143	0.4606182	0.1309775	0.4648780	0.5528648	0.0723851	0.5781484	0.2784400	0.0363961	0.5378107	0.9932421
50	0.0189384	0.6148694	0.9422935	0.1448106	0.5360165	0.0027018	0.0671604	0.0191979	0.7323357	0.4109736	0.1076912	0.1417840	0.0023624	0.0584635	0.9003053	0.3025977	0.2959947	0.9577741	0.9585693	0.7937872	0.0657532	0.5544719	0.9226555	0.7813983	0.6822759	0.6805900	0.9286156	0.1286193	0.2650401	0.1156665	0.5889071	0.0407598	0.7859014	0.7322780	0.2467696	0.8648255	0.2906615	0.7617219	0.3428107	0.4409717	1.0535576	0.5980191	0.0634540	0.1129146	0.7484998	0.4801030	0.6642914	0.8822724	0.8074786	0.3881624	0.0810099	0.4346414	0.9404411	0.0217262	0.7863703	0.5192416	0.6243536	0.2747701	0.4165125	0.9306587	0.8681070	0.6300415	0.2897931	0.1902247	0.7150387	0.2907948	1.0052310	0.8489841	0.4556908	0.0291727	0.4461723	0.1441688	0.3165188	0.9977997	0.3255125	0.4722629	0.9781040	0.3036991	0.2529798	0.5793390	0.7676146	0.9502577	0.2399933	0.6632827	0.8233531	0.2632281	0.2302144	0.4916971	0.8134786	0.7952940	0.4120781	0.2729636	0.4173574	0.6260392	0.3241553	0.7083812	0.2816218	0.0297925	0.3973533	0.9766658
100	0.0238715	0.6254150	0.8555663	0.0971982	0.4638547	0.0012525	0.0337460	0.0070998	0.6732055	0.4289063	0.0855412	0.1220877	0.0000037	0.0107727	0.8692910	0.2185330	0.1293605	0.9409086	0.9109910	0.8133205	0.0627071	0.5917053	1.0321999	0.6530838	0.3123523	0.7620950	0.8780047	0.0898734	0.2413080	0.1687724	0.7490761	0.0247238	0.9303692	0.6858026	0.3028805	0.9570114	0.2589864	0.7798164	0.3012116	0.8535790	1.0805174	0.7440363	0.0909881	0.1156096	0.8293484	0.4061553	0.7452626	0.9079826	0.8354933	0.4414230	0.0798938	0.6074345	0.8229396	0.1600779	0.7175806	0.4054242	0.6512022	0.2563468	0.4775796	0.9682628	0.8686583	0.6951399	0.3373870	0.0818441	0.8227816	0.2853209	1.0389518	0.7115160	0.4697812	0.0182424	0.4268047	0.0911986	0.3593921	0.9466838	0.3103115	0.5716233	1.0196031	0.3277472	0.2421075	0.5802580	0.7936177	1.0161440	0.3937737	0.7128932	0.6802930	0.3503277	0.2002355	0.5484405	0.7133642	0.7241875	0.2809959	0.2496707	0.4120204	0.6782922	0.5310210	0.6944575	0.2566484	0.0574409	0.1915591	0.9550199
150	0.0299241	0.6301235	0.6685032	0.0948836	0.6586054	0.0024770	0.0338938	0.0151546	0.5104070	0.4443529	0.1148206	0.1307825	0.0016008	0.0132638	0.8311276	0.1448552	0.1439255	1.0917949	0.9508925	0.8242087	0.0517393	0.5922367	0.9316339	0.7040474	0.1334830	0.6673579	0.9049333	0.1078936	0.1535478	0.2058915	0.8502025	0.0198298	1.0032593	0.6414690	0.3149743	0.8226169	0.2274223	0.7828259	0.2673836	0.9512585	1.0665612	0.8122450	0.0720667	0.1576879	0.8399971	0.4153093	0.7213444	0.8651414	0.8954872	0.5492254	0.0974994	0.6284158	0.8024835	0.3196410	0.7315786	0.3039913	0.7415884	0.2773993	0.5010906	0.9904710	0.8032242	0.7464159	0.3175173	0.0515292	0.9143797	0.2364607	1.1137682	0.7286732	0.5249623	0.0217388	0.3296583	0.0440053	0.4320882	0.9001068	0.3150417	0.5094574	0.9652828	0.2047758	0.2170998	0.5304121	0.7450800	0.9924027	0.5157202	0.5864462	0.5851773	0.3665204	0.2404375	0.5595974	0.5498935	0.7532110	0.2121947	0.2575838	0.4234444	0.8679260	0.6590796	0.7388398	0.2253852	0.1460609	0.1011211	0.9122294
200	0.0333149	0.4957466	0.8734440	0.0846008	0.5025755	0.0006744	0.0519754	0.0139022	0.5894735	0.2890511	0.1035245	0.1024154	0.0046353	0.0102196	0.9053633	0.1236454	0.1373787	0.9841199	0.9601437	0.8376770	0.0454966	0.6143682	0.8984575	0.6919470	0.0814948	0.7060549	0.8776285	0.1467960	0.1284913	0.2879728	0.8610262	0.0107758	1.0149650	0.6225848	0.2663427	0.8457700	0.1761855	0.7660246	0.2722196	1.0026478	0.9538139	0.7967454	0.0802608	0.1656674	0.8164857	0.4285696	0.7029510	0.8313809	0.8540688	0.6603005	0.1596924	0.6102084	0.8001370	0.4747737	0.7491303	0.2389999	0.6430879	0.2259969	0.3904011	0.9560843	0.7883556	0.7284912	0.3895925	0.0370824	0.9114749	0.2110659	1.0950968	0.7460185	0.5560393	0.0205484	0.3262131	0.0537113	0.4241699	1.0054561	0.3275342	0.4218861	0.9049039	0.1971159	0.1804134	0.4192306	0.7051391	0.9372938	0.5897291	0.5791379	0.5188373	0.4339419	0.2416363	0.5701514	0.5092735	0.8104665	0.1750838	0.2981511	0.4706982	1.0008806	0.6160468	0.8841318	0.2308604	0.2345520	0.0449192	0.8118553
250	0.0209502	0.5571411	0.8869876	0.0975974	0.5500291	0.0011267	0.0253499	0.0173258	0.7027111	0.3557778	0.1203324	0.1014292	0.0033602	0.0048464	0.9577047	0.1078765	0.1384289	1.0497700	1.0131275	0.8437340	0.0651028	0.6290203	0.8605739	0.7004967	0.0339532	0.6991591	0.9169329	0.1429035	0.1103491	0.2959435	0.9337248	0.0119199	0.9525366	0.6489082	0.3064105	0.8216662	0.2178708	0.7830643	0.2747888	0.9591741	1.0261456	0.8294990	0.1061959	0.2020142	0.8390391	0.3809028	0.5521661	0.8215449	0.8766822	0.6271629	0.2206655	0.6664626	0.6997637	0.5282796	0.7665009	0.2196367	0.7323063	0.2814911	0.3181562	0.9332690	0.9089992	0.7650309	0.4140442	0.0319146	0.8658114	0.1578326	1.0556177	0.6951168	0.5267363	0.0103888	0.3140729	0.0438140	0.3717876	1.0229841	0.3272599	0.2531474	0.8574061	0.1919481	0.1829286	0.4011949	0.7357515	0.8816503	0.6559058	0.4937288	0.4792843	0.3644756	0.2610078	0.5923064	0.5208634	0.8089010	0.1392455	0.3001986	0.5103842	0.9969924	0.6230778	0.8497968	0.2997560	0.2466944	0.0351005	0.8028600
300	0.0212529	0.4963296	0.8517895	0.0665611	0.5993862	0.0000971	0.0287871	0.0224580	0.6854060	0.3964788	0.1222731	0.0874328	0.0025346	0.0048377	0.8500144	0.0965832	0.1494612	0.9965710	0.8896630	0.8811879	0.0709122	0.6167191	0.8472321	0.6819021	0.0343466	0.6666843	0.8651767	0.0982970	0.1117905	0.2727163	0.8359222	0.0060479	0.9969886	0.7270597	0.2424744	0.8354500	0.2090992	0.7452495	0.2799128	0.9616686	0.9986855	0.8592115	0.1265896	0.2206360	0.8923600	0.5857344	0.4408907	0.7048147	0.8791254	0.6136420	0.3063862	0.6790061	0.7987948	0.5711445	0.8570225	0.1420027	0.7073807	0.3213247	0.3185566	0.9707810	0.8499789	0.7292226	0.4095778	0.0111316	0.8851809	0.1830058	0.9523725	0.7511665	0.6689162	0.0309736	0.2796990	0.0476245	0.3919436	1.0229052	0.2924167	0.2991330	0.9308301	0.1100224	0.2204893	0.4277357	0.7138213	0.9717479	0.6362803	0.4818153	0.5095369	0.3819661	0.2608983	0.5878203	0.4840148	0.8313333	0.2070393	0.3402080	0.4330721	0.9814131	0.6689371	0.7783212	0.2899463	0.2483876	0.0438554	0.8439961
350	0.0192762	0.5463909	0.8732786	0.1189541	0.6643296	0.0017107	0.0198098	0.0216385	0.5813267	0.4267986	0.0866882	0.1022358	0.0008858	0.0065519	0.8762335	0.1166490	0.1151075	1.0495544	0.9667480	0.8177163	0.0957517	0.5659487	0.9197191	0.6479750	0.0234658	0.6987421	0.7971566	0.1398960	0.0974250	0.2290839	0.8322074	0.0031902	0.9831424	0.7233280	0.2756244	0.8542424	0.3793562	0.6945270	0.2729396	1.0220780	0.9813455	0.9203918	0.1460766	0.2005300	0.8326159	0.6495906	0.5037046	0.7443863	0.8725654	0.7067627	0.3582445	0.6682846	0.7650591	0.6355038	0.7954915	0.1490568	0.7016280	0.3333145	0.2777997	1.0615664	0.7986002	0.7208486	0.3648289	0.0082341	0.9116613	0.1585627	0.9986651	0.7240124	0.5901929	0.0287562	0.3159777	0.0325980	0.3840284	1.0748864	0.3175868	0.2633313	0.9996261	0.1055832	0.2577178	0.4430117	0.7940407	0.9957417	0.7587661	0.4877727	0.4919433	0.3286358	0.1905585	0.5620936	0.3677298	0.8045468	0.1997698	0.3241454	0.4371175	1.0013152	0.6430872	0.7596263	0.3593534	0.2090865	0.0667002	0.9040186
400	0.0379484	0.5712422	0.8137578	0.0916918	0.6691928	0.0009847	0.0386236	0.0243728	0.6516361	0.4008928	0.1180216	0.0670783	0.0046937	0.0064129	0.8111490	0.1495617	0.0978245	1.0111429	0.9325815	0.8719176	0.1012953	0.5816847	0.9824764	0.7796827	0.0199415	0.6970689	0.7910955	0.1154395	0.0655218	0.2573417	0.9315521	0.0050041	1.0397958	0.7481361	0.2499026	1.0329446	0.3587601	0.7255755	0.2218714	1.0411305	0.9345056	0.8131730	0.1153535	0.1906821	0.8691078	0.6685081	0.5372221	0.7252269	0.9099430	0.6710237	0.3845531	0.7085965	0.7110509	0.6654176	0.6303640	0.1482728	0.7274980	0.3322419	0.2533373	1.0017773	0.8184833	0.6811261	0.3718483	0.0256959	0.9419753	0.2297828	0.9262726	0.7131808	0.6781386	0.0392110	0.2941260	0.0340402	0.3829925	0.9565485	0.3170472	0.2355197	0.9436676	0.1678557	0.2616129	0.4479920	0.8113493	0.9481984	0.6689100	0.4680218	0.5749358	0.3564871	0.1899673	0.5162082	0.4826207	0.8461780	0.1572689	0.3276637	0.4669045	0.9008259	0.6300054	0.8479671	0.3434572	0.2509868	0.0485077	0.8317577
450	0.0437466	0.5793712	0.7998291	0.0941275	0.5951901	0.0025106	0.0447801	0.0344847	0.5757265	0.2758531	0.1508820	0.0732030	0.0072262	0.0042129	0.9051954	0.1690199	0.0970598	0.9737514	0.8627756	0.8567150	0.1212152	0.5826929	1.0376582	0.8034399	0.0226640	0.5508245	0.7589181	0.1347202	0.0940764	0.3143656	0.9883858	0.0094427	0.9922927	0.7312455	0.2270203	0.8956796	0.4502503	0.6447476	0.2540136	0.9051664	1.0422722	0.8273933	0.1201888	0.2073911	0.8277976	0.6372405	0.5009543	0.8319309	0.8811097	0.6015532	0.3823613	0.7100594	0.6454223	0.6587020	0.6539904	0.1770830	0.7487299	0.3699389	0.2591653	1.0231199	0.8652462	0.6868149	0.4474178	0.0242862	0.9843336	0.2384111	0.9640400	0.6999721	0.6321653	0.0099390	0.2507036	0.0526894	0.3438769	0.9202587	0.3291580	0.2012574	0.9810085	0.2199452	0.3011245	0.4259151	0.7851383	0.9411634	0.7094832	0.5270449	0.5135463	0.3890190	0.1733591	0.6113678	0.4635977	0.7333555	0.1870953	0.3391017	0.4645695	0.8957434	0.6621420	0.8062783	0.3024555	0.3426548	0.0541054	0.8283303
500	0.0593552	0.5043295	0.8971368	0.1121422	0.6115906	0.0005600	0.0407486	0.0207575	0.6240411	0.1594802	0.1304124	0.0947509	0.0118154	0.0078542	0.8793515	0.1917843	0.1346735	0.9659121	0.9631018	0.8385791	0.0947583	0.5845365	0.9912541	0.7122049	0.0281182	0.6936205	0.6706051	0.0794782	0.0602500	0.3513539	0.9071133	0.0075964	0.9949254	0.7050834	0.2716791	1.0502409	0.5440616	0.6529836	0.2684333	0.9683043	1.0248104	0.8251305	0.1443730	0.2072025	0.9812878	0.5845297	0.5813964	0.9154772	0.8287999	0.6040261	0.3825652	0.7133313	0.6813886	0.6076552	0.6908207	0.1353608	0.8754913	0.3900416	0.2559915	0.9888532	0.9175701	0.7143191	0.4582672	0.0383750	1.0581380	0.1956784	0.9979659	0.7187965	0.5943750	0.0176502	0.2754535	0.0196688	0.3149135	1.0194912	0.3252317	0.2110484	0.9843920	0.1713119	0.3577689	0.3554915	0.7887345	0.9037456	0.7067089	0.5105163	0.4913677	0.3539842	0.1556057	0.6276765	0.4765350	0.6360864	0.2570977	0.3394234	0.4586087	0.8876247	0.7323577	0.7770311	0.2726758	0.3548531	0.0446380	0.8342729
550	0.0396384	0.5824309	0.8441840	0.1064482	0.6078722	0.0041315	0.0178253	0.0153843	0.7987380	0.1314631	0.1403102	0.0757575	0.0074113	0.0678086	0.9136102	0.2829684	0.3011622	0.8894112	0.9190109	0.7781498	0.0790798	0.6276133	1.0063406	0.8760782	0.1802617	0.7077887	0.6783939	0.1038256	0.1317705	0.2236149	0.7635521	0.0118813	0.8874865	0.7549923	0.2330955	0.9849719	0.4318120	0.7167237	0.3406485	0.5349475	1.0701949	0.6574126	0.1101118	0.1838814	0.8946866	0.5395796	0.6289645	0.9399878	0.8748627	0.5612438	0.3920856	0.5037633	0.7760958	0.6054994	0.7437963	0.1359279	0.8533021	0.3512020	0.2223477	0.8759244	0.9110068	0.6381624	0.3998401	0.1111099	0.8875472	0.3260426	0.9807107	0.7691241	0.6518284	0.0065415	0.2752677	0.1206303	0.3152969	1.0182595	0.3097183	0.1878910	0.9727608	0.2190939	0.2757671	0.4657848	0.7667558	0.9731870	0.6593954	0.4773539	0.7439103	0.3329582	0.1229876	0.5936785	0.2378173	0.7541971	0.4304342	0.3287374	0.5166436	0.9571407	0.5794903	0.7749656	0.2730119	0.3050598	0.0229472	0.7743890
600	0.0273936	0.5509465	0.9410149	0.1227958	0.5499768	0.0028596	0.0236723	0.0232317	0.8732879	0.1834449	0.1029037	0.0917462	0.0030280	0.1274638	0.8090918	0.3329562	0.4527055	0.9420922	0.9951402	0.7821928	0.0993595	0.6961651	0.9460585	0.9371715	0.4220274	0.7379153	0.6078136	0.1451394	0.2929459	0.1465802	0.7306629	0.0332649	0.7870747	0.7780850	0.2601634	0.9760577	0.3144080	0.7556197	0.3873612	0.1794480	0.9932937	0.5140974	0.0943972	0.1609757	0.7580268	0.4726898	0.7004145	0.8316881	0.8695600	0.4780054	0.3239836	0.3814159	0.7585713	0.6805032	0.7871161	0.1690041	0.8450858	0.3859560	0.2853754	0.9195420	0.9042139	0.5658355	0.3257484	0.2262080	0.7269964	0.4520119	0.9575181	0.6991289	0.5983721	0.0321396	0.2910058	0.1605007	0.3403234	0.8876630	0.2849417	0.4193567	0.9109536	0.2372081	0.2868849	0.4981010	0.7560508	0.9529866	0.4753582	0.5750995	0.9304515	0.3238409	0.1175183	0.5346024	0.1243704	0.7775549	0.5028979	0.2706654	0.4933151	0.9911542	0.3580600	0.6766173	0.2668133	0.1694509	0.0201499	0.8198834
650	0.0196820	0.5464991	0.9157323	0.1287797	0.5274302	0.0012319	0.0221906	0.0244125	0.9393361	0.3109369	0.1317871	0.0892570	0.0078955	0.1411269	0.9009012	0.3066315	0.4754710	1.0160681	0.9506902	0.8223780	0.0744584	0.7106345	1.0214886	0.8901266	0.5396706	0.7150232	0.7083343	0.1636567	0.4821239	0.0948619	0.5428134	0.0309700	0.8502713	0.6970218	0.3014149	0.9575527	0.2436034	0.8037482	0.3689507	0.0430647	0.9776258	0.4395194	0.0804965	0.0941444	0.7433831	0.4283990	0.7420847	0.8839202	0.9355721	0.5092766	0.2674712	0.2805341	0.8217186	0.4434114	0.7845247	0.2420288	0.8226668	0.3938387	0.3468962	0.9351640	0.8564332	0.6238922	0.2904391	0.2762533	0.5806371	0.4829610	1.0149367	0.6259444	0.5735850	0.0327913	0.3336982	0.1957873	0.3714393	0.8897217	0.2127220	0.5369473	0.9526990	0.1768688	0.2218742	0.4682877	0.7624456	0.9764936	0.3334433	0.6990731	0.9622137	0.2965894	0.1225093	0.5349664	0.2024463	0.8189000	0.5214261	0.3018203	0.4486386	0.8277323	0.2418440	0.6880684	0.2421981	0.1227768	0.0447085	0.9066927
700	0.0189986	0.6322645	0.9012035	0.1127072	0.4521662	0.0046717	0.0306273	0.0263515	0.9492058	0.4068298	0.1111733	0.0863130	0.0050529	0.1532283	0.8757835	0.3358334	0.4404496	1.0103201	0.9021840	0.8435816	0.0763175	0.6246328	0.9955970	0.8889514	0.5992264	0.6506904	0.8127195	0.1567485	0.5089650	0.0671686	0.4720820	0.0693654	0.7299401	0.7559651	0.3188048	0.9406319	0.1648819	0.7143860	0.3151522	0.0421964	1.0000996	0.4183416	0.0849819	0.0634455	0.7716785	0.3279090	0.6904924	0.8665467	0.8667796	0.4181406	0.1806312	0.3271267	0.9021921	0.2258009	0.7397837	0.3217387	0.8081239	0.3643131	0.4219034	0.9182410	0.8934452	0.6108455	0.2980325	0.2685665	0.5872482	0.4966912	1.0331579	0.6684753	0.6592572	0.0425780	0.3514131	0.1838711	0.3990734	1.0195048	0.3055023	0.6555601	0.9521877	0.2218316	0.1644955	0.4922449	0.7521553	1.0264818	0.2400963	0.7969793	1.0983769	0.3053857	0.1800892	0.4379140	0.3463641	0.7804480	0.4795770	0.3316792	0.4192637	0.6909317	0.1717179	0.6860416	0.1981664	0.0706300	0.1785384	0.9964460
750	0.0241785	0.5400651	1.0278409	0.1098845	0.4846927	0.0034844	0.0243903	0.0243396	0.9533040	0.3940715	0.1039057	0.1041346	0.0016083	0.0899709	0.9967498	0.3773256	0.4304394	0.9289071	0.9595757	0.8528687	0.0791240	0.6043125	1.0051257	0.8773600	0.7360378	0.6605009	0.8956204	0.1050166	0.4237092	0.0344143	0.3869922	0.0441398	0.7632441	0.7357297	0.2789933	0.7814759	0.1537376	0.7904279	0.3434571	0.0406622	0.9631708	0.4371156	0.0991356	0.0585518	0.8141552	0.3709398	0.6481236	0.8233716	0.7561761	0.4173557	0.1291416	0.3625315	0.9363250	0.1250281	0.7422510	0.4801773	0.7408290	0.3647238	0.4358508	0.9941257	0.8221854	0.5356212	0.2255771	0.3145305	0.4721014	0.5146937	1.1326670	0.7353114	0.6348584	0.0596322	0.3212024	0.2016156	0.3480221	0.9711278	0.3082280	0.6937448	0.9096569	0.1521810	0.1867846	0.5583378	0.7020909	1.0686071	0.1795909	0.7939174	1.0215219	0.2829215	0.2675547	0.4650612	0.4229361	0.7694186	0.5454972	0.3341720	0.4358048	0.6409215	0.1110361	0.6422680	0.2309456	0.0321286	0.3066276	1.0318511
800	0.0226616	0.5823428	1.0777801	0.0828600	0.3523631	0.0043113	0.0169051	0.0244342	0.9419004	0.3107061	0.0694489	0.0875358	0.0069388	0.0726930	0.9047318	0.3299075	0.5009523	0.9373977	0.9221930	0.8494691	0.0624669	0.6763763	1.0142810	0.9365457	0.8170548	0.5936399	0.8398814	0.1449316	0.3028985	0.0342155	0.3887831	0.0507594	0.6820752	0.8094915	0.2706834	0.8897306	0.1331233	0.7762742	0.3274748	0.0133527	0.8674442	0.4409184	0.0871532	0.0451933	0.8711821	0.3907826	0.6165562	0.9178519	0.8420186	0.4069814	0.0915086	0.2794170	0.9176190	0.0602702	0.7754564	0.4214856	0.7230300	0.2895670	0.4712113	1.0700616	0.8649520	0.5672097	0.1682762	0.2522976	0.5367062	0.5138401	0.9836802	0.7350418	0.4756647	0.0526036	0.3850421	0.1848673	0.3700808	0.8922096	0.2795951	0.6158688	1.0173581	0.0981044	0.1892967	0.6711596	0.7588803	1.0863789	0.1352044	0.7690605	1.0884271	0.2896818	0.2877614	0.4780714	0.5092557	0.8800243	0.4849013	0.3028173	0.4052243	0.5961984	0.0895825	0.6558751	0.2063695	0.0326469	0.3959622	0.9671130
850	0.0384031	0.6222054	1.1295714	0.0730853	0.4761566	0.0023625	0.0347071	0.0207735	0.8828872	0.2504030	0.0846086	0.0787121	0.0051795	0.0944632	0.9837319	0.2488202	0.4905542	0.9608789	0.9606672	0.8341139	0.0499403	0.6446423	1.0331700	0.8848663	0.8720972	0.6292843	0.8973444	0.0950840	0.2654646	0.0379007	0.3958340	0.0610250	0.6566706	0.9091186	0.2413417	0.8640115	0.1630375	0.7251099	0.3235514	0.0087877	0.8683425	0.3930661	0.0668627	0.0542365	0.8013449	0.4838766	0.6275060	0.8619592	0.8817758	0.3963743	0.1115693	0.2512997	0.7921207	0.0343701	0.7692189	0.4911328	0.7427164	0.3453751	0.6036565	0.9970520	0.8316794	0.5497158	0.1230473	0.2662761	0.5143336	0.4480217	0.8634728	0.6901702	0.4398548	0.0413521	0.4088122	0.1545651	0.3204432	0.8871679	0.3382368	0.5073611	0.9836398	0.2332447	0.1752818	0.5514423	0.8081788	0.9759796	0.1375028	0.7704704	1.0093256	0.3483389	0.3560974	0.5308289	0.5859251	0.8364260	0.5617170	0.1873290	0.4092088	0.5825284	0.1228583	0.6796805	0.2097484	0.0401293	0.5675206	0.9765874
900	0.0293534	0.6621142	1.0130706	0.1281897	0.4686203	0.0074424	0.0480713	0.0095445	0.9680890	0.1840871	0.1115831	0.0838938	0.0006464	0.0924846	0.9423353	0.2855874	0.4668256	0.9769514	1.0556702	0.8103081	0.0499408	0.6705757	1.0145380	0.9133312	0.9037548	0.6770659	0.8498028	0.1170920	0.2291126	0.0262613	0.3673789	0.0416948	0.6999042	0.8826373	0.2463322	0.9235054	0.2704126	0.7601661	0.2882538	0.0164896	0.8863157	0.4662947	0.0629105	0.0641827	0.7377348	0.4544864	0.7154680	0.7791559	0.8236132	0.3569957	0.0814649	0.3345464	0.7882400	0.0109371	0.8841401	0.5052656	0.7466964	0.2877100	0.4952673	1.0101719	0.8414986	0.6080586	0.0975572	0.3034781	0.5582328	0.4672987	0.9651331	0.7426556	0.4952122	0.0478540	0.4146993	0.2136188	0.2901818	0.9036538	0.2975104	0.4878465	0.9586511	0.2907277	0.2306450	0.6379054	0.7435734	0.8706807	0.1138856	0.6939359	0.9855275	0.3200001	0.3068147	0.5614890	0.5350968	0.8742237	0.4515735	0.2487367	0.4645080	0.5523762	0.1244964	0.6646386	0.2025244	0.0328238	0.5980710	0.9032760
950	0.0294163	0.6744048	1.0693678	0.1121760	0.5107007	0.0024516	0.0412141	0.0042806	0.9610280	0.1955723	0.1233681	0.0893103	0.0014214	0.1103297	0.9503194	0.3664355	0.5398328	0.9068638	0.9030536	0.8506745	0.0565077	0.6618533	1.0073844	1.0614850	0.9870071	0.6854469	0.9142078	0.1005506	0.2290999	0.0280684	0.3646847	0.0561192	0.6897644	0.8562561	0.3240854	0.9712555	0.2198161	0.8062591	0.3717691	0.0145545	0.8682249	0.4361386	0.0474692	0.0557186	0.8077496	0.4069185	0.5693741	0.9199588	0.8566731	0.3378589	0.0696083	0.3242548	0.7765814	0.0135499	0.7591106	0.5082216	0.7039628	0.2995630	0.4551797	1.0152331	0.7667421	0.6164091	0.1077146	0.2101976	0.5737091	0.5469727	1.0083011	0.7271437	0.5136819	0.0509227	0.3824469	0.2638872	0.2857553	0.9020542	0.3261930	0.4768961	0.8576314	0.3457626	0.2263991	0.6565866	0.7496868	1.0634505	0.1220388	0.5666203	1.0198740	0.3347650	0.2960339	0.5497497	0.5723891	0.7809913	0.6023962	0.2199118	0.3920450	0.5315685	0.1076046	0.7596516	0.2422841	0.0264962	0.5560126	0.8674623
1000	0.0199138	0.7014370	1.1627872	0.1151963	0.4290715	0.0071191	0.0383391	0.0090465	1.0217746	0.2005471	0.0861197	0.0830879	0.0062567	0.0964345	0.8519990	0.3810764	0.5438910	0.9786773	0.8952038	0.9305569	0.0596193	0.6703596	1.1002139	1.0466551	0.8920912	0.6706941	0.8902757	0.1010468	0.1977538	0.0261159	0.3866566	0.0733013	0.7088607	0.7798448	0.2800276	0.9132810	0.1606874	0.8234131	0.3778768	0.0170352	0.8672254	0.4218964	0.0724106	0.0396708	0.8247498	0.3830847	0.6917709	0.8716570	0.9363968	0.3687038	0.0636923	0.3531588	0.7279482	0.0038190	0.7382071	0.5359270	0.7749593	0.2553058	0.5017443	0.8706099	0.7444279	0.5545342	0.0906602	0.2804272	0.5713384	0.5148869	1.0519874	0.7612612	0.4604256	0.0483089	0.3990762	0.3225989	0.2730328	0.9100546	0.2711399	0.4210198	0.8492163	0.3894508	0.1745871	0.6284100	0.8094645	0.9942174	0.1220964	0.5673133	1.0354223	0.3168089	0.2799509	0.5394205	0.5387211	0.8161102	0.5473321	0.2092350	0.3779606	0.5373234	0.0691889	0.6667634	0.2215310	0.0279336	0.5493756	0.8388279

0	0.0094491	0.6355617	1.0459758	0.0876986	0.4170952	0.0015965	0.0357302	0.0201856	0.7842026	0.5482911	0.1482550	0.1067167	0.0074763	0.0795139	0.9263252	0.4386615	0.5117037	1.0187251	0.9869150	0.9112762	0.0675828	0.6396705	0.9879649	0.9056811	1.0249936	0.8053086	0.8415975	0.0956169	0.2807776	0.0361236	0.3476186	0.0945586	0.7647381	0.8073502	0.2691465	0.9854445	0.2644993	0.7761342	0.3511720	0.0142404	0.9503393	0.3956488	0.0912837	0.0721673	0.8039584	0.5632487	0.5721011	0.9104100	0.8750489	0.3877912	0.0490860	0.3690556	1.0040851	0.0016799	0.7496314	0.4296180	0.7445798	0.3138374	0.4763448	0.9977159	0.8917758	0.5763065	0.2317245	0.3844034	0.5377636	0.4876338	1.0898320	0.8135737	0.5024926	0.0491368	0.3912071	0.2335426	0.3169327	0.9297559	0.3112694	0.3637340	0.9584119	0.1589398	0.2670455	0.6498318	0.7931145	1.0351174	0.1402507	0.6535788	1.0095359	0.4184859	0.2245238	0.5131035	0.6073464	0.7854143	0.4606182	0.1309775	0.4648780	0.5528648	0.0723851	0.5781484	0.2784400	0.0363961	0.5378107	0.9932421
50	0.0090538	0.5650736	1.0527178	0.0793807	0.4323455	0.0005541	0.0366179	0.0242392	0.6121889	0.4641907	0.0889616	0.4240035	0.0051420	0.0935692	0.6949028	0.3590421	0.4538261	1.0438111	0.9391100	0.7430601	0.0791254	0.6142704	1.0851452	0.7859561	0.8707829	0.7565756	0.8696971	0.1171997	0.2187145	0.0387857	0.3933713	0.0401076	0.7447194	0.5816862	0.2450508	0.7210577	0.5618924	0.7287289	0.2701171	0.0204930	0.9034390	0.4226421	0.1031282	0.0978681	0.7415032	0.4396508	0.6266509	0.8654636	0.7751957	0.3533878	0.0380867	0.3361498	0.9905668	0.0781140	0.7491463	0.4904590	0.8278170	0.2084353	0.4307347	1.0083747	0.7988417	0.5053861	0.3119021	0.2246655	0.5577298	0.4718572	0.7984996	0.8266175	0.4394074	0.0502017	0.2801791	0.1833020	0.3392974	0.8595548	0.2187892	0.3944145	0.8146807	0.4448041	0.2093455	0.6777471	0.7394406	1.0507248	0.0977998	0.6750254	0.8637723	0.3424072	0.2937291	0.5486116	0.6032096	0.6552638	0.5651158	0.1009060	0.5664752	0.5530020	0.0862680	0.5426096	0.4267318	0.0297966	0.6133532	1.0281041
100	0.0137786	0.7390602	0.9004722	0.0396567	0.4686674	0.0002387	0.0289551	0.0078763	0.5200460	0.4565372	0.0731001	0.8032580	0.0091209	0.1863741	0.4291999	0.3728597	0.3640925	1.0624998	0.9381575	0.7555790	0.0823528	0.6398257	0.9898282	0.6530256	0.9190555	0.9490307	0.9789526	0.1344049	0.2250233	0.0370293	0.3511889	0.0691791	0.7666901	0.4630417	0.2863211	0.7504101	0.6843021	0.7284922	0.1688803	0.0206404	0.9069040	0.3856200	0.0843792	0.1064972	0.8101189	0.4384357	0.6967560	0.8933223	0.8677429	0.3366753	0.0574327	0.3742007	0.9707036	0.1447680	0.6429364	0.6494149	0.8096357	0.1295821	0.4346114	0.9115734	0.8212662	0.4132512	0.2279069	0.2689698	0.5153198	0.5641370	0.7347582	0.8471628	0.2851760	0.0548738	0.2626729	0.1842988	0.3494449	0.8900721	0.2408290	0.3638863	0.7986150	0.7410040	0.2504133	0.6034845	0.8965580	0.9747126	0.0691068	0.6789231	0.7290350	0.3295463	0.1982676	0.6321710	0.4433883	0.7746281	0.4581528	0.0673239	0.7117516	0.5477911	0.0931742	0.5296601	0.6089237	0.0120233	0.5466505	0.9779588
150	0.0049809	0.5379477	0.8519477	0.0219359	0.4935053	0.0015141	0.0427502	0.0159430	0.4597148	0.4713645	0.0583226	0.9159788	0.0067080	0.2499650	0.4500952	0.3180876	0.4152388	0.9748441	0.9536360	0.8166514	0.0980189	0.6440507	0.9525002	0.5951525	0.9452138	0.9602940	0.8480906	0.1268674	0.1991504	0.0342159	0.3102971	0.0953949	0.7829732	0.3716832	0.3437245	0.8093396	0.7570796	0.6903163	0.1244922	0.0285670	1.0321472	0.4243136	0.0812456	0.1244288	0.8417893	0.2904659	0.6436188	0.7892200	0.8079575	0.3139232	0.0796013	0.3839056	1.0360437	0.1537094	0.6046234	0.5854509	0.7779552	0.1223765	0.4211844	0.9583239	0.8500095	0.4381942	0.1853620	0.2773754	0.5266246	0.6020158	0.7581586	0.9042049	0.2008704	0.0615193	0.2031984	0.2151705	0.3657465	0.9615318	0.2549789	0.3095098	0.8617895	0.8492633	0.2340960	0.6522058	0.7971369	1.0140345	0.0409265	0.6480877	0.6307497	0.3665852	0.1715632	0.6723131	0.4676752	0.8296050	0.4946706	0.0633642	0.9173549	0.5340285	0.1001677	0.5296268	0.6715691	0.0252858	0.5270975	1.0413818
200	0.0133254	0.5045248	0.9363176	0.0095492	0.4857550	0.0059922	0.0417932	0.0182993	0.4709009	0.5092213	0.0687890	0.9868633	0.0402879	0.2694633	0.4026734	0.2761829	0.4179982	1.0043177	0.8452029	0.9182612	0.0636758	0.6071295	0.8872117	0.6378773	0.9455795	0.9643749	0.9055985	0.1413899	0.1722422	0.0329863	0.3677349	0.0584538	0.7998310	0.3630897	0.3090959	0.6940649	0.8219312	0.6903987	0.1116039	0.0304071	0.8947912	0.3433152	0.0500444	0.1302677	0.9493598	0.3104155	0.6598780	0.8144923	0.8021577	0.2534811	0.0581954	0.2660012	0.9802424	0.1722825	0.5683047	0.5262312	0.8137799	0.1028740	0.4391377	0.9503064	0.8465386	0.4857567	0.1626876	0.2851459	0.4897540	0.6320065	0.6439645	0.8779762	0.1323392	0.0593493	0.1621714	0.2314684	0.3325324	0.8638705	0.2480732	0.3322201	0.8429971	1.0364471	0.1647428	0.6505249	0.8134515	0.8499685	0.0263212	0.6740819	0.6466351	0.2992445	0.1972367	0.7332648	0.4684670	0.8691950	0.4905214	0.0362540	1.0145790	0.5555028	0.1181874	0.5954075	0.7152380	0.0311703	0.5433551	0.9184889
250	0.0180891	0.4992868	0.9927508	0.0055419	0.4227593	0.0055354	0.0219328	0.0230164	0.4056042	0.4446135	0.0605412	1.0862825	0.0253503	0.2857530	0.3841704	0.2275433	0.4167946	0.9728111	0.9707876	0.8819103	0.0577470	0.6626461	0.9572976	0.6402847	0.9756914	1.0347644	0.8411904	0.1165816	0.1704947	0.0284657	0.3011470	0.0537775	0.7205644	0.3987982	0.3659027	0.5886123	0.7515270	0.7210273	0.1311864	0.0094715	0.9294367	0.3536230	0.0520510	0.1735575	0.9106286	0.4407686	0.6887731	0.6806945	0.9096469	0.2585407	0.0587430	0.3275513	0.8986805	0.1491614	0.5547307	0.5889518	0.7288471	0.0773163	0.4706995	0.9513702	0.6816755	0.4883713	0.1345818	0.2033907	0.4342291	0.6847297	0.7255780	0.8792924	0.1203551	0.0595078	0.1078645	0.1986242	0.3449200	0.7275754	0.2106144	0.2335955	0.9134205	0.9347451	0.1689686	0.7350829	0.8104308	0.9459157	0.0216885	0.6619098	0.7627575	0.2963050	0.1735450	0.7768450	0.5150856	0.9277790	0.6312304	0.0396599	1.0241808	0.5225218	0.1573012	0.4966339	0.7272676	0.0323422	0.5161497	0.9063527
300	0.0153873	0.4620611	1.0234014	0.0118347	0.4286280	0.0007151	0.0344064	0.0157121	0.3843839	0.4477318	0.0463708	1.0009506	0.0296553	0.3554656	0.2513387	0.1818581	0.5137090	0.9658918	0.9543991	0.9178370	0.0570939	0.6543316	0.9184084	0.6168402	0.9358325	0.9333930	0.8941757	0.1215284	0.1496582	0.0273833	0.4141109	0.0754719	0.7558777	0.3974476	0.3216748	0.7219322	0.8336427	0.7535856	0.1123721	0.0177943	0.8511555	0.3814917	0.0586813	0.1782971	0.8262833	0.3806922	0.6702253	0.6991968	0.8902818	0.2917365	0.0479966	0.3339767	0.9254671	0.1619985	0.5207715	0.5926420	0.8089502	0.0902891	0.4483151	0.9746575	0.5905694	0.5463014	0.1363967	0.2181376	0.4727834	0.7726532	0.6716942	0.9724559	0.0742585	0.0668459	0.0988442	0.1692798	0.3127032	0.7532476	0.3075021	0.2876926	0.8248429	0.8808568	0.1766237	0.7165517	0.8824083	0.9312691	0.0258931	0.6265396	0.7143138	0.3205439	0.1753335	0.7323479	0.4825082	0.8643770	0.6142839	0.0258079	1.0246095	0.5821904	0.1495793	0.4864629	0.6564675	0.0537674	0.5107787	0.8657038
350	0.0223668	0.4777449	0.9560616	0.0181943	0.4574174	0.0010934	0.0316089	0.0175123	0.4583169	0.4521104	0.0601414	0.9544045	0.0455691	0.5230714	0.3787736	0.1696026	0.4631801	0.9971549	1.0370388	0.8140038	0.0817083	0.5820437	0.9232682	0.5898012	0.9275949	1.0069230	0.9230101	0.1482658	0.2121090	0.0201997	0.3697304	0.0540608	0.7525685	0.3752187	0.3584511	0.6682096	0.8406522	0.7823361	0.1001745	0.0159711	0.8888685	0.4467207	0.0951440	0.1942010	0.8051789	0.4361614	0.5782981	0.6478934	0.7777312	0.2873764	0.1014865	0.2761606	0.9644431	0.1886660	0.5361724	0.5427320	0.8331385	0.0711847	0.4502167	0.9317172	0.6144835	0.4967678	0.2086179	0.2709187	0.4746143	0.8607243	0.7041449	0.9857254	0.0693682	0.0552927	0.1007273	0.1751872	0.3323889	0.7164461	0.3337210	0.3279740	0.7716144	0.9514091	0.2182262	0.7177590	0.8132762	0.8894515	0.0184218	0.7102826	0.6935316	0.2130363	0.2075622	0.8129826	0.4556411	0.7938521	0.5023463	0.0293289	0.9262566	0.6145608	0.1853528	0.6225484	0.6224874	0.0325195	0.5366838	0.8735728
400	0.0207521	0.5037228	1.0117770	0.0192399	0.3945513	0.0010747	0.0294294	0.0095024	0.4440673	0.4059755	0.0501617	1.0083275	0.0575378	0.3845458	0.3699564	0.1299915	0.4676292	0.9766918	0.9495304	0.8039994	0.0739879	0.6225982	0.9253443	0.6392521	0.9485309	1.0151852	0.8824364	0.1196322	0.2181887	0.0389981	0.3916361	0.0428404	0.8761937	0.3114515	0.3734836	0.7904592	0.7674982	0.6987595	0.1214263	0.0304234	0.8926407	0.3496518	0.0897665	0.2317867	0.8117007	0.5788225	0.6667210	0.7590756	0.7483335	0.2932535	0.1167599	0.2571553	1.0179309	0.1984197	0.5602758	0.5362379	0.7942158	0.0636334	0.5873336	1.0099957	0.5139171	0.4703683	0.1847075	0.2416997	0.5011791	0.7923810	0.6887269	0.9428555	0.1011407	0.0535860	0.1274698	0.2334294	0.3254943	0.6887351	0.3128771	0.2900630	0.8085063	0.9164077	0.2067750	0.6474668	0.7892418	0.9182908	0.0299068	0.5963329	0.7093111	0.3105169	0.2041601	0.7677370	0.4658548	0.7830198	0.5673005	0.0345173	0.9167149	0.5753789	0.1328244	0.4959763	0.6371576	0.0342763	0.5120456	0.8990540
450	0.0316506	0.5426985	0.9222901	0.0098676	0.4083081	0.0012268	0.0205292	0.0151623	0.5170051	0.3803046	0.0680826	1.0657754	0.0613953	0.4407580	0.3912374	0.1120549	0.4814630	0.9533615	0.9607789	0.8738425	0.0708402	0.5817279	0.9662773	0.5865133	0.9628657	0.9760535	0.8653013	0.1291573	0.2348506	0.0440690	0.3626412	0.0453712	0.8919114	0.2965751	0.4106327	0.7079683	0.7502440	0.7295900	0.0930582	0.0352046	0.9053388	0.3466470	0.0982888	0.1841954	0.8062410	0.4729615	0.7418708	0.8156450	0.8156489	0.2559744	0.0990884	0.2380037	1.0050917	0.2150387	0.5264296	0.4461844	0.7567160	0.0764209	0.4947765	0.9037319	0.5187739	0.5021553	0.1379748	0.2987729	0.4439830	0.7693987	0.5979756	0.8902094	0.1226968	0.0554401	0.0914202	0.1998627	0.3214658	0.8393662	0.3125140	0.3663657	0.7787258	0.9244762	0.1907358	0.7212302	0.8976573	0.8446380	0.0304660	0.6986830	0.8052821	0.3130340	0.1896003	0.7099609	0.4011883	0.8386152	0.5714446	0.0273487	0.9441425	0.5897688	0.0976080	0.5131374	0.7372047	0.0206962	0.5619263	0.8867723
500	0.0189877	0.5028718	0.9717952	0.0314201	0.3964890	0.0003293	0.0345663	0.0330854	0.5199551	0.4010209	0.0779873	1.0424063	0.0653009	0.3467348	0.3666796	0.1551619	0.4698747	0.8838967	0.9395512	0.9001425	0.0894608	0.6366628	0.9601942	0.6579209	0.9131428	1.0597655	0.9146328	0.1551423	0.2276739	0.0366179	0.3681464	0.0295848	0.9483962	0.3041584	0.3516177	0.8182760	0.8901738	0.7368121	0.0981870	0.0163705	1.0407353	0.3629017	0.0897574	0.1464129	0.8205694	0.4235215	0.6792587	0.8021196	0.7631960	0.2767454	0.0662122	0.2288032	0.9451697	0.2170822	0.5559213	0.5457894	0.7530204	0.0868830	0.5321076	0.9598546	0.5710343	0.4938853	0.1420326	0.2735583	0.4701239	0.7936388	0.6410100	0.8825574	0.1588490	0.0670279	0.1133416	0.1869635	0.3170023	0.8154630	0.3315467	0.4055254	0.7413885	0.9353876	0.2285662	0.7587174	0.8253128	1.0175173	0.0399085	0.6752829	0.7859049	0.3503397	0.2518442	0.7252607	0.3962416	0.7565558	0.5516132	0.0183080	0.9615029	0.6027361	0.1273615	0.5278720	0.5677533	0.0214756	0.6069798	0.8664676
550	0.0364675	0.4208625	1.0536847	0.0621911	0.5159347	0.0012841	0.0407669	0.0258723	0.5137434	0.3750117	0.0867453	0.6438887	0.0236868	0.2833005	0.6906848	0.2114460	0.4546143	0.9215061	0.9873499	0.8845062	0.0907352	0.6127428	0.9826287	0.8676862	0.9475721	0.8645999	0.9289074	0.1598903	0.2528427	0.0456796	0.2958553	0.0320632	0.8025321	0.4150369	0.2821031	0.8212327	0.4594009	0.7123469	0.2368506	0.0103205	0.9190072	0.4192367	0.0694149	0.1489284	0.8008587	0.3790776	0.6372452	0.7972114	0.7404173	0.2967054	0.0661781	0.2550428	1.0191738	0.1438176	0.5458042	0.5768135	0.7234309	0.1614012	0.5024468	1.0031026	0.6731467	0.5126108	0.1314479	0.2478953	0.4144893	0.7614847	0.8318301	0.8354076	0.3199576	0.0637895	0.1596070	0.1381506	0.3133206	0.7260853	0.3146190	0.4236339	0.8023432	0.6174611	0.2177838	0.6627708	0.7062818	1.0185533	0.0430588	0.8010081	0.8649690	0.3419551	0.3371257	0.7995655	0.3998263	0.8290756	0.5300290	0.0286978	0.7909275	0.5762171	0.1116823	0.5098329	0.4275533	0.0351863	0.5511209	0.8433243
600	0.0138544	0.4707375	1.1642698	0.0636251	0.5727070	0.0005524	0.0457659	0.0332379	0.7314016	0.2823776	0.1286268	0.2909376	0.0246968	0.1797198	0.7888969	0.2161183	0.4847475	0.9442787	0.9590777	0.8328096	0.0817727	0.5636988	0.9446299	0.8623987	0.9327821	0.7792230	0.9926729	0.1826652	0.2760229	0.0440644	0.3692833	0.0150898	0.7919528	0.5731906	0.2444092	0.8040531	0.2278866	0.7195645	0.2860216	0.0153045	0.9477542	0.4743842	0.0830362	0.1258641	0.7723835	0.4375608	0.5615988	0.8006700	0.8121762	0.3437120	0.0673654	0.1802710	1.0357242	0.0768500	0.7122324	0.4903454	0.6615503	0.2071767	0.5219982	1.0248422	0.8327395	0.5517945	0.1088861	0.2435555	0.4049744	0.6916841	0.9901447	0.7888411	0.4600699	0.0411228	0.2602566	0.1906452	0.3112090	0.7593099	0.3455465	0.4463906	0.8114103	0.3709421	0.2341708	0.6247433	0.7538602	1.0247551	0.0572625	0.7022127	0.9262526	0.3435716	0.4254365	0.6601812	0.4307780	0.8758863	0.5040121	0.0163789	0.5925819	0.5656384	0.1061410	0.5574706	0.3413168	0.0248481	0.5544164	0.8162457
650	0.0063269	0.5335414	1.0520781	0.1019758	0.5398830	0.0010396	0.0345790	0.0400530	0.8268382	0.3682089	0.1218859	0.1580691	0.0063525	0.1587336	0.8738725	0.3400621	0.5517340	0.8823839	0.8711716	0.9116809	0.0703575	0.6325627	0.9183171	0.8720624	0.9809697	0.7112584	0.9918868	0.1664457	0.2592812	0.0373624	0.3412023	0.0280251	0.7664023	0.7578263	0.2540225	0.7661093	0.1887263	0.7566096	0.3229312	0.0270566	0.8902224	0.4393496	0.0800814	0.0911027	0.7988110	0.4629961	0.5296213	0.7359476	0.7881507	0.3416119	0.0579444	0.2731283	0.8860956	0.0155491	0.7214664	0.5247372	0.7083871	0.2301237	0.3926915	1.0506947	0.8818972	0.5490217	0.1713055	0.2896463	0.5054177	0.6088866	0.9923216	0.7162485	0.4247048	0.0212532	0.2739593	0.2241995	0.2612407	0.7575858	0.3639826	0.4837879	0.7916248	0.2670309	0.2281535	0.5983806	0.7036987	0.9939717	0.0935717	0.7149242	0.9437292	0.2651086	0.3521054	0.6711701	0.5545313	0.8015502	0.5530876	0.0661054	0.4800290	0.4924686	0.1077705	0.5717848	0.3412639	0.0290026	0.5006009	0.8926516
700	0.0058800	0.6265730	1.0415771	0.1237534	0.4408032	0.0012931	0.0248372	0.0434248	0.9337130	0.4567007	0.1396121	0.0786567	0.0009526	0.0969043	0.9306866	0.3279564	0.5482438	0.9334480	0.9498737	0.9911352	0.0654003	0.6346381	1.0204800	0.9704168	0.9452652	0.6791651	0.9820563	0.1451092	0.2604281	0.0332800	0.3449764	0.0492438	0.6940305	0.8589357	0.2552650	0.8633023	0.2211531	0.7513536	0.4164259	0.0349079	0.8255811	0.4669070	0.0781819	0.0737735	0.7553591	0.5372050	0.4866729	0.7567051	0.8710812	0.3573100	0.0665290	0.3092874	0.8461200	0.0065042	0.7064787	0.6257920	0.7504002	0.2286031	0.4559113	1.0470290	0.8759607	0.5400223	0.2172953	0.2699814	0.5034918	0.5360745	0.9940881	0.6842377	0.5435255	0.0265040	0.4392059	0.2254987	0.2263338	0.8046214	0.3008676	0.3687830	0.8529142	0.1625339	0.2695548	0.5972072	0.7509637	0.9166319	0.0878578	0.6519283	1.0130994	0.3402454	0.3828325	0.5755578	0.5675998	0.7524753	0.5399464	0.1964122	0.4072781	0.5349570	0.0612528	0.6054983	0.3411963	0.0231537	0.5217756	0.9625935
750	0.0041403	0.7060677	1.0052202	0.1719442	0.4781563	0.0007449	0.0217680	0.0221306	0.9325405	0.4885760	0.1078427	0.1097676	0.0006659	0.0923481	0.7547496	0.3594424	0.5142893	0.9698048	1.0018791	0.9211449	0.0454390	0.6336371	1.0500579	0.9143832	0.9932259	0.6190731	1.0146470	0.1614903	0.2908129	0.0372549	0.3401991	0.0574096	0.6120755	0.9054380	0.2781988	0.8898740	0.3206741	0.7116839	0.3795628	0.0476570	0.9264943	0.4321327	0.0417814	0.0591690	0.7255849	0.6607016	0.4891349	0.8307761	0.8631087	0.3421746	0.0556914	0.2758768	0.9983104	0.0028267	0.7582615	0.5485010	0.8109991	0.2033591	0.4477797	0.9299898	0.8809261	0.6292224	0.2706601	0.2632665	0.5450871	0.5399018	0.9489201	0.6309211	0.4705704	0.0225449	0.4093432	0.2353472	0.2415649	0.8892843	0.3091786	0.3564735	0.9141551	0.3614829	0.2599946	0.6187552	0.7351133	0.9549122	0.1015808	0.7018512	0.9781885	0.3281873	0.3458473	0.5712549	0.5588553	0.6583239	0.4633256	0.2642156	0.3621230	0.5097988	0.0825348	0.5706739	0.2863633	0.0212614	0.5142605	1.0194078
800	0.0142472	0.6396049	1.0570352	0.1725697	0.4185717	0.0037526	0.0443103	0.0165544	0.8775909	0.5083817	0.1004935	0.1027514	0.0130378	0.1065916	0.8610389	0.3860662	0.5283945	1.0798950	0.9590548	0.9670822	0.0647593	0.6715960	1.0936961	0.9470716	1.0090698	0.6280945	1.0319724	0.1249458	0.2938299	0.0298869	0.3736891	0.0824240	0.6732012	0.8773565	0.2784736	0.8791253	0.3982555	0.7094575	0.3616480	0.0433429	0.9315239	0.4940076	0.0696382	0.0739970	0.7791949	0.6503539	0.5372979	0.8092712	0.8551488	0.3131039	0.0793399	0.3119801	1.0021271	0.0019339	0.7083506	0.5755747	0.8228958	0.2404485	0.4866188	0.8924776	0.8339318	0.6107120	0.2039421	0.2551921	0.5813635	0.5486810	1.0528619	0.6959773	0.5236393	0.0449312	0.3842073	0.2601330	0.2559069	0.8455207	0.3246092	0.4423986	0.9061538	0.4650716	0.2777817	0.6593509	0.7893373	0.9062471	0.1246170	0.7076463	0.9507406	0.3744215	0.2266544	0.4666821	0.6009730	0.6601882	0.4297196	0.3142222	0.4340522	0.5439182	0.0964995	0.5408833	0.2490536	0.0347716	0.4445825	1.0609907
850	0.0196562	0.5951536	1.0634543	0.1295238	0.3695273	0.0037648	0.0348831	0.0204002	0.8223469	0.4825887	0.1444224	0.1182500	0.0095093	0.1242032	0.8328429	0.3816718	0.5087483	0.9766463	0.9001759	0.9891262	0.0895350	0.7056926	1.0024160	0.9947890	0.9910218	0.7287832	1.0205329	0.1211134	0.2270945	0.0345032	0.3480869	0.0692201	0.7335763	0.9317656	0.2556576	0.8701693	0.4587180	0.8375516	0.4124995	0.0220881	1.0169797	0.4631307	0.0513874	0.1055986	0.6837875	0.6130368	0.6588378	0.7710952	0.7966888	0.2769812	0.0840597	0.3608416	0.9800799	0.0079267	0.7928129	0.4926749	0.7911169	0.1859689	0.4588489	0.9456003	0.8493580	0.5225534	0.2757443	0.2803045	0.5067017	0.6030926	0.9017152	0.6803357	0.5143496	0.0639584	0.3647146	0.2625781	0.2394052	0.8343131	0.3075044	0.4716134	0.8755051	0.3937949	0.2994087	0.6957023	0.7705644	0.9437571	0.1228204	0.6932053	0.9325672	0.4002298	0.2465204	0.4673343	0.4965524	0.6989839	0.4671912	0.3130457	0.4426570	0.6281478	0.0944589	0.5546865	0.2324988	0.0205343	0.4230777	1.0334953
900	0.0256820	0.6528222	1.0028818	0.1501312	0.4295185	0.0003187	0.0158687	0.0170024	0.7365007	0.4050426	0.1122104	0.1017300	0.0025936	0.0756109	0.8791065	0.4200069	0.5385879	0.9475025	0.8835240	0.9621880	0.0780977	0.6889298	0.9063207	0.9971969	0.8925775	0.6975509	1.0072696	0.0986488	0.2194744	0.0269608	0.3909963	0.0876149	0.6897520	0.8429611	0.3009790	0.9365739	0.4289523	0.8094912	0.3975959	0.0190907	1.0127324	0.5164894	0.0571304	0.0863153	0.6917618	0.5026421	0.6852607	0.7895968	0.7609245	0.3224816	0.0742776	0.3684278	1.0033535	0.0022959	0.7198145	0.5195971	0.8277779	0.2045392	0.4594599	0.9539687	0.8489233	0.6181657	0.2790317	0.2284241	0.4855088	0.5674777	0.9510961	0.7331323	0.4647362	0.0749208	0.3098651	0.2174195	0.2752948	0.8558429	0.3562471	0.4851284	0.8876706	0.5114834	0.3290874	0.7260815	0.7932002	0.9187838	0.1163655	0.7096300	0.9801654	0.3811267	0.2166572	0.5256448	0.5104627	0.7468601	0.4915790	0.3165389	0.3906610	0.5490498	0.1125932	0.6269555	0.1933939	0.0230825	0.5008650	0.9740535
950	0.0228644	0.6803973	0.9910566	0.1040129	0.4020457	0.0034095	0.0236739	0.0120381	0.8179025	0.3483867	0.1174570	0.1089662	0.0072209	0.1154529	0.8536427	0.4627874	0.5109282	0.9154928	0.9570937	0.9077292	0.0760192	0.7207410	0.9738605	1.0510908	0.9324472	0.7532271	0.9445884	0.0736976	0.1787034	0.0125880	0.3164119	0.0701499	0.6134134	0.7800764	0.2853507	0.7772323	0.2827574	0.7343822	0.2894438	0.0314597	0.9435878	0.4990191	0.0511145	0.0781808	0.7366216	0.4831567	0.5988806	0.7939932	0.8010031	0.3911528	0.0849235	0.4353878	0.8957526	0.0007096	0.8069642	0.5187128	0.8253950	0.1901526	0.4749369	1.0166479	0.7531671	0.6502779	0.2524237	0.2586307	0.4726097	0.4587270	1.0802608	0.6975424	0.4638607	0.0717507	0.2836550	0.1613571	0.2520535	0.8100351	0.3166079	0.4288005	0.8509161	0.5275357	0.2682827	0.6514510	0.7637057	0.8259193	0.1152954	0.6472962	1.0019889	0.3756466	0.2640721	0.5119911	0.5831114	0.7480330	0.5039048	0.2609730	0.3846300	0.5776463	0.0933919	0.6161224	0.1918926	0.0072879	0.5524763	0.9653660
1000	0.0109592	0.6583201	0.9029780	0.1525470	0.5092132	0.0002452	0.0337489	0.0116741	0.9067114	0.3598271	0.0987482	0.0876994	0.0035069	0.1085168	0.8456853	0.4265528	0.5207402	0.9399455	0.9243092	0.9117251	0.0745744	0.6121637	1.0050458	0.9947541	0.8832784	0.6696741	0.9709818	0.0918594	0.2324438	0.0225446	0.3819409	0.1097086	0.5872470	0.8208128	0.3283676	0.7219089	0.2183336	0.8228631	0.3297204	0.0232393	1.0573658	0.4555560	0.0338798	0.0956632	0.7721326	0.5135473	0.5489238	0.8176908	0.7717533	0.4256284	0.0830583	0.4180420	0.8112798	0.0025397	0.7912944	0.4986096	0.8590410	0.2272768	0.5174574	0.9702674	0.8326364	0.5408386	0.1982454	0.2901799	0.5108411	0.4604026	0.9412473	0.7759900	0.3951592	0.0872050	0.3085226	0.1675263	0.2723985	0.7273418	0.2972679	0.4324849	0.9362383	0.4652984	0.2494867	0.6848147	0.8255612	0.9322779	0.0851104	0.6262379	0.9149248	0.3660252	0.3329136	0.5708456	0.6336901	0.7237794	0.5274574	0.2848974	0.3773592	0.5385507	0.0692726	0.5802708	0.2022675	0.0145802	0.6427457	0.9896041

0	0.0094491	0.6355617	1.0459758	0.0876986	0.4170952	0.0015965	0.0357302	0.0201856	0.7842026	0.5482911	0.1482550	0.1067167	0.0074763	0.0795139	0.9263252	0.4386615	0.5117037	1.0187251	0.9869150	0.9112762	0.0675828	0.6396705	0.9879649	0.9056811	1.0249936	0.8053086	0.8415975	0.0956169	0.2807776	0.0361236	0.3476186	0.0945586	0.7647381	0.8073502	0.2691465	0.9854445	0.2644993	0.7761342	0.3511720	0.0142404	0.9503393	0.3956488	0.0912837	0.0721673	0.8039584	0.5632487	0.5721011	0.9104100	0.8750489	0.3877912	0.0490860	0.3690556	1.0040851	0.0016799	0.7496314	0.4296180	0.7445798	0.3138374	0.4763448	0.9977159	0.8917758	0.5763065	0.2317245	0.3844034	0.5377636	0.4876338	1.0898320	0.8135737	0.5024926	0.0491368	0.3912071	0.2335426	0.3169327	0.9297559	0.3112694	0.3637340	0.9584119	0.1589398	0.2670455	0.6498318	0.7931145	1.0351174	0.1402507	0.6535788	1.0095359	0.4184859	0.2245238	0.5131035	0.6073464	0.7854143	0.4606182	0.1309775	0.4648780	0.5528648	0.0723851	0.5781484	0.2784400	0.0363961	0.5378107	0.9932421
50	0.0301921	0.6843823	0.9409650	0.0865342	0.4462937	0.0055092	0.0290618	0.0231046	0.7213946	0.5767522	0.2785906	0.4155319	0.1674448	0.1175914	0.8745090	0.4535675	0.2975659	1.0274148	0.9833810	0.8273374	0.0739722	0.6263654	0.9816967	1.0488970	0.9349143	0.6605828	0.8187390	0.0748570	0.2581102	0.1005808	0.3481214	0.0471275	0.6591012	0.6485976	0.2350387	0.8512091	0.2651661	0.7259328	0.2552253	0.0232665	0.9450356	0.4058962	0.0750947	0.1559315	0.8459819	0.3127790	0.7101809	0.9083922	0.8458289	0.3089961	0.0559211	0.3358251	0.9509693	0.0051866	0.7085026	0.4836498	0.7808339	0.2935274	0.5336609	0.8308733	0.8109114	0.5497027	0.4155271	0.3089366	0.6467481	0.4093390	0.9152430	0.7593157	0.4149781	0.0534392	0.3404428	0.3864616	0.2635411	0.9285909	0.2717926	0.4251227	0.9508058	0.2665807	0.1819364	0.6288161	0.6927723	0.9694045	0.1056219	0.5946364	1.0190824	0.3847546	0.4463771	0.5427475	0.8256614	0.5696009	0.6230159	0.2324306	0.4380928	0.5295439	0.0895114	0.5827442	0.2227377	0.0270071	0.4227428	0.9616890
100	0.0163126	0.5546227	0.8800714	0.0276136	0.5261933	0.0038345	0.0155009	0.0291602	0.6756469	0.7679404	0.4383029	0.7402439	0.1752505	0.1377889	0.8458898	0.4293281	0.1067151	0.9719306	0.9223462	0.8438376	0.0891336	0.7898569	1.0028604	0.9145511	0.8838122	0.6317516	0.8480846	0.1152939	0.3621442	0.1925564	0.4329318	0.0346983	0.7092007	0.5925848	0.1923438	0.7125945	0.3809377	0.6103087	0.3227515	0.0254836	0.9356663	0.4297214	0.1105225	0.2644617	0.8290447	0.1986220	0.8231821	0.8656957	0.7658078	0.3560093	0.1024359	0.3385332	1.0365811	0.1159846	0.5624564	0.4547473	0.7435911	0.2969461	0.5816901	0.7004360	0.8256160	0.5009880	0.4755876	0.2798298	0.7287000	0.4933800	0.9514329	0.6907324	0.3064489	0.0403492	0.4239735	0.4633255	0.2951419	0.9595644	0.2940741	0.4200758	0.9221958	0.3791753	0.1617346	0.4962721	0.7214512	0.8712190	0.1727238	0.6899295	0.9746303	0.4021825	0.6254526	0.5976847	0.8652563	0.5505194	0.7307907	0.2107224	0.3929500	0.5292864	0.0467416	0.5945037	0.3533890	0.0965416	0.4457128	0.8957355
150	0.0242873	0.5460499	0.8121530	0.0281961	0.5708995	0.0003318	0.0227510	0.0720754	0.5600991	0.8150964	0.6212904	0.7171162	0.1735364	0.1491316	0.8494087	0.5802583	0.0653111	1.0391239	0.9536133	0.8587207	0.1635603	0.8203863	0.9598212	0.8064420	0.9017487	0.6661470	0.8516626	0.1475706	0.4936310	0.2494564	0.5541410	0.0284015	0.7042806	0.5139598	0.1657875	0.4689316	0.2891669	0.6624896	0.3545860	0.0224556	0.9293597	0.3664167	0.2404654	0.3267211	0.8626998	0.1182500	0.9327704	0.7221528	0.8314076	0.3880418	0.1129692	0.3811683	1.0452692	0.3646514	0.4222060	0.3914266	0.7031327	0.3860069	0.5117299	0.7114867	0.5600060	0.4892504	0.4618538	0.3119144	0.7126294	0.5079424	0.9405770	0.7148663	0.3413978	0.0588795	0.4908909	0.4535295	0.3648096	0.8992652	0.1803072	0.6745195	0.8337125	0.3093567	0.1236383	0.5421465	0.7302105	0.8816312	0.2247311	0.7278648	0.9029861	0.4515932	0.7459906	0.6767127	0.8090964	0.5884673	0.6926036	0.1215618	0.3481039	0.6080434	0.0355732	0.5493076	0.4539918	0.2805368	0.3733560	0.7322688
200	0.0260955	0.4964405	0.8402722	0.0127909	0.5511559	0.0014021	0.0304250	0.1830007	0.4435311	0.9957142	0.5465343	0.8551197	0.2123995	0.1446694	0.8943543	0.5953929	0.0385884	0.9990798	0.8585802	0.8742770	0.2390151	0.8767227	1.0197337	0.8899684	0.9066666	0.6995822	0.8321664	0.1102277	0.5116086	0.2895201	0.6120225	0.0256151	0.6627998	0.4288048	0.2101954	0.2540004	0.2313096	0.7076764	0.3886970	0.0733521	0.9593023	0.2874951	0.3514276	0.3700474	0.7870994	0.1239220	0.9582289	0.5730773	0.8676116	0.3380972	0.1206368	0.4603564	0.9975374	0.4527745	0.4514002	0.4601119	0.6664086	0.5112506	0.4508130	0.7092421	0.4052296	0.4156311	0.5470773	0.3293553	0.6738289	0.4614430	0.7976595	0.6004388	0.3137258	0.0465950	0.5196117	0.4324064	0.3899240	0.8504423	0.1248079	0.7414058	0.8842365	0.2616310	0.1367654	0.4733508	0.6337635	0.7636928	0.2799853	0.7413844	0.9698856	0.4768772	0.7986229	0.7730989	0.8229462	0.7531169	0.7433796	0.0905225	0.3466629	0.5864980	0.0243292	0.6151995	0.5551204	0.4498096	0.3393898	0.7494349
250	0.0404376	0.5279985	0.8336732	0.0187910	0.6339724	0.0011676	0.0181936	0.2997791	0.4574003	0.9740060	0.6639949	0.8914269	0.2176362	0.1283539	0.8584363	0.4911887	0.0389164	1.1202233	0.7780520	0.8391596	0.2528871	0.8680908	0.9762710	0.9473560	0.9914954	0.6409582	0.9332424	0.1459934	0.6207468	0.2660892	0.5511001	0.0205525	0.6821470	0.4465625	0.2407653	0.1376766	0.2760169	0.7462483	0.4865758	0.1948956	0.9031183	0.2854367	0.4522664	0.2961845	0.9009748	0.1320366	0.8316008	0.4469249	0.8145773	0.3274656	0.1619305	0.5713895	0.9605256	0.5791460	0.4313580	0.5842198	0.6405674	0.6214314	0.4584220	0.6247957	0.2885161	0.4820899	0.5913266	0.2430043	0.7100547	0.3936085	0.8354115	0.6494556	0.3171848	0.0128052	0.5554910	0.4314742	0.4799278	0.8648626	0.1279940	0.7575292	0.8438865	0.2156680	0.1260705	0.4001654	0.5668896	0.7080249	0.3022080	0.8055946	0.9591120	0.4832869	0.8760788	0.8674853	0.8849482	0.8128091	0.7616199	0.2200450	0.3009318	0.5420274	0.0264852	0.7162414	0.6658086	0.5591882	0.2509501	0.7410894
300	0.0646137	0.4959731	0.8518153	0.0151409	0.5677530	0.0019520	0.0631834	0.3667207	0.3517161	0.9457771	0.6923544	0.8137883	0.2627061	0.1166272	0.8067189	0.4729611	0.0488464	1.2149209	0.7374886	0.8718497	0.2368044	0.8275744	0.8604715	0.9125907	0.9208312	0.6433638	0.9236155	0.1567714	0.5795775	0.2635943	0.5933316	0.0134865	0.6570821	0.5749972	0.3023910	0.1630986	0.2626929	0.7737889	0.4531335	0.3334251	0.6504932	0.2039788	0.4303451	0.2564078	0.8203305	0.1034214	0.7516050	0.3457244	0.8207733	0.3695364	0.1383651	0.6118372	0.9332228	0.6515180	0.4739602	0.5195978	0.6130488	0.5831552	0.5152204	0.5851696	0.3097685	0.4351864	0.5636539	0.2292554	0.6961910	0.3920364	0.8133857	0.6620367	0.3613417	0.0194629	0.5979978	0.4264011	0.4147788	0.9334537	0.1878457	0.8111374	0.8897212	0.1689635	0.1016975	0.3973444	0.5625804	0.6651845	0.3262548	0.7839865	0.9435994	0.5870639	0.9544705	0.8322240	0.8731522	0.9103433	0.8006338	0.3115498	0.3134460	0.4878885	0.0364487	0.7520883	0.6459718	0.6878222	0.1190286	0.6867143
350	0.0964531	0.5597719	0.7600390	0.0068953	0.5761500	0.0024289	0.0493707	0.4513679	0.3134623	0.7933905	0.8000118	0.8468855	0.2581502	0.0818839	0.8241122	0.4885343	0.0633691	1.1151552	0.7416456	0.7737707	0.1678274	0.8833354	0.9424661	0.9276515	0.8795049	0.6554998	0.9806471	0.1683564	0.5544396	0.2951207	0.4922282	0.0276782	0.6676519	0.5968842	0.3550429	0.1383520	0.2889448	0.8215826	0.4963758	0.3253355	0.4384516	0.2709563	0.3985140	0.3270523	0.7003296	0.1111663	0.7157157	0.3727186	0.7838928	0.3790726	0.1239906	0.5615545	0.9881809	0.5819755	0.4961009	0.5396527	0.6424153	0.6429425	0.5456977	0.6773340	0.2639018	0.4534709	0.5633831	0.2486201	0.6018473	0.3853564	0.7260448	0.6908463	0.3311527	0.0521536	0.6453875	0.3402563	0.4882202	0.9005474	0.2353103	0.7685421	0.7557208	0.2349046	0.0965672	0.3253732	0.6223411	0.6570219	0.3485697	0.6843575	0.9846002	0.5637850	0.8521110	0.8578161	0.8491249	0.9178855	0.8313288	0.4440132	0.3516146	0.4643205	0.0597339	0.7514127	0.7258982	0.6137623	0.0592490	0.8142808
400	0.0781075	0.5492095	0.7130554	0.0077440	0.7474601	0.0009762	0.0627968	0.5744039	0.3112021	0.6593518	0.6904649	0.8740634	0.2765827	0.1258606	0.8269024	0.4490101	0.0706039	1.0752272	0.8275207	0.7956834	0.1982867	0.9349607	0.9568849	0.8635612	0.8937552	0.7205338	0.9140709	0.1504403	0.4869691	0.3594539	0.5854231	0.0395140	0.6742330	0.5947028	0.3867329	0.1490218	0.2991324	0.7847097	0.4807879	0.3525995	0.4203071	0.2489688	0.4499213	0.3514085	0.6583662	0.1703807	0.7286555	0.4086086	0.8218253	0.3587940	0.1143663	0.5948054	1.0218906	0.5726944	0.4453297	0.5079470	0.6266473	0.5723445	0.4980502	0.7101375	0.2209884	0.4314205	0.6300853	0.2897856	0.6309337	0.3824249	0.6693630	0.6404166	0.2906821	0.0674249	0.6043053	0.3764596	0.5358597	0.8391841	0.2511645	0.7174526	0.7299558	0.2426378	0.1069568	0.3330243	0.6795600	0.4954806	0.3216519	0.7437033	1.0303701	0.5504452	0.8130884	0.8634053	0.9314540	0.8744702	0.7870844	0.4136145	0.3361392	0.5030131	0.0554157	0.7743250	0.7812395	0.5244304	0.0297730	0.7799726
450	0.0640739	0.5357987	0.8691649	0.0187870	0.6711288	0.0045469	0.0879336	0.5817950	0.4272247	0.7145253	0.6261312	0.9358063	0.2745776	0.1330483	0.8317631	0.4762415	0.0528562	1.0264500	0.7582131	0.8174696	0.2129403	0.9398463	1.0582989	0.7473678	0.9363304	0.7286234	0.9959569	0.1458115	0.4936452	0.3863610	0.6412873	0.0396646	0.6239888	0.5509923	0.4559507	0.1470705	0.2873031	0.8145509	0.5508928	0.4265398	0.4262961	0.2070460	0.5515653	0.3602503	0.7118921	0.1450497	0.6945198	0.4334493	0.9308476	0.3627762	0.1182355	0.6648235	1.0339631	0.5184530	0.5041277	0.3849715	0.6333127	0.6841072	0.4993010	0.6087811	0.2187954	0.4244188	0.6437017	0.3794851	0.6706049	0.3283488	0.6125389	0.6361207	0.2932490	0.0347483	0.6277187	0.3997658	0.5648233	0.9267245	0.2062066	0.7393564	0.6956002	0.2353260	0.0932062	0.4028451	0.6548167	0.6022536	0.3062787	0.8869769	1.0141480	0.6618069	0.8323627	0.8960205	0.8902070	0.7546119	0.7344027	0.4551211	0.3690820	0.4670938	0.0701002	0.7865068	0.7319139	0.6080027	0.0281398	0.6776308
500	0.0586055	0.5061302	0.8700813	0.0066568	0.6679426	0.0107361	0.1276814	0.6040402	0.4649403	0.7123374	0.6063263	0.8535363	0.2944642	0.1494020	0.8025455	0.3936876	0.0452620	0.9944737	0.7752879	0.8248348	0.2331697	0.9379956	0.9893978	0.8349569	0.9112592	0.6728865	0.9098551	0.1851765	0.3989124	0.3599907	0.7337786	0.0341049	0.6182906	0.6038662	0.3752122	0.1619184	0.2433434	0.7540763	0.4834560	0.4900240	0.3415451	0.2042643	0.6016295	0.3219509	0.6341401	0.1362991	0.6262103	0.4225094	0.9147108	0.3448138	0.0876938	0.6880444	0.9793382	0.5007784	0.4965706	0.3799019	0.6096216	0.5997664	0.4077195	0.6533514	0.2972839	0.3347039	0.7076801	0.3081397	0.8283362	0.2309550	0.5279135	0.7205410	0.3300976	0.0530935	0.6517012	0.4469533	0.5509668	0.8887806	0.2388370	0.7089831	0.6884661	0.2179285	0.0823198	0.4001574	0.6671430	0.5665212	0.3465328	0.8069340	0.9110961	0.6479073	0.8194712	0.8508410	0.8566825	0.8422905	0.8571317	0.4731778	0.4158540	0.6294600	0.0859853	0.8033496	0.7002018	0.6967585	0.0134543	0.6767607
550	0.0277419	0.4939058	0.8777605	0.0392007	0.6429763	0.0080010	0.1062304	0.5312606	0.4537261	0.5695526	0.4757292	0.5603112	0.1715926	0.1408105	0.8323456	0.3550540	0.2560385	0.8953076	0.8509783	0.8074894	0.2603764	0.7964754	0.9960296	0.9510902	0.9478657	0.6489555	0.9948878	0.1540846	0.2934936	0.2710794	0.7828776	0.0669952	0.6333419	0.7293639	0.4987442	0.2506226	0.1515216	0.7673759	0.5849837	0.6105808	0.2898275	0.2670652	0.4971973	0.2377073	0.6917165	0.3036248	0.4846291	0.3282809	1.0170368	0.3441754	0.0607509	0.5924463	0.9323286	0.5149416	0.5222544	0.3120685	0.6079431	0.6677293	0.4958073	0.7706580	0.3239101	0.3784688	0.6855193	0.3197433	0.7099002	0.2286957	0.6489461	0.6671018	0.3583150	0.0603057	0.6120613	0.3263564	0.6052455	0.8694707	0.1996590	0.7071658	0.6583003	0.1998909	0.1143230	0.4540663	0.6502643	0.6173620	0.3427208	0.7700590	0.9543534	0.6227386	0.7350233	0.8672805	0.6710380	0.8608123	0.6751765	0.5089794	0.4517636	0.5641056	0.1474620	0.8248213	0.8051980	0.6535527	0.0071724	0.6393412
600	0.0279850	0.4920826	0.9454436	0.1017349	0.6125788	0.0085926	0.1194527	0.3321322	0.5187763	0.4282660	0.3118898	0.2652128	0.0567596	0.1120703	0.8608755	0.4201322	0.4630183	0.9609896	0.9046315	0.8746993	0.1742454	0.8299695	1.0235084	0.9434554	0.8678226	0.8044738	1.0352161	0.1333837	0.2996297	0.1574508	0.7167266	0.0884119	0.5968624	0.8637403	0.5456096	0.5449044	0.1385319	0.7890615	0.5694860	0.5400784	0.3361759	0.2432688	0.3042023	0.1114957	0.6878845	0.6042807	0.2543267	0.4723952	0.9954796	0.2894361	0.0437402	0.5331840	0.9132490	0.5501833	0.6287111	0.2753977	0.7250207	0.6176469	0.5641220	0.9127671	0.4203542	0.3485452	0.6149670	0.3242393	0.5685974	0.2669667	0.7440086	0.6666458	0.3935443	0.0957756	0.4496917	0.2183682	0.6316811	0.9457888	0.2453503	0.5461533	0.6672356	0.1027869	0.1394011	0.6419778	0.6761168	0.8100405	0.3802449	0.6921348	0.9395730	0.5877408	0.4573010	0.6604632	0.5467118	0.8781061	0.5661497	0.4898720	0.4471521	0.5361360	0.2613359	0.7783357	0.7690787	0.4412128	0.0113797	0.7484681
650	0.0216365	0.5975694	0.9094832	0.2325826	0.6125907	0.0066443	0.0864429	0.1918805	0.7129548	0.3762931	0.2424482	0.1727586	0.0225323	0.0930014	0.8866665	0.4408670	0.4298982	0.9891750	0.9822413	0.8929496	0.1258212	0.6965997	0.9635083	0.9168514	0.8357118	0.7624138	1.1366444	0.1153079	0.3839474	0.1138484	0.6371616	0.1044150	0.5623404	0.8946890	0.4452065	0.8696929	0.3221219	0.8602915	0.4741181	0.2917225	0.4272027	0.2861756	0.1941431	0.0766780	0.5793990	0.8492273	0.2118797	0.5226765	0.9798152	0.3084705	0.0368451	0.5710491	0.8562077	0.4148002	0.7544143	0.2235088	0.7202492	0.4700518	0.5582402	0.9450823	0.4990353	0.4225973	0.6189251	0.3334112	0.5087464	0.3695611	0.8987863	0.7440322	0.4415937	0.1243895	0.4227915	0.2297970	0.6349209	0.9238773	0.1528757	0.6253735	0.7076463	0.1037815	0.2127870	0.6193367	0.8092468	0.8733084	0.2885275	0.5763563	0.9184083	0.5525545	0.2914966	0.4502517	0.4949726	0.8218540	0.5230693	0.4842354	0.4225979	0.5089112	0.3696530	0.7442499	0.6612115	0.1965254	0.0381060	0.8199631
700	0.0132428	0.6038106	1.0505651	0.3328661	0.6174257	0.0025172	0.0376310	0.0999366	0.8206974	0.3514583	0.1879549	0.1447270	0.0073294	0.1258913	0.8735574	0.4898288	0.4214480	1.0347260	0.9230946	0.9131415	0.1187655	0.6442215	0.9492867	0.9426376	0.9524009	0.6711524	0.9764178	0.1165557	0.4749588	0.0972777	0.7062858	0.1615287	0.5616131	0.9542344	0.4395649	0.9974314	0.4692859	0.7431479	0.4372952	0.1359392	0.6100780	0.3392267	0.1247385	0.0944327	0.5674617	0.8785984	0.2237092	0.6711487	0.9492917	0.2778464	0.0470196	0.4357458	0.9327099	0.2992002	0.7876558	0.2845211	0.7640402	0.3414506	0.5956846	0.8756730	0.4913319	0.4612034	0.5334500	0.3408704	0.5887346	0.4684137	0.9811379	0.8107112	0.3900862	0.1190439	0.4081253	0.2358576	0.5846129	0.9214591	0.2109383	0.6678590	0.8310497	0.1389790	0.2903293	0.5789390	0.8678733	0.9682237	0.2299571	0.5897694	0.9237006	0.5624449	0.1766373	0.3211689	0.5173400	0.7417821	0.4987726	0.5691330	0.3318121	0.6127106	0.3791431	0.7294887	0.5601643	0.0993219	0.0413024	0.9118353
750	0.0241935	0.6602821	1.0670337	0.3311204	0.4927317	0.0030184	0.0314033	0.0463674	0.8634564	0.3665922	0.1527187	0.1268219	0.0027784	0.1222245	0.8771647	0.5355167	0.4356082	1.0430934	0.9944900	0.9065979	0.1166910	0.7005977	1.0530466	0.8634288	0.8760481	0.6989323	1.0313932	0.1384043	0.6014202	0.0977451	0.5591137	0.1428597	0.5313305	1.0004958	0.3162447	1.0225529	0.6091424	0.7067223	0.4718711	0.0471745	0.7081534	0.4755845	0.1184017	0.1005027	0.4975094	0.8307549	0.3841862	0.9245214	0.9970208	0.2453032	0.0533322	0.3790353	0.9620275	0.1709705	0.7650788	0.2738248	0.7516342	0.3259600	0.5571995	1.0150636	0.5905263	0.5359204	0.4142625	0.3414451	0.5223309	0.5797827	1.0518057	0.7989760	0.4034109	0.1083339	0.4176993	0.2352697	0.4694654	0.8240311	0.2229066	0.6639335	0.8148498	0.2133927	0.4049713	0.7662193	0.7974531	0.9821536	0.1662341	0.7408025	0.9002708	0.5188200	0.1033087	0.3105650	0.4522973	0.7373889	0.4556740	0.4899740	0.3423468	0.6047191	0.4406048	0.6886409	0.4444961	0.0637265	0.0932752	0.9446825
800	0.0387323	0.6777886	0.9133632	0.3642392	0.4928421	0.0032370	0.0250201	0.0559223	0.8410527	0.3389763	0.1529983	0.1208868	0.0068377	0.1335877	0.8725507	0.5023448	0.4372340	1.0494893	0.9584183	0.9186524	0.1450258	0.6917926	0.9961899	1.0114981	0.9031234	0.6176039	0.9470428	0.1014253	0.6040497	0.1104808	0.5040380	0.1928180	0.5955656	0.8281988	0.2891475	1.0001274	0.5373086	0.7869894	0.4471461	0.0347319	0.8519528	0.4820950	0.0968660	0.1497626	0.4992360	0.8816831	0.5493959	0.9550808	0.8727548	0.2176814	0.0781373	0.4451744	1.0387738	0.1484567	0.8106434	0.2831532	0.7348998	0.3326577	0.5663194	1.0812568	0.5723109	0.4766496	0.4557360	0.3784178	0.5812431	0.6643685	1.0890840	0.6958244	0.4279356	0.0538030	0.4459241	0.2727821	0.4350067	0.8265150	0.2037469	0.6540114	0.7790147	0.2106808	0.3866775	0.7141923	0.9600704	0.9744112	0.1640415	0.7671908	1.0251558	0.4446007	0.0701896	0.2902429	0.3264078	0.7007366	0.4267425	0.4265123	0.3676151	0.5477480	0.4899448	0.7012016	0.3414184	0.0518815	0.2377760	1.0338328
850	0.0713616	0.6697819	0.9404950	0.3466131	0.4991540	0.0001640	0.0319122	0.0420325	0.8706105	0.2170749	0.1913640	0.1077152	0.0038786	0.0771371	0.8504813	0.4655741	0.4085708	1.0956405	0.9626605	1.0030014	0.1357466	0.6063914	1.0531851	1.0562558	0.9624886	0.6842026	0.9374994	0.0930554	0.6810638	0.0955698	0.5797363	0.1807633	0.5202282	0.7534387	0.2754606	1.0328053	0.5021270	0.8753463	0.4033554	0.0205054	0.8839967	0.5847830	0.0725913	0.1558485	0.5057047	0.6385069	0.6417472	1.0083581	0.8772911	0.2507003	0.0994333	0.4062262	0.9954533	0.1530590	0.7735339	0.2248864	0.7468096	0.2767875	0.5293926	1.0013366	0.5701188	0.5280259	0.4744460	0.3456854	0.6113224	0.5936944	1.0068106	0.7466942	0.4592468	0.0455542	0.3509724	0.2372108	0.4312649	0.8950688	0.2158319	0.7900355	0.8471840	0.2140628	0.3335203	0.6991225	0.8172120	1.0474413	0.1551520	0.8247367	1.0072487	0.4673052	0.0814007	0.3258026	0.2048267	0.6193235	0.3167699	0.4216957	0.3494320	0.5495225	0.5338032	0.7078802	0.3180504	0.0282896	0.3369919	1.0734885
900	0.0566560	0.6700864	1.0179549	0.2686250	0.4656960	0.0028803	0.0289391	0.0281955	0.9831814	0.1209550	0.2129327	0.0773604	0.0039810	0.1010649	0.9006636	0.4857452	0.4228348	1.0120819	1.0131953	0.9539519	0.1296692	0.6855678	0.9543966	0.9266967	0.9455447	0.7400837	0.9089560	0.1041812	0.6263197	0.0561761	0.5519671	0.2007159	0.5985453	0.8097299	0.2913704	0.8978986	0.3614482	0.8434181	0.4528826	0.0277306	0.9481094	0.6229630	0.0634154	0.1639397	0.6758541	0.4654449	0.6252418	0.9866730	0.8209917	0.3286079	0.0742584	0.4400554	0.9061784	0.1003705	0.7484080	0.1966048	0.7327664	0.3108166	0.5090769	1.0108825	0.6640466	0.5467565	0.4693846	0.3024827	0.5702567	0.5557779	0.9600243	0.7237004	0.4566168	0.0562647	0.3235090	0.2378905	0.3782799	0.8250048	0.2530821	0.7325680	0.8561679	0.3883994	0.3276633	0.7611506	0.7273711	1.0423223	0.1700112	0.7370054	0.9719593	0.5285147	0.1024070	0.3683770	0.2402436	0.7730821	0.3803006	0.3911735	0.3749763	0.5619455	0.3944811	0.6378078	0.2729341	0.0443567	0.3949339	0.9532160
950	0.0697922	0.5781114	1.1073989	0.2040957	0.4683096	0.0016107	0.0311016	0.0229824	1.0394852	0.0794722	0.1681259	0.0826966	0.0021949	0.1350899	0.7966803	0.5307778	0.4339118	1.0911286	0.8636465	0.9398687	0.1048042	0.6438714	1.0954841	0.9576025	0.9580322	0.7200259	0.9465724	0.0993987	0.4404607	0.0373720	0.4401504	0.1505589	0.5864669	0.7604864	0.2780257	0.9112855	0.2393347	0.7137868	0.4181196	0.0167519	0.9262980	0.6228211	0.0851950	0.1322687	0.6638212	0.4707844	0.7265469	0.8859115	0.8462827	0.3054181	0.0751956	0.4559201	0.8497507	0.0366919	0.7940630	0.2327987	0.7342270	0.3464183	0.5361142	0.8650978	0.6355627	0.5368387	0.4451483	0.2475556	0.6523005	0.5178133	1.0829638	0.7187490	0.4469291	0.0498466	0.2796835	0.2147829	0.4032168	0.8298697	0.1802707	0.7356982	0.9023626	0.3474925	0.2828953	0.6704273	0.6854031	1.0030213	0.1806093	0.8207821	0.9731418	0.4873338	0.1437067	0.3725279	0.3578577	0.6752010	0.4665902	0.2934971	0.4084674	0.5820862	0.2744715	0.6530700	0.3123687	0.0422517	0.5016293	0.8966506
1000	0.0333810	0.5759801	0.9686280	0.1548835	0.4698306	0.0004612	0.0313866	0.0245424	1.0837223	0.0893001	0.1399375	0.1304864	0.0063084	0.1224987	0.7789418	0.4980846	0.4148393	0.9736123	0.8852328	0.8034089	0.0863385	0.6626878	0.9259990	1.1115422	0.9384603	0.7360533	0.9609800	0.0725321	0.3520005	0.0382039	0.3527787	0.1294271	0.6632208	0.8184392	0.2626161	0.8183809	0.2056910	0.7660022	0.4217605	0.0258086	0.9966488	0.5045862	0.0637936	0.0576339	0.6485159	0.3879212	0.7008706	0.8679751	0.8492477	0.2741732	0.0905573	0.4717911	0.6210821	0.0200989	0.8339013	0.2789760	0.7030578	0.3365370	0.5069852	0.9958332	0.6817304	0.5872694	0.4277115	0.2257013	0.5214670	0.4907234	1.0111032	0.7460934	0.4594751	0.0325433	0.3712624	0.2155683	0.3462033	0.8266759	0.1844061	0.6197599	0.8916423	0.2525874	0.2461591	0.6037865	0.7519571	1.0248882	0.1683066	0.6841538	0.9696236	0.4123399	0.1992229	0.4019112	0.4771633	0.6806107	0.4810886	0.2618234	0.4353569	0.5441190	0.1636536	0.6969399	0.2805591	0.0191173	0.5734509	0.8862389

0	0.0094491	0.6355617	1.0459758	0.0876986	0.4170952	0.0015965	0.0357302	0.0201856	0.7842026	0.5482911	0.1482550	0.1067167	0.0074763	0.0795139	0.9263252	0.4386615	0.5117037	1.0187251	0.9869150	0.9112762	0.0675828	0.6396705	0.9879649	0.9056811	1.0249936	0.8053086	0.8415975	0.0956169	0.2807776	0.0361236	0.3476186	0.0945586	0.7647381	0.8073502	0.2691465	0.9854445	0.2644993	0.7761342	0.3511720	0.0142404	0.9503393	0.3956488	0.0912837	0.0721673	0.8039584	0.5632487	0.5721011	0.9104100	0.8750489	0.3877912	0.0490860	0.3690556	1.0040851	0.0016799	0.7496314	0.4296180	0.7445798	0.3138374	0.4763448	0.9977159	0.8917758	0.5763065	0.2317245	0.3844034	0.5377636	0.4876338	1.0898320	0.8135737	0.5024926	0.0491368	0.3912071	0.2335426	0.3169327	0.9297559	0.3112694	0.3637340	0.9584119	0.1589398	0.2670455	0.6498318	0.7931145	1.0351174	0.1402507	0.6535788	1.0095359	0.4184859	0.2245238	0.5131035	0.6073464	0.7854143	0.4606182	0.1309775	0.4648780	0.5528648	0.0723851	0.5781484	0.2784400	0.0363961	0.5378107	0.9932421
50	0.0276020	0.6297060	0.6468040	0.1043817	0.4477970	0.0027072	0.1822137	0.0258438	0.7978987	0.4281385	0.1003842	0.2654907	0.0195614	0.1459253	0.6275883	0.4492794	0.3830833	0.9542271	0.9309595	0.7141395	0.4508661	0.6309549	1.0202408	0.9697385	0.9100307	0.6643192	0.8602672	0.1025530	0.2479111	0.0714278	0.3885036	0.0923329	0.6411608	0.7902937	0.2596473	0.9298834	0.3068094	0.7629283	0.3319892	0.0255267	0.9398340	0.4279720	0.0801106	0.0354980	0.7409437	0.4131413	0.6634246	0.8762655	0.8499944	0.4952530	0.0796492	0.4065694	1.0115738	0.0022492	0.7666384	0.5515823	0.7318135	0.2289150	0.4737213	0.9941330	0.7315374	0.5943015	0.2049118	0.2683359	0.4307991	0.5307968	0.8698984	0.6331825	0.5025027	0.0712751	0.3397454	0.2814281	0.2985719	0.9948056	0.3145274	0.2643138	0.9756849	0.6005823	0.2249504	0.5706463	0.7515005	1.0061602	0.1133847	0.5676388	0.9457125	0.4102556	0.2086103	0.6489092	0.6020727	0.7026371	0.6162090	0.4308304	0.3873242	0.5988178	0.0677963	0.6136307	0.2713326	0.0441583	0.4853244	0.9498009
100	0.0187921	0.5371345	0.2748528	0.1507335	0.4391924	0.0185440	0.4294004	0.0137994	0.7716178	0.4316522	0.0863550	0.4195935	0.0117572	0.1537880	0.4624370	0.4876427	0.3466011	0.8786087	1.0075613	0.3823304	0.7408797	0.5817308	0.9719560	1.0129845	0.8522689	0.6996394	0.8695849	0.1076894	0.3645298	0.1028399	0.3836187	0.0968562	0.5596223	0.6577068	0.2631890	0.8654191	0.2414951	0.7729960	0.3194499	0.0319528	0.8762147	0.4313435	0.0772195	0.0164161	0.7018469	0.4878772	0.6297211	0.9353207	0.8387578	0.7492156	0.0506895	0.3565980	0.9323883	0.0067639	0.8667202	0.5121321	0.7890630	0.2518138	0.5233862	1.0505627	0.7415950	0.5538255	0.1983965	0.2714589	0.4553548	0.4951284	0.8290142	0.4384150	0.4491886	0.0979525	0.2387395	0.2365058	0.3045360	0.8841748	0.3178768	0.2063198	0.8889343	0.8138547	0.2451328	0.4689569	0.6366498	0.9588199	0.1005324	0.6528743	0.9496467	0.4033686	0.2947523	0.6377728	0.5828078	0.7157902	0.8169710	0.6289809	0.4199173	0.5411512	0.0696037	0.5927066	0.2362166	0.0755742	0.5063031	1.0043139
150	0.0101264	0.4041130	0.1264963	0.1246602	0.4900238	0.0786922	0.4496930	0.0318656	0.7373572	0.4640368	0.1350740	0.4906716	0.0323206	0.3001638	0.2918668	0.5023852	0.2829363	0.9009054	1.0128057	0.2136093	1.0480231	0.5665096	0.9714617	0.9924363	0.8419965	0.7706254	0.7146632	0.1405782	0.5091466	0.1146551	0.4192968	0.1148087	0.4851197	0.7569756	0.2715945	0.8834025	0.1833351	0.7516918	0.2645399	0.0207233	0.9362869	0.4520937	0.0713498	0.0172175	0.7275701	0.4764810	0.6904654	0.8148361	0.8846461	0.6746578	0.0286577	0.3723680	0.8757173	0.0134871	0.9075359	0.4307211	0.7552598	0.2014578	0.5004201	1.0701277	0.8083055	0.5805148	0.1638717	0.2988782	0.4582225	0.4728405	0.8433499	0.3016844	0.4179046	0.1394957	0.1751926	0.2123411	0.3202157	0.8216196	0.2361198	0.2551765	0.9420465	0.8622588	0.2867463	0.4170035	0.7935464	0.8311871	0.1175729	0.6657583	1.0647388	0.4020477	0.2686123	0.5580880	0.5446369	0.8227786	0.9325801	0.7832168	0.4117738	0.4867196	0.0461514	0.5660633	0.2191785	0.1178439	0.4632765	1.0109807
200	0.0293513	0.2769414	0.0507534	0.1043461	0.2555117	0.0844581	0.5031612	0.0318816	0.6796568	0.4142205	0.1055933	0.4923144	0.0675035	0.4518311	0.2711629	0.4293261	0.3060245	0.9103541	0.9660839	0.0934898	1.0118281	0.7250045	0.8817779	1.0080716	0.8594381	0.5939860	0.5361486	0.2395554	0.4921957	0.1143827	0.4324660	0.1878592	0.4017897	0.7282641	0.2989378	0.8596664	0.2445972	0.7597708	0.2957253	0.0268929	0.9829737	0.4699686	0.0567667	0.0091618	0.7849697	0.4357327	0.6321051	0.7780084	0.8792937	0.7578623	0.0105475	0.3355902	0.9390442	0.0279594	0.8063308	0.3305713	0.7270625	0.2935700	0.5908147	1.0942698	0.8878798	0.5580442	0.1981225	0.2612505	0.5019596	0.3957348	0.8374871	0.2313410	0.3944401	0.2684561	0.1315933	0.1908953	0.4618740	0.8550964	0.2214194	0.2456588	0.8830476	0.8449578	0.2428372	0.3714366	0.7178652	0.6580927	0.0856689	0.7326174	1.0591364	0.3971540	0.2621280	0.5252988	0.5455856	0.7579833	0.8725320	0.7482538	0.4294166	0.3634025	0.0286186	0.5700637	0.2544703	0.1952302	0.4725217	0.9533805
250	0.0392417	0.2438473	0.0438137	0.0838756	0.2491634	0.0755110	0.4692109	0.0169089	0.7198192	0.4102730	0.0825843	0.4466652	0.0983850	0.6031012	0.2504198	0.5035180	0.3346318	0.8627049	0.9881369	0.0745369	1.0333847	0.5055597	0.7812095	0.9384290	0.9053606	0.6515656	0.4525480	0.2810938	0.5297854	0.0961372	0.5227606	0.2729636	0.3532898	0.8191131	0.3252166	0.8401085	0.2227170	0.7346873	0.3043001	0.0092136	1.0243082	0.4114067	0.0809973	0.0071852	0.7435107	0.4994572	0.5609891	0.7508125	0.8606276	0.6569104	0.0115744	0.3877769	0.9891076	0.0111445	0.7465888	0.2620300	0.8180575	0.3930012	0.5736524	1.0142929	0.8610317	0.5266899	0.1729526	0.1936178	0.5035278	0.3955584	0.8164064	0.2078421	0.4812627	0.4173544	0.0733560	0.1626569	0.4787945	0.9262447	0.2046054	0.3147064	0.9261910	0.8069972	0.2408695	0.3323699	0.7511423	0.6994806	0.0812546	0.7232445	1.0072401	0.4285536	0.3799415	0.5040712	0.5384732	0.7785985	0.9477139	0.6641387	0.3834321	0.2151197	0.0241859	0.5606425	0.2218492	0.3321480	0.5256637	0.9429149
300	0.0622872	0.2297263	0.0449993	0.0775818	0.2533127	0.0765225	0.5628640	0.0212416	0.8500703	0.3631369	0.0828884	0.4789826	0.1653507	0.6001649	0.1974072	0.4580263	0.3292238	0.8692539	0.9264826	0.0506119	0.9808610	0.5066343	0.7554440	1.0009346	0.9226299	0.6695756	0.3925098	0.4141810	0.5018786	0.0912330	0.4642622	0.3927917	0.3687057	0.8283711	0.2408383	0.8003597	0.2772459	0.6881956	0.2965290	0.0271482	0.9081705	0.4410911	0.0587153	0.0051874	0.6967655	0.4988782	0.4308209	0.6853173	0.8675745	0.6616373	0.0099326	0.3597771	0.9568250	0.0134570	0.7152843	0.1492780	0.8301322	0.4395152	0.6860664	1.0025139	0.7413896	0.5534715	0.1135932	0.2009483	0.4790367	0.4171616	0.7044193	0.1455582	0.4220116	0.4620279	0.0620827	0.1296219	0.5083482	0.9884141	0.1793278	0.3264950	0.9363978	0.8476577	0.2274441	0.3611809	0.6667567	0.7734752	0.1207069	0.7908095	1.0261602	0.3301532	0.4748611	0.5349048	0.4651439	0.7928083	0.9682882	0.6717734	0.3386395	0.1320393	0.0159793	0.5819372	0.2438890	0.3966397	0.5333181	0.9679002
350	0.0725388	0.2069993	0.0361628	0.0824325	0.2497813	0.1076207	0.5044799	0.0215300	0.8005932	0.4185734	0.0997963	0.5308788	0.1974021	0.6423140	0.1839220	0.5506313	0.2940121	0.9264274	0.8891428	0.0541876	0.9450268	0.6396769	0.8091198	0.7488947	1.0024138	0.7344933	0.3724502	0.4435809	0.5387456	0.1234230	0.4683370	0.4486152	0.4269676	0.9025284	0.2533431	0.9620607	0.2228530	0.7120001	0.2659301	0.0202471	0.8415672	0.4676256	0.0826284	0.0007664	0.7149629	0.5995453	0.4708086	0.7341435	0.8903079	0.7541180	0.0130715	0.3518315	0.8265493	0.0037129	0.7596686	0.1124958	0.8091447	0.4486616	0.5729567	1.0025042	0.6762205	0.5659255	0.0937629	0.2439921	0.4666439	0.4618404	0.7868950	0.1212848	0.4397385	0.4726105	0.0672207	0.1260102	0.5179176	0.8932942	0.1911656	0.3113377	0.9624768	0.8122569	0.2041118	0.3900104	0.7670874	0.6990781	0.1020123	0.7744896	0.9600924	0.3292596	0.4213871	0.5333554	0.5530933	0.8665936	0.9061272	0.7241907	0.2925553	0.1327596	0.0225612	0.5783686	0.2328414	0.4222743	0.5013196	1.0250763
400	0.0770098	0.2631528	0.0498424	0.0696664	0.1942945	0.0991578	0.5036394	0.0216183	0.6833624	0.3855899	0.1152032	0.5103007	0.4290685	0.7868152	0.2134441	0.6150590	0.3219777	0.9319451	0.7688111	0.0624065	1.0000149	0.5600122	0.7781985	0.6582862	1.0138087	0.7692074	0.3932421	0.4109086	0.5831545	0.1192349	0.5257275	0.4437785	0.3066239	0.9617350	0.2293461	0.9110137	0.3326623	0.8268338	0.2535297	0.0109232	0.9261849	0.4530048	0.0387707	0.0004206	0.7739782	0.6574229	0.4909730	0.7963721	0.9026880	0.7403828	0.0243761	0.3887116	0.7853878	0.0097773	0.7168260	0.0863073	0.8193170	0.5442270	0.5560687	1.0473786	0.5858390	0.5641810	0.0940795	0.2596956	0.4530000	0.3820242	0.8802793	0.0969399	0.4286597	0.5511775	0.0669750	0.1668518	0.5255735	0.8968161	0.1810886	0.3048436	1.0146795	0.7991768	0.2836288	0.4539689	0.7316779	0.6732643	0.0968358	0.7531558	0.9495816	0.3019808	0.4431133	0.5792847	0.5530429	0.8295189	0.9445036	0.7600828	0.3322476	0.2187428	0.0288271	0.5386816	0.2242525	0.3526199	0.4732005	1.0549225
450	0.0851383	0.2957673	0.0865214	0.0947971	0.2103102	0.1115274	0.5491698	0.0260156	0.7355845	0.2972072	0.1175749	0.5388074	0.4804458	0.7451403	0.2071337	0.5549641	0.3343625	0.9282819	0.7911746	0.0465154	1.0444615	0.4922633	0.8119645	0.6792055	1.0014784	0.7274318	0.4279727	0.3758392	0.5191401	0.1300631	0.5221295	0.5860044	0.2797432	1.0249507	0.2501835	0.9210316	0.4411881	0.7338914	0.2312204	0.0106106	0.9491803	0.4825602	0.0685229	0.0028888	0.7260219	0.6433948	0.4666517	0.7940401	0.9663995	0.7144804	0.0278945	0.3497607	0.8241105	0.0008362	0.7358700	0.0472231	0.8236120	0.6073785	0.5284032	1.0167404	0.5701356	0.5833113	0.1059086	0.2433994	0.4433946	0.4294260	0.8164629	0.0928609	0.3800507	0.5584501	0.0731177	0.1792133	0.4773280	0.9059126	0.1335978	0.3631889	0.9966100	0.9423726	0.2868838	0.5179595	0.6891335	0.6383182	0.1001914	0.7013426	0.9282675	0.3810760	0.4410381	0.6072794	0.5864405	0.7859571	0.9506033	0.7337414	0.3894522	0.2027314	0.0204195	0.5577188	0.2610213	0.3637124	0.4326104	0.9652484
500	0.1148501	0.2946163	0.0631484	0.1289128	0.2213239	0.1378437	0.5400860	0.0189671	0.8240610	0.2266978	0.0848300	0.6107014	0.4539612	0.7355231	0.1786777	0.5967141	0.3120237	0.8830433	0.8197886	0.0444544	0.9684584	0.4957284	0.9192899	0.6102981	0.9797798	0.7198865	0.4063193	0.4188093	0.5646456	0.1709418	0.4158745	0.6723683	0.3154278	0.9475256	0.1567019	0.9582300	0.4117402	0.8226687	0.2175354	0.0196021	0.9942528	0.3563717	0.0529772	0.0048935	0.7363166	0.6138009	0.5059096	0.7450674	0.9091979	0.6742199	0.0251496	0.3888387	0.8348853	0.0071013	0.6947014	0.0231114	0.8240706	0.5733584	0.4976202	1.1062814	0.5974318	0.6735590	0.1089355	0.3077652	0.5135717	0.4878179	0.7654496	0.0940792	0.3259200	0.4970213	0.0970198	0.1858792	0.4840780	0.8438527	0.1601780	0.3455740	0.9497484	0.8979894	0.2605623	0.6072504	0.8390198	0.6793818	0.0995675	0.8163895	0.9070343	0.3677681	0.4340483	0.6693414	0.6102040	0.7684050	0.8023612	0.6965059	0.4011110	0.2790571	0.0155598	0.5313152	0.2503436	0.3521725	0.4370981	0.9775956
550	0.1050978	0.2907304	0.5063162	0.1117907	0.1762045	0.1379676	0.3389708	0.0275068	0.8931951	0.1128873	0.0729067	0.4372351	0.4359551	0.7136838	0.3677858	0.4819515	0.4166044	0.9870776	0.7331174	0.2542563	0.6444020	0.6150568	0.8826595	0.5145503	1.0880481	0.6671594	0.4753832	0.5024920	0.6086732	0.1569028	0.3935291	0.6563643	0.3366466	0.8832897	0.1494546	1.0121263	0.3878297	0.7835092	0.3033236	0.0270554	0.9426186	0.3837665	0.0677925	0.0250473	0.6741786	0.6855331	0.5131496	0.7628861	1.0183175	0.5449832	0.0159184	0.3757637	0.8086490	0.0099340	0.6889305	0.0126622	0.8446050	0.5097327	0.4194403	1.0435752	0.5576023	0.6094190	0.0751628	0.2614159	0.4884214	0.4839549	0.8828432	0.1612993	0.3748439	0.4152385	0.2440015	0.1772772	0.4879069	0.8193731	0.1877706	0.5755026	0.9915805	0.7189777	0.3148582	0.6064167	0.7571236	0.6824337	0.1015806	0.7568520	0.7582894	0.3087981	0.5019235	0.5953573	0.5622844	0.7363562	0.6415481	0.5374108	0.4539711	0.2971114	0.0953629	0.5670679	0.2846028	0.4223443	0.4574253	0.9528351
600	0.1435658	0.3101577	0.7324024	0.1137430	0.1805138	0.1035609	0.1438386	0.0244791	0.9633584	0.0498765	0.0679386	0.3058725	0.3519668	0.4266942	0.7565464	0.5000012	0.4936109	1.0198499	0.8625680	0.5244240	0.3004236	0.7019585	0.9338093	0.5785133	0.9323154	0.6596110	0.6257461	0.3774145	0.6366457	0.1247212	0.3398533	0.5878305	0.4334482	0.9204639	0.1913768	0.9817647	0.4237565	0.8040913	0.3683414	0.0282661	0.9185663	0.4209034	0.0646275	0.0723669	0.7234443	0.5550544	0.5293856	0.7714445	0.9694763	0.2845264	0.0514177	0.4391505	0.5943665	0.0281752	0.8194671	0.0144041	0.8174839	0.4631088	0.4607820	1.0972675	0.5269243	0.5792077	0.0760587	0.2899071	0.3890035	0.5124649	1.0324542	0.2962082	0.3613053	0.3795923	0.2825395	0.2182388	0.5239246	0.7460610	0.2037172	0.7030617	0.8551399	0.4102028	0.3154850	0.6386911	0.8381444	0.7676699	0.1127504	0.7561594	0.8510977	0.3010312	0.4200118	0.5928813	0.4755428	0.7768198	0.4667930	0.3982150	0.4466125	0.4837668	0.1973700	0.5469899	0.3098179	0.3396153	0.4331369	0.9990597
650	0.1461553	0.4622740	0.9643421	0.0955113	0.2290554	0.0548571	0.0737656	0.0098657	0.9687672	0.0275247	0.0937247	0.1802826	0.1653785	0.1931591	0.9017192	0.3573815	0.4950028	1.0539568	0.9505628	0.7000846	0.1559171	0.6351583	1.0328712	0.7218654	0.7858477	0.7376926	0.8324367	0.3517892	0.6195887	0.0959261	0.4634365	0.5010967	0.4601893	0.8709903	0.2387661	0.9431427	0.3457854	0.8281558	0.3327939	0.0278051	0.9048236	0.4761641	0.0847894	0.0941724	0.6964793	0.5242007	0.5885609	0.8366275	0.8414936	0.1871299	0.0929561	0.4257039	0.4546597	0.0259277	0.7159764	0.0075162	0.8222510	0.3734742	0.5093874	1.0802941	0.4725896	0.5747681	0.0483851	0.2578036	0.4830877	0.6222228	0.9591141	0.3738356	0.3658109	0.2402888	0.3245490	0.1940809	0.5140430	0.8351734	0.2312556	0.7730995	0.9823256	0.3421297	0.2681544	0.7310657	0.7753030	0.8349699	0.1255446	0.7649153	0.9033062	0.2468094	0.4806383	0.3882047	0.3367833	0.8213690	0.4799956	0.3471769	0.3268381	0.7022594	0.1606949	0.5326811	0.2679645	0.1846334	0.4658095	0.9841371
700	0.1445196	0.5438431	0.9168244	0.0882931	0.3050969	0.0246985	0.0331943	0.0184353	1.0151670	0.0502625	0.0866163	0.1456523	0.0276299	0.1376304	0.7701643	0.2682835	0.4902214	0.9372634	0.9382889	0.8393819	0.0760702	0.5968472	0.9836765	0.7036175	0.7879401	0.6947931	0.8951634	0.2843498	0.5503156	0.0630752	0.4026592	0.4193270	0.6086323	0.9495092	0.2533125	0.9615800	0.2746513	0.7940581	0.2691911	0.0165855	0.9430704	0.4454067	0.0706339	0.1078186	0.7636158	0.5171919	0.4858583	0.7771760	0.8274635	0.1950558	0.1031748	0.3392128	0.3440790	0.0204112	0.6472182	0.0115610	0.7087731	0.3331673	0.3872583	0.9356443	0.5343556	0.6035537	0.0412026	0.2426707	0.4490691	0.5429601	1.0513456	0.6152071	0.3829154	0.1498148	0.2904819	0.2667978	0.4272161	0.8360897	0.2274224	0.7117876	0.9451371	0.3155735	0.2515418	0.7502202	0.7381180	0.9917067	0.0850145	0.8373389	0.9694333	0.2602210	0.4552234	0.4375638	0.3951976	0.7314363	0.3976973	0.3330981	0.3170560	0.7728870	0.1379518	0.5381228	0.2669213	0.0977904	0.5046804	0.9430431
750	0.1196530	0.6330355	0.9343919	0.0954624	0.3648083	0.0109750	0.0292393	0.0167421	0.8631972	0.0472259	0.1282455	0.0993644	0.0057003	0.1077686	0.9295872	0.3288450	0.4711750	0.9407505	0.8790358	0.8634365	0.0814545	0.5738495	0.9944532	0.8447087	0.8719347	0.7187939	0.9988589	0.2496819	0.4655468	0.0524422	0.4265200	0.2668189	0.6249839	0.8882392	0.2381368	0.9743867	0.3394921	0.6748590	0.3186970	0.0150152	0.9810694	0.4109611	0.0750107	0.1143372	0.8063174	0.4874836	0.4600826	0.7372487	0.7326033	0.1966353	0.1081411	0.2771085	0.4285058	0.0179141	0.6874827	0.0333417	0.7446211	0.2573632	0.4153043	0.9460436	0.6310367	0.5621560	0.0580163	0.2486228	0.4741770	0.5431873	1.0190631	0.5880363	0.3994155	0.1187645	0.3465885	0.3135212	0.3652057	0.9229652	0.2752401	0.6936547	0.8822832	0.2820832	0.2756975	0.7919952	0.6504555	1.0305836	0.1134531	0.8629799	0.9846953	0.2780641	0.4417850	0.4374039	0.4882476	0.7631812	0.5083191	0.2876213	0.3865729	0.7720173	0.1464760	0.5889710	0.2346900	0.0598377	0.5432658	0.8628366
800	0.0756012	0.5901866	0.9558985	0.1007235	0.4536794	0.0020093	0.0365700	0.0302864	1.0511900	0.0665542	0.1299480	0.0893110	0.0013704	0.1063145	0.9499549	0.3655694	0.4148168	0.8794162	0.8837730	0.8663435	0.0525756	0.6108643	0.9914332	0.9235353	1.0718434	0.7203871	0.9360840	0.1988755	0.4096852	0.0448851	0.4734296	0.1827797	0.6156297	0.8247415	0.2618288	0.8891873	0.2854454	0.7144621	0.3220480	0.0315792	0.9361058	0.4375649	0.0946430	0.0877085	0.6872513	0.5503296	0.4857510	0.7022311	0.8517866	0.2314237	0.1453787	0.3135698	0.4425536	0.0208547	0.6847851	0.0764030	0.6397507	0.2544447	0.4738495	1.0182575	0.6709386	0.6338528	0.1638051	0.2960605	0.4574312	0.5398237	0.9657024	0.6330967	0.5207504	0.0879857	0.3482728	0.2149601	0.3309636	1.0130195	0.2496344	0.6999471	0.8530126	0.1917023	0.2413942	0.8805674	0.7677348	1.1246762	0.1215399	0.9161521	0.9827978	0.2285605	0.3875631	0.4397185	0.5162412	0.7336005	0.5214900	0.1996763	0.3339098	0.6899153	0.1380332	0.5931294	0.2515789	0.0502486	0.5161225	0.8602893
850	0.0488924	0.5792487	0.9512361	0.1737510	0.3715254	0.0055219	0.0316634	0.0148083	1.1233933	0.0538552	0.0928929	0.1383853	0.0041449	0.1074745	0.8732390	0.3475822	0.4580031	1.0681382	0.9110087	0.8734398	0.0490743	0.6874921	0.9254005	0.9033552	0.9498349	0.6949007	0.9773236	0.1361052	0.3330326	0.0516069	0.4474809	0.1094221	0.6219771	0.8600475	0.2762030	0.8186799	0.3291597	0.7068307	0.4020698	0.0397458	0.8909919	0.4448649	0.0920536	0.0797724	0.6270967	0.6985730	0.5267914	0.8941531	0.8313143	0.3050784	0.1091565	0.2969325	0.4647638	0.0112788	0.7496280	0.2476378	0.6568593	0.2845224	0.4995663	1.1174312	0.7534930	0.5896547	0.1695462	0.2862821	0.5020435	0.5295429	0.9621930	0.6608704	0.5005942	0.0532261	0.3674077	0.2266658	0.3246221	0.9519239	0.2981984	0.6419891	0.8775223	0.1949246	0.2109410	0.8220977	0.8347708	1.0214155	0.1258544	0.8110091	0.9689138	0.3196110	0.3926008	0.3895169	0.5307936	0.7046694	0.4844183	0.2586861	0.3937594	0.6391908	0.1192462	0.5621463	0.2487436	0.0317014	0.5553219	0.8709781
900	0.0267818	0.6227690	0.9273625	0.1531364	0.3999149	0.0066655	0.0447611	0.0100362	1.0461688	0.0642327	0.1242853	0.0962709	0.0049953	0.0886705	0.9241247	0.3569392	0.4687157	0.9426810	0.9780381	0.7204341	0.0722816	0.6599895	0.9189306	1.0828323	0.9782833	0.7321582	0.9242936	0.1432090	0.3114983	0.0554936	0.4240485	0.1350186	0.6042491	0.9523733	0.2761063	0.8153411	0.3650509	0.6964804	0.4121805	0.0415159	0.8650565	0.4804756	0.1030786	0.0583256	0.7074129	0.5851082	0.6163487	0.9209687	0.8756437	0.3287651	0.0998563	0.3528548	0.4515899	0.0070435	0.8208548	0.2962702	0.6930699	0.2372679	0.4961582	1.1007204	0.7397565	0.5274842	0.1901788	0.2531372	0.5100257	0.5499702	0.9715201	0.6760155	0.4820821	0.0607194	0.3906867	0.2452702	0.2831420	0.9318965	0.2711978	0.5460561	0.8928137	0.1791425	0.2659727	0.6959469	0.7472209	0.9305975	0.1043573	0.7172919	0.9939581	0.3755273	0.2802357	0.4115948	0.5241305	0.7873542	0.4247717	0.3216237	0.4077926	0.5938287	0.0831579	0.6193747	0.2306527	0.0283845	0.4937430	0.9475235
950	0.0205291	0.6922224	0.9698113	0.1663246	0.4550239	0.0004538	0.0283560	0.0266276	1.0258990	0.1235220	0.1094390	0.0898802	0.0104723	0.1201838	0.8426934	0.3859085	0.4712506	0.9605999	0.9716813	0.8745475	0.0637686	0.6559397	0.8922762	0.9890231	0.9579290	0.7753547	0.9992677	0.1313333	0.3467317	0.0512392	0.4356992	0.1101693	0.6931994	0.9715197	0.2567079	0.8653244	0.3529140	0.6636212	0.3783832	0.0383974	0.9001210	0.4011886	0.0833442	0.0790406	0.7042955	0.4969335	0.6410759	0.8758106	0.8955220	0.2605029	0.0794516	0.2976580	0.5324735	0.0076258	0.7619546	0.3425289	0.7491090	0.2083261	0.5238859	1.0109012	0.7122086	0.6161964	0.2305122	0.2563999	0.5750326	0.5109790	0.9702771	0.7158276	0.4449025	0.0475295	0.3481686	0.2010630	0.3062607	0.8736440	0.2730489	0.6035648	0.9469421	0.1709497	0.3307154	0.6750418	0.9284323	0.9389076	0.0977212	0.7705578	0.9035413	0.3786679	0.2165651	0.3811612	0.4499660	0.8035586	0.3959711	0.3699797	0.4493786	0.5494753	0.1100518	0.6040841	0.1914269	0.0205966	0.4648120	0.9331584
1000	0.0126616	0.6171079	1.0017470	0.1857145	0.4469474	0.0002814	0.0389954	0.0206529	1.0013963	0.2104707	0.1189418	0.0963032	0.0026883	0.1019591	0.8789486	0.3875979	0.5143260	0.9950362	0.9937945	0.8168946	0.0504116	0.6969908	0.8854233	0.8548552	0.9855804	0.6842425	0.9847241	0.1175700	0.3600795	0.0411024	0.3658633	0.1322435	0.7829588	0.8420762	0.2403151	0.8648973	0.2970955	0.7985010	0.3767044	0.0366109	0.9227215	0.4579805	0.0581510	0.1017146	0.7315767	0.4644644	0.6477212	0.8445612	0.8841120	0.3033318	0.0634778	0.3396137	0.6041401	0.0031311	0.7596315	0.4063538	0.7683362	0.2418655	0.5566395	1.0684845	0.7095855	0.6536395	0.2121526	0.2703493	0.6596566	0.5633088	1.0275121	0.7928979	0.4555885	0.0485952	0.3854488	0.2452770	0.3069208	0.8900529	0.2899406	0.5564926	0.9560595	0.3137138	0.2772250	0.7258291	0.9066507	1.0037630	0.1145188	0.7441779	1.0011252	0.3621008	0.2296568	0.3559102	0.5320935	0.7639064	0.4193965	0.3805279	0.3740914	0.5929118	0.1297892	0.6129988	0.2047405	0.0324937	0.4759332	0.9005165

0	0.0094491	0.6355617	1.0459758	0.0876986	0.4170952	0.0015965	0.0357302	0.0201856	0.7842026	0.5482911	0.1482550	0.1067167	0.0074763	0.0795139	0.9263252	0.4386615	0.5117037	1.0187251	0.9869150	0.9112762	0.0675828	0.6396705	0.9879649	0.9056811	1.0249936	0.8053086	0.8415975	0.0956169	0.2807776	0.0361236	0.3476186	0.0945586	0.7647381	0.8073502	0.2691465	0.9854445	0.2644993	0.7761342	0.3511720	0.0142404	0.9503393	0.3956488	0.0912837	0.0721673	0.8039584	0.5632487	0.5721011	0.9104100	0.8750489	0.3877912	0.0490860	0.3690556	1.0040851	0.0016799	0.7496314	0.4296180	0.7445798	0.3138374	0.4763448	0.9977159	0.8917758	0.5763065	0.2317245	0.3844034	0.5377636	0.4876338	1.0898320	0.8135737	0.5024926	0.0491368	0.3912071	0.2335426	0.3169327	0.9297559	0.3112694	0.3637340	0.9584119	0.1589398	0.2670455	0.6498318	0.7931145	1.0351174	0.1402507	0.6535788	1.0095359	0.4184859	0.2245238	0.5131035	0.6073464	0.7854143	0.4606182	0.1309775	0.4648780	0.5528648	0.0723851	0.5781484	0.2784400	0.0363961	0.5378107	0.9932421
50	0.0096344	0.6450721	0.9349492	0.2515557	0.5662408	0.0004059	0.0454513	0.1978047	0.7984887	0.4256769	0.1116486	0.0760808	0.0072689	0.0482290	0.8161838	0.3877044	0.4864691	0.9879513	0.8832533	0.8547183	0.4096875	0.5451609	1.0054585	0.9601293	0.9510911	0.8136449	0.9002208	0.0920400	0.3132791	0.0625671	0.3916815	0.0865724	0.5584629	0.5480089	0.2305356	0.8527487	0.2509015	0.5334332	0.3151223	0.0325779	0.9828548	0.3922567	0.1190607	0.0904967	0.7611891	0.3529307	0.7924893	0.8054865	0.8997901	0.3869419	0.0501824	0.3503457	0.9195546	0.0028474	0.7617701	0.4731310	0.7639672	0.2352386	0.4147032	1.0088788	0.7909344	0.5246227	0.2327848	0.2494961	0.3320126	0.5275944	0.9424912	0.7235494	0.4918474	0.1932346	0.4578389	0.3883721	0.2670205	0.9274623	0.2757907	0.2790864	0.9357274	0.6053656	0.2544338	0.5013730	0.7516555	0.9990975	0.0894589	0.7373753	0.9480269	0.3533190	0.2676086	0.6667117	0.3569211	0.6343712	0.7508308	0.1938973	0.4820195	0.3807697	0.2094288	0.6307163	0.2358266	0.0530239	0.4459898	0.9721068
100	0.0137098	0.5763116	0.7470929	0.4012394	0.5982871	0.0014917	0.0827912	0.4409585	0.7915227	0.4156583	0.1430729	0.1027453	0.0046585	0.0341399	0.6998249	0.4011485	0.4130358	1.0004955	0.9326882	0.6364892	0.6856810	0.6447612	1.0774599	0.9498377	0.8679145	0.8485141	0.9342698	0.0833708	0.5101280	0.1256244	0.4198299	0.0569113	0.5928922	0.3474366	0.1438188	0.7568585	0.1512446	0.4367541	0.3754459	0.0328386	0.9415079	0.3565620	0.1761520	0.0960453	0.7724890	0.3104732	0.8195774	0.7883844	0.8322021	0.4530081	0.0356189	0.3315287	1.0133578	0.0356613	0.7040427	0.4218109	0.7008607	0.1696066	0.5321073	0.8884282	0.8205436	0.5251232	0.2563853	0.3142336	0.1760048	0.5197103	0.8216289	0.6286311	0.3998024	0.3306140	0.6233537	0.5702438	0.2530628	0.8746086	0.2259016	0.1708361	0.9474071	0.8477486	0.2582319	0.2839210	0.7118611	1.0258687	0.0875699	0.8089129	0.9878393	0.3023937	0.3304470	0.5841589	0.1968233	0.4631031	0.7624563	0.1756302	0.6397837	0.2697255	0.5221864	0.6399072	0.2276167	0.0582181	0.3712240	1.0108954
150	0.0205201	0.5020467	0.7590830	0.4549229	0.6087654	0.0112331	0.1266030	0.5835256	0.7373308	0.4388255	0.1318411	0.1111958	0.0092932	0.0194115	0.7248433	0.4561245	0.4939019	1.0389238	0.9604406	0.4929052	0.7878442	0.6630525	1.0415143	0.9896204	0.9538819	0.9775011	0.9017302	0.1230902	0.6437532	0.1626958	0.5232522	0.0325329	0.4616990	0.3093358	0.1073834	0.7376741	0.1037991	0.3530634	0.3647442	0.0620044	0.8908340	0.3490381	0.2066583	0.1088051	0.7513424	0.3299271	0.8749085	0.6989430	0.8316779	0.5005230	0.0216489	0.3171964	1.0230727	0.1188097	0.7003969	0.4760539	0.6488421	0.1840975	0.4634070	0.9033808	0.8642811	0.5071207	0.4007464	0.3726342	0.1885928	0.4981440	0.7633478	0.5766344	0.3473480	0.4375151	0.8014106	0.6071560	0.3252296	0.9335454	0.1235271	0.1373289	0.9075586	0.9182301	0.2298953	0.1775625	0.7607303	0.9133160	0.1086850	0.9241939	0.9650032	0.3624184	0.3938023	0.5326588	0.1673544	0.3928476	0.9297331	0.1507992	0.6585540	0.2250618	0.7458198	0.5499104	0.2495457	0.1061737	0.2959163	1.0450684
200	0.0770025	0.4916506	0.6737652	0.4889081	0.6787840	0.0076778	0.1615141	0.5864779	0.6983461	0.3668196	0.1069194	0.1267919	0.0209846	0.0156638	0.6494372	0.6029312	0.4519591	1.0281450	0.9729463	0.4582855	0.8218604	0.7123408	0.9528907	1.1799469	0.9555724	0.9815221	0.8971388	0.1613706	0.7860595	0.2265116	0.5908797	0.0197600	0.4397820	0.2480261	0.1106786	0.7104699	0.1035088	0.3136990	0.3926456	0.0532379	0.9102682	0.3603903	0.2068067	0.0808383	0.7514547	0.3193226	0.8467967	0.6846606	0.8392301	0.4432126	0.0174168	0.3904435	0.9052340	0.2760016	0.7908070	0.4879239	0.5386734	0.2374484	0.4426426	0.8740493	0.8227412	0.4401916	0.4214218	0.4220627	0.2116704	0.4753080	0.6668582	0.4972510	0.3249038	0.3962997	0.8180350	0.5661126	0.3994067	0.8595741	0.1166920	0.2233747	0.9496160	0.8840824	0.1995800	0.1460362	0.6350887	0.8192482	0.1024551	0.8430874	0.9408667	0.3620261	0.4086969	0.5064869	0.1641615	0.4407160	0.8906558	0.2688741	0.7597724	0.1539181	0.7825501	0.5370369	0.3276587	0.1001906	0.1984285	0.9895042
250	0.1410145	0.4614773	0.6688205	0.5285720	0.6442958	0.0192579	0.1888705	0.5785601	0.7939724	0.2250966	0.1407924	0.1243428	0.0168506	0.0219259	0.6352286	0.6494237	0.4357318	1.0373376	0.8992642	0.5317089	0.9112047	0.7206880	0.9475577	1.1524950	0.9300995	0.9052910	0.8836868	0.2249439	0.8870202	0.2217859	0.5911674	0.0255068	0.4423326	0.2041493	0.1145995	0.7292863	0.0945950	0.2316043	0.3107381	0.0443827	0.8815257	0.4145049	0.1998091	0.0621855	0.7787004	0.2975605	0.6947559	0.8104846	0.8708674	0.5465447	0.0081443	0.4577745	0.7798823	0.4134188	0.7815481	0.5083242	0.5396480	0.2358307	0.4393922	0.8637883	0.7456669	0.4831373	0.3761009	0.3974570	0.1801898	0.4818407	0.7261004	0.5639428	0.2294808	0.4319302	0.7835007	0.6064247	0.4446510	0.8342418	0.1101173	0.2041147	0.9179435	0.7651167	0.2020199	0.1353312	0.6414564	0.7523510	0.0932371	0.9543745	0.8746650	0.3344832	0.4795628	0.3604811	0.2157435	0.3496361	0.8625583	0.3193791	0.6646876	0.1093023	0.8285681	0.5113395	0.3604175	0.1288983	0.2200629	1.0247252
300	0.2249133	0.4523522	0.7066104	0.5328619	0.6436653	0.0156681	0.1724546	0.6287293	0.8525030	0.1502303	0.1852307	0.1057025	0.0147167	0.0322964	0.6298598	0.6346128	0.4713264	0.9451816	1.0258258	0.4717399	0.7714419	0.7130882	0.9631078	1.0762078	0.9832146	0.9361514	0.9284949	0.2286333	0.8892472	0.2072608	0.5258970	0.0245782	0.5289697	0.2379908	0.1351802	0.7605981	0.0680713	0.2652032	0.3376656	0.0313127	0.9013001	0.4070664	0.2365023	0.0719114	0.7831179	0.3347699	0.7492525	0.8740966	0.8881879	0.5452294	0.0033719	0.4745715	0.6449217	0.4903931	0.7008162	0.5093015	0.6038402	0.2048793	0.3566551	0.9981954	0.7527312	0.4685044	0.3898029	0.4106862	0.1701393	0.4636579	0.6516033	0.5181471	0.2362103	0.4749743	0.7875458	0.6083194	0.4781681	0.8402427	0.0712713	0.2177408	0.8968283	0.8621423	0.2112352	0.1020709	0.5810656	0.8189209	0.1056806	1.0022928	0.9112440	0.3635036	0.5232546	0.3535119	0.1900656	0.2600655	0.8239072	0.2354481	0.6539970	0.1054154	0.8759439	0.4938599	0.3408044	0.1317322	0.2361529	1.0190442
350	0.3361386	0.3983477	0.7297962	0.5074858	0.7046148	0.0101507	0.2598980	0.6467553	0.8176320	0.0654580	0.1812552	0.1242972	0.0139026	0.0312074	0.6457126	0.7061999	0.4291364	1.0040214	0.9451666	0.4441381	0.8260705	0.6653217	0.8898664	0.8872342	1.0162160	0.9184508	0.9299172	0.1869178	0.8712645	0.1950563	0.5750073	0.0173025	0.3788793	0.2376614	0.1570839	0.7310935	0.0510255	0.2703147	0.3586813	0.0406226	0.9702766	0.3542090	0.2185181	0.0565781	0.6844238	0.3016986	0.8019910	0.8004498	0.8315922	0.6005693	0.0018188	0.4826726	0.5461145	0.5166842	0.7405617	0.6151824	0.5365584	0.2449228	0.4189332	0.9925415	0.7468696	0.4309519	0.4225146	0.4504152	0.1569169	0.4967625	0.6021635	0.5216890	0.2205865	0.3672209	0.7713559	0.5840360	0.5567397	0.8469643	0.0643818	0.2418113	0.8825073	0.9950496	0.1988315	0.1086228	0.6969520	0.8439141	0.0912858	0.9762786	0.9227372	0.3483834	0.5602634	0.3435222	0.2059531	0.2173639	0.9616410	0.2088733	0.6728716	0.1116153	0.9163052	0.4729376	0.4293003	0.1178894	0.2549390	0.9868716
400	0.4335670	0.4146845	0.8097943	0.5954896	0.6376344	0.0215529	0.2269752	0.6094200	0.8674176	0.0341890	0.1906438	0.0851013	0.0056196	0.0353698	0.6831842	0.7463619	0.4297129	1.0186382	0.9159460	0.4216541	0.7530752	0.6247696	1.0222852	0.9235370	0.9834433	0.9884411	0.9028850	0.1844237	0.9220112	0.1575976	0.6152723	0.0188024	0.3532641	0.2309713	0.1560979	0.6825079	0.0558421	0.2531120	0.4319761	0.0691603	0.7907067	0.3554421	0.2447175	0.0421226	0.7400940	0.3068433	0.7915138	0.7611493	0.7901212	0.4975359	0.0018610	0.5438028	0.4890165	0.4594543	0.7496213	0.5104758	0.5461851	0.1816993	0.3496509	1.0033731	0.6949962	0.4306860	0.3393269	0.4689106	0.1891515	0.4039507	0.6867010	0.5102137	0.2251310	0.4199178	0.8746921	0.5367005	0.6669388	0.8792574	0.0512983	0.2877465	0.7948885	0.8873621	0.1596538	0.0947790	0.7296434	0.8006287	0.1290843	1.0403279	0.9586613	0.3367363	0.5188106	0.3152518	0.1938313	0.1951108	0.9022147	0.2981813	0.7743072	0.1125679	0.8358460	0.4826576	0.4651783	0.1240861	0.2020504	1.0352109
450	0.3633613	0.4538570	0.7739333	0.6159684	0.5698001	0.0192041	0.2393005	0.5925124	0.8855031	0.0334867	0.1221214	0.0797530	0.0042489	0.0352330	0.6200444	0.7134645	0.4527495	0.9921027	0.9593978	0.4430462	0.8362753	0.6202018	0.9212660	0.9544008	1.0110251	1.0480348	0.8797793	0.2081187	0.9666160	0.1666272	0.5999377	0.0215807	0.4183368	0.2239288	0.1655452	0.6212479	0.0409837	0.2379099	0.3890845	0.0420834	0.8338357	0.3485931	0.2056181	0.0299949	0.7223303	0.2958925	0.7810423	0.8174881	0.7923196	0.5539748	0.0046253	0.6360041	0.4531420	0.3553975	0.8203550	0.5020985	0.5501421	0.2129084	0.3867419	1.0205075	0.6286185	0.4233165	0.4400682	0.4219104	0.2239315	0.4113316	0.5845045	0.4888239	0.1511189	0.4551116	0.8462666	0.5743729	0.5757500	0.9499816	0.0883177	0.2203849	0.8339716	0.9476704	0.1902772	0.0843303	0.6675714	0.8115317	0.1328097	1.0454945	0.9773583	0.3041075	0.5337379	0.2547641	0.2899209	0.2170503	0.9303229	0.3823241	0.8387653	0.1330496	0.8105308	0.4936865	0.3748032	0.1424227	0.1857143	1.0775565
500	0.4334229	0.4700065	0.8282958	0.5806366	0.7245232	0.0305191	0.2570035	0.6708999	0.9689781	0.0261156	0.1515734	0.1014135	0.0136666	0.0374874	0.6577588	0.7279097	0.4095086	0.9433643	1.0493591	0.4969833	0.7908779	0.7278032	0.9845515	0.9485993	1.0509988	1.0333975	0.9142463	0.1972461	0.8896710	0.1512584	0.5330310	0.0329347	0.3736643	0.1965538	0.1439084	0.6947027	0.0517779	0.2654846	0.3394240	0.0381041	0.9422470	0.3885779	0.2024018	0.0260722	0.8478718	0.2395662	0.8730838	0.7401921	0.7275528	0.5247808	0.0018794	0.6706223	0.4179606	0.3280259	0.8113738	0.5378587	0.5110508	0.1829068	0.4420833	1.0690568	0.6179827	0.4015460	0.4453583	0.4430174	0.1593652	0.3959447	0.6581953	0.4382408	0.1405766	0.4607162	0.8580191	0.6144212	0.5734534	0.9928492	0.0701387	0.3165334	0.8250706	0.9705143	0.1494714	0.0886305	0.5703975	0.8091922	0.1087058	1.0184350	0.9078407	0.2929042	0.5674495	0.2559726	0.2393595	0.2222340	0.8415629	0.3149360	0.7509631	0.1336650	0.8287619	0.4290996	0.3680906	0.1282724	0.2231944	1.0038837
550	0.4317748	0.4312240	0.8438443	0.3805504	0.5766461	0.0450125	0.2283433	0.4458399	1.0504206	0.0174381	0.1338236	0.0810165	0.0063266	0.1223787	0.5725450	0.6340118	0.4111851	1.0264477	0.8905704	0.5920050	0.5249145	0.6858297	1.0797268	1.0553015	0.9878211	0.8418095	0.9128796	0.1763356	0.8738190	0.0783939	0.5064612	0.0968089	0.4341407	0.4241625	0.2026429	0.6026664	0.0939567	0.4274972	0.4157153	0.0516978	0.9302335	0.4758192	0.2022438	0.0386085	0.9138125	0.3030720	0.6485805	0.7416596	0.7161858	0.4719262	0.0040677	0.6158000	0.4226107	0.2676468	0.7436392	0.5709858	0.5635453	0.2649132	0.5403600	0.9022980	0.6338469	0.4284849	0.4223067	0.4527410	0.2584561	0.4766556	0.6484307	0.4499741	0.2063749	0.2193827	0.8098201	0.4081130	0.5849687	0.9559713	0.0671298	0.5473850	0.8150277	0.4962832	0.1453014	0.2052845	0.5566408	0.8962195	0.1321837	0.9762465	0.8631785	0.2197230	0.5593126	0.2444635	0.4899660	0.3879453	0.7449389	0.3036512	0.6806567	0.2912806	0.6451409	0.5013344	0.3670908	0.1055519	0.2531837	0.9023158
600	0.3735284	0.4691448	0.9133227	0.2258580	0.4717370	0.0370854	0.2000574	0.2572778	1.0198757	0.0261153	0.0990934	0.0799009	0.0056438	0.1542941	0.6596491	0.5855696	0.4413617	0.9471956	0.9263491	0.6969266	0.2642425	0.7150102	1.0762648	0.9564183	1.0006825	0.7177347	0.9411699	0.1966868	0.6907579	0.0687902	0.4609822	0.1711993	0.5025328	0.6872618	0.3038333	0.6604049	0.1023091	0.6278605	0.4337914	0.0634422	0.9964597	0.5335939	0.1467676	0.0312394	0.8136810	0.4263394	0.5072216	0.6882420	0.7266554	0.3003003	0.0070317	0.5631942	0.4362056	0.1422547	0.6553873	0.5382368	0.6546648	0.2992223	0.5181747	0.9786412	0.6826636	0.5146885	0.3262383	0.3939903	0.3692510	0.4854311	0.5868691	0.5062511	0.2276336	0.0904008	0.6799822	0.2949586	0.5332598	1.0090092	0.1156440	0.6711231	0.8253032	0.1839348	0.1711920	0.3770866	0.6757098	0.8864710	0.1577941	0.9760429	1.0211869	0.1989155	0.5479417	0.3324324	0.5193029	0.5754289	0.5355019	0.3126924	0.5374995	0.3673692	0.5589822	0.5455389	0.2907668	0.0624445	0.3229448	0.9493305
650	0.2639036	0.5403704	1.0226260	0.1807561	0.3805529	0.0286841	0.1644915	0.1238097	1.0203126	0.0125095	0.0879262	0.0653433	0.0139970	0.1301289	0.7540864	0.5378446	0.5037292	0.9205868	0.9741084	0.7663190	0.1608994	0.6207867	1.1000637	0.8950602	0.9682941	0.6283746	1.0453188	0.1505116	0.5371600	0.0632591	0.5010281	0.1972580	0.6048623	0.8132805	0.3043214	0.7217246	0.1987291	0.7124989	0.3999901	0.0327585	1.0523239	0.5255967	0.1083731	0.0357675	0.7522581	0.5498582	0.4556944	0.6876750	0.7361366	0.2883996	0.0020189	0.5593506	0.4033634	0.0493187	0.6771950	0.4158168	0.6843722	0.2666962	0.5441362	0.9886785	0.6796995	0.4948501	0.2220084	0.3723327	0.5108274	0.4901595	0.7990455	0.6434110	0.2993908	0.0570165	0.5487407	0.2345333	0.5414263	0.9406043	0.2145598	0.7487410	0.7737310	0.0761067	0.2241334	0.5843210	0.6413298	0.9777463	0.1275819	0.9212303	0.9941460	0.1811075	0.3872699	0.3502037	0.5733501	0.6650762	0.5085773	0.3094083	0.4697122	0.5125286	0.3899205	0.5962679	0.2512097	0.0332834	0.2983706	1.0204489
700	0.1924123	0.5761347	0.9670495	0.1345283	0.4331887	0.0163397	0.1161400	0.0454819	1.0553331	0.0178140	0.1338440	0.0788918	0.0094886	0.1163520	0.8190186	0.4320688	0.5217926	1.0364790	0.8744337	0.7684624	0.1146002	0.5930327	1.0745967	0.9983711	1.0094243	0.6598796	1.0157300	0.1549483	0.4713412	0.0421125	0.4794143	0.1809966	0.5402954	0.8256680	0.2541838	0.8228203	0.2560991	0.6917494	0.3493963	0.0228577	0.9507265	0.4271198	0.0796194	0.0492835	0.7001226	0.5508751	0.4639785	0.8173673	0.7822799	0.2947634	0.0060237	0.4800911	0.3612350	0.0244609	0.7281281	0.3366058	0.6458909	0.3137572	0.4514567	1.0179216	0.6152988	0.5393651	0.2183068	0.3483505	0.5066117	0.4481805	0.9687263	0.6855030	0.3121760	0.0426401	0.5508028	0.2704497	0.4529524	0.8207695	0.2515806	0.6765068	0.8106841	0.1429076	0.2653087	0.6348366	0.7809970	0.9094569	0.1497655	0.8331523	0.9833325	0.2270809	0.4053311	0.3741200	0.5274195	0.7181100	0.5380182	0.3706334	0.4686462	0.5700443	0.2442388	0.6400829	0.2699028	0.0264123	0.3573549	1.0211007
750	0.1522151	0.5969761	0.9952272	0.1263977	0.4540812	0.0068669	0.0592619	0.0250784	1.1558971	0.0255308	0.1151753	0.1106134	0.0111630	0.1023716	0.8978179	0.4474079	0.4466010	1.0619234	0.9287414	0.8385408	0.0678059	0.6385832	1.0886342	1.0195513	0.8863823	0.7547457	0.9511705	0.1579550	0.4055682	0.0528314	0.4847042	0.1401681	0.6438031	0.9147975	0.2946818	0.9771361	0.2835019	0.7274684	0.3180905	0.0431923	0.9538432	0.4744624	0.0597679	0.0591289	0.6961547	0.6453823	0.5344078	0.8193246	0.7981542	0.3326388	0.0175652	0.4086212	0.3884631	0.0150207	0.7861392	0.2918326	0.7112050	0.2886700	0.5421057	1.0373322	0.6628536	0.5652315	0.2527356	0.3111269	0.5452425	0.5436054	0.8975545	0.7025535	0.3517282	0.0442091	0.4845564	0.2511243	0.3991420	0.8693780	0.2671360	0.7161024	0.8687796	0.2367831	0.3036442	0.6088329	0.7913547	0.9609502	0.1312521	0.8106988	0.9998231	0.3326852	0.2706357	0.3910765	0.5737313	0.7570927	0.4778135	0.3724901	0.4103955	0.5836398	0.1631867	0.5712560	0.2296845	0.0279551	0.4018237	1.0205696
800	0.0929499	0.6003369	0.9634242	0.1754368	0.4821095	0.0050951	0.0239732	0.0202803	1.0928335	0.0152971	0.0842559	0.1087999	0.0045417	0.1144952	0.7547485	0.3808336	0.4511739	1.0244703	0.9369026	0.9121253	0.0647528	0.6458521	1.0796447	1.1539324	0.8996430	0.6190563	1.0297559	0.1570488	0.2763991	0.0479644	0.4172615	0.1486568	0.6002552	0.8444740	0.3148452	0.8758337	0.2861325	0.7127767	0.4164033	0.0205605	0.8981341	0.4333826	0.0551041	0.0915352	0.8125174	0.5688817	0.6304351	0.7956825	0.8647323	0.3095549	0.0576363	0.4352238	0.4159865	0.0150049	0.7917766	0.3029481	0.7781839	0.2240724	0.4346916	1.0259842	0.7732141	0.6165002	0.2237621	0.3052102	0.6520272	0.5172861	0.9987291	0.6757434	0.3574439	0.0531326	0.4921852	0.2649278	0.2575569	0.7925897	0.2470769	0.6484671	1.0284279	0.3353621	0.3622877	0.7373967	0.8847044	0.9580849	0.0938283	0.7122029	0.9569643	0.2996531	0.2326031	0.4027202	0.5907321	0.8763703	0.4433647	0.3224469	0.4013121	0.5086695	0.1036226	0.5495830	0.2325759	0.0363403	0.5156598	1.0937500
850	0.0484210	0.6779966	0.8581766	0.1272004	0.5166718	0.0005619	0.0267947	0.0193277	1.1140291	0.0341196	0.1562766	0.0908487	0.0042304	0.1244933	0.8557387	0.3713916	0.4850146	0.9481407	0.9062293	0.9147650	0.0795209	0.6134043	1.0483979	1.0331355	0.8985566	0.7467061	1.0394719	0.1231727	0.3183119	0.0613529	0.4399022	0.1317941	0.6593163	0.8739828	0.2738784	0.9079450	0.3412123	0.7724361	0.3756789	0.0167367	0.9155350	0.4513658	0.0660472	0.0908682	0.7762058	0.5038330	0.4531520	0.7183788	0.8645245	0.2776462	0.0599216	0.3307523	0.4480613	0.0088448	0.6854674	0.3975485	0.7876499	0.2149273	0.5201063	0.9656026	0.7586464	0.6028558	0.2047766	0.3485546	0.6230950	0.5443643	1.0509672	0.7303777	0.4209651	0.0533825	0.4716940	0.2262016	0.3039542	0.7981661	0.2828117	0.5323536	0.9410099	0.3482495	0.3680461	0.8093353	0.8441640	0.9962919	0.1251588	0.7278023	1.0262878	0.2641179	0.2138783	0.3783400	0.4834315	0.7411551	0.4782363	0.2386260	0.4466281	0.5332920	0.1054146	0.6279611	0.2515621	0.0197090	0.5338089	0.9398494
900	0.0188848	0.6862138	0.9341643	0.1117656	0.4913398	0.0025866	0.0354068	0.0232351	1.0291361	0.1444273	0.1480274	0.0991134	0.0010374	0.1281542	0.8615629	0.4364121	0.4918385	0.9209812	0.9888958	0.8827943	0.0700983	0.6745725	1.0076213	0.9585411	0.9144745	0.7074922	0.9724635	0.1168936	0.3519457	0.0563497	0.4095211	0.0907026	0.6711515	0.9129649	0.3117072	0.8421164	0.3519863	0.8167473	0.3737378	0.0173707	0.8973225	0.4226138	0.0651237	0.0985801	0.7192555	0.5150542	0.5377288	0.8237740	0.9059906	0.2942782	0.0821929	0.3680055	0.4618002	0.0065554	0.7028539	0.3572477	0.8403806	0.2487084	0.4158885	0.9135476	0.7756898	0.5134169	0.2463259	0.2590965	0.5262965	0.5501035	0.9583758	0.7050455	0.4184426	0.0574746	0.4470969	0.2575298	0.2675310	0.8637752	0.2877569	0.5518816	0.9275092	0.2971626	0.2422377	0.7149790	0.7751930	0.9939755	0.1243421	0.7564560	0.9282863	0.2898707	0.1795527	0.4136847	0.5651266	0.7878197	0.5202835	0.2382009	0.4335707	0.6148683	0.0873039	0.6163260	0.3388913	0.0221016	0.5591196	1.0395282
950	0.0264584	0.6513616	1.0047591	0.0992510	0.4541098	0.0022181	0.0442856	0.0145550	1.0311218	0.3147588	0.1217379	0.1362144	0.0069393	0.1322836	0.9144986	0.3776421	0.4995708	0.9699757	1.0291011	0.8352095	0.0685104	0.5070799	1.0287199	0.9682207	0.9695212	0.6583660	1.0275658	0.1037730	0.3629107	0.0584510	0.4395378	0.0995296	0.5857228	0.8362083	0.3256036	0.8662065	0.3322228	0.7822605	0.3911001	0.0263244	0.8936369	0.3463218	0.0844521	0.1004307	0.7106834	0.5844299	0.5277422	0.8598276	0.8476300	0.3477609	0.0905470	0.2589209	0.6248566	0.0100337	0.8222881	0.4072123	0.7852001	0.2245271	0.4596488	0.9092014	0.7848697	0.5493785	0.2240264	0.2511710	0.5153823	0.5534450	0.9362428	0.7176778	0.4467187	0.0626763	0.4528029	0.2098130	0.2981593	0.9041206	0.2915247	0.5968528	0.9095085	0.3281575	0.2190761	0.7062935	0.7371307	1.0464891	0.1217124	0.7526441	1.0676306	0.2234774	0.2176988	0.4410555	0.5586187	0.6758216	0.5119306	0.2939504	0.3719076	0.5898522	0.0740974	0.5708251	0.3267122	0.0211815	0.5797259	1.0124514
1000	0.0248551	0.5918564	0.9716470	0.1698170	0.4478394	0.0046499	0.0183440	0.0121962	0.9634710	0.2693976	0.1175141	0.0944325	0.0029014	0.1159841	0.9904999	0.4475545	0.5589719	1.0105214	1.0237076	0.8638869	0.0606752	0.5800612	1.0760685	1.0428961	0.9866515	0.6854691	0.9950084	0.1209241	0.3336698	0.0483621	0.4282667	0.1111079	0.6723087	0.8864066	0.2780399	0.9512215	0.3840600	0.6885627	0.3887868	0.0154974	0.9649835	0.3970714	0.0965566	0.1063507	0.6993932	0.6374758	0.6006623	0.8445445	0.9381105	0.3731210	0.0615691	0.2920730	0.7762235	0.0098794	0.7971444	0.4063452	0.8038294	0.2323127	0.5344076	0.9298375	0.8368266	0.5491173	0.2083270	0.2599356	0.4447465	0.5238911	1.0500969	0.7331653	0.3878067	0.0511111	0.4414133	0.2101998	0.2600869	0.8632833	0.2980197	0.6061126	0.8971147	0.2687454	0.3079177	0.6386915	0.8139643	1.0308251	0.0988455	0.6942861	1.0472353	0.2447928	0.2012013	0.4449568	0.6148159	0.8007534	0.5044336	0.3287044	0.3911983	0.5635548	0.0840248	0.5954397	0.2328991	0.0208790	0.5196933	1.0301551

0	0.0094491	0.6355617	1.0459758	0.0876986	0.4170952	0.0015965	0.0357302	0.0201856	0.7842026	0.5482911	0.1482550	0.1067167	0.0074763	0.0795139	0.9263252	0.4386615	0.5117037	1.0187251	0.9869150	0.9112762	0.0675828	0.6396705	0.9879649	0.9056811	1.0249936	0.8053086	0.8415975	0.0956169	0.2807776	0.0361236	0.3476186	0.0945586	0.7647381	0.8073502	0.2691465	0.9854445	0.2644993	0.7761342	0.3511720	0.0142404	0.9503393	0.3956488	0.0912837	0.0721673	0.8039584	0.5632487	0.5721011	0.9104100	0.8750489	0.3877912	0.0490860	0.3690556	1.0040851	0.0016799	0.7496314	0.4296180	0.7445798	0.3138374	0.4763448	0.9977159	0.8917758	0.5763065	0.2317245	0.3844034	0.5377636	0.4876338	1.0898320	0.8135737	0.5024926	0.0491368	0.3912071	0.2335426	0.3169327	0.9297559	0.3112694	0.3637340	0.9584119	0.1589398	0.2670455	0.6498318	0.7931145	1.0351174	0.1402507	0.6535788	1.0095359	0.4184859	0.2245238	0.5131035	0.6073464	0.7854143	0.4606182	0.1309775	0.4648780	0.5528648	0.0723851	0.5781484	0.2784400	0.0363961	0.5378107	0.9932421
50	0.0507451	0.6740162	1.0026080	0.1435739	0.4722180	0.0001336	0.0177516	0.0256686	0.7549782	0.3961109	0.0850370	0.1130040	0.0050754	0.0364408	0.8646859	0.4871394	0.4336412	1.0820956	0.9636821	0.7598025	0.0658780	0.6233682	1.0174684	0.5663920	0.6998785	0.6724560	0.9080472	0.0916071	0.1983721	0.0089232	0.3373510	0.0509347	0.6624620	0.7516167	0.2591473	0.9237688	0.2714587	0.8282897	0.3548141	0.0494072	0.9596694	0.3971833	0.0989998	0.0676048	0.7103471	0.4055506	0.6871463	0.8608242	0.9139821	0.3212206	0.1609764	0.3932861	0.9027754	0.0016354	0.7124381	0.5373524	0.7748812	0.2704838	0.4771152	0.9191840	0.8015387	0.4693160	0.3037647	0.3207730	0.5353414	0.3556171	1.0365040	0.8712363	0.5048268	0.1911668	0.2533431	0.4498697	0.4044597	1.0182661	0.2722202	0.3848969	0.9243058	0.2156363	0.2928061	0.6119015	0.6393042	1.0007711	0.1032338	0.7130969	0.9788050	0.4043030	0.3213936	0.4674802	0.7380048	0.7465819	0.6151187	0.2635369	0.3166751	0.5058707	0.1006834	0.6060632	0.2423429	0.0296088	0.4473840	0.9340644
100	0.1053840	0.5576599	1.0303411	0.1179019	0.4630910	0.0017525	0.0353666	0.0277437	0.8587130	0.2498540	0.0961628	0.0877262	0.0046417	0.0278586	0.9696315	0.4068529	0.4573217	1.0215436	0.9254789	0.7600407	0.0530913	0.6169549	1.0171068	0.2794056	0.4581890	0.7410391	0.8835143	0.1058014	0.2264533	0.0147991	0.3579678	0.0385620	0.6762619	0.8530697	0.2745499	0.8633657	0.1912654	0.8131876	0.3363239	0.0238536	0.9709380	0.4842387	0.0681063	0.0499732	0.7629979	0.3892014	0.7104781	0.8465194	0.9252932	0.3183950	0.3219195	0.3495877	0.9349931	0.0007966	0.7104624	0.5173644	0.7483552	0.3090322	0.5046384	1.0141443	0.8667105	0.5439554	0.1607948	0.2847743	0.4768316	0.1179851	0.9021949	0.8223453	0.4862699	0.2789175	0.3466892	0.5376723	0.5369834	0.9773981	0.3200485	0.4369213	0.8887037	0.2299424	0.2460919	0.6328926	0.7466157	1.0756428	0.1243506	0.7037997	1.0125240	0.3810654	0.3149172	0.3890407	0.8561950	0.8678770	0.5183799	0.3454161	0.3959841	0.6290331	0.1358591	0.6662099	0.2092947	0.0235256	0.3916356	1.0569542
150	0.1617064	0.6686093	1.0508929	0.1065031	0.4194325	0.0024720	0.0217337	0.0085075	0.8700407	0.1244924	0.1058321	0.1133831	0.0030997	0.0086046	0.9256985	0.3744344	0.4458862	1.0582144	0.8815062	0.6703963	0.0622376	0.6111271	0.8822815	0.1577393	0.3203925	0.6633880	0.7726516	0.1097035	0.1960686	0.0258254	0.3403875	0.0131732	0.6805929	0.8528974	0.2904555	0.8521287	0.1265021	0.7696118	0.3597550	0.0400233	0.9907498	0.5170975	0.0412640	0.0582109	0.7742003	0.4276876	0.6739018	0.8933695	0.8992841	0.4113090	0.4480403	0.2586239	0.9680971	0.0048127	0.7129367	0.6452345	0.7531439	0.2885377	0.4158938	1.0046343	0.7967723	0.5239452	0.1174423	0.2653756	0.4849970	0.0298867	0.9214701	0.8253624	0.4173566	0.3695787	0.3891318	0.6479941	0.6002142	0.8767349	0.3736007	0.2849493	0.8788075	0.4149870	0.2506943	0.5829506	0.7899757	0.9572973	0.1075379	0.6461266	0.9900619	0.3352662	0.2920069	0.3181504	0.8777514	0.7718030	0.5273984	0.2894433	0.3638724	0.6747458	0.1056003	0.6095564	0.2394265	0.0259647	0.4835788	1.0741981
200	0.1626555	0.6209792	1.1203762	0.0868327	0.4446245	0.0000000	0.0255793	0.0140560	0.9753719	0.0817931	0.0992292	0.1401008	0.0036914	0.0068695	0.8855899	0.3461592	0.4019447	0.9679475	0.8861229	0.6677393	0.0656493	0.6012756	0.8847761	0.1342264	0.2622545	0.7021366	0.7341447	0.1026635	0.1783668	0.0311027	0.4100037	0.0218742	0.6199514	0.8353140	0.2394374	0.7406380	0.1532315	0.7304873	0.3679350	0.0593523	1.0832476	0.4858606	0.0334018	0.0670829	0.7676075	0.3665630	0.7287572	0.8008663	0.9203694	0.4350852	0.6197552	0.3280396	0.9218807	0.0019457	0.7442142	0.6426755	0.8037771	0.2678916	0.3713971	1.0879206	0.8024283	0.5712919	0.1255467	0.2713994	0.5101407	0.0248767	0.9354071	0.8269308	0.4892048	0.3822958	0.4159818	0.6948298	0.7071354	0.8702653	0.3792158	0.2869499	0.8851087	0.5756334	0.2101647	0.6595422	0.7424935	1.0248758	0.0930045	0.6063973	0.8799488	0.3617485	0.3123949	0.3163584	0.8267789	0.8050964	0.4273575	0.3523818	0.3440181	0.6966407	0.1291828	0.5665124	0.2566674	0.0479580	0.4695061	1.0550258
250	0.1530107	0.5963509	1.1142980	0.0928986	0.4703591	0.0002671	0.0468597	0.0204956	0.9198100	0.0649851	0.1016504	0.1706336	0.0085952	0.0012028	0.8973403	0.3150164	0.4649142	0.9495979	0.9264299	0.5776018	0.0550912	0.6004860	0.8684618	0.0992269	0.2317848	0.6929195	0.6664752	0.1422211	0.1552897	0.0190250	0.3400723	0.0246076	0.6455123	0.8213736	0.2925186	0.7514298	0.1125633	0.7193022	0.4161525	0.0682878	1.0945533	0.4691371	0.0752458	0.0422083	0.8285709	0.3734354	0.7388881	0.8495687	0.8466498	0.3739228	0.6650107	0.2969036	0.8522759	0.0019282	0.7669128	0.5444612	0.6702037	0.3703355	0.4468404	0.9934310	0.8475393	0.5903560	0.0767305	0.2649326	0.4729812	0.0163303	0.8542037	0.7497116	0.4753819	0.3882713	0.3589638	0.6955225	0.7825344	0.9150924	0.2989239	0.2514019	0.9211614	0.5910642	0.1895015	0.5447188	0.7628780	0.9353403	0.1053037	0.5447879	0.9395103	0.3583728	0.3337053	0.3997418	0.8429373	0.7945021	0.4162111	0.3160603	0.3720193	0.8329033	0.1080283	0.6021044	0.2622365	0.0497822	0.3622185	1.0589215
300	0.1790150	0.6465897	1.1842826	0.0829453	0.4095674	0.0005276	0.0315426	0.0176755	0.9796902	0.0297026	0.1025442	0.1375121	0.0048177	0.0056955	0.8534432	0.3271512	0.4795536	0.9260425	0.9104031	0.5101646	0.0543342	0.6138425	0.9029836	0.1129667	0.2136765	0.6133348	0.6540921	0.1224565	0.1563149	0.0268844	0.3767859	0.0298038	0.5935743	0.8365080	0.3219020	0.6247911	0.1122281	0.6915926	0.4009603	0.0767117	1.0018872	0.4936354	0.0881815	0.0545934	0.7870960	0.3335730	0.7214209	0.9064310	0.8215097	0.3834511	0.6566583	0.2410953	0.8663181	0.0027986	0.8575491	0.5785596	0.6866603	0.4124845	0.4636565	1.0443352	0.8280038	0.6434164	0.0832818	0.2564946	0.5006360	0.0146498	1.0916019	0.8744198	0.4709975	0.4314495	0.3922643	0.7100030	0.8719670	0.8725172	0.2997946	0.2247854	0.9675089	0.3550127	0.1605670	0.5383388	0.7102055	0.9722827	0.1031891	0.6035725	0.9661537	0.3232210	0.3488752	0.4638870	0.9615671	0.8740759	0.4208379	0.3429478	0.4573229	0.9394428	0.0736895	0.5499835	0.2552633	0.0453898	0.2821264	0.9463633
350	0.1910718	0.6462953	1.0042548	0.0811466	0.4439920	0.0005197	0.0200256	0.0151675	1.0271361	0.0260043	0.1290281	0.0891913	0.0098849	0.0242672	0.8572671	0.3215675	0.4636300	0.9519052	0.8874885	0.5371747	0.0428895	0.6667952	0.8690809	0.1267261	0.1951570	0.6853424	0.7110900	0.1044350	0.1575796	0.0257061	0.3538161	0.0499072	0.6455665	0.7909876	0.2633039	0.6341219	0.1112395	0.7293094	0.3179112	0.0619312	1.0364873	0.4265878	0.0742547	0.0445966	0.8477428	0.3300385	0.7232622	0.7455864	0.8186561	0.3987948	0.6631829	0.2870696	0.9606159	0.0056414	0.8654488	0.5907577	0.6817483	0.3105851	0.5163792	0.9318357	0.7911442	0.5777337	0.0978828	0.2838436	0.4905942	0.0231135	1.1130567	0.8134453	0.5078246	0.3714637	0.4592833	0.7860743	0.9751124	1.0182624	0.2892795	0.2054631	0.9541523	0.2086808	0.1342938	0.5445038	0.7914552	0.8691555	0.1109582	0.5756596	1.0135888	0.2911726	0.3854166	0.4107191	0.8990359	0.8108139	0.4754406	0.3407314	0.4213433	0.8404436	0.0757577	0.5285678	0.2636130	0.0476704	0.2369364	0.9832810
400	0.1904160	0.6493910	1.0633635	0.0938511	0.5332806	0.0002225	0.0251467	0.0181651	1.0098641	0.0329878	0.1328402	0.0989731	0.0022786	0.0260063	0.8754754	0.3750894	0.4839731	0.9644890	0.8457073	0.5733651	0.0478072	0.6106853	0.8320311	0.1115810	0.1935154	0.7196687	0.6741518	0.1185173	0.1798943	0.0267470	0.3967284	0.0401238	0.6156133	0.8359960	0.3184123	0.6319612	0.0748952	0.7135997	0.3263537	0.0927750	1.0295722	0.4248932	0.0639407	0.0319038	0.8712169	0.3277657	0.7198745	0.7535224	0.7860896	0.3452774	0.6142674	0.3712343	0.9775367	0.0035225	0.7279843	0.5762013	0.6963385	0.2996257	0.4319159	0.9569118	0.8445900	0.5313459	0.1359779	0.2481010	0.4599004	0.0268072	0.9960584	0.7498879	0.4408097	0.4287933	0.4583793	0.6618284	0.9205586	0.9784565	0.3343137	0.1558588	0.9853770	0.2370003	0.1246671	0.4676261	0.7343103	1.0134079	0.0781877	0.5605057	0.9513432	0.3444003	0.4038260	0.4087108	0.9457609	0.8147156	0.4941053	0.3333973	0.4291068	0.8746859	0.0798003	0.5284521	0.3100678	0.0488628	0.1921042	0.9326372
450	0.1618201	0.6015396	1.0866348	0.0837499	0.4733513	0.0002752	0.0406187	0.0180986	0.8670412	0.0228808	0.1147378	0.1156244	0.0025266	0.0155867	0.9189159	0.3510456	0.5550436	0.8967717	0.9873119	0.5218325	0.0551802	0.6380992	0.8323315	0.1065566	0.1910580	0.6254462	0.6247796	0.1099282	0.2058683	0.0132249	0.3804418	0.0229997	0.6227072	0.8913640	0.3607791	0.6762233	0.1000143	0.7569478	0.3168628	0.0728238	1.0482538	0.4212445	0.0554665	0.0377314	0.8375907	0.3188341	0.7755320	0.6988348	0.7694339	0.3855054	0.6757814	0.3278577	0.9645811	0.0040510	0.7512457	0.5943781	0.7470016	0.3252958	0.4314014	0.8881055	0.7598142	0.4906985	0.1177760	0.2789746	0.4244309	0.0116516	0.9035327	0.8205920	0.4830524	0.3619175	0.4115528	0.7162512	0.8033796	1.0077163	0.3265032	0.2068894	1.0025466	0.3817751	0.1297598	0.5818776	0.6665702	0.9429172	0.0740722	0.5367314	1.0831182	0.2953138	0.3433152	0.3808315	0.9164498	0.7584073	0.5649714	0.3166544	0.3872526	0.9051426	0.0674296	0.5652998	0.2748530	0.0291410	0.2005143	0.9435488
500	0.1911968	0.6930288	0.9958247	0.0982557	0.4779171	0.0008461	0.0257181	0.0223000	0.8696124	0.0228846	0.1268665	0.1059133	0.0006372	0.0094764	0.8832632	0.3498107	0.4668977	0.9501846	0.9046318	0.5945085	0.0411477	0.6617736	0.8109324	0.1443878	0.1445107	0.6298338	0.7014018	0.1074129	0.2409203	0.0299685	0.3276228	0.0402559	0.6435199	0.8463494	0.4139825	0.6084138	0.0626412	0.7124846	0.2663071	0.0753046	1.0644112	0.3996547	0.0748364	0.0312110	0.8692340	0.3322875	0.6540253	0.6893353	0.8481769	0.3351961	0.7544773	0.3459918	0.9246764	0.0054041	0.6832616	0.5777611	0.7151624	0.2932454	0.4315361	0.9133777	0.7721278	0.5238795	0.1120028	0.2735815	0.4851682	0.0080113	1.0533200	0.7809546	0.4485985	0.3665601	0.4310545	0.6657807	0.8218163	0.9915198	0.3964516	0.2561613	0.9794865	0.3144326	0.1261527	0.6608172	0.6507614	0.8740146	0.0816116	0.5780008	1.0354477	0.3290597	0.3734715	0.3314722	0.9527435	0.8445140	0.6083976	0.3120359	0.3925764	0.9746965	0.0363211	0.6230962	0.2484568	0.0201611	0.1760086	0.9631011
550	0.1516937	0.6028836	0.9694888	0.0684144	0.5240034	0.0003171	0.0416450	0.0235230	0.9706117	0.0220566	0.1289361	0.1063333	0.0067124	0.0491578	0.8894175	0.3613205	0.4957938	0.8955068	0.8376834	0.6073207	0.0539704	0.5996858	0.8632327	0.5148699	0.2889671	0.6723002	0.6149696	0.0949707	0.1440051	0.0339576	0.3269262	0.0469795	0.6474366	0.8352615	0.4300919	0.6197884	0.0944329	0.7538412	0.3665682	0.0783155	0.9416020	0.4576721	0.0917561	0.0308067	0.8958784	0.3474151	0.5700286	0.6541601	0.7945910	0.3602615	0.6469877	0.3021868	0.8361256	0.0052609	0.7056127	0.5578452	0.8056654	0.3479077	0.4955392	0.8626445	0.7784463	0.5528614	0.1046120	0.2554913	0.5037558	0.2166970	0.8095327	0.8861599	0.4367291	0.2581495	0.4228946	0.4764661	0.7494733	0.9767185	0.4198253	0.2340436	0.9078350	0.2201888	0.1292438	0.6213774	0.7036863	0.9036868	0.0882757	0.6275783	1.0166302	0.2969479	0.4135564	0.4325068	0.8200265	0.7276320	0.6383229	0.3300337	0.4015770	1.0178884	0.0703591	0.6711872	0.3133377	0.0449479	0.1298719	1.0475739
600	0.0787432	0.6102716	0.9900639	0.0683023	0.4438487	0.0031639	0.0362040	0.0081691	1.0168662	0.0312859	0.0977764	0.1088028	0.0029471	0.1289713	0.8271792	0.3987598	0.4922042	0.9375646	0.8069439	0.8114929	0.0587068	0.6255035	0.8264645	0.8012233	0.4645553	0.5724896	0.6543593	0.0780164	0.2018476	0.0438261	0.3812030	0.0717837	0.6847678	0.8522483	0.3757890	0.7209354	0.1697164	0.6621160	0.3159311	0.0768548	0.9948861	0.4890662	0.0860891	0.0502209	0.8043643	0.4725674	0.4675813	0.7692416	0.8017099	0.3626727	0.4057029	0.2758963	0.6847386	0.0014537	0.6871807	0.5625382	0.7866441	0.3456193	0.4192060	0.9230849	0.7560703	0.4812130	0.1395339	0.2238256	0.5047742	0.3831535	0.7666271	0.7866190	0.3916271	0.1478387	0.4515498	0.2923924	0.6260811	0.9073342	0.3296123	0.2332783	0.8632145	0.2377303	0.1696901	0.5989033	0.7034045	0.9203986	0.1046082	0.5625757	0.9759655	0.3087821	0.3902487	0.4970685	0.6377754	0.7128302	0.5984386	0.3211892	0.3837814	0.8683137	0.0732866	0.6713944	0.3489092	0.0263281	0.1153816	0.9989444
650	0.0482788	0.7142186	1.1342900	0.0820460	0.5146640	0.0006408	0.0329231	0.0094327	1.0478783	0.0293739	0.0874302	0.0919355	0.0011537	0.0930730	0.8071001	0.4367862	0.4848592	1.0203250	0.9114960	0.8512566	0.0786362	0.6158623	0.8270768	0.8585778	0.5018977	0.7041519	0.6690592	0.1198965	0.2671579	0.0630277	0.4975997	0.0662837	0.7339693	0.8715311	0.3192009	0.8020280	0.2472351	0.6209808	0.3002492	0.0463604	0.8844822	0.4664951	0.0702287	0.0592487	0.8553598	0.5190453	0.5724351	0.7948590	0.8891338	0.3663720	0.2637489	0.2389423	0.5470851	0.0003783	0.7491982	0.5732269	0.8281828	0.3646798	0.3921790	0.9578194	0.7836895	0.5725255	0.0803738	0.2143089	0.5222068	0.4525287	0.8359549	0.7644785	0.3876009	0.0747642	0.3850744	0.2117532	0.4859113	0.8081908	0.3310024	0.3346390	0.8127644	0.2012713	0.2026692	0.6319707	0.7223269	0.9647793	0.0973100	0.5409828	0.9883793	0.3120896	0.4132772	0.5221020	0.5742783	0.7565693	0.5942658	0.2717505	0.4125721	0.8252392	0.0957783	0.6309021	0.2961796	0.0312593	0.1384678	0.9857016
700	0.0347714	0.7047360	0.9926907	0.1126075	0.4517436	0.0002678	0.0209628	0.0069066	0.9498982	0.0199535	0.0985791	0.0994748	0.0034717	0.1264937	0.9213340	0.3920311	0.5480742	0.8835266	0.8858570	0.8459128	0.0818565	0.6378937	0.9400517	0.9234146	0.5723008	0.6755815	0.6948190	0.1496785	0.3851634	0.0366978	0.4438531	0.0523663	0.6594210	0.9136250	0.3325897	0.7800104	0.2431381	0.6652722	0.3664017	0.0536165	0.9645548	0.4838681	0.0739278	0.0457574	0.8215390	0.5434173	0.6061628	0.8393487	0.8437180	0.3824013	0.1865798	0.2812730	0.4964461	0.0060299	0.7686192	0.5359913	0.7913913	0.3573188	0.4345388	0.9349884	0.7340249	0.6430626	0.0424930	0.2179502	0.6025702	0.4861907	0.8963493	0.7844740	0.3953844	0.0684528	0.4416479	0.1682511	0.3986021	0.7919449	0.3357542	0.3927351	0.7673579	0.2470176	0.2737665	0.6468515	0.7279442	0.9089958	0.0508509	0.6367079	0.9903629	0.3348387	0.2992569	0.5125196	0.6037348	0.8232376	0.5183093	0.3055566	0.4082065	0.7714016	0.1003713	0.6622339	0.2675983	0.0248614	0.2000372	1.1038727
750	0.0355411	0.6722143	0.9533782	0.1292474	0.4388427	0.0024461	0.0286600	0.0068257	1.0682273	0.0404298	0.1137858	0.0985487	0.0036322	0.1149294	0.8747288	0.3603108	0.4526058	1.0472225	0.9501928	0.8065218	0.0698304	0.6471931	1.1196499	0.8833421	0.5959746	0.6280147	0.7720434	0.1101510	0.3214845	0.0321330	0.4127799	0.0541739	0.7176645	0.8292352	0.3001743	0.8919129	0.3026440	0.7484213	0.3593056	0.0313309	0.9627228	0.4708576	0.0477828	0.0707701	0.7727192	0.4753830	0.5522593	0.8652103	0.8319152	0.4134871	0.1491555	0.3018128	0.4130683	0.0042124	0.8432716	0.5288443	0.7306274	0.3761855	0.4215905	1.0434014	0.8013430	0.7078635	0.1208441	0.2898589	0.5008641	0.5301427	0.9231528	0.7564793	0.3647578	0.0589977	0.4114816	0.1748096	0.3481447	0.8977609	0.2831131	0.5442622	0.8884160	0.3087966	0.3413024	0.6282263	0.8411289	1.0713310	0.0767868	0.6498369	0.9752501	0.2889253	0.2498935	0.4753804	0.5381888	0.8103611	0.5672437	0.3548711	0.4461561	0.6424615	0.1177100	0.5492100	0.2057366	0.0405786	0.2899914	1.0952235
800	0.0179433	0.6165183	0.8887424	0.0795132	0.4604327	0.0006242	0.0336637	0.0267179	0.8507162	0.1176285	0.0966407	0.1057519	0.0092665	0.1063713	0.8551828	0.3373119	0.4817121	1.0690770	0.9913842	0.8929007	0.0349895	0.6826919	1.1377907	0.8595731	0.7022342	0.6813442	0.8455006	0.0795211	0.2993331	0.0428241	0.3367744	0.0613345	0.7603499	0.8557271	0.2719858	0.8798058	0.2853473	0.7143506	0.3553775	0.0128331	1.0764750	0.4753034	0.0737702	0.0620965	0.7012412	0.5045047	0.6026298	0.8635461	0.8907589	0.3797863	0.1070375	0.3675026	0.4286468	0.0020212	0.7753414	0.5343857	0.6751410	0.2738248	0.3985599	0.9740479	0.7976756	0.6124201	0.0770931	0.2423668	0.4498806	0.5228077	1.0452894	0.7397957	0.4099537	0.0580766	0.3777159	0.2367440	0.3457457	0.8173553	0.3104098	0.5108760	0.8570573	0.3429848	0.2859941	0.5468457	0.8202001	1.0575136	0.1048840	0.6758262	1.1344482	0.3064466	0.2529611	0.4912701	0.5754188	0.8390698	0.5161355	0.3751567	0.3763387	0.5874959	0.0737704	0.5857942	0.2283814	0.0428539	0.4214472	1.0744230
850	0.0115866	0.6321609	0.9096733	0.1366698	0.4851899	0.0014249	0.0310488	0.0348257	0.9929653	0.3190035	0.1008300	0.0965789	0.0076655	0.0789551	0.8798656	0.3098188	0.4724512	1.0746019	0.9293963	0.8656078	0.0633324	0.6939878	1.0481189	0.8865726	0.7697378	0.6075858	0.8719155	0.0776672	0.2700902	0.0587368	0.3512812	0.0948562	0.6862694	0.7769265	0.3458531	0.8822946	0.2325456	0.7294188	0.3617563	0.0188386	0.9757006	0.4245306	0.0749781	0.0761963	0.7057042	0.5127408	0.6799021	0.8239587	0.9007074	0.3451214	0.1048091	0.3296117	0.5271290	0.0010798	0.7045663	0.5346353	0.7136393	0.3246551	0.4818854	1.0205693	0.8037084	0.6050927	0.0817008	0.2551416	0.4641498	0.5246176	1.0082975	0.6518599	0.4253916	0.0301697	0.4293341	0.1808957	0.3251154	0.8870748	0.2866243	0.4838454	0.8416817	0.2438028	0.2855961	0.5918535	0.8697019	1.1146501	0.1138332	0.7411829	1.1158010	0.2999181	0.2518108	0.5127455	0.5335062	0.7766186	0.4791940	0.2545407	0.4112272	0.6223860	0.0661862	0.6583959	0.2380181	0.0302932	0.4997833	1.0057426
900	0.0199479	0.5679254	0.8432940	0.1328173	0.4285559	0.0024009	0.0348541	0.0134478	0.9491672	0.4614201	0.0883435	0.1147697	0.0028131	0.1117791	0.8813709	0.2850251	0.4572746	1.0063851	0.9409262	0.8637639	0.0435206	0.6411167	1.0566733	0.8877952	0.9270435	0.7006172	0.8680555	0.0820160	0.2857985	0.0492769	0.3984735	0.0542553	0.7154061	0.8251599	0.3770852	0.8279217	0.2143228	0.6850235	0.3081967	0.0135236	0.9621415	0.4485711	0.0764809	0.0496817	0.7327998	0.4338620	0.6075087	0.8396450	0.8115000	0.3951958	0.1134045	0.3453017	0.6168977	0.0018490	0.6979360	0.5366944	0.7735522	0.3455219	0.4112150	1.0278705	0.8527986	0.6145217	0.1027836	0.2157859	0.6030109	0.5283733	1.0706893	0.6613188	0.4116572	0.0529247	0.4278082	0.1866943	0.3039959	0.9545476	0.2538938	0.4688361	0.8724245	0.2322491	0.2697587	0.4538932	0.8509442	1.0417891	0.1055633	0.6950489	1.0483737	0.2947139	0.2645596	0.5286240	0.5804324	0.8829442	0.4362880	0.2683253	0.4409077	0.6232513	0.0917234	0.6600223	0.2070420	0.0278352	0.5624991	0.9607383
950	0.0196711	0.6218226	1.0140872	0.1443244	0.4302338	0.0011573	0.0247620	0.0179433	0.9364906	0.4383231	0.1468409	0.0862831	0.0057646	0.1441045	0.8479862	0.3538330	0.5215358	0.9098273	0.9392589	0.8205533	0.0469403	0.5823285	0.8715326	0.9642970	0.8417666	0.6207062	0.8172683	0.0888026	0.2667666	0.0585189	0.4249383	0.0662536	0.5886356	0.7901912	0.3045067	0.8074933	0.2398722	0.7187655	0.3501808	0.0266004	0.9712124	0.4584689	0.1026116	0.0499041	0.8583575	0.4747068	0.6771166	0.8347082	0.7171651	0.4058441	0.1060114	0.3495111	0.7852288	0.0021088	0.6656566	0.5051263	0.8099773	0.2866909	0.4086525	1.0782739	0.8815736	0.5622804	0.1253808	0.2029117	0.5758772	0.5756122	1.0571949	0.7237667	0.5006852	0.0784167	0.3626139	0.1913079	0.3372785	0.8443582	0.2905499	0.3620079	0.8426960	0.1740255	0.2468598	0.5641644	0.8919159	0.9513639	0.0771990	0.6273615	0.9454938	0.3125660	0.2763611	0.5691944	0.5774469	0.8762164	0.5283302	0.2506438	0.4444922	0.5993994	0.1216344	0.6280703	0.2671698	0.0252114	0.5662776	0.9341923
1000	0.0281935	0.6315905	0.8839906	0.1383448	0.5127388	0.0000000	0.0196122	0.0144508	0.9153214	0.3683026	0.1119644	0.0894688	0.0150426	0.1448486	0.8583929	0.3823995	0.4313365	0.9300867	0.9000474	0.8515079	0.0711007	0.6005071	0.8301118	1.0278561	0.8067036	0.6435888	0.9379281	0.0842453	0.3887571	0.0650564	0.3818015	0.0718371	0.6064478	0.8010906	0.2741229	0.8172019	0.2205918	0.7303096	0.3600694	0.0238653	0.9699311	0.4921625	0.0817699	0.0542381	0.9523234	0.4440841	0.5148865	0.8433903	0.8465590	0.3385001	0.1093268	0.2688460	0.9294198	0.0064640	0.7179969	0.4558201	0.8827151	0.3112055	0.4541263	1.0189938	0.9386006	0.5487430	0.2405163	0.2454320	0.6291428	0.4813367	1.1689385	0.8006420	0.4719157	0.0453530	0.3951836	0.1833660	0.3439013	0.8774591	0.3026734	0.5637759	0.8682011	0.1837897	0.2233519	0.6211470	0.8104716	0.9555798	0.0693593	0.6360089	0.8804695	0.3318373	0.2791472	0.5863478	0.5824923	0.8534212	0.5587454	0.2728757	0.4123799	0.6198906	0.1183323	0.6110219	0.2586895	0.0288835	0.5279244	0.9845071

0	0.0094491	0.6355617	1.0459758	0.0876986	0.4170952	0.0015965	0.0357302	0.0201856	0.7842026	0.5482911	0.1482550	0.1067167	0.0074763	0.0795139	0.9263252	0.4386615	0.5117037	1.0187251	0.9869150	0.9112762	0.0675828	0.6396705	0.9879649	0.9056811	1.0249936	0.8053086	0.8415975	0.0956169	0.2807776	0.0361236	0.3476186	0.0945586	0.7647381	0.8073502	0.2691465	0.9854445	0.2644993	0.7761342	0.3511720	0.0142404	0.9503393	0.3956488	0.0912837	0.0721673	0.8039584	0.5632487	0.5721011	0.9104100	0.8750489	0.3877912	0.0490860	0.3690556	1.0040851	0.0016799	0.7496314	0.4296180	0.7445798	0.3138374	0.4763448	0.9977159	0.8917758	0.5763065	0.2317245	0.3844034	0.5377636	0.4876338	1.0898320	0.8135737	0.5024926	0.0491368	0.3912071	0.2335426	0.3169327	0.9297559	0.3112694	0.3637340	0.9584119	0.1589398	0.2670455	0.6498318	0.7931145	1.0351174	0.1402507	0.6535788	1.0095359	0.4184859	0.2245238	0.5131035	0.6073464	0.7854143	0.4606182	0.1309775	0.4648780	0.5528648	0.0723851	0.5781484	0.2784400	0.0363961	0.5378107	0.9932421
50	0.1362037	0.6878242	0.9226284	0.1484009	0.4763792	0.1200998	0.4132678	0.0256183	0.6514836	0.3505882	0.1065815	0.4916519	0.0082995	0.1148567	0.8777694	0.3059198	0.4794466	0.9451215	0.9707456	0.7413290	0.3261815	0.8840464	1.0508794	0.9152938	0.8662015	0.8334547	0.8329964	0.2391165	0.2104848	0.0249762	0.2053569	0.0577447	0.6720791	0.4396197	0.2648900	0.9129144	0.3201391	0.6647582	0.2973998	0.2828744	1.0111007	0.3981495	0.3164646	0.0654590	0.7696509	0.3518651	0.5950343	0.8386256	0.9205643	0.3253635	0.0607473	0.4494070	0.9498247	0.0691024	0.6750798	0.5504583	0.7818004	0.2533385	0.4788737	0.9848117	0.8231942	0.4485530	0.1352919	0.2583339	0.5437161	0.4332468	0.9863647	0.7731839	0.6259613	0.0249770	0.3975195	0.2847100	0.3472756	0.8345363	0.2182732	0.2775776	0.8521084	0.4157626	0.4025336	0.4537774	0.7826174	0.8827427	0.3938324	0.6809114	0.8088558	0.3090351	0.2508748	0.5326960	0.5182860	0.8060906	0.4533492	0.1937037	0.4010632	0.5660608	0.1191490	0.6028602	0.2389332	0.0072039	0.5360040	0.9717647
100	0.2850526	0.6469497	0.8813522	0.2252334	0.3118594	0.3110697	0.6897493	0.0444360	0.7318410	0.1373329	0.1022592	0.7860659	0.0102817	0.1135307	0.7748294	0.3453280	0.4185948	0.8532936	0.8057020	0.8688029	0.6084892	0.9917239	1.0715871	0.8147827	0.8043053	0.9604662	0.8970453	0.3726320	0.1515543	0.0181837	0.1369969	0.0355300	0.7960287	0.2222645	0.3243255	0.8499596	0.1674783	0.5196000	0.1967589	0.5515841	0.8595071	0.3231575	0.5848787	0.0527675	0.8404511	0.3741290	0.6482627	0.8928696	0.8969863	0.3740504	0.0553036	0.4649336	0.9004281	0.1769798	0.6106324	0.5474193	0.7279965	0.2995279	0.5887150	0.8615067	0.8053703	0.2981929	0.1007526	0.2562933	0.5186634	0.1668253	1.0026734	0.7791064	0.7556299	0.0422628	0.4031969	0.2975500	0.3902151	0.9103331	0.2192866	0.1192528	0.8565377	0.4666165	0.5253599	0.2791334	0.7498607	0.8520168	0.6090377	0.6399408	0.7322466	0.2819076	0.3096035	0.4813398	0.5491709	0.8502525	0.3551708	0.2882856	0.4161592	0.5351484	0.2637578	0.5201578	0.2876479	0.0341267	0.2912230	1.0340441
150	0.3341291	0.5920436	0.8739561	0.3276797	0.2120209	0.4625426	0.9486937	0.0362000	0.9018169	0.0666706	0.0647335	0.8263535	0.0483123	0.1139124	0.6209948	0.2969478	0.4724477	0.8536128	0.8972890	0.8877173	0.8083888	0.9697879	0.9597034	0.7590098	0.7938787	1.0095009	0.9207337	0.4046579	0.1654457	0.0299669	0.0858673	0.0136179	0.8038263	0.1086548	0.3885796	0.7580500	0.1238316	0.5551218	0.1581638	0.7976699	0.8735933	0.2620999	0.7114036	0.0696245	0.7607949	0.3104667	0.6914622	0.8896549	0.9077616	0.4655683	0.0220174	0.4542970	0.7200628	0.2003185	0.5201671	0.5702396	0.5740214	0.3840333	0.6572335	0.8052207	0.8650029	0.2783410	0.0749099	0.2480858	0.5228862	0.0766694	0.9552884	0.7778403	0.7850262	0.1078885	0.3745713	0.2107117	0.4457008	1.0088766	0.2238939	0.1567093	0.8838731	0.3738834	0.6598128	0.2327432	0.6905991	0.8549429	0.7548894	0.4661321	0.6078096	0.2203669	0.3589893	0.3440044	0.4809608	0.9330529	0.4112969	0.3393072	0.4850735	0.5475090	0.4117232	0.4722087	0.3125134	0.0334591	0.1443430	1.0006229
200	0.3390151	0.5602713	0.8600038	0.4973758	0.0980686	0.4568643	0.9122654	0.0239573	1.0186191	0.0362350	0.0815486	0.8265273	0.0917619	0.1070099	0.4887185	0.2461998	0.4504168	0.9619231	0.8332543	0.8829678	0.9512436	0.9358214	0.8849179	0.6806559	0.8143643	0.9337365	0.9411152	0.4796458	0.1966654	0.0303784	0.0891380	0.0090572	0.7289392	0.0695140	0.3842247	0.6441844	0.0741675	0.5979206	0.1779636	0.8895586	0.6855713	0.2851059	0.8155852	0.0712095	0.7550402	0.2918963	0.5975034	0.7850449	0.8935387	0.4205124	0.0123404	0.5076783	0.5772676	0.3364811	0.4909170	0.5498353	0.5615863	0.4999495	0.6798737	0.8342618	0.8962078	0.1775893	0.0318383	0.3536809	0.5415973	0.0354604	0.9123762	0.7650425	0.7903942	0.1787243	0.4287965	0.2067382	0.4905627	0.9448378	0.1766626	0.1382397	0.8030046	0.3656415	0.7581443	0.1440940	0.7120063	0.8378479	0.8955473	0.3261354	0.5323270	0.1633000	0.4311009	0.2926357	0.4364699	0.8347598	0.3842332	0.4303283	0.6064201	0.5896131	0.6043932	0.3071472	0.3700284	0.0135829	0.0779868	0.9614948
250	0.3748428	0.4900128	0.7069248	0.5167430	0.1066233	0.4782772	0.9350030	0.0153000	1.0338202	0.0335680	0.0816537	0.8872932	0.1133703	0.2020625	0.3842573	0.1967088	0.5273678	0.9892111	0.7813832	0.8102335	0.9230773	0.9609760	0.9171875	0.6071197	0.7927154	1.0322184	0.9511343	0.5129679	0.2155443	0.0276717	0.0665628	0.0079815	0.6053987	0.0614093	0.3741944	0.6251882	0.0657141	0.5228939	0.1494088	1.0208817	0.6684251	0.2864669	0.8009199	0.0390561	0.7560031	0.2784417	0.5951904	0.7540666	0.9099305	0.4004577	0.0241746	0.4506713	0.4797764	0.4727951	0.4872486	0.5536074	0.4949970	0.4708781	0.7183244	0.8282093	0.8734535	0.1525826	0.0264447	0.4393611	0.5214725	0.0130966	0.7013440	0.7341983	0.7902959	0.3135515	0.4732089	0.1606765	0.5033933	0.9141933	0.1656139	0.1290848	0.6804073	0.2668106	0.7335369	0.1620603	0.7005139	0.8297255	0.8655255	0.2569812	0.5715679	0.1349107	0.4335113	0.1787073	0.4634025	0.8286128	0.3322806	0.4583537	0.5460067	0.5660854	0.7318318	0.2400150	0.3209244	0.0265534	0.0505497	1.0573968
300	0.4105892	0.4548615	0.7808690	0.4524235	0.0710889	0.5169046	0.9689595	0.0270934	1.0864860	0.0313343	0.0835135	0.9156127	0.1086726	0.3364531	0.3796259	0.1735913	0.4159282	0.9985773	0.8368963	0.7627158	0.8824043	1.0428185	0.9514695	0.5009284	0.8398457	1.0145154	0.9403350	0.5266017	0.1936088	0.0279979	0.0744660	0.0236292	0.7112891	0.0392528	0.4572456	0.5781986	0.0644787	0.5448848	0.1797523	0.9394047	0.6490252	0.3136028	0.9392689	0.0416121	0.8068349	0.3415003	0.5757482	0.6102670	0.8710061	0.4042982	0.0520713	0.4622168	0.3906870	0.7285574	0.3921991	0.5440143	0.5252637	0.5606825	0.7379996	0.7800245	0.7405402	0.1107444	0.0265268	0.4245719	0.5235269	0.0073907	0.6425542	0.8514670	0.7816653	0.3759053	0.4775016	0.1172185	0.5880739	0.9076084	0.1749733	0.1249468	0.6421201	0.3294412	0.6998857	0.1596380	0.6822055	0.7189864	0.8891120	0.2484543	0.5982550	0.1609452	0.4761018	0.0971152	0.4860513	0.7110414	0.4006811	0.5348095	0.6078063	0.5508831	0.8400403	0.1740288	0.2852343	0.0202472	0.0495467	1.0156571
350	0.4022485	0.3835058	0.7734773	0.4489871	0.1158614	0.5157831	0.9656913	0.0431137	1.1481171	0.0268378	0.0671955	0.8751012	0.1281274	0.3265692	0.3811639	0.1982679	0.4841424	0.8782781	0.8354075	0.7836619	0.8320682	0.9829445	0.9393954	0.5439199	0.8281842	0.9385080	0.9026064	0.5406889	0.2045023	0.0286181	0.0673164	0.0196363	0.6692258	0.0530712	0.5670034	0.7451148	0.1248528	0.4682620	0.1743324	0.9381050	0.7687333	0.3386878	0.8391899	0.0376871	0.7081548	0.3427026	0.4579745	0.6303884	0.9319637	0.4116090	0.0473899	0.4996468	0.3665955	0.7935767	0.4292042	0.5659643	0.5990795	0.5291004	0.7215634	0.7726343	0.7180755	0.0839088	0.0303760	0.4627902	0.4965588	0.0041763	0.6558823	0.7286569	0.8271818	0.4795132	0.4645316	0.1346256	0.7148772	0.9176351	0.1610342	0.1596178	0.7869661	0.3846616	0.7813451	0.2003864	0.6711333	0.8529837	0.8688923	0.2252183	0.4862968	0.1416634	0.4652869	0.0740793	0.5906993	0.7645851	0.4434903	0.5750649	0.6484644	0.5227606	0.8021562	0.1877384	0.3111619	0.0204411	0.0221724	0.9748702
400	0.4177157	0.3899966	0.7643016	0.4987145	0.1305601	0.5403616	1.0586146	0.0241763	1.0754777	0.0163057	0.0880937	0.9168123	0.0914061	0.3514364	0.3537125	0.2344513	0.5209250	0.9525897	0.8333358	0.8580904	0.8498606	0.8542307	0.9837266	0.5106876	0.7576534	0.9075346	0.9181472	0.5234854	0.2416288	0.0360753	0.0956369	0.0227103	0.6346469	0.0634384	0.4834053	0.6819985	0.0852088	0.4751990	0.1609749	1.0481220	0.7765712	0.3744259	0.8669761	0.0303404	0.7419499	0.4472546	0.3811714	0.6873912	0.9554021	0.3809505	0.0470752	0.5261332	0.3084838	0.8485580	0.4478930	0.5818097	0.5405926	0.4689517	0.8650483	0.7782599	0.7403334	0.0964918	0.0343504	0.5114145	0.5978369	0.0012299	0.7883570	0.6537298	0.9168285	0.4123547	0.4734431	0.1303869	0.7317718	0.8519985	0.1338634	0.1346770	0.7326842	0.2912007	0.7360747	0.1891722	0.6992394	0.8266157	0.9092289	0.2312208	0.4652449	0.1483692	0.4552038	0.1352119	0.5188479	0.7173815	0.3766424	0.5736344	0.6490464	0.5015100	0.8416520	0.1795374	0.3811674	0.0114897	0.0236320	0.9309337
450	0.3681709	0.3726147	0.7855638	0.5515617	0.1094238	0.5119989	0.9996589	0.0255795	1.0011687	0.0180140	0.0988014	0.9691625	0.1148755	0.4071041	0.3543728	0.2904126	0.4685491	0.9369431	0.9111173	0.9491593	0.8757670	0.8898556	0.9605661	0.4887463	0.8495057	1.0554407	0.8943882	0.5003108	0.2356007	0.0345362	0.1090258	0.0346301	0.6129675	0.0782526	0.4444150	0.7075335	0.1524050	0.4695631	0.1372031	1.0425203	0.7535326	0.2813494	0.8671485	0.0160094	0.7678259	0.4869321	0.4283526	0.7744857	0.9011436	0.3602207	0.0437376	0.4602304	0.2380891	0.8593368	0.5247853	0.5407103	0.5723904	0.4942176	0.8041158	0.7549283	0.8097754	0.0962665	0.0401759	0.4146968	0.5471765	0.0072258	0.7854123	0.6928303	0.9254596	0.3895550	0.5651865	0.2054025	0.6590800	0.9102808	0.1330526	0.1935989	0.7552780	0.3607198	0.7059080	0.2001985	0.7434246	0.7974706	0.9030691	0.3452092	0.5026651	0.1705504	0.4485299	0.1166011	0.4930446	0.7205149	0.4063692	0.4779201	0.7045465	0.6217545	0.8061502	0.1752016	0.4409525	0.0292103	0.0221804	0.9513550
500	0.3896931	0.3809520	0.8113155	0.6438181	0.0903420	0.5652630	1.0599777	0.0231950	0.9974076	0.0145055	0.0816288	1.0075250	0.1713255	0.3561231	0.4206679	0.2269156	0.5439810	0.9262109	0.9501526	0.8870004	0.8927965	0.9256305	0.9902180	0.5002100	0.8483501	1.0618313	0.8833987	0.4480463	0.2350034	0.0411365	0.1566373	0.0507316	0.6420863	0.0766561	0.4370209	0.8413823	0.2145746	0.5331169	0.1430401	1.0278179	0.7636747	0.3474715	0.8196045	0.0417422	0.7076465	0.5745799	0.4528065	0.6770974	0.8375161	0.3704496	0.0424319	0.5055727	0.2626088	0.5832491	0.4889643	0.6220477	0.5605276	0.5130232	0.8317957	0.8330574	0.8446726	0.1364001	0.0286424	0.3611170	0.5661943	0.0041724	1.0508333	0.6431806	0.8372483	0.2933501	0.5348056	0.1684246	0.6199735	0.8576134	0.1249980	0.1777179	0.7300449	0.3784233	0.7360378	0.2283169	0.7621030	0.7962688	0.8973921	0.3776739	0.5454046	0.1413957	0.4155039	0.0883042	0.5519575	0.7041919	0.3817844	0.4396251	0.7793101	0.5183519	0.8780903	0.1817041	0.4656775	0.0226334	0.0497721	0.8841302
550	0.3468635	0.4085256	0.8452666	0.5950515	0.0540500	0.4667198	0.7437075	0.0171935	0.9959733	0.0313375	0.0661390	0.6050518	0.2833820	0.2815025	0.4163140	0.2760409	0.5226389	0.8932270	0.9976842	0.8564093	0.5204196	0.7958199	0.9283384	0.5595458	0.8170986	0.8255699	0.9171550	0.4167261	0.2465213	0.0633349	0.2993414	0.0736298	0.5007862	0.3179656	0.4506911	0.8882088	0.2621221	0.6161279	0.1917006	0.9261000	0.8377900	0.3816030	0.5986507	0.0568008	0.6868159	0.6770315	0.4500653	0.7544613	0.7946630	0.3470502	0.0554292	0.4288430	0.2398082	0.3916341	0.5283646	0.5835977	0.5500677	0.5171587	0.8015705	0.9379480	0.8547521	0.1035319	0.0496217	0.4548645	0.6095260	0.0152458	1.0428713	0.6967469	0.7650669	0.3482003	0.5763175	0.1266027	0.5837749	0.9018081	0.1514818	0.3269954	0.6973900	0.2235238	0.5583752	0.3016255	0.7322948	0.9358102	0.7305646	0.3701769	0.7181017	0.1395921	0.4298702	0.1160572	0.6160747	0.6513247	0.4062667	0.4933311	0.8313506	0.5247193	0.7553693	0.2310531	0.4586221	0.0351092	0.0490513	0.8845943
600	0.2333237	0.5078778	0.8724949	0.4239659	0.0579127	0.3102597	0.2503999	0.0202091	0.9784897	0.0239304	0.0652600	0.2990617	0.2997543	0.2595209	0.6906449	0.1959400	0.5037149	0.9648279	0.9631532	0.8976703	0.2746187	0.6431106	0.8965235	0.6921771	0.8914439	0.8187723	0.9835622	0.2159857	0.2339281	0.0588796	0.3069619	0.1047516	0.4992066	0.7243063	0.3649331	0.9396250	0.3787664	0.7040239	0.2604387	0.7178622	0.8847443	0.3898263	0.3168129	0.0784964	0.6592698	0.6034506	0.4528349	0.8057586	0.8433867	0.3018158	0.0549608	0.3458775	0.2642024	0.1980484	0.5749132	0.5325192	0.5807945	0.5220479	0.8046328	0.9926186	0.8320838	0.1624716	0.0901674	0.4494890	0.5592787	0.0487049	1.0241789	0.6505053	0.6397192	0.4410538	0.5796888	0.1943747	0.5036039	0.8282588	0.2239231	0.4004830	0.7807114	0.1729635	0.4894961	0.3526833	0.7743446	1.0622454	0.3708010	0.4882777	0.8245506	0.1747848	0.4491612	0.1828523	0.5848894	0.6666622	0.4662654	0.4743799	0.6921327	0.5349755	0.7199432	0.3664860	0.3924553	0.0166044	0.0439899	0.8999265
650	0.0974139	0.5250697	0.9511576	0.3305135	0.0234235	0.2015398	0.1098917	0.0257820	0.9702130	0.0165324	0.0927431	0.2199475	0.1858585	0.1817061	0.7400549	0.2008822	0.4463580	1.1047660	0.9293864	0.8885058	0.1642585	0.6748793	0.8975326	0.8232738	0.9655681	0.7098405	0.9408172	0.1370663	0.1707233	0.0572559	0.4310065	0.1329885	0.5458798	0.7505085	0.3823361	0.9168988	0.3680282	0.6990782	0.3255697	0.3157768	0.8053536	0.4138261	0.1959443	0.0561570	0.5631741	0.7080395	0.4485311	0.8852801	0.8784365	0.3444007	0.0673008	0.3619436	0.3218190	0.1233152	0.7166623	0.4934208	0.7058201	0.4915762	0.6849173	0.9830746	0.7031659	0.3099259	0.1699019	0.4115707	0.5672006	0.1095232	1.1376444	0.6226897	0.5901304	0.5207705	0.4296762	0.1966034	0.4396167	0.8309223	0.2458991	0.3367927	0.8076751	0.1473287	0.3428286	0.5155157	0.7790158	1.1190075	0.2252838	0.5282614	0.9001914	0.2106280	0.4469314	0.2302124	0.5011361	0.6789621	0.4120372	0.4424770	0.5489986	0.5405796	0.7348253	0.4134122	0.3619601	0.0473881	0.0604028	0.9751734
700	0.0578517	0.5150969	0.9308855	0.3292638	0.0331457	0.1124160	0.0501037	0.0230078	1.0072292	0.0183220	0.1280761	0.1555556	0.1234897	0.1397883	0.8337722	0.2903555	0.4416910	1.0951262	0.9418182	0.8234209	0.1022090	0.6307251	0.8765826	0.8465408	0.9723535	0.8336563	0.9968345	0.1147643	0.2046369	0.0550380	0.4604679	0.1347243	0.6028905	0.8082204	0.3160432	0.9554407	0.3804707	0.7372848	0.3966436	0.1281543	1.0168220	0.5079551	0.1394315	0.0576083	0.6183330	0.6607673	0.5238984	0.8625228	0.8020549	0.2882637	0.0736657	0.2857226	0.3636168	0.0565542	0.7588333	0.4247655	0.7994256	0.3709163	0.5852742	1.0506230	0.5864703	0.4277522	0.2881444	0.3708802	0.6285056	0.2085991	0.9759194	0.7004136	0.6199268	0.5061312	0.4208374	0.2737713	0.3766246	0.9147437	0.2161833	0.2732225	0.8960015	0.1290842	0.2721194	0.6024497	0.8800063	1.0273438	0.1587141	0.5736687	0.9078280	0.2754403	0.3767671	0.2517574	0.5122772	0.7023638	0.4593067	0.4099705	0.4996145	0.6503521	0.6448998	0.5011881	0.2403123	0.0434996	0.0564098	1.0793748
750	0.0216547	0.5566019	0.9995097	0.2762230	0.1323976	0.0391216	0.0335296	0.0121523	1.0334281	0.0463730	0.1430010	0.1295504	0.0618510	0.1436837	0.7573016	0.3438242	0.4349552	1.0255358	0.8824524	0.8746688	0.1178169	0.6193985	0.9974700	0.9496569	1.0417646	1.0240387	1.0086932	0.0862711	0.2579510	0.0513540	0.3588609	0.1367293	0.5933116	0.8953923	0.3256119	0.9402745	0.3678840	0.7238438	0.3934546	0.0683765	1.0442708	0.5425515	0.0937443	0.0768579	0.7437238	0.5704036	0.6384188	0.7931025	0.8075600	0.2756973	0.0725407	0.2621761	0.2829987	0.0206059	0.7474999	0.4273182	0.8929210	0.3144516	0.5321305	1.0252161	0.5973706	0.4337450	0.3389754	0.3636376	0.5122322	0.3097358	1.1016522	0.6281031	0.6625898	0.3677715	0.4592884	0.2681539	0.3703124	0.8778470	0.2273934	0.3758176	0.9920988	0.1579177	0.3168932	0.7077825	0.8207949	0.9809465	0.1192205	0.6046766	0.8537323	0.2782082	0.4138017	0.3205646	0.5367594	0.7375193	0.4620060	0.3889938	0.4457560	0.5894946	0.5786967	0.5582947	0.2561821	0.0233990	0.0843140	1.0501241
800	0.0314516	0.6189975	1.0129912	0.2133230	0.2912544	0.0138485	0.0276423	0.0230867	1.0118030	0.1149812	0.1208899	0.1007411	0.0408819	0.1063187	0.8629448	0.3529111	0.3929107	1.0391627	0.9597834	0.8727786	0.0874171	0.5480808	0.9795473	1.0796653	1.0449338	0.8560345	0.9540100	0.1337377	0.2636435	0.0365219	0.3858939	0.1241192	0.5085676	0.8399982	0.2484428	1.0138303	0.3514490	0.7230060	0.3985801	0.0193493	0.9966228	0.5845874	0.0660618	0.0676172	0.6966476	0.4651123	0.5455645	0.7812096	0.8705076	0.3148048	0.0588717	0.2854312	0.3318140	0.0054045	0.7382317	0.3900558	0.9029999	0.2399419	0.5038467	0.9695474	0.6002910	0.5042881	0.4408313	0.3973194	0.4832838	0.3930342	1.1183983	0.6929951	0.5095986	0.2747937	0.3957389	0.2368691	0.3481592	0.8258467	0.2251101	0.5421761	1.0210265	0.3342970	0.2593701	0.7012775	0.8072168	1.0381530	0.0879382	0.5646247	0.9532214	0.3153676	0.4136734	0.3047827	0.5354477	0.6401117	0.4984524	0.3234404	0.3985933	0.5689120	0.3420342	0.6425271	0.2580316	0.0185681	0.2489823	0.9419782
850	0.0358158	0.6799215	0.9814515	0.1386773	0.3939232	0.0006637	0.0185752	0.0153595	1.0709522	0.1586292	0.1262163	0.1047426	0.0058236	0.0889648	0.8786770	0.4249862	0.4265142	1.0645725	0.9879232	0.9097551	0.0718456	0.6260067	1.0114935	0.9662545	1.0340694	0.6275300	0.9610365	0.1118531	0.2091395	0.0362321	0.4317483	0.1467330	0.6139820	0.8195315	0.2517460	0.9381665	0.2828523	0.6944613	0.3592009	0.0259595	1.0680500	0.4847364	0.0474013	0.0836020	0.7758689	0.4407529	0.4909055	0.7903014	0.7828145	0.3443357	0.0720890	0.2665401	0.4169490	0.0018670	0.7619071	0.4308088	0.9082930	0.2484455	0.4429472	0.8951158	0.6522382	0.5838058	0.3937025	0.3438964	0.4763012	0.4893366	1.0302391	0.6687535	0.4950173	0.1272315	0.3763815	0.2393046	0.3518255	0.9220364	0.2465703	0.5338904	0.9571063	0.4659255	0.2202644	0.6613202	0.8030004	1.1095124	0.0860280	0.6621170	0.9652447	0.3227673	0.4381668	0.3410108	0.5637559	0.6741653	0.5105137	0.2419650	0.3954794	0.5348878	0.2232494	0.6400061	0.2614919	0.0229498	0.4061955	0.9988179
900	0.0244915	0.6537839	0.9937304	0.0994186	0.4351560	0.0025909	0.0261752	0.0199517	0.9425352	0.1685984	0.1026107	0.0912519	0.0044256	0.0889365	0.8544088	0.4732838	0.3691724	1.1167772	0.9536770	0.9639790	0.0809686	0.6238241	1.1019876	0.9246780	0.9738590	0.7066357	0.9332277	0.1022859	0.1661758	0.0303637	0.3854355	0.1055478	0.6075056	0.7991112	0.2608968	0.8349086	0.2629276	0.7247089	0.4037797	0.0292430	1.0706760	0.4880526	0.0572420	0.0769213	0.8122519	0.6306274	0.5470434	0.8653695	0.8478669	0.3189510	0.0640473	0.3809907	0.6004380	0.0146751	0.7202802	0.3683759	0.8592256	0.2725308	0.4917799	0.9240147	0.6326972	0.4560227	0.3366176	0.3036448	0.5431716	0.5582151	0.9537605	0.6391164	0.4986718	0.0704333	0.3705876	0.2584219	0.2870289	0.9273136	0.2858943	0.3578273	0.9556942	0.5926418	0.2443358	0.7544311	0.7420409	1.0840477	0.0859806	0.6050160	0.9101927	0.3962046	0.4200607	0.3848710	0.6348351	0.6983395	0.4985991	0.2828639	0.3417301	0.5863141	0.1304867	0.6297333	0.2582035	0.0217748	0.4311750	1.0256915
950	0.0248962	0.6445550	1.0656254	0.0942269	0.4617408	0.0000224	0.0254701	0.0202593	1.0684353	0.2263734	0.1018706	0.1016689	0.0066604	0.1099919	0.9052432	0.3854941	0.4035279	0.9460120	0.9430081	0.9308550	0.0772831	0.6281753	1.0004192	0.9504919	0.9377642	0.7218888	0.9116900	0.1053986	0.1575596	0.0243199	0.3812829	0.0909424	0.7167102	0.8045960	0.2989191	0.8596430	0.3668982	0.6686468	0.4617914	0.0318774	0.9638181	0.4381795	0.0452199	0.0725174	0.7617973	0.5701699	0.6519730	0.8052500	0.8665089	0.3027256	0.0761170	0.3414908	0.7159669	0.0099956	0.7680350	0.3617649	0.8404680	0.2491437	0.4644593	1.0222538	0.7113477	0.4897365	0.1965132	0.3212276	0.5532479	0.5697412	0.9207382	0.6520756	0.4296102	0.0567717	0.3381841	0.2439757	0.2884936	0.9752646	0.2642511	0.2814929	0.8844553	0.4631118	0.2669987	0.7302733	0.7790055	1.1108921	0.1072340	0.5574893	0.9887973	0.3185383	0.4013808	0.5010458	0.5258522	0.7597474	0.4768319	0.3179107	0.3803612	0.5577352	0.1065672	0.6949361	0.2514479	0.0222187	0.5034551	0.9777402
1000	0.0198317	0.6586727	0.9527879	0.1150247	0.4891175	0.0011579	0.0219066	0.0121795	0.9756426	0.3265294	0.1001700	0.0933317	0.0045534	0.1310764	0.8943307	0.3950814	0.5105825	0.9595200	1.0015115	0.9426055	0.0969086	0.6434192	1.0366553	1.0355857	0.9252820	0.7254990	0.8521548	0.0923807	0.2150967	0.0269828	0.3525525	0.0891304	0.6714631	0.8197395	0.3121554	0.8833383	0.3679313	0.7673745	0.3897761	0.0305006	0.9159984	0.3990188	0.0713587	0.0783247	0.7552265	0.4457818	0.5875646	0.7941998	0.8628621	0.3118226	0.0689857	0.3415385	0.8569229	0.0065067	0.7785553	0.4583592	0.8463318	0.2139385	0.5188124	0.9165629	0.6961352	0.4952573	0.1550247	0.2463408	0.5200947	0.5610212	1.0905169	0.7213816	0.4684421	0.0406439	0.4279086	0.1851921	0.2867800	0.9089941	0.2818551	0.3047663	0.9133076	0.4186055	0.2405536	0.6820936	0.8509631	1.0502921	0.1038560	0.5689146	0.9056909	0.3835928	0.3016534	0.5362622	0.5712679	0.8184721	0.5515718	0.3258888	0.4705661	0.5740438	0.1061776	0.6575268	0.2585275	0.0318539	0.5687839	1.0100895

0	0.0094491	0.6355617	1.0459758	0.0876986	0.4170952	0.0015965	0.0357302	0.0201856	0.7842026	0.5482911	0.1482550	0.1067167	0.0074763	0.0795139	0.9263252	0.4386615	0.5117037	1.0187251	0.9869150	0.9112762	0.0675828	0.6396705	0.9879649	0.9056811	1.0249936	0.8053086	0.8415975	0.0956169	0.2807776	0.0361236	0.3476186	0.0945586	0.7647381	0.8073502	0.2691465	0.9854445	0.2644993	0.7761342	0.3511720	0.0142404	0.9503393	0.3956488	0.0912837	0.0721673	0.8039584	0.5632487	0.5721011	0.9104100	0.8750489	0.3877912	0.0490860	0.3690556	1.0040851	0.0016799	0.7496314	0.4296180	0.7445798	0.3138374	0.4763448	0.9977159	0.8917758	0.5763065	0.2317245	0.3844034	0.5377636	0.4876338	1.0898320	0.8135737	0.5024926	0.0491368	0.3912071	0.2335426	0.3169327	0.9297559	0.3112694	0.3637340	0.9584119	0.1589398	0.2670455	0.6498318	0.7931145	1.0351174	0.1402507	0.6535788	1.0095359	0.4184859	0.2245238	0.5131035	0.6073464	0.7854143	0.4606182	0.1309775	0.4648780	0.5528648	0.0723851	0.5781484	0.2784400	0.0363961	0.5378107	0.9932421
50	0.0108228	0.6320896	1.0855048	0.1001106	0.3940836	0.0020545	0.0190871	0.0290422	0.7624095	0.4388678	0.0831590	0.0720182	0.0046732	0.1300683	0.8776417	0.4219819	0.3180945	0.9049985	0.9248365	0.8154844	0.0793122	0.7156358	1.0472260	0.9834140	0.8783401	0.6716398	0.8299815	0.1320163	0.2710324	0.0353769	0.4262778	0.0735423	0.6178389	0.8064808	0.2849059	0.8783668	0.2503684	0.7244609	0.3643928	0.0266241	0.9790746	0.3795843	0.2776142	0.0683887	0.8383638	0.2678373	0.5972705	0.8896823	0.8495497	0.3882806	0.0679057	0.2927448	0.9490465	0.0062583	0.8797845	0.4987990	0.6976490	0.3055756	0.4851414	0.9155767	0.7661071	0.5170932	0.2419878	0.1959987	0.4152726	0.5544004	1.0549940	0.7886464	0.4075844	0.0670940	0.4538088	0.1607475	0.3584200	0.9479625	0.4185442	0.5333080	0.9351913	0.1121176	0.5045036	0.6158991	0.6761372	0.8576517	0.2301349	0.6564506	1.1392389	0.3284188	0.3159832	0.5778227	0.5095286	0.7204258	0.5877708	0.2620464	0.4628263	0.5790032	0.1201283	0.7321643	0.2533922	0.0355475	0.5594699	1.1333029
100	0.0108789	0.7236620	1.0216013	0.0761401	0.3345575	0.0015587	0.0453361	0.0241938	0.8665932	0.4342867	0.1276446	0.0540250	0.0044923	0.0863246	0.8901756	0.4056702	0.2636570	0.9605438	0.9144212	0.7521058	0.0608734	0.6801457	1.0845577	0.9732559	0.8464713	0.6828915	0.7723092	0.1136014	0.3448946	0.0314357	0.4178339	0.0758545	0.5512248	0.8220904	0.3464268	0.8138541	0.1216182	0.7437694	0.3965299	0.1561278	0.8840961	0.2912997	0.5178402	0.0786827	0.8811281	0.1310628	0.5060433	0.7573983	0.8393814	0.3224413	0.0927599	0.3473231	0.8408410	0.0250530	0.9276434	0.5140672	0.7497612	0.3611168	0.5572531	0.9433394	0.8198677	0.5025873	0.1006908	0.1067015	0.3820233	0.5214000	0.9940358	0.8869480	0.3154279	0.0792872	0.5655399	0.1289709	0.3341762	1.0135977	0.4563401	0.5349295	0.9150362	0.1028935	0.7289459	0.6119058	0.5891141	0.7212858	0.4458433	0.6193914	1.0276029	0.3032812	0.3917208	0.5540834	0.4689382	0.8746204	0.5027388	0.3890601	0.5365529	0.5753202	0.2411853	0.9000852	0.2650921	0.0539320	0.4689705	1.0432784
150	0.0222354	0.7324001	0.9142579	0.0824363	0.3570774	0.0037499	0.0358878	0.0279718	0.8907007	0.4629897	0.2190502	0.0983200	0.0080754	0.1107779	0.8372327	0.4030296	0.1766171	0.9878090	0.7892765	0.7902967	0.0764553	0.6796993	1.0674189	1.0693031	0.8653343	0.6625188	0.7602713	0.0759184	0.3278604	0.0196747	0.3533943	0.0765998	0.5034671	0.8195796	0.3306294	0.7770992	0.0795868	0.8046794	0.4895565	0.4955326	0.7962204	0.2045874	0.7542086	0.0449025	0.7846014	0.0903486	0.5539989	0.8307942	0.8761909	0.2673402	0.0807684	0.3657168	0.7777643	0.0399315	0.9264451	0.6344519	0.7180370	0.4931613	0.5362060	0.9150387	0.8372549	0.4537509	0.1148206	0.0616798	0.4064177	0.3205008	0.7770214	0.9418576	0.2390901	0.0760028	0.6000637	0.2028078	0.3607874	0.9266393	0.4354745	0.4786907	0.8832613	0.0489357	0.7564610	0.5878758	0.5871780	0.6465321	0.5185438	0.5928177	1.1213287	0.2495569	0.2935262	0.5577878	0.5887571	0.9553636	0.5119543	0.5555805	0.5940681	0.5459924	0.2648763	0.9364579	0.3604059	0.0392587	0.2745770	1.0618288
200	0.0206134	0.8348853	0.9405192	0.0465669	0.4366155	0.0015522	0.0214955	0.0307463	0.8899699	0.4557201	0.3965332	0.0959347	0.0073878	0.1221821	0.8288670	0.3781441	0.1821192	0.9880437	0.7157629	0.7851380	0.0578721	0.7845380	1.0719433	1.1104816	0.9113985	0.7110860	0.7517136	0.0663385	0.2376565	0.0330500	0.3568890	0.1211142	0.4934181	0.8510703	0.3655010	0.6832878	0.0589403	0.8133846	0.5433189	0.7761034	0.4568930	0.1436670	0.6912313	0.0462402	0.7889327	0.0594169	0.5940715	0.8166253	0.9710095	0.2826928	0.1153826	0.3296726	0.6500969	0.0847382	0.9368234	0.7378143	0.7912828	0.5669393	0.4751171	0.9294986	0.8679087	0.3509131	0.2494931	0.0520399	0.3399569	0.2171343	0.6646706	0.8484008	0.1641896	0.0838964	0.7597822	0.2222087	0.4055827	0.9333303	0.4002739	0.4084099	0.8691176	0.0395790	0.8099898	0.5972927	0.5758872	0.5336586	0.4684060	0.4978642	1.1148117	0.2690264	0.2216004	0.5238105	0.7875744	1.1023921	0.5769207	0.6891566	0.5756622	0.5318348	0.3165446	0.8575085	0.3982435	0.0879476	0.1559407	0.9855413
250	0.0166370	0.8163796	0.9286756	0.0332560	0.3230446	0.0005243	0.0362101	0.0307781	0.7311674	0.4274136	0.4049086	0.0934417	0.0056785	0.1257732	0.9448786	0.4568947	0.1375983	1.0762351	0.7556879	0.7758537	0.0584893	0.9083791	1.0408349	1.0206219	0.8927734	0.7694845	0.7047657	0.0835123	0.2382930	0.0236005	0.2899175	0.1814188	0.4557703	0.8122218	0.3999693	0.7290312	0.0552611	0.7469420	0.5794836	0.7726299	0.2976948	0.1331604	0.6297217	0.0508776	0.6824506	0.0335082	0.6398106	0.7691551	0.9082257	0.3112212	0.1104429	0.4111197	0.5260654	0.2059566	0.9619652	0.7748643	0.7775927	0.5908980	0.5002312	0.9540812	0.6724705	0.3122536	0.3595214	0.0629820	0.2724750	0.2503448	0.4838779	0.8592623	0.1623732	0.1241497	0.6102018	0.2433460	0.4170980	0.8715882	0.3869858	0.2530397	0.7377831	0.0645965	0.8292628	0.5345250	0.5979690	0.5037699	0.5576711	0.3598015	1.1011146	0.3419177	0.1890892	0.5761888	0.8098003	0.9503528	0.5233619	0.7653808	0.5972608	0.5335828	0.2631238	0.8465245	0.4559217	0.1048688	0.1211261	1.0253981
300	0.0121480	0.9082395	0.8982132	0.0213666	0.3450155	0.0016290	0.0398677	0.0382115	0.6892785	0.4067379	0.3998072	0.0836591	0.0178516	0.0873412	0.9789677	0.5041596	0.1595464	0.9976391	0.6953378	0.7542069	0.0573323	0.8085490	1.0157421	1.2030049	0.8246266	0.6905773	0.6084436	0.0670180	0.2853636	0.0274669	0.3767048	0.2536206	0.4031971	0.8371177	0.4499296	0.6687751	0.0437091	0.7993468	0.6097759	0.7104588	0.1725619	0.1582095	0.6452804	0.0526224	0.5734039	0.0466891	0.6194968	0.7905848	0.8819473	0.2939019	0.1374812	0.4902735	0.3808740	0.2801610	1.0009723	0.8228473	0.8115878	0.6452542	0.3910027	0.9880303	0.6152626	0.3114088	0.4168191	0.0741981	0.2706891	0.2388397	0.4376080	0.8674490	0.1431073	0.1047717	0.6942465	0.2694458	0.5225707	0.9231767	0.4120590	0.3421562	0.6220691	0.0336846	0.9761269	0.5648477	0.6118751	0.5111599	0.5667193	0.2078218	1.0374756	0.4571427	0.1927904	0.5477005	0.8165853	1.0093213	0.4863036	0.7850794	0.6308679	0.4935109	0.3885284	0.8797231	0.4636084	0.1621915	0.0756963	1.0452793
350	0.0160987	0.9268665	0.9052545	0.0097222	0.4102823	0.0032980	0.0471870	0.0320776	0.7676137	0.3895968	0.4349547	0.0939032	0.0044574	0.0971584	0.9306720	0.5042275	0.1506725	0.9782874	0.6399924	0.7568705	0.0612532	0.8909538	1.0382892	1.1601591	0.7432557	0.6589382	0.6744703	0.0596225	0.3166707	0.0457944	0.3695326	0.3445273	0.4148020	0.7972272	0.3938605	0.6921600	0.0557219	0.7462777	0.6163981	0.8202760	0.1673473	0.1740146	0.6758349	0.0385612	0.6375185	0.0311367	0.5576854	0.7801520	0.9077514	0.2870331	0.1531108	0.4796972	0.2922864	0.2835232	0.9277078	0.7277681	0.8446631	0.6909337	0.4692676	0.8776261	0.5292076	0.2315374	0.4052427	0.0915133	0.2979203	0.1973428	0.4373958	0.8479174	0.1349632	0.1164130	0.6815164	0.2327081	0.5075701	1.0628801	0.3733021	0.4700602	0.5371380	0.0307337	0.9629466	0.5173143	0.6769846	0.5154895	0.5744217	0.2522234	0.9538174	0.4835079	0.2065285	0.5530455	0.7452405	0.9605146	0.5160083	0.8702250	0.6156469	0.5776404	0.3439708	0.9277986	0.4787170	0.1673656	0.0725160	0.9764301
400	0.0094090	0.8877306	1.0239938	0.0319741	0.3558748	0.0011158	0.0434623	0.0443190	0.8171674	0.4753665	0.4156233	0.0673564	0.0050550	0.0765383	0.8482795	0.4473757	0.2033729	1.0233081	0.6966530	0.7086812	0.0583347	0.8856635	1.1003683	0.9878170	0.6074695	0.7206036	0.5431821	0.0761196	0.2463393	0.0593416	0.4358456	0.4153756	0.4574522	0.7694276	0.4913070	0.7657756	0.0382434	0.7495236	0.6858884	0.9002253	0.1369036	0.1648972	0.7049498	0.0446203	0.6958732	0.0419888	0.4537803	0.8062927	0.9202880	0.2512569	0.2277204	0.6027986	0.3356763	0.3357182	0.9202012	0.7093687	0.8097271	0.7375507	0.5029001	0.9682644	0.5419794	0.2247924	0.3720490	0.0691787	0.2581790	0.2317988	0.4118009	0.9784783	0.1314044	0.0968135	0.7237999	0.1958329	0.5323384	0.9952546	0.4346534	0.4122283	0.4461297	0.0395396	0.9446780	0.5183799	0.6768343	0.4760643	0.5659787	0.1835896	0.9636156	0.4612334	0.2041444	0.6128520	0.8666293	1.0081456	0.4447941	0.8447932	0.6793975	0.6818818	0.3947476	0.9954854	0.5309419	0.1431597	0.0587527	0.9757296
450	0.0139666	0.8950446	0.9396532	0.0270071	0.3635144	0.0017366	0.0240970	0.0450666	0.8660877	0.4128343	0.4796838	0.0677199	0.0016813	0.0845388	0.8241249	0.4048196	0.1794769	0.9067500	0.6477267	0.8261532	0.0306746	0.8332045	1.0515551	0.9125997	0.5691959	0.6531465	0.5205969	0.0719872	0.2518541	0.0844978	0.4337496	0.3708638	0.4257492	0.8519059	0.4631246	0.6910169	0.0286374	0.8861159	0.6011427	0.9272047	0.1100454	0.1811882	0.7323950	0.0460340	0.7811857	0.0452561	0.5163987	0.7491200	0.9736012	0.2450615	0.2526442	0.5959116	0.2678805	0.3978469	0.9411114	0.6190417	0.7438423	0.7122412	0.5042975	0.7913015	0.5496194	0.2539336	0.4232946	0.0780596	0.2491612	0.2098576	0.4041981	0.9479300	0.1485217	0.1572390	0.7488720	0.2415049	0.6404627	1.0079909	0.4363854	0.3767123	0.4621289	0.0178081	0.9276019	0.5999554	0.7245371	0.4817295	0.6304366	0.2096105	1.0207979	0.5124081	0.2005924	0.5305785	0.8191845	0.9510317	0.4564240	0.9296759	0.6000141	0.6807538	0.4081577	0.9733293	0.4782211	0.1263877	0.0508731	0.9295969
500	0.0262211	0.8392164	0.9663541	0.0286458	0.3862110	0.0000000	0.0252757	0.0774709	0.8033890	0.4032582	0.4797783	0.0653916	0.0083387	0.1186833	0.9131349	0.3831805	0.1609757	0.9466799	0.5263144	0.8445032	0.0469127	0.8530080	1.0167100	1.0170640	0.4411580	0.7190959	0.4485833	0.0749359	0.3171945	0.0539126	0.4065365	0.3388639	0.4793810	0.8727723	0.4502141	0.7663781	0.0140837	0.7242704	0.5870080	0.9925031	0.1318898	0.1645304	0.8077462	0.0465470	0.7795084	0.0454130	0.4337460	0.7456711	0.9103402	0.2507319	0.2594851	0.5083903	0.2166915	0.4265874	0.8798658	0.4740633	0.6929391	0.7795639	0.5546741	1.0232467	0.5150605	0.3724014	0.4217755	0.0560071	0.1852751	0.1399785	0.4642309	0.9381368	0.1696474	0.1414375	0.7140199	0.2151308	0.6181884	0.9641531	0.3152887	0.4258252	0.5241790	0.0155850	0.9464139	0.5368811	0.6027716	0.4788050	0.5985870	0.1968044	0.9547855	0.4752012	0.1973932	0.4667282	0.8699867	0.9632304	0.4749042	0.9628039	0.5287214	0.6996118	0.4099100	1.0132132	0.5756079	0.1519632	0.0365495	0.9272729
550	0.0117106	0.8548506	0.8793906	0.0787475	0.4272661	0.0003361	0.0452529	0.0816534	0.7663204	0.4619745	0.3647292	0.0909031	0.0090129	0.0925350	0.9444950	0.4263369	0.3721668	0.8343160	0.7171233	0.8447825	0.0523836	0.8733195	0.9683058	1.0060537	0.4368459	0.7558650	0.5076814	0.0780361	0.1855369	0.0659987	0.3933553	0.3076795	0.4296569	0.9537652	0.5623303	0.5066349	0.0356136	0.7722575	0.5881211	1.0048520	0.1208837	0.1237742	0.6199426	0.0358945	0.7614014	0.3228232	0.4764451	0.7104788	0.9793510	0.2494006	0.2536372	0.5140811	0.2433699	0.2562724	0.8944899	0.4740563	0.6680662	0.7428039	0.5359086	0.9343011	0.4222334	0.2839662	0.4033291	0.1488676	0.2560153	0.1453284	0.3976111	0.9953682	0.2359829	0.1105384	0.5081818	0.1869852	0.5775124	1.0495509	0.2138073	0.3970080	0.5178751	0.0336430	0.6868559	0.6397662	0.6092188	0.5927843	0.4898343	0.2266039	0.9934828	0.4774403	0.1756512	0.5072391	1.0438487	0.9242728	0.4467112	0.7022544	0.4957251	0.7243018	0.4388584	0.8668676	0.6181430	0.1149261	0.0453522	1.0090652
600	0.0143978	0.7357910	1.0672500	0.2026660	0.4928127	0.0037354	0.0353027	0.0736080	0.7914361	0.4549775	0.2321234	0.0933914	0.0041029	0.1254472	0.8560607	0.3934196	0.5097713	0.8132452	0.7920096	0.8251147	0.0395544	0.8211666	1.0487971	0.9958867	0.4351184	0.7177177	0.5954625	0.0866205	0.1297385	0.0455853	0.3821520	0.3134250	0.5540523	1.0179471	0.5670046	0.6048416	0.1124616	0.7630861	0.4098152	0.8083346	0.0755375	0.1916264	0.3122339	0.0446005	0.6575603	0.5720105	0.3982204	0.6826702	0.9226821	0.2301514	0.2293713	0.4433773	0.3206093	0.1138325	0.8738701	0.2863675	0.7833991	0.7536520	0.5288036	0.9815939	0.4333448	0.3248324	0.5032840	0.2611009	0.3360418	0.2313406	0.4069991	0.8249621	0.3909457	0.1594339	0.4205486	0.1607674	0.5488941	0.9191848	0.2076599	0.1947905	0.5134208	0.0195876	0.4548727	0.6109139	0.7536101	0.8000019	0.3568656	0.2083497	1.0357667	0.5150830	0.1671796	0.4808180	0.8267258	1.0150606	0.4184850	0.6953356	0.4963352	0.7254782	0.4745471	0.6858601	0.5203359	0.0708390	0.0527648	0.9147680
650	0.0150539	0.5922114	1.0668029	0.3330874	0.4833093	0.0003311	0.0333437	0.0264901	0.7778717	0.4477615	0.2059994	0.1097490	0.0028487	0.1350180	0.9376471	0.4151856	0.4847697	0.8610561	0.8311075	0.7680017	0.0672894	0.7812465	0.9249405	1.0281106	0.5296279	0.7207451	0.6204270	0.0793203	0.1055770	0.0551067	0.5186064	0.2506204	0.5554421	0.9090547	0.4665548	0.8712451	0.3272534	0.8190808	0.4433668	0.3147025	0.1284396	0.2406857	0.1944133	0.0326791	0.5412415	0.7344914	0.4812453	0.6851073	0.8552276	0.2449537	0.2203550	0.3909124	0.4453931	0.0664503	0.7797695	0.1694209	0.8187926	0.7259668	0.5049061	0.9419341	0.5134519	0.3937940	0.5557375	0.2917329	0.4808464	0.3961166	0.6343968	0.8358093	0.4600129	0.1553532	0.3879742	0.1798256	0.5324781	0.8738244	0.1370845	0.1973422	0.6109128	0.0849083	0.3797014	0.6321029	0.8191107	0.9740533	0.2335453	0.1578694	0.8933359	0.5332587	0.1412152	0.3147711	0.7135399	0.9743109	0.4639651	0.6578317	0.4327518	0.7906667	0.6604617	0.6157601	0.4862758	0.0598922	0.0482132	0.9360355
700	0.0106303	0.6116555	0.9382563	0.2835711	0.4698910	0.0000000	0.0308293	0.0216697	0.8178897	0.3762186	0.1513371	0.1011001	0.0025124	0.0831848	0.9936053	0.4384472	0.5537342	0.8539559	0.9124925	0.7855319	0.0758824	0.6563531	0.8965650	1.0869008	0.5417083	0.6875360	0.6879295	0.0486492	0.1861620	0.0637203	0.5420691	0.2560180	0.5104213	0.9201757	0.4086584	0.9112176	0.3391365	0.7314008	0.3804443	0.1550959	0.3419705	0.3568097	0.1402056	0.0492022	0.5110344	0.6790286	0.4737268	0.7303996	0.8787818	0.2663445	0.1893323	0.3878598	0.7000109	0.0237991	0.7148162	0.1460673	0.7611307	0.5378664	0.5405348	0.9879956	0.5337072	0.4475021	0.5313629	0.3275788	0.6367662	0.4633980	0.8981795	0.7138288	0.4322234	0.1034883	0.3709167	0.2202590	0.5129672	0.9665437	0.1957628	0.2810017	0.7102661	0.1297923	0.3676968	0.6776417	0.9038094	0.9525070	0.1645467	0.1689557	0.7839527	0.4790560	0.1211465	0.1836835	0.5986957	0.8238920	0.4814089	0.6325936	0.3938996	0.7865489	0.8006087	0.5730416	0.4464075	0.0272512	0.0599881	0.8945110
750	0.0172620	0.6895009	0.9239287	0.3207251	0.4675796	0.0000000	0.0497140	0.0256610	0.7181732	0.3987904	0.2344091	0.1123210	0.0082249	0.0887249	0.8689513	0.4801761	0.5474298	0.9271657	0.9188587	0.8408035	0.0639192	0.5725790	1.0260567	1.0027496	0.6393357	0.7144039	0.7339345	0.0939643	0.2726360	0.0520034	0.3882743	0.2560717	0.5943359	0.9905484	0.3621973	0.9888284	0.3504062	0.6355578	0.3332631	0.0575689	0.5576541	0.4659196	0.1010662	0.0661496	0.5261393	0.6766695	0.5452846	0.6891565	0.9315433	0.2967274	0.1337432	0.3166533	0.8627886	0.0106404	0.7729667	0.1593793	0.7770616	0.4265724	0.4806994	1.0200912	0.6479779	0.5006407	0.5212156	0.3719312	0.6821846	0.5560300	0.9216675	0.7546058	0.4653969	0.0577531	0.3991630	0.1939194	0.4209396	0.9248937	0.2590725	0.3289908	0.7003751	0.1366752	0.3007032	0.6804305	0.8345054	0.9823053	0.1301168	0.3063168	0.7998848	0.4387833	0.1007683	0.1401708	0.5384098	0.7675846	0.4462840	0.6204475	0.4050359	0.7158307	0.6762578	0.5392396	0.3894293	0.0235176	0.0679705	0.9872222
800	0.0065540	0.6713245	0.9268035	0.2182431	0.4643860	0.0000000	0.0342456	0.0323493	0.7163301	0.4127180	0.2068530	0.1134249	0.0111436	0.1172591	0.8779806	0.4807953	0.5790305	0.9843318	1.0328995	0.8288265	0.0782047	0.6174686	1.0232523	0.9832078	0.6387699	0.7365309	0.7530760	0.0807942	0.3285172	0.0323262	0.3946163	0.2471083	0.5475113	0.8992068	0.2896362	0.9126568	0.3794797	0.7566208	0.2904867	0.0163609	0.7093423	0.4993420	0.0583861	0.0784186	0.6635867	0.6330216	0.5085271	0.8773647	0.8266880	0.2873905	0.1465426	0.3538514	0.9958405	0.0109304	0.8228881	0.1258084	0.7334095	0.3974340	0.3982045	0.9548099	0.7275127	0.5810371	0.4820254	0.3743562	0.6485619	0.4952569	0.9802450	0.7704706	0.4416362	0.0532866	0.3820278	0.1888124	0.3770459	0.8766093	0.2613813	0.4936577	0.6935316	0.3009222	0.2953769	0.6583099	0.9065000	0.9350247	0.1316755	0.4976894	0.8097023	0.5307610	0.1352744	0.1709139	0.5806349	0.5848312	0.4862443	0.5126951	0.3878249	0.7034697	0.4567374	0.5327492	0.3404831	0.0173926	0.1799928	1.0154594
850	0.0063821	0.5622931	1.0620289	0.2137517	0.4790023	0.0006429	0.0382716	0.0311580	0.7684068	0.4482663	0.1816491	0.1087587	0.0067194	0.1169398	0.8593051	0.5279249	0.5131600	0.8976649	0.9959687	0.8556001	0.1028665	0.6534308	0.9918852	1.0678194	0.6043295	0.6956625	0.7783000	0.0655460	0.3062252	0.0387596	0.3808677	0.2339869	0.5628024	0.8932408	0.3108309	0.8729791	0.3846802	0.7324089	0.3001191	0.0298297	0.8293669	0.5371414	0.0435540	0.1231164	0.7028834	0.5540903	0.5600028	0.8601312	0.9445802	0.2806786	0.1305843	0.3705208	0.9573840	0.0036004	0.7245466	0.1541940	0.7019186	0.3655223	0.4073883	0.9671720	0.7974120	0.6428983	0.4238145	0.3183593	0.6336738	0.4345153	0.9688559	0.7560929	0.4355901	0.0413733	0.3531955	0.2643212	0.3495806	0.8241990	0.2717771	0.4414537	0.7717626	0.5087918	0.3133953	0.6540922	0.8413565	0.9560875	0.1200638	0.6514803	0.9606727	0.5156393	0.1703016	0.2095696	0.6022886	0.6018933	0.5449618	0.4223681	0.4393784	0.6482875	0.2605021	0.6003782	0.3009767	0.0336714	0.3648366	1.0141776
900	0.0082313	0.4981427	0.8538294	0.1734493	0.4830414	0.0000006	0.0467638	0.0246683	0.7629093	0.4256742	0.1672819	0.1043387	0.0096979	0.0830702	0.8503029	0.5266226	0.5512754	1.0208215	0.9797067	0.8652047	0.0883317	0.6302360	0.9156209	0.9956358	0.6496947	0.6556720	0.7493251	0.0888253	0.3040265	0.0746261	0.3834478	0.1638460	0.5334874	0.7990333	0.2895508	0.9146801	0.3387098	0.7544776	0.3306439	0.0166911	0.9832302	0.5533737	0.0792964	0.1610803	0.7384593	0.5365424	0.5210081	0.8775629	0.8664620	0.2757593	0.1022908	0.4340795	1.1171349	0.0046785	0.7258083	0.2079997	0.8191478	0.3671061	0.4927149	0.9966495	0.7650354	0.6069906	0.4609294	0.3076986	0.5627093	0.5424249	0.9498250	0.7191732	0.3970276	0.0467919	0.3024610	0.2587108	0.3067262	0.8428261	0.2607042	0.5437297	0.7781742	0.5184236	0.3240015	0.6635470	0.7804936	0.9332092	0.1072138	0.6304508	0.9203652	0.4583478	0.1666298	0.3093215	0.6176807	0.6436606	0.4139459	0.3578578	0.3962712	0.5763448	0.1834850	0.6840292	0.3356107	0.0106567	0.4404685	0.9903364
950	0.0184734	0.5723699	0.9126124	0.1619797	0.4696205	0.0005778	0.0338396	0.0164196	0.7333360	0.5014808	0.1639134	0.0981667	0.0011506	0.1069342	0.8711094	0.5902155	0.4951125	1.0723273	1.0152480	0.9182613	0.0959995	0.5937911	1.0260110	1.0247703	0.6531623	0.6381105	0.7771249	0.1424934	0.3793741	0.0766672	0.3464551	0.1503292	0.6179012	0.8264088	0.2760823	0.9239836	0.3219112	0.7155243	0.3525713	0.0227637	0.9548545	0.5078825	0.1170883	0.1397430	0.7154070	0.5602352	0.5868981	0.8435857	0.8412341	0.2827750	0.1245131	0.4482557	1.0605575	0.0091160	0.6962062	0.2010853	0.7280526	0.3679990	0.4550189	0.8897325	0.7581154	0.5185068	0.4250441	0.3480557	0.5826313	0.5472881	1.0342602	0.7393353	0.3483350	0.0424959	0.3073466	0.2339447	0.3720520	0.9158590	0.2135268	0.6249357	0.8517755	0.3047409	0.3218873	0.6698242	0.7834643	1.0871470	0.1490419	0.6331001	0.9097176	0.3869988	0.1647751	0.5109813	0.4257495	0.6767519	0.4540567	0.2427831	0.4072702	0.6435975	0.1505027	0.7007343	0.2539778	0.0127340	0.4922870	0.9807440
1000	0.0170660	0.5492729	0.9706981	0.1923782	0.4478388	0.0023325	0.0184561	0.0242579	0.7050489	0.4256488	0.1540492	0.1078833	0.0016738	0.0932492	0.8676219	0.6089068	0.5204646	1.0050290	0.9918520	0.8402709	0.0904942	0.5773708	0.9532675	1.0647272	0.7310296	0.5762680	0.8209967	0.1446960	0.4079428	0.0719650	0.4591513	0.1129867	0.6217431	0.7778546	0.3337450	0.9240405	0.3612077	0.8158127	0.3776945	0.0166867	0.8928571	0.5338773	0.0980172	0.1048599	0.7505858	0.5997256	0.5966569	0.8657013	0.7946584	0.2798444	0.1251759	0.4223736	1.0214647	0.0031318	0.6815793	0.2387509	0.6787943	0.3469047	0.4542561	0.9958049	0.7809189	0.5398115	0.4381935	0.2976832	0.5998146	0.5469044	1.0055817	0.7595825	0.3284124	0.0267676	0.4164537	0.2061995	0.3614055	0.9009317	0.2130574	0.6381114	0.8338057	0.1772182	0.3260046	0.6946650	0.8329647	1.0162693	0.1512421	0.6889284	0.9007816	0.3764215	0.1760727	0.4797859	0.4405069	0.6757643	0.5008577	0.1863697	0.3940705	0.6829175	0.1398087	0.7010696	0.2986248	0.0186557	0.5026228	0.9520508

0	0.0094491	0.6355617	1.0459758	0.0876986	0.4170952	0.0015965	0.0357302	0.0201856	0.7842026	0.5482911	0.1482550	0.1067167	0.0074763	0.0795139	0.9263252	0.4386615	0.5117037	1.0187251	0.9869150	0.9112762	0.0675828	0.6396705	0.9879649	0.9056811	1.0249936	0.8053086	0.8415975	0.0956169	0.2807776	0.0361236	0.3476186	0.0945586	0.7647381	0.8073502	0.2691465	0.9854445	0.2644993	0.7761342	0.3511720	0.0142404	0.9503393	0.3956488	0.0912837	0.0721673	0.8039584	0.5632487	0.5721011	0.9104100	0.8750489	0.3877912	0.0490860	0.3690556	1.0040851	0.0016799	0.7496314	0.4296180	0.7445798	0.3138374	0.4763448	0.9977159	0.8917758	0.5763065	0.2317245	0.3844034	0.5377636	0.4876338	1.0898320	0.8135737	0.5024926	0.0491368	0.3912071	0.2335426	0.3169327	0.9297559	0.3112694	0.3637340	0.9584119	0.1589398	0.2670455	0.6498318	0.7931145	1.0351174	0.1402507	0.6535788	1.0095359	0.4184859	0.2245238	0.5131035	0.6073464	0.7854143	0.4606182	0.1309775	0.4648780	0.5528648	0.0723851	0.5781484	0.2784400	0.0363961	0.5378107	0.9932421
50	0.0457204	0.5660896	1.0333951	0.1457125	0.4255835	0.0030487	0.0377039	0.0063315	0.8246114	0.2152959	0.1133272	0.0930085	0.0107861	0.0618310	0.8674179	0.3267358	0.4264874	1.0232554	0.9590590	0.7424955	0.0710891	0.6634453	0.9924256	0.9602333	0.7852968	0.6641092	0.9040263	0.1018670	0.1621509	0.0142540	0.3936164	0.0467614	0.6006154	0.7670195	0.2079903	0.9476042	0.3749053	0.7419831	0.3379504	0.0055979	0.9169914	0.4000039	0.0565088	0.0960599	0.6932809	0.3794649	0.7495096	0.8875458	0.8331853	0.4020635	0.0635988	0.3174667	0.8844855	0.0032345	0.7700396	0.6145968	0.7684835	0.3382584	0.3668459	0.9245299	0.7053707	0.5186792	0.2204015	0.1701922	0.6686621	0.5296318	0.9241303	0.6146715	0.5673193	0.0463593	0.3516949	0.2481119	0.2230227	0.8887026	0.2578618	0.4025432	0.8723493	0.3422789	0.3245139	0.5622763	0.7626048	0.9792443	0.1604770	0.6243937	0.9960760	0.3291938	0.3057827	0.4390278	0.5248935	0.8141432	0.5065682	0.0693619	0.3870720	0.5968104	0.0782074	0.5824916	0.2600673	0.1496682	0.6422605	0.9875010
100	0.0649043	0.5592207	1.0279358	0.1271363	0.3828629	0.0028025	0.0313955	0.0107223	0.8956583	0.1659267	0.1530452	0.0747617	0.0016614	0.0420651	0.9725514	0.1682072	0.3928180	1.0012193	0.9441912	0.5654638	0.0884339	0.6636167	0.9125737	1.0211580	0.8780595	0.7347422	0.9665907	0.1199348	0.2018053	0.0222964	0.3517309	0.0435386	0.6838844	0.7559011	0.2276149	0.9093845	0.3894447	0.6883274	0.3351336	0.0121022	0.9071279	0.4181681	0.0682141	0.0879419	0.7558222	0.3587477	0.6555063	0.8962700	0.8261312	0.3800396	0.0644605	0.1854099	0.9023562	0.0007175	0.7215642	0.6706172	0.7080312	0.3099834	0.2519589	0.9898773	0.7071231	0.5805485	0.1932497	0.0965885	0.8347954	0.5384255	0.9379344	0.4814145	0.6931182	0.0541933	0.3503452	0.2601190	0.2230896	0.8474355	0.2936044	0.3043305	0.8253861	0.4031372	0.4560976	0.4936726	0.7891309	1.0154859	0.2283108	0.5289943	0.9893756	0.2794983	0.3428422	0.3934361	0.6429333	0.7875914	0.4579808	0.0808272	0.4598915	0.5385352	0.0591440	0.7122938	0.2285793	0.1967239	0.7705298	1.0215670
150	0.0702699	0.5995032	1.0635836	0.0963715	0.4291015	0.0012838	0.0221740	0.0137389	0.9599360	0.1016395	0.1351048	0.0686639	0.0035928	0.0347512	0.8924596	0.1015899	0.4361222	1.0235826	0.9236383	0.4449917	0.0447446	0.6906249	0.9291115	0.9150509	0.8945630	0.7134713	0.9955718	0.1647109	0.1759747	0.0199413	0.3951853	0.0240506	0.6535267	0.7331960	0.2692040	0.7849573	0.4705678	0.6837044	0.3705568	0.0174133	0.9570697	0.4119330	0.0703843	0.1032615	0.7886044	0.3946845	0.5818397	0.8886307	0.8178314	0.3506282	0.0700650	0.1352317	0.9449834	0.0047172	0.7529471	0.5787512	0.7364715	0.2935156	0.2484586	1.0415338	0.7717239	0.5789286	0.2029827	0.0276947	0.9458127	0.5096061	1.0636795	0.3729935	0.8378867	0.0596472	0.2592496	0.2362897	0.2974642	0.9326343	0.2644325	0.2845058	0.8326175	0.4100532	0.5286445	0.4928551	0.7373440	0.9759345	0.2510357	0.6380141	0.9715756	0.3313370	0.3577882	0.4098553	0.6338118	0.6494638	0.4332569	0.0993203	0.4396628	0.5608546	0.0527781	0.7095189	0.1880241	0.2615942	0.9437734	0.9974896
200	0.0743136	0.6244042	1.0313002	0.0979348	0.4439884	0.0016930	0.0370318	0.0174019	0.9325073	0.0599394	0.1679493	0.0865371	0.0071991	0.0249625	0.8314492	0.0748999	0.4525882	1.0724377	0.8727137	0.3531696	0.0661204	0.6665701	0.8801143	0.9038565	1.0051861	0.6685889	0.9768433	0.1255834	0.1870413	0.0244773	0.4432759	0.0193859	0.6233987	0.7803101	0.2388889	0.8126204	0.4618264	0.6842525	0.3077029	0.0171170	0.9202649	0.4036119	0.0663034	0.1020431	0.8288122	0.4099323	0.6033455	0.8202458	0.9156607	0.3331323	0.0451752	0.1435846	0.9320673	0.0057205	0.7723368	0.5652515	0.7074380	0.2413046	0.2484009	1.0000943	0.8107913	0.5242957	0.2344288	0.0065183	0.9885418	0.4924700	0.9982641	0.4368413	0.8648976	0.0980279	0.2541225	0.1600096	0.4104509	0.8686721	0.2365436	0.3136913	0.9447698	0.4206490	0.5865737	0.5351153	0.6712811	0.9011258	0.2716805	0.6164880	1.0035543	0.3645629	0.3447403	0.3710323	0.6807159	0.7348711	0.4910758	0.1570803	0.4350896	0.5368120	0.0368208	0.7761517	0.2156122	0.3196533	1.0108967	0.9792509
250	0.0989755	0.6958182	0.8955928	0.0712493	0.4709935	0.0000232	0.0263727	0.0179881	0.9905127	0.0517415	0.1158085	0.0994180	0.0047760	0.0252382	0.9459083	0.0373566	0.4348581	0.9427084	0.9314541	0.3034779	0.0622582	0.6310225	0.8426138	0.9494077	0.9353862	0.6419672	0.8621621	0.1078797	0.1580544	0.0390078	0.3870873	0.0220260	0.6314869	0.7580629	0.2909390	0.9025813	0.5007089	0.7871440	0.4179300	0.0269130	0.9973106	0.4453888	0.0792186	0.1009401	0.8290524	0.4535151	0.5995127	0.8338450	0.8537726	0.3478381	0.0314991	0.1477617	0.9382630	0.0095356	0.5900288	0.6483946	0.7583047	0.2473809	0.2717341	1.0030668	0.9221416	0.6117813	0.2637888	0.0069932	1.0129894	0.5820542	1.0057490	0.3652793	0.8233176	0.0752215	0.2198133	0.1676667	0.4859884	0.8401559	0.2302392	0.3699906	0.9527090	0.3594621	0.5541936	0.5281502	0.6941840	0.8313225	0.2863133	0.5636510	1.0114475	0.3352514	0.3650301	0.3711776	0.6723295	0.7139473	0.5057269	0.2007223	0.4986375	0.4975878	0.0323155	0.7711751	0.2906512	0.3829699	0.9549802	0.8866336
300	0.1000149	0.7044363	1.0211092	0.0832622	0.4178510	0.0028135	0.0319289	0.0215715	0.9140044	0.0553716	0.1192630	0.1039976	0.0038674	0.0088060	0.9140416	0.0187577	0.4200021	0.9781096	0.9878044	0.3231390	0.0654822	0.5882327	0.9924248	1.0048860	1.0485965	0.6725318	0.8142891	0.1238216	0.1607109	0.0285198	0.4686917	0.0206207	0.7119753	0.7561970	0.2735342	0.7690628	0.5641751	0.7354223	0.3276217	0.0272138	0.9937401	0.4099921	0.0939953	0.0901499	0.8196209	0.3722211	0.6014774	0.8207441	0.7839558	0.3552639	0.0490667	0.0953207	0.8523649	0.0129770	0.4082216	0.5970860	0.7461863	0.3055425	0.2336071	0.9208446	0.9198485	0.6824537	0.1741548	0.0030234	0.8561871	0.6187083	1.0396901	0.3636501	0.8858707	0.0910939	0.2167630	0.2330378	0.5065426	0.8761906	0.2708179	0.3079362	0.9452222	0.3260379	0.6384705	0.5508747	0.6809812	0.7923090	0.2712834	0.5934487	1.0177358	0.2859372	0.4140107	0.4909425	0.5066713	0.7835207	0.5224072	0.2564017	0.4674075	0.4576242	0.0443808	0.7322928	0.2282939	0.4274751	0.9500394	0.8938304
350	0.0964336	0.6577913	1.0718272	0.0905176	0.5148708	0.0021735	0.0150243	0.0257358	1.0899068	0.0553514	0.1170607	0.0856992	0.0045591	0.0150833	0.9100205	0.0229619	0.4362927	1.0594046	0.9701959	0.3568941	0.0611165	0.5974681	1.0211577	0.9880717	0.9742211	0.6881330	0.7669208	0.1008100	0.1622187	0.0220641	0.4390527	0.0186420	0.6834954	0.7423294	0.2373978	0.9151811	0.5716347	0.6898416	0.3783902	0.0257327	0.9358353	0.4260459	0.0879382	0.1030983	0.8011363	0.4641270	0.5810547	0.7252223	0.7726735	0.3352192	0.0403933	0.0725552	0.8595780	0.0144985	0.2344097	0.6366170	0.7582659	0.3246274	0.2344919	1.0090591	0.9392692	0.5999484	0.1329563	0.0294890	0.9264514	0.5838640	0.9684287	0.3766001	0.9023402	0.1240820	0.2352221	0.2318564	0.5479469	0.8861404	0.2918692	0.2819367	0.9460467	0.2664489	0.6050887	0.4950671	0.6801125	0.7233120	0.2464422	0.6546525	0.9593109	0.2952213	0.3715199	0.5937762	0.5663904	0.6806811	0.5783789	0.2385296	0.4338457	0.5183120	0.0739526	0.6817465	0.2667083	0.4497229	0.9806508	0.9296036
400	0.1137498	0.6533383	1.1525935	0.0868062	0.4612481	0.0005182	0.0291244	0.0194675	1.0119026	0.0315742	0.1424983	0.0964329	0.0097290	0.0262490	0.8341228	0.0388905	0.4361406	1.0109302	1.0577736	0.2975637	0.0669842	0.5927654	0.9562978	1.0149022	0.9586190	0.6271872	0.7201969	0.1056617	0.1406372	0.0174054	0.3650539	0.0175176	0.6001727	0.8472502	0.2460666	0.9494140	0.5218791	0.6892983	0.4003065	0.0230817	0.9407845	0.3433062	0.0744284	0.1112937	0.7885314	0.4637000	0.6344429	0.8571735	0.8494758	0.3583100	0.0534477	0.0738196	0.8305609	0.0027963	0.1117985	0.6146050	0.7136601	0.3467213	0.2490913	1.0050337	0.8821413	0.5354659	0.1504420	0.0180002	1.0301471	0.6626250	0.9653643	0.3497901	0.9298357	0.0987201	0.2050417	0.1674353	0.5561544	0.8133568	0.2427521	0.2236234	0.9976665	0.3090836	0.5293864	0.6461556	0.6912070	0.7664913	0.2205264	0.6493593	1.0457964	0.3008115	0.3358222	0.5778775	0.5139994	0.7391962	0.4813969	0.3275298	0.4833113	0.5285214	0.0887235	0.6764247	0.2845514	0.4020525	0.8874922	0.9013290
450	0.1659534	0.6748231	1.0468044	0.1270262	0.4697810	0.0003726	0.0237607	0.0223400	0.8952649	0.0525560	0.1230167	0.1039240	0.0111579	0.0315140	0.9195805	0.0264378	0.4210333	0.9537239	1.0896961	0.3283034	0.0719913	0.6551665	0.9552357	0.9414535	0.9521977	0.6219231	0.7027383	0.1114142	0.1827058	0.0402843	0.3928719	0.0241518	0.5866082	0.8624981	0.3373398	1.0015375	0.5237522	0.6935313	0.3628971	0.0279163	0.9644153	0.4313170	0.0952598	0.1016653	0.7662349	0.4325370	0.6292828	0.8498065	0.8256317	0.3528213	0.0414495	0.0904686	0.7668071	0.0169975	0.0753853	0.6286945	0.7642736	0.3087480	0.2612321	0.9811405	0.8624130	0.5192415	0.2331460	0.0166869	0.9550078	0.6302407	0.8759201	0.3291960	0.9391435	0.1099427	0.1735060	0.1463792	0.5988282	0.8513413	0.2520003	0.2623187	0.9844416	0.2790503	0.5162914	0.6390901	0.7120903	0.7326117	0.3037441	0.6616558	1.0513050	0.2769777	0.2839526	0.5597652	0.5974382	0.8082976	0.5351031	0.2570782	0.4986729	0.4734683	0.0763650	0.7174697	0.2669170	0.3857335	0.9078397	0.9501681
500	0.1761406	0.6555254	0.9539334	0.1619267	0.5101309	0.0002292	0.0389126	0.0182465	0.8966909	0.0553335	0.1287048	0.1185316	0.0192635	0.0255644	0.9104023	0.0293770	0.5236668	1.0057280	1.0313499	0.2847314	0.0760876	0.7440161	1.0508306	1.0650455	1.0044208	0.6577400	0.6625651	0.1206195	0.2166457	0.0324758	0.3528800	0.0339469	0.7205653	0.9590445	0.3259717	0.8866514	0.4759236	0.5828540	0.3492073	0.0142289	0.9334448	0.4927266	0.0604118	0.1252694	0.6895841	0.4599943	0.5737164	0.8318244	0.8424814	0.3589088	0.0339313	0.1081552	0.7498179	0.0571759	0.0682820	0.6177543	0.7552824	0.3745846	0.2634709	0.9551232	0.8384651	0.5607025	0.2498532	0.0210169	0.9540037	0.5689404	1.0097070	0.3082804	0.9453588	0.1598403	0.2811706	0.1740307	0.6399775	0.8673774	0.2324422	0.2788839	0.9886835	0.3859713	0.5024852	0.6980600	0.8001205	0.7885120	0.3044988	0.6644571	1.0820820	0.2403854	0.2459227	0.4290895	0.6067709	0.7791461	0.5735375	0.2073437	0.5335172	0.4854758	0.0738264	0.7183325	0.2753594	0.3947503	0.9418792	0.9642012
550	0.1285378	0.6378415	0.8926119	0.1537524	0.4339337	0.0000711	0.0242903	0.0235947	0.9579785	0.0836176	0.1352424	0.0889579	0.0030603	0.0598323	0.9160715	0.1439651	0.5099345	1.1061815	0.9850739	0.4232093	0.0694563	0.6932309	1.0651569	1.0679564	0.9805735	0.6771667	0.6881553	0.1186353	0.2435227	0.0309644	0.3227017	0.0476757	0.6069119	0.8940361	0.3273461	0.7295115	0.3914322	0.6720979	0.3367575	0.0239913	0.8627501	0.4771675	0.0665098	0.1170603	0.7320303	0.5139909	0.5812433	0.7820925	0.8478129	0.3601187	0.0393160	0.2217908	0.8666461	0.0242624	0.1482699	0.6170845	0.7973042	0.4010989	0.3387983	1.0731063	0.8395391	0.4992415	0.3300026	0.1237055	0.8440376	0.6832309	1.1227214	0.3749393	0.8020821	0.1716721	0.3074363	0.2675084	0.6286456	0.8518902	0.1893812	0.3493787	1.0838884	0.4702540	0.4269116	0.6466360	0.7921765	0.8281392	0.2484621	0.6379632	1.1233079	0.2641234	0.2813066	0.4144083	0.5214876	0.7361592	0.5224416	0.1810018	0.5278249	0.4984983	0.0732478	0.6984157	0.2874485	0.3138569	0.9411120	0.9391063
600	0.0685718	0.5860659	0.9906201	0.1153294	0.4233909	0.0015239	0.0196920	0.0321361	0.9132612	0.0614855	0.1442943	0.0735558	0.0072267	0.0908827	0.7865553	0.3056311	0.4629054	1.0819469	1.0166506	0.6245486	0.0904504	0.6451730	1.1096474	0.9575535	0.8583660	0.6910583	0.8193027	0.1212051	0.2623625	0.0322964	0.3711477	0.0788901	0.7027162	0.8696204	0.3402053	0.8520611	0.3274221	0.7922339	0.3394161	0.0229935	0.8763634	0.4394408	0.0667252	0.1253574	0.7461446	0.4653282	0.5689960	0.8435179	0.9067838	0.3961843	0.0360663	0.2724636	0.8241774	0.0299176	0.4089579	0.5797060	0.7179109	0.3911807	0.3944861	0.9373105	0.8252328	0.5832975	0.2923440	0.2613551	0.6781978	0.5768789	1.0440760	0.5771723	0.6837259	0.1216425	0.3305331	0.2030367	0.6759444	0.8030952	0.2048614	0.3881579	0.9879652	0.2441374	0.3004732	0.6261157	0.7395086	0.9600126	0.1396884	0.6303593	0.9260863	0.3086569	0.3191628	0.3191922	0.5365174	0.7402277	0.5363229	0.2295487	0.4383343	0.5350682	0.0822611	0.6321221	0.2906676	0.1858836	0.7076117	0.9396582
650	0.0343141	0.5905955	0.8901432	0.0998061	0.5424046	0.0008973	0.0283587	0.0269136	0.9635834	0.0757590	0.1456598	0.0808651	0.0030724	0.1064452	0.9416254	0.3817259	0.4465687	0.9906743	0.9368440	0.7598290	0.0696444	0.6438480	1.1071255	1.0486247	0.8101827	0.6418776	0.7883844	0.1396412	0.2248059	0.0296759	0.3933821	0.0790004	0.7385564	0.9228645	0.2893004	0.8611225	0.2806686	0.6827083	0.3602598	0.0252218	0.9401578	0.4425540	0.0782194	0.1237775	0.7311566	0.5213301	0.5769369	0.8090470	0.8898621	0.3567339	0.0369758	0.3619574	0.7683479	0.0058220	0.6458200	0.6237513	0.7209789	0.3381389	0.3977379	0.8863577	0.8001462	0.5725604	0.2831815	0.2953938	0.4798154	0.5193935	0.9995662	0.6273454	0.5682068	0.1271659	0.3540335	0.1954938	0.6647589	0.8478923	0.2731273	0.4086615	0.9619659	0.2327968	0.2745859	0.5786514	0.8476384	0.9748051	0.1222047	0.6366984	0.9658581	0.2927833	0.3286785	0.3406585	0.5788854	0.7173721	0.5086180	0.3208225	0.3771392	0.5574232	0.1052396	0.6246584	0.2687193	0.1178121	0.6194476	0.8925372
700	0.0281282	0.6254122	1.0692148	0.1069492	0.5246483	0.0010993	0.0235395	0.0267851	0.9755599	0.1143122	0.1460997	0.0754095	0.0044443	0.0936144	0.9332697	0.4244062	0.5314524	1.0149304	0.9729653	0.8080762	0.0753550	0.6052024	1.0441787	0.9159687	0.8232197	0.6932220	0.8370170	0.1431072	0.2046392	0.0422060	0.3421856	0.0744030	0.7139148	0.8589804	0.2356322	0.8581012	0.3111219	0.7301521	0.4538387	0.0126211	1.0097490	0.4593811	0.0797227	0.1012055	0.7216232	0.5608674	0.6264554	0.8509845	0.8588354	0.3230232	0.0347523	0.3398621	0.6485156	0.0073934	0.7454380	0.4843474	0.7383018	0.2927415	0.4019162	0.9088204	0.7975126	0.5572225	0.2931394	0.2603142	0.4957165	0.4477275	0.9203677	0.6405215	0.4250064	0.0586987	0.3173140	0.2195153	0.5296682	0.8703525	0.2750264	0.2959902	0.9470295	0.1775849	0.2163322	0.6927993	0.8221883	1.0224185	0.1288619	0.5846394	1.0018183	0.2720530	0.2876976	0.4400572	0.6216044	0.7464521	0.5384001	0.3263444	0.4831741	0.5448320	0.0822071	0.6270877	0.2755888	0.0539844	0.4808103	0.9787863
750	0.0255548	0.6544183	1.0078092	0.1113284	0.4283463	0.0013695	0.0203958	0.0173314	1.0188889	0.2036613	0.1233043	0.0818024	0.0075928	0.0938981	0.8186618	0.5067772	0.4655138	0.9537422	0.9032436	0.8066786	0.0951124	0.6077016	1.0090096	0.8926755	0.8026523	0.6499537	0.8465340	0.1229053	0.2380683	0.0572889	0.3847878	0.0960196	0.6304998	0.8281873	0.2978646	0.9909235	0.2170992	0.7218134	0.4179230	0.0175465	0.9295797	0.4400948	0.0634764	0.1087517	0.6288700	0.4108164	0.6532710	0.8903724	0.7376086	0.3769795	0.0625482	0.3692400	0.6197132	0.0073130	0.6793801	0.5428386	0.7313992	0.2890608	0.4755636	0.9607531	0.7669899	0.5426010	0.2542138	0.2353544	0.5189985	0.4793567	1.0635465	0.6315763	0.4452062	0.0624452	0.3278073	0.2177003	0.3773743	0.8055103	0.2907735	0.3048329	0.8766580	0.3009086	0.2657338	0.6859783	0.8966400	0.9488826	0.1217695	0.6255313	0.9491034	0.2865412	0.2172158	0.4654197	0.5092361	0.7475881	0.4417482	0.2484658	0.4653306	0.4868004	0.0462711	0.6449469	0.2537675	0.0436462	0.4749721	0.9044432
800	0.0212635	0.6675543	1.0853189	0.1045456	0.4441225	0.0079169	0.0245468	0.0162069	0.9281417	0.2794167	0.1528224	0.0886499	0.0089269	0.1027866	0.7862971	0.5145835	0.4386123	1.0015305	0.9621282	0.8101122	0.0857386	0.6621923	1.1256882	1.0125883	0.8227222	0.6945071	0.8722044	0.1264483	0.2745502	0.0331026	0.3633975	0.0876057	0.6725946	0.8164661	0.2458461	0.8532831	0.1711804	0.7621563	0.4063429	0.0114833	0.9891088	0.4639460	0.0609946	0.0733173	0.7753520	0.4949362	0.5915418	0.8499217	0.7436325	0.3670442	0.0758052	0.4261499	0.6886383	0.0068948	0.7848122	0.4797275	0.6500890	0.1982583	0.5158229	0.9596238	0.6696685	0.5175358	0.2427170	0.1866340	0.4280816	0.4202439	1.0799217	0.7318368	0.4363835	0.0858291	0.2817817	0.1581785	0.3485259	0.9099550	0.3228637	0.3769305	0.9795701	0.4541092	0.2477666	0.6221784	0.7446219	0.9212405	0.1267992	0.6586969	0.9036991	0.3257017	0.2579557	0.4449668	0.5072223	0.7368232	0.4547987	0.2447552	0.4288815	0.4899118	0.0768459	0.6076821	0.2128023	0.0365590	0.4488291	0.9309974
850	0.0242157	0.5794275	1.0606193	0.1155593	0.4479271	0.0017559	0.0514546	0.0187859	0.9167037	0.2576522	0.1048987	0.0918864	0.0090117	0.1230872	0.7988962	0.4697713	0.4755859	1.0332993	1.0344454	0.8927326	0.0693802	0.6445940	1.0507571	0.9718380	0.8210625	0.6556890	0.8788986	0.1119921	0.2144657	0.0352343	0.4075969	0.0866865	0.6932357	0.8071476	0.2489642	0.8017410	0.2344885	0.7191564	0.3807173	0.0235823	0.9579321	0.4572588	0.0969177	0.0633480	0.7409835	0.4926235	0.5825296	0.8921035	0.7730282	0.2883086	0.1001637	0.4282054	0.7106646	0.0047933	0.8147314	0.5337041	0.7326714	0.2470248	0.5086106	1.0830529	0.5608208	0.4846879	0.2250246	0.1481068	0.4282826	0.5094138	1.0501297	0.7272657	0.3850078	0.0785350	0.3456810	0.2181285	0.3122451	0.8006742	0.3091056	0.3479107	0.9173494	0.4282434	0.2932235	0.6857934	0.7379929	1.0128209	0.0908337	0.6673618	0.8763776	0.3883650	0.2622433	0.5070079	0.4322966	0.6951981	0.4853688	0.1593176	0.4196160	0.5484505	0.0548732	0.5677190	0.2510180	0.0411232	0.4691992	0.9565786
900	0.0217638	0.6710185	1.1485703	0.1277670	0.4309158	0.0000072	0.0356865	0.0224114	0.8993590	0.2784229	0.1153955	0.1019044	0.0073935	0.1102467	0.8779756	0.4290817	0.5110529	1.0483674	0.9335616	0.9599613	0.0946787	0.6376277	1.0680118	0.9688153	0.8125328	0.6088983	0.8976345	0.1285349	0.2442292	0.0367371	0.4058256	0.0821560	0.6724965	0.8454134	0.2840561	0.8406999	0.2635728	0.7864572	0.3717845	0.0322670	0.9701652	0.4335866	0.0914884	0.0555346	0.7979649	0.5886250	0.5647808	0.9003746	0.9423532	0.3680815	0.1057804	0.3829063	0.7874126	0.0050489	0.8190150	0.4493357	0.7512420	0.2379332	0.3957648	1.0130288	0.6094115	0.5578203	0.1367965	0.2560608	0.5727612	0.5597007	1.0236440	0.7173521	0.4378896	0.0430008	0.3936133	0.2202552	0.2651092	0.8094678	0.2566955	0.3586579	0.8559623	0.2540739	0.2976748	0.5939656	0.7397570	0.8949793	0.0877355	0.6258354	0.8694110	0.3491867	0.2450023	0.4460620	0.5159517	0.6992716	0.4825553	0.2321524	0.4640259	0.5162950	0.0699185	0.5766626	0.2521596	0.0213790	0.5146360	1.0953679
950	0.0110526	0.7166131	1.0050908	0.1392015	0.4708225	0.0000000	0.0411171	0.0205157	0.9291687	0.3552031	0.0999514	0.0886259	0.0046301	0.1380800	0.8327105	0.3904977	0.4595718	1.0934902	0.9579916	0.9358734	0.0905112	0.6196901	1.0503679	0.9977669	0.8994437	0.6898215	0.9650503	0.1163342	0.2369081	0.0326618	0.3721119	0.0796995	0.6895925	0.7670105	0.2699683	0.8753987	0.2870964	0.7513404	0.3262359	0.0260948	0.9512851	0.4295234	0.0817815	0.0604425	0.7845793	0.5352499	0.6315882	0.8711891	0.9303151	0.3351009	0.0973656	0.3763498	0.8825927	0.0046122	0.7626220	0.5010409	0.8147958	0.2728316	0.3856409	0.9257506	0.6987220	0.6136042	0.1146878	0.2992292	0.4983654	0.5679949	0.9972437	0.7213463	0.4586947	0.0490621	0.4829422	0.2627938	0.2365071	0.8207910	0.3078503	0.4656116	0.9116102	0.2237731	0.2815037	0.6758203	0.7065078	0.8840003	0.0817538	0.6848451	0.9387965	0.3240047	0.2288901	0.4837208	0.5298656	0.7466263	0.5143344	0.2945556	0.5115851	0.4872528	0.0794410	0.6551509	0.2334241	0.0224028	0.5764409	0.9869005
1000	0.0189822	0.6081647	1.0411681	0.1612604	0.4569922	0.0015038	0.0401219	0.0297356	0.8132563	0.4488006	0.1135075	0.0669453	0.0042350	0.1166212	0.8237100	0.3970410	0.3912504	1.0234625	0.8816631	0.8939915	0.0660461	0.6382536	1.0848643	0.8983713	0.8728028	0.7822443	0.9417100	0.0559050	0.2111114	0.0341987	0.4033834	0.0663173	0.7082742	0.8644341	0.2335555	0.9454608	0.3335355	0.7013822	0.3272625	0.0263217	0.9805530	0.4955883	0.0610492	0.0785813	0.7092644	0.5000628	0.5781666	0.8426512	0.8659274	0.3537426	0.0894807	0.3411584	0.9622476	0.0028540	0.7411045	0.4474751	0.7246488	0.2492350	0.4150691	0.9408632	0.7452193	0.5356297	0.1510357	0.3355867	0.5108941	0.5509549	0.9715554	0.7411169	0.4624110	0.0354849	0.4608715	0.2279994	0.2582210	0.7619494	0.3183532	0.4282421	0.9555523	0.2431413	0.2280242	0.6029348	0.7661057	1.0170020	0.0735793	0.6779023	0.9669162	0.2918214	0.2238840	0.4810371	0.5625457	0.8247778	0.4919229	0.3061302	0.4749592	0.5277973	0.0708231	0.6687608	0.2338156	0.0166916	0.5981156	0.9393951

0	0.0094491	0.6355617	1.0459758	0.0876986	0.4170952	0.0015965	0.0357302	0.0201856	0.7842026	0.5482911	0.1482550	0.1067167	0.0074763	0.0795139	0.9263252	0.4386615	0.5117037	1.0187251	0.9869150	0.9112762	0.0675828	0.6396705	0.9879649	0.9056811	1.0249936	0.8053086	0.8415975	0.0956169	0.2807776	0.0361236	0.3476186	0.0945586	0.7647381	0.8073502	0.2691465	0.9854445	0.2644993	0.7761342	0.3511720	0.0142404	0.9503393	0.3956488	0.0912837	0.0721673	0.8039584	0.5632487	0.5721011	0.9104100	0.8750489	0.3877912	0.0490860	0.3690556	1.0040851	0.0016799	0.7496314	0.4296180	0.7445798	0.3138374	0.4763448	0.9977159	0.8917758	0.5763065	0.2317245	0.3844034	0.5377636	0.4876338	1.0898320	0.8135737	0.5024926	0.0491368	0.3912071	0.2335426	0.3169327	0.9297559	0.3112694	0.3637340	0.9584119	0.1589398	0.2670455	0.6498318	0.7931145	1.0351174	0.1402507	0.6535788	1.0095359	0.4184859	0.2245238	0.5131035	0.6073464	0.7854143	0.4606182	0.1309775	0.4648780	0.5528648	0.0723851	0.5781484	0.2784400	0.0363961	0.5378107	0.9932421
50	0.0243959	0.5897582	0.6889536	0.1177457	0.4924576	0.0225266	0.2673555	0.1409261	0.8121861	0.3681279	0.1197584	0.0928179	0.0014879	0.0935167	0.9049583	0.4676233	0.5097435	1.0131670	0.7090228	0.8028610	0.0447273	0.5488500	0.8836502	1.0262880	0.7860140	0.7326705	0.7912289	0.1053562	0.1831909	0.0380146	0.3146234	0.0488099	0.6481495	0.7120401	0.2129092	0.7219374	0.2054227	0.6905264	0.3679679	0.0104419	0.9012784	0.4681810	0.0769053	0.0564809	0.7619273	0.4550800	0.5562375	0.8235388	0.7643983	0.3326107	0.0577510	0.4189687	0.8682306	0.0034601	0.6769737	0.4758839	0.7578961	0.3122526	0.3823896	1.0981709	0.8325625	0.4243740	0.3281119	0.2887220	0.4599376	0.5200277	0.9869808	0.7541745	0.4196904	0.0463061	0.3612059	0.1887856	0.3073494	0.9483912	0.5770662	0.3109172	0.8288340	0.2829910	0.4252558	0.6299734	0.7724213	0.9016223	0.3244017	0.5962218	1.0511325	0.3670012	0.2762893	0.4198477	0.7927859	0.8359275	0.5623115	0.4463208	0.4565200	0.5184932	0.0691734	0.6798547	0.3143294	0.0366087	0.5095830	0.9372671
100	0.0311121	0.5802333	0.4005138	0.0920780	0.4062733	0.0568083	0.4632737	0.2040941	0.9112776	0.2529302	0.0613766	0.1061548	0.0032560	0.1185685	0.9116576	0.4381585	0.4380797	1.0967603	0.6036827	0.8825381	0.0553691	0.5911189	0.9353652	0.9100988	0.8218264	0.7501512	0.8103847	0.1122535	0.2371237	0.0404989	0.2711156	0.0345286	0.7448190	0.7043960	0.2434037	0.7267027	0.2043680	0.6265669	0.2979444	0.0207509	0.9929811	0.4699541	0.0607016	0.0409299	0.7893983	0.4362952	0.6075743	0.7449612	0.7770815	0.3427742	0.0342254	0.3722999	0.9295328	0.0037563	0.5903224	0.5070029	0.6718478	0.2742199	0.4460576	0.9926320	0.8203787	0.1677398	0.2465179	0.2844045	0.2369448	0.5380500	1.0666753	0.7806738	0.3089849	0.0560936	0.4702126	0.2089527	0.4231098	0.8884423	0.6379351	0.2674902	0.8729037	0.2903268	0.5529947	0.6674506	0.7501867	0.8074450	0.6135731	0.5362872	1.0363180	0.3344140	0.2483554	0.4785020	0.8676675	0.7882224	0.6079132	0.6377687	0.6167663	0.5637352	0.1065068	0.6973963	0.3332542	0.0300364	0.4750767	0.9902242
150	0.0310133	0.4790249	0.3350855	0.0564699	0.3515829	0.0911476	0.6246677	0.3262392	0.8593713	0.2147124	0.0862541	0.0936907	0.0066334	0.1351685	0.8279675	0.3749039	0.4126192	1.0776524	0.6597259	0.8964167	0.0780710	0.5010174	0.9679009	0.8659968	0.8075985	0.7091406	0.8848680	0.1384934	0.1921134	0.0523511	0.3457917	0.0479139	0.7458520	0.7117166	0.2509111	0.8059196	0.2338179	0.7007160	0.3497816	0.0456163	0.9681090	0.4247532	0.0752039	0.0585280	0.7861393	0.5268756	0.5548583	0.7165980	0.8200333	0.3847675	0.0149598	0.3428185	0.8201811	0.0043648	0.6053019	0.5075583	0.6447144	0.2418214	0.4138474	0.8765391	0.7939723	0.1016106	0.1412081	0.2275600	0.1484814	0.4273173	0.9723079	0.7783084	0.2852834	0.0526920	0.3666081	0.2380927	0.4979832	0.9210239	0.6905053	0.4138098	0.8856790	0.3739087	0.7690606	0.5978632	0.7054376	0.7419854	0.6869191	0.6366862	0.9973487	0.3364037	0.2917512	0.4850047	0.9173223	0.7813045	0.6226603	0.7818042	0.7040110	0.5188784	0.1937457	0.6542679	0.2611967	0.0204965	0.4846207	1.0740150
200	0.0113807	0.4605809	0.3010984	0.0756338	0.2626262	0.1744065	0.6423676	0.4056380	0.9519664	0.2398919	0.0950336	0.1129083	0.0179866	0.1449177	0.6490199	0.3512606	0.4001581	0.9176308	0.6243273	0.8303919	0.0729623	0.6223160	0.9054402	0.9444330	0.8263334	0.6465798	0.8890742	0.1078347	0.2121465	0.0815767	0.3016214	0.0804693	0.5928049	0.6400529	0.3036473	0.7903336	0.2398289	0.7524413	0.3805573	0.0294919	0.9951977	0.4055212	0.0711898	0.0724439	0.6621355	0.5367993	0.5524170	0.7477957	0.8877967	0.3744388	0.0069437	0.3139868	0.8028663	0.0047498	0.7025407	0.5113349	0.6511772	0.2349778	0.4230358	0.8954386	0.7569192	0.0635107	0.0772767	0.2877908	0.0947522	0.4574491	0.9897597	0.7579665	0.2714509	0.0596004	0.4012075	0.2725180	0.4935696	0.8308164	0.7124177	0.4584815	0.9105817	0.2374661	0.8877211	0.5068399	0.8156202	0.7924110	0.7734923	0.7191808	0.9871761	0.3382029	0.3761425	0.6389217	1.0108014	0.7615621	0.5789546	0.8848118	0.7286061	0.5424317	0.2066307	0.6099164	0.2729742	0.0266379	0.4132732	0.9544070
250	0.0059452	0.3326734	0.2367566	0.0709202	0.1225278	0.1923145	0.6586501	0.3774392	0.9607683	0.3254630	0.1313483	0.1191422	0.0465420	0.1543822	0.6345304	0.3111000	0.5209484	0.9230519	0.5604056	0.8663949	0.0580364	0.6355238	0.9044955	0.9041329	0.8153106	0.7565238	1.0033293	0.1578661	0.3830607	0.1306020	0.4017077	0.1157672	0.6281158	0.6743664	0.2938841	0.8627714	0.2531130	0.7528299	0.3634275	0.0386326	0.9026255	0.4284097	0.0497704	0.0871564	0.7061344	0.5320887	0.6242674	0.8090937	0.8363808	0.3114249	0.0030171	0.3069866	0.8762150	0.0103340	0.6339276	0.4430745	0.6861514	0.2563738	0.4760145	0.9586258	0.6912733	0.0603266	0.0920101	0.2473389	0.0575684	0.4661492	1.0845793	0.7341244	0.3084011	0.0897695	0.4011577	0.3097049	0.5019052	0.8912612	0.7029681	0.5406824	0.9137953	0.3126784	0.8972217	0.4299455	0.7787624	0.8399299	0.9268007	0.8431760	0.9567746	0.3030151	0.4576049	0.7186045	0.9476175	0.7674222	0.6299303	0.8911735	0.8052364	0.5993342	0.2061486	0.5863409	0.3274888	0.0387396	0.4829141	1.0045492
300	0.0187358	0.3046292	0.2754648	0.0420839	0.1150104	0.2368524	0.6602926	0.4200566	0.9982069	0.2951555	0.1659316	0.1385643	0.0711483	0.1144264	0.7703150	0.4503527	0.5792509	0.9875140	0.6258505	0.7974237	0.0559020	0.5969951	0.7824530	0.9355720	0.8575687	0.7777608	0.9868607	0.2400873	0.4680542	0.1339107	0.3581516	0.1077674	0.6843357	0.5910304	0.2792927	0.9091268	0.2705828	0.7263128	0.3173366	0.0221811	0.9277602	0.4351363	0.0815354	0.0762753	0.6961577	0.5147724	0.6067995	0.8477257	0.8393919	0.2853063	0.0091614	0.3122086	0.8839326	0.0164745	0.6047194	0.3943900	0.7063066	0.2640611	0.4322214	0.9577512	0.5513825	0.0557262	0.1564886	0.2813515	0.0607923	0.4606024	0.9806944	0.7550945	0.3508797	0.2241512	0.3893369	0.3028645	0.5895755	0.7976609	0.5752938	0.6807636	1.0940881	0.3066303	0.8690526	0.4419375	0.8241794	0.7869686	0.8155051	0.8382914	0.9797526	0.3493762	0.4289165	0.7161857	0.7778146	0.8045493	0.5926310	0.8808854	0.6841369	0.5738046	0.1993633	0.5243384	0.3569851	0.0416260	0.4434716	1.0046600
350	0.0513924	0.3137879	0.2621173	0.0370217	0.0998459	0.2337079	0.6665674	0.4784137	0.9599719	0.3114759	0.1202682	0.1282233	0.0503277	0.1647862	0.6565877	0.4915712	0.4899261	0.9275952	0.6289909	0.9129342	0.0514776	0.6757033	0.7688240	0.9081948	0.9170074	0.9117278	1.0072953	0.2584388	0.5264587	0.1072092	0.3767637	0.1038096	0.6204326	0.5751954	0.2536277	0.8887812	0.2641692	0.7650454	0.3200978	0.0232573	1.0087398	0.4396871	0.0739129	0.0572996	0.7071460	0.4099786	0.5488713	0.8425161	0.8658577	0.2732118	0.0117845	0.3876170	0.8982967	0.0123865	0.5761858	0.2780326	0.5758938	0.3137669	0.4639802	0.9326654	0.3856518	0.0428837	0.1756911	0.2597561	0.0480605	0.3927399	0.9783031	0.6971932	0.2250036	0.2780766	0.4026180	0.2872134	0.5664213	0.7725699	0.5689222	0.7878867	1.0670576	0.2351654	0.7662384	0.4774412	0.7506661	0.7168170	0.8203244	0.8923302	0.9494515	0.3725763	0.4502562	0.7648163	0.9006013	0.7633523	0.5480055	0.8631728	0.7347301	0.5572625	0.1549458	0.5149435	0.3033826	0.0371957	0.4344604	0.9116217
400	0.0745462	0.2831942	0.2895480	0.0237394	0.0705516	0.2471659	0.7195062	0.4497027	0.9274084	0.1915285	0.1339285	0.0965634	0.0416870	0.1231093	0.6584657	0.4788406	0.5307697	0.9129342	0.6454321	0.9075041	0.0692136	0.6000270	0.7355428	0.8176954	0.8866050	0.9311948	1.0163820	0.3314020	0.5045848	0.1408845	0.3923407	0.1012776	0.6146646	0.6231373	0.2497972	0.8445262	0.1926834	0.7928220	0.3581709	0.0469752	1.0156013	0.4321144	0.0776240	0.0642329	0.7588779	0.4724069	0.5029852	0.8453471	0.8175013	0.2848179	0.0228791	0.4327165	0.7874819	0.0169807	0.6118500	0.2581313	0.5437430	0.2987200	0.4382852	0.9312355	0.3693800	0.0646905	0.1249796	0.2172886	0.0394692	0.3355765	0.9612412	0.7020333	0.2686120	0.2813260	0.3977623	0.3244856	0.5401812	0.8788749	0.5456913	0.7979174	1.0897886	0.2383415	0.9562371	0.4914657	0.7898499	0.8017815	0.9061644	0.8362461	0.9368935	0.3546903	0.5104220	0.8203671	0.7723015	0.7249343	0.5394927	0.8976949	0.6873329	0.5895893	0.1780947	0.5563947	0.3455614	0.0364239	0.4154721	0.9614580
450	0.0763527	0.2824780	0.2197060	0.0098299	0.0806718	0.2294374	0.8345547	0.5051542	0.9062960	0.1110851	0.1253707	0.1001244	0.0415404	0.1805684	0.6395288	0.4654833	0.4759113	1.0074232	0.5895074	0.9010024	0.0581825	0.5987763	0.7305830	0.9114884	0.8839007	0.9235982	0.9376101	0.3182681	0.5725865	0.1172827	0.4570968	0.1129257	0.6322518	0.6583103	0.2726664	0.8645455	0.1798779	0.7896821	0.3345736	0.0175819	0.9754107	0.4339722	0.0704041	0.0507693	0.7340730	0.5509636	0.6140131	0.9162397	0.8493083	0.3267954	0.0321198	0.4207964	0.5753859	0.0176046	0.6673586	0.2951756	0.5559411	0.2565315	0.4903814	1.0509789	0.3094380	0.0694353	0.0672606	0.2320029	0.0319636	0.3168682	0.8652888	0.6932922	0.2354825	0.3259239	0.4355669	0.2977136	0.6038681	0.8308366	0.5491076	0.8864513	0.9233919	0.1862581	0.9600077	0.5036231	0.7858490	0.8422798	0.9274950	0.9059434	0.9594212	0.3719749	0.5337113	0.8616948	0.7255441	0.7117374	0.5583621	0.9065483	0.7140092	0.5826593	0.1782288	0.5712855	0.3084481	0.0387596	0.4935604	0.9393144
500	0.1065624	0.2361853	0.2170114	0.0261344	0.0629637	0.2155066	0.7196852	0.4581734	0.9404340	0.0922609	0.1555632	0.1161695	0.0592430	0.1381475	0.6856344	0.4657368	0.5068343	0.9173224	0.5503371	0.8157567	0.0515558	0.5441882	0.7915532	0.8140509	0.8763411	0.9840856	0.9319168	0.3197653	0.5540990	0.0978004	0.4463647	0.1422469	0.6360253	0.6744089	0.2223206	0.9411451	0.2091166	0.8246437	0.3581909	0.0326447	0.9847707	0.4585871	0.0630795	0.0267843	0.6639824	0.4542099	0.7111001	0.8300562	0.7888478	0.3413729	0.0202049	0.4591623	0.4203877	0.0137405	0.6683900	0.3501255	0.6587797	0.2342913	0.4291729	0.9456143	0.3290872	0.0771530	0.0558966	0.2539442	0.0427887	0.3211090	0.9040743	0.6242006	0.2515986	0.3692771	0.3597650	0.2749760	0.5646296	0.8848927	0.5610843	0.7758910	0.9577757	0.2628605	0.9506157	0.4707426	0.7661885	0.7505397	0.8962423	0.9000445	0.9569648	0.3233383	0.5563275	0.8545913	0.7528717	0.7580252	0.5598427	0.8647636	0.6689845	0.5641942	0.1977060	0.5545106	0.3041790	0.0382133	0.4367907	0.9257159
550	0.1340269	0.2404048	0.6124448	0.0536769	0.0529415	0.2082712	0.4685993	0.3613326	1.0414006	0.0615651	0.1045869	0.1034677	0.1018927	0.1261474	0.7018601	0.5059196	0.5319504	0.9661368	0.7488799	0.8683237	0.0455546	0.5591058	0.7185723	0.8561537	0.9084350	1.0347395	0.8647193	0.3182993	0.5765865	0.0661989	0.4233184	0.1533817	0.5884077	0.7013739	0.1853836	0.9706413	0.2246646	0.7638229	0.3584434	0.0189225	0.9300734	0.3971967	0.0888781	0.0325568	0.6933808	0.3961760	0.6209928	0.7938846	0.8357823	0.3300030	0.0126574	0.3722558	0.2878928	0.0026804	0.6458589	0.3354982	0.7317471	0.2568387	0.4368244	0.9676830	0.2801900	0.2412625	0.0635965	0.2585637	0.1920063	0.4314791	0.9406539	0.5777164	0.2659768	0.4660739	0.3716905	0.2868816	0.4255974	0.9233725	0.4887384	0.7794042	0.9540819	0.2648188	0.7319638	0.4688306	0.7454176	0.8761963	0.6686659	0.9244661	0.8623612	0.3605432	0.5033455	0.8350903	0.5977159	0.7240950	0.5362281	0.5812457	0.6345351	0.5446651	0.1759907	0.5817436	0.3138153	0.0319253	0.4976363	1.0085485
600	0.1171139	0.2726698	0.8089318	0.1043350	0.0568337	0.1929529	0.2400600	0.1801459	0.9799134	0.0320726	0.1046598	0.0836594	0.0775603	0.1335976	0.8716571	0.4715394	0.4260129	0.9764715	0.8353684	0.9108928	0.0380505	0.5768137	0.8055261	0.9547840	0.8223540	1.0364211	0.8668765	0.3127300	0.4815592	0.0394061	0.4107950	0.1286260	0.5800415	0.7495226	0.2075059	0.7908398	0.1846980	0.7537165	0.3645507	0.0132376	0.9879788	0.4609935	0.0917597	0.0370964	0.6778468	0.4428404	0.6597553	0.7784537	0.7777196	0.3129223	0.0182610	0.3917932	0.2434829	0.0016494	0.7226505	0.3601714	0.6941910	0.3007618	0.4236594	0.9342882	0.2625859	0.4715576	0.0589216	0.2461601	0.4263757	0.3712696	0.9287915	0.5012203	0.3410655	0.4188776	0.4226024	0.3040286	0.2965134	0.9828558	0.3152623	0.8049724	1.0198331	0.1848833	0.4680063	0.5421991	0.7781424	0.9728594	0.3769292	0.9056261	0.9085425	0.2721896	0.5204636	0.7556913	0.5331937	0.7015594	0.4659580	0.4096020	0.5963931	0.6806862	0.1563009	0.5700713	0.2263658	0.0364994	0.4677121	1.0526772
650	0.0879380	0.3753989	0.9166181	0.0955496	0.0622235	0.0974111	0.1502319	0.0774250	1.0113894	0.0247742	0.1610144	0.1161522	0.0751114	0.1060605	0.8659249	0.4850069	0.5143563	0.9376532	0.9024713	0.8820552	0.0537937	0.5523407	0.9028958	0.7831173	0.8355996	0.9941704	0.8612069	0.2023081	0.3375832	0.0317400	0.3201592	0.1305499	0.5304404	0.7902384	0.2867954	0.9260335	0.1659844	0.7277854	0.3122802	0.0021607	1.0168543	0.4464302	0.0669875	0.0397557	0.7508851	0.4959620	0.5313916	0.8122021	0.7482242	0.2995667	0.0412140	0.3892747	0.1715910	0.0004217	0.7371305	0.3920516	0.7374472	0.2515814	0.5451823	0.9972596	0.3200742	0.5771557	0.1252517	0.2250302	0.4548098	0.3053819	0.8794996	0.5663597	0.3574588	0.4042857	0.4435247	0.2632717	0.2270714	0.9968379	0.2266713	0.5228676	1.0114805	0.2136533	0.3132702	0.5422465	0.7379704	0.9340218	0.2539672	0.7567259	0.9419112	0.2953091	0.4823295	0.6913930	0.5159336	0.7964485	0.4195420	0.2471202	0.4560212	0.6718791	0.1086460	0.6071880	0.2402674	0.0234319	0.4172121	1.0047447
700	0.0583777	0.5019858	0.9072880	0.0755017	0.1748044	0.0543847	0.0678456	0.0590997	0.9843359	0.0192942	0.1283596	0.0973128	0.0322483	0.0834255	0.8058281	0.4711563	0.4365574	0.9270897	0.8893374	0.8940730	0.0662453	0.6530820	0.9588922	0.9277737	0.9222872	1.0504946	0.9297050	0.1926144	0.2896058	0.0121867	0.3327807	0.1560354	0.5978970	0.7949574	0.2339207	0.9318323	0.2548269	0.7304282	0.3590249	0.0212519	0.9860005	0.4536270	0.0732766	0.0202861	0.7576600	0.5112373	0.5823727	0.9133952	0.7900189	0.2858065	0.0712502	0.3941773	0.1107469	0.0035435	0.7543118	0.3530676	0.7095397	0.2458638	0.4782632	0.9325790	0.3636692	0.5164172	0.2365752	0.2159930	0.4393564	0.3521495	1.0410577	0.6046372	0.3814941	0.3067381	0.3986890	0.2767330	0.1881676	0.9570168	0.1651178	0.5273814	1.0036382	0.3275389	0.2640808	0.5520328	0.7411632	0.9314311	0.1645474	0.7878354	0.9176254	0.4231805	0.4554264	0.5435230	0.6072267	0.7353719	0.4437901	0.2274553	0.3872235	0.6376659	0.0709806	0.5679881	0.2337217	0.0341304	0.4855892	0.9240300
750	0.0488879	0.6027907	0.8881843	0.1066499	0.2381793	0.0135959	0.0411733	0.0417300	1.0268337	0.0235490	0.1287756	0.0786414	0.0200917	0.0971068	0.7662177	0.4734898	0.4905899	0.9223892	0.8623903	0.8730131	0.0625121	0.5525038	0.9221973	0.8905468	0.9514581	0.8303371	0.9771555	0.1592081	0.2093323	0.0161841	0.3365233	0.1469352	0.6500335	0.8661166	0.2213218	0.9001868	0.2726382	0.8401543	0.3558269	0.0358642	1.0442388	0.4307298	0.0890282	0.0617435	0.6764564	0.4713621	0.6220054	0.9015066	0.7795661	0.2581107	0.0739269	0.3925786	0.1817676	0.0041456	0.7135413	0.4349746	0.7115569	0.2149703	0.4536977	0.9036131	0.3498184	0.6336553	0.1914373	0.2408277	0.4455737	0.4276600	1.1451030	0.5892334	0.3465056	0.2373404	0.4137347	0.2955486	0.2038365	0.8304711	0.2483697	0.4962720	0.9441497	0.2459165	0.2345670	0.6860400	0.7420001	0.9819096	0.1439506	0.6601009	0.9454910	0.3331032	0.4819653	0.4897538	0.4490864	0.7448009	0.4741960	0.3032583	0.3839769	0.6057083	0.0809161	0.6545194	0.2056400	0.0366326	0.4771826	0.9347284
800	0.0359319	0.6462734	0.9386499	0.0932201	0.3487492	0.0042848	0.0177290	0.0290477	1.0110854	0.0429686	0.1328849	0.1103140	0.0115244	0.0929480	0.8300210	0.4605325	0.5009084	0.9246195	0.9664917	0.9781848	0.0865204	0.5654198	0.9716291	0.9530540	0.9531501	0.6314144	0.9910128	0.1324376	0.1935839	0.0273445	0.3380159	0.1224777	0.5891951	0.8105789	0.1945603	0.8004663	0.2186415	0.7467590	0.3643413	0.0404762	1.0097211	0.4604546	0.0973159	0.0762396	0.6858495	0.4590740	0.6852979	0.9600231	0.8372492	0.3284774	0.0619304	0.3415350	0.1853439	0.0078108	0.7487884	0.4020766	0.7281974	0.2773714	0.4680986	0.9834238	0.5076142	0.5445910	0.1853342	0.2515981	0.4547454	0.4392901	1.0639732	0.6254082	0.3307098	0.1364933	0.3960282	0.2348163	0.1811557	0.8889916	0.2398756	0.4167945	0.8931688	0.2087564	0.2146109	0.7380404	0.8276457	0.9653428	0.0920050	0.6634446	0.9971565	0.2896562	0.4976857	0.5148493	0.5297933	0.7498943	0.4871504	0.3563112	0.4412010	0.5847392	0.0765205	0.6054968	0.1996366	0.0448116	0.5328905	0.9182830
850	0.0300412	0.6389628	0.9636543	0.1273012	0.3879630	0.0023003	0.0608097	0.0234546	0.9469224	0.1407601	0.1358629	0.0802808	0.0107587	0.0965851	0.7910818	0.5343407	0.5140582	1.0224012	1.0413960	0.9386060	0.0676926	0.6357168	0.8843303	0.9634799	0.9344314	0.6438611	0.9828753	0.0865962	0.2677594	0.0134998	0.3880782	0.1288819	0.5864650	0.7807591	0.1945585	0.8333602	0.1698291	0.6891184	0.4246108	0.0250167	0.8894707	0.4165135	0.0964555	0.0639111	0.7224656	0.4751770	0.6996301	0.9200876	0.8443517	0.3478094	0.0484171	0.3706241	0.2870829	0.0112680	0.7652135	0.3867881	0.7345640	0.3055989	0.5721138	1.1310400	0.5524613	0.5748417	0.1429921	0.2240768	0.4700923	0.4370106	0.9729909	0.7298933	0.3756865	0.1161569	0.3447148	0.2042545	0.1966562	0.8099635	0.2823469	0.3953156	0.9379736	0.2099126	0.2502582	0.7440707	0.7771043	1.0098103	0.0894339	0.6053246	0.9441635	0.2632801	0.4126403	0.4884007	0.5929982	0.7749369	0.3919739	0.3872008	0.4493544	0.5935604	0.0642571	0.5847650	0.1669851	0.0275580	0.5035864	0.9474200
900	0.0286580	0.6778367	0.9246005	0.1418878	0.4207477	0.0021227	0.0465038	0.0100960	1.0012666	0.2152332	0.1159214	0.0884393	0.0033214	0.0988340	0.7990747	0.4722292	0.5301357	0.9897508	0.9869044	0.7990556	0.0447020	0.5947929	0.9468698	1.0020123	0.9404167	0.6633786	0.9239523	0.1157146	0.2674474	0.0398855	0.4131112	0.1087760	0.7181210	0.7250321	0.2336894	0.8861016	0.2354800	0.6894563	0.4234709	0.0309799	0.8724583	0.4205025	0.0865859	0.0579067	0.7475103	0.4094599	0.6650503	0.8898439	0.7338013	0.2532165	0.0614592	0.3820689	0.4094146	0.0077967	0.7503481	0.4600266	0.8088586	0.3434029	0.5399808	1.0815778	0.5892583	0.5817103	0.1640965	0.2055291	0.4888388	0.4305659	1.0457623	0.6571367	0.4167791	0.0871615	0.3394234	0.2546967	0.2413998	0.8278965	0.2599519	0.3936212	1.0146515	0.1523299	0.2349347	0.6638806	0.7966080	1.0189710	0.0968174	0.6178982	0.9450912	0.2643655	0.4009862	0.4407037	0.5331495	0.7708592	0.4631552	0.3764653	0.4310981	0.5616582	0.0585799	0.5557517	0.2286444	0.0231876	0.4927036	0.9498196
950	0.0265647	0.6604224	0.9119679	0.1080754	0.5045142	0.0022786	0.0374314	0.0114093	1.0977141	0.3345637	0.1160591	0.0805417	0.0015783	0.0765600	0.9106045	0.4709309	0.5313155	1.0100305	0.8394506	0.8718672	0.0667704	0.6051198	0.9824288	0.9192996	0.8854049	0.6275857	0.9642139	0.1009384	0.2239184	0.0423751	0.3253417	0.0786576	0.7078139	0.7811613	0.2483689	0.8015070	0.2019184	0.6807611	0.3735012	0.0242884	0.8092962	0.4401453	0.0897384	0.0677960	0.7291359	0.3833886	0.6794303	0.9585140	0.8222834	0.2578189	0.0663143	0.3874168	0.5657010	0.0017070	0.7001073	0.4427087	0.7334309	0.2474395	0.4421049	1.0938161	0.5856979	0.4709339	0.1347378	0.2431814	0.5507237	0.4023592	0.9418677	0.5985370	0.3643131	0.0654142	0.3211026	0.2930763	0.2193780	0.8238084	0.2380660	0.4244575	0.9262228	0.2065771	0.2304911	0.5783088	0.7269606	0.9735709	0.0887119	0.5795622	0.9718562	0.2199612	0.3679400	0.4601653	0.5239422	0.8003333	0.4851929	0.3207682	0.3852102	0.5376279	0.0958786	0.5896161	0.2971888	0.0242352	0.4398506	0.9096525
1000	0.0226705	0.6564257	1.0256204	0.1214424	0.4919141	0.0000000	0.0363027	0.0265037	1.0203791	0.3396683	0.1127082	0.1097105	0.0000000	0.1238774	0.9809005	0.4558919	0.4136364	1.0963083	0.9054460	0.8386359	0.0799068	0.6160957	0.9924951	0.9266032	0.8975165	0.6950662	0.8396416	0.1321793	0.2287142	0.0386110	0.3994964	0.0916560	0.6156644	0.7522441	0.2852787	0.7230250	0.1428656	0.7642346	0.3217164	0.0192959	0.8886063	0.4884289	0.0740042	0.0394813	0.7444094	0.4462709	0.6595356	0.9542806	0.8997872	0.2502609	0.0579011	0.3194584	0.7289692	0.0000048	0.7255184	0.4880667	0.7517711	0.2659008	0.4390799	1.0235605	0.6408981	0.5701933	0.1597722	0.2526155	0.5369552	0.4528730	0.9727326	0.7025021	0.4098133	0.0508307	0.3541516	0.2647509	0.2141069	0.8028136	0.2669819	0.3259983	0.8498712	0.2279260	0.1935197	0.6232148	0.7096894	0.9415220	0.0619406	0.5206609	0.9428939	0.3024349	0.3897983	0.3797980	0.6088062	0.7674469	0.5550650	0.3359832	0.3929877	0.5570680	0.0908938	0.5863306	0.2778522	0.0203313	0.4445083	0.8457394

0	0.0094491	0.6355617	1.0459758	0.0876986	0.4170952	0.0015965	0.0357302	0.0201856	0.7842026	0.5482911	0.1482550	0.1067167	0.0074763	0.0795139	0.9263252	0.4386615	0.5117037	1.0187251	0.9869150	0.9112762	0.0675828	0.6396705	0.9879649	0.9056811	1.0249936	0.8053086	0.8415975	0.0956169	0.2807776	0.0361236	0.3476186	0.0945586	0.7647381	0.8073502	0.2691465	0.9854445	0.2644993	0.7761342	0.3511720	0.0142404	0.9503393	0.3956488	0.0912837	0.0721673	0.8039584	0.5632487	0.5721011	0.9104100	0.8750489	0.3877912	0.0490860	0.3690556	1.0040851	0.0016799	0.7496314	0.4296180	0.7445798	0.3138374	0.4763448	0.9977159	0.8917758	0.5763065	0.2317245	0.3844034	0.5377636	0.4876338	1.0898320	0.8135737	0.5024926	0.0491368	0.3912071	0.2335426	0.3169327	0.9297559	0.3112694	0.3637340	0.9584119	0.1589398	0.2670455	0.6498318	0.7931145	1.0351174	0.1402507	0.6535788	1.0095359	0.4184859	0.2245238	0.5131035	0.6073464	0.7854143	0.4606182	0.1309775	0.4648780	0.5528648	0.0723851	0.5781484	0.2784400	0.0363961	0.5378107	0.9932421
50	0.0636245	0.6948186	0.9509650	0.1098223	0.5116020	0.0088232	0.0413217	0.0329772	0.7211988	0.3051586	0.1931407	0.1049995	0.0051643	0.1169525	0.6588597	0.3440976	0.4408045	1.1386416	0.9738852	0.7742791	0.0585035	0.6031690	0.9344914	0.7524461	0.9135255	0.6750331	1.0146764	0.2484082	0.2526177	0.0248212	0.4047555	0.0774524	0.7160103	0.5903772	0.2351980	0.9284757	0.3613229	0.5949556	0.3561788	0.0262535	0.8709103	0.4519898	0.0592776	0.0907979	0.7474120	0.4771507	0.6839994	0.7949971	0.8661613	0.5250672	0.0779789	0.5253604	0.9209723	0.0003415	0.7357762	0.4866404	0.7588356	0.2626886	0.4138653	1.0240627	0.7782219	0.6262917	0.3656641	0.2562392	0.4893786	0.5907973	1.0275952	0.7318002	0.4596309	0.0262135	0.4578390	0.2286198	0.3464611	0.9549207	0.2937799	0.4420271	0.8095728	0.3205880	0.2356143	0.5911915	0.8436019	1.0607936	0.0898675	0.6922502	0.9975643	0.3841979	0.1908680	0.5282746	0.7115549	0.8111077	0.5107505	0.2083703	0.4283005	0.6044592	0.0843670	0.7547446	0.2728022	0.1995791	0.5384605	0.8137155
100	0.1159666	0.6438690	1.0850997	0.0942397	0.4610044	0.0025841	0.0474811	0.0114623	0.8187984	0.1797434	0.2318960	0.1083971	0.0165427	0.1542101	0.4083473	0.3065506	0.4039865	1.0487869	0.9055600	0.7023469	0.0682527	0.6341094	0.7957374	0.5088337	0.9168118	0.6309648	1.0728953	0.4012443	0.1903637	0.0309361	0.2710410	0.0514487	0.8537236	0.5196920	0.2212766	0.8148389	0.3879094	0.5077455	0.3908624	0.0388651	0.8828987	0.4867341	0.0514787	0.0722989	0.8300357	0.4732686	0.7029628	0.7881283	0.8684312	0.6446205	0.0719117	0.5529316	1.0093336	0.0029710	0.7859509	0.5250750	0.7181111	0.2865420	0.4148011	1.0007325	0.7579045	0.5621098	0.4036143	0.2304679	0.4574029	0.5101244	1.0005274	0.7963932	0.3590234	0.0222738	0.4964342	0.2188150	0.3346989	0.8635867	0.2971142	0.3705426	0.8973730	0.4832772	0.2298407	0.5050130	0.7332352	0.9501395	0.0915026	0.6855050	0.8816762	0.4745278	0.2097162	0.5525918	0.8817088	0.7781091	0.5039030	0.4729172	0.3671923	0.5652528	0.0809463	0.8078875	0.2980014	0.3686266	0.5890299	0.8127272
150	0.1592231	0.6335880	0.9754108	0.0952623	0.5192753	0.0027889	0.0446628	0.0228772	0.8451408	0.1062897	0.2263854	0.1100627	0.0362562	0.3234552	0.3591345	0.2238763	0.4068909	0.9611122	0.9878375	0.7276161	0.0495159	0.6472813	0.6345976	0.3514322	0.9109812	0.6713881	0.9275813	0.4591993	0.1676709	0.0295988	0.2983644	0.0350901	0.9067483	0.4335464	0.2844708	0.7946200	0.3798029	0.4775855	0.3698322	0.0333130	1.0241493	0.4693373	0.0840638	0.0809221	0.8332326	0.4269485	0.5894013	0.7735353	0.7872302	0.7206397	0.0662058	0.5773404	0.9831845	0.0039692	0.7775749	0.6175405	0.7687439	0.2690858	0.4496859	0.9460482	0.7709811	0.5022507	0.4079466	0.2681048	0.4819286	0.4444886	0.9742653	0.9460825	0.3256336	0.0393332	0.5200949	0.2530470	0.3354729	0.8181049	0.2720444	0.2317556	0.9273426	0.3602197	0.2930633	0.3658874	0.6696072	0.9695652	0.1115140	0.6773208	0.9183422	0.3909598	0.3331929	0.5735309	0.9096418	0.8043819	0.5024889	0.5340592	0.3711022	0.5337198	0.0570849	0.9939881	0.3381369	0.5221783	0.4748528	0.9378032
200	0.1559983	0.5707374	1.0928379	0.0910712	0.4444220	0.0078185	0.0252467	0.0186099	0.9195172	0.1152817	0.2154868	0.1248901	0.0552043	0.4895902	0.2905409	0.1897139	0.4421363	0.9843596	0.9021422	0.7953346	0.0570009	0.5985770	0.4846914	0.2777362	0.8946235	0.6503323	0.9499605	0.5994914	0.1955012	0.0341324	0.3814669	0.0582071	0.9680158	0.4426908	0.2788053	0.7026262	0.3081271	0.5023405	0.4353010	0.0296160	1.0306839	0.3188163	0.0908717	0.0640039	0.7300439	0.4802250	0.5359486	0.7642235	0.7602167	0.7903194	0.0690686	0.5946717	1.0292892	0.0072951	0.7482678	0.5957441	0.6433109	0.2740766	0.4965721	0.9595584	0.8116268	0.6092775	0.4525104	0.2571090	0.4601033	0.4673418	1.0209152	0.9746514	0.3121291	0.0506521	0.5618120	0.1867980	0.3432353	0.7655872	0.2580762	0.1730722	0.9966879	0.2073163	0.2771563	0.4125556	0.8007583	1.0359875	0.1252135	0.6214214	0.9623510	0.3983468	0.3857125	0.5575479	0.9223776	0.7456929	0.5207953	0.5374843	0.3618170	0.4875924	0.0555863	0.9629036	0.3489540	0.6287430	0.4590389	0.9541472
250	0.1430558	0.6012984	1.0762788	0.1142240	0.4645410	0.0052649	0.0432661	0.0231355	1.0172429	0.0754330	0.2226940	0.1221946	0.1122566	0.5283662	0.2916123	0.1830819	0.4634835	1.0445153	0.9634734	0.8507199	0.0423811	0.5187157	0.3457191	0.1799527	0.9749319	0.6267400	0.9177662	0.6215575	0.2245404	0.0368093	0.4199848	0.0316535	1.0156138	0.4112556	0.3199808	0.8134934	0.3231355	0.5077401	0.3971843	0.0137608	0.9475322	0.4103726	0.0754708	0.0604976	0.7492729	0.5371001	0.5582619	0.6923274	0.6833842	0.8904891	0.0650804	0.6124686	0.8808108	0.0051732	0.8027756	0.5684941	0.7543406	0.2540394	0.3801433	1.0577741	0.9378010	0.5561634	0.4161017	0.2147511	0.4955189	0.5740425	1.0688659	0.8884551	0.2952546	0.0477557	0.6037403	0.2156262	0.2774605	0.9145417	0.2697377	0.2547807	1.0141189	0.1542553	0.2366697	0.4602489	0.8216273	0.9581533	0.1146468	0.6606421	0.9655412	0.3768634	0.4273372	0.5333673	1.0291015	0.8097984	0.3854878	0.4383772	0.4035724	0.4414619	0.0523444	1.1234054	0.3768952	0.6772150	0.4836209	0.9413988
300	0.1470678	0.6152421	0.9972547	0.1506910	0.4871727	0.0014774	0.0214096	0.0123308	1.0545888	0.0702752	0.2400492	0.1170998	0.1191841	0.5098912	0.3490492	0.1892659	0.4794702	1.0330266	0.9100448	0.9030984	0.0532327	0.5118714	0.2722550	0.1027187	0.7994660	0.7033417	0.9333396	0.7142269	0.2016340	0.0419758	0.4562449	0.0511171	0.8935047	0.3614509	0.2934895	0.8703372	0.3643382	0.5289489	0.3567812	0.0171927	0.8935108	0.3772931	0.0676474	0.0798895	0.7278069	0.4777499	0.6018200	0.7448953	0.7315897	0.7922066	0.0859221	0.6481342	0.7921149	0.0158131	0.7675184	0.5851840	0.6595686	0.3073129	0.3993077	0.9542491	0.8177891	0.5716526	0.3767583	0.2642522	0.5394839	0.5423171	0.9915649	0.8573928	0.2574824	0.0670891	0.6307660	0.1858215	0.2513369	0.9526551	0.2393435	0.2292467	0.9916840	0.2039612	0.2031743	0.4090927	0.6976510	0.9178938	0.1216751	0.5860595	0.8161627	0.3495395	0.4220415	0.4768102	0.9508435	0.7804060	0.3035749	0.4269725	0.3767305	0.5130756	0.0697763	1.0709469	0.3347623	0.7078702	0.4400273	0.9694502
350	0.1690278	0.5459494	1.1514552	0.1635016	0.5110303	0.0028384	0.0304301	0.0146052	0.9920622	0.0737900	0.2581561	0.0898133	0.0800253	0.4734146	0.3260641	0.1965706	0.4726400	1.0894106	1.0145955	0.9446101	0.0735248	0.4415042	0.2224101	0.1176058	0.8064368	0.6475407	0.9899581	0.6533865	0.2339301	0.0564386	0.3665375	0.0637298	0.9492664	0.3568697	0.2395675	0.8829778	0.3199890	0.4945183	0.3847218	0.0252252	0.9322419	0.3994253	0.0675677	0.0927198	0.6619139	0.5011635	0.4918904	0.8040261	0.7283155	0.8445659	0.0950297	0.6917361	0.7448338	0.0116103	0.7827276	0.6016814	0.6057965	0.2890188	0.4533105	0.9990449	0.7752557	0.5904022	0.4383539	0.2648118	0.5985133	0.4868451	1.0308820	0.9129601	0.2944691	0.0430113	0.6585441	0.2153929	0.2074059	0.8033951	0.2555646	0.3157696	1.0352437	0.2670151	0.2194022	0.3819707	0.7855094	0.9082726	0.1376778	0.5953876	0.8218467	0.3926351	0.4214113	0.4432281	0.8302584	0.6972412	0.1724693	0.4117050	0.4531078	0.4762171	0.1093058	0.9612358	0.4089693	0.7368552	0.4883892	0.9255093
400	0.2110376	0.5429941	1.1757820	0.1592489	0.4518330	0.0050043	0.0318816	0.0186064	0.9563739	0.0635571	0.2503999	0.0951030	0.0806549	0.4323289	0.3727422	0.2811115	0.4414218	0.9725527	1.0281589	0.9501465	0.0943596	0.4597565	0.1809316	0.1222023	0.9108760	0.6745655	0.9932489	0.7366043	0.2556712	0.0486037	0.4302751	0.0605706	0.8563186	0.4020140	0.1955339	0.9446346	0.4108098	0.4119721	0.3595944	0.0117100	0.8813331	0.3756229	0.0801275	0.0820693	0.6686335	0.5556217	0.5060111	0.7766810	0.8142836	0.8107556	0.0955641	0.5380348	0.6596259	0.0132491	0.8141332	0.5670303	0.6061853	0.3009887	0.3984645	0.9725788	0.8343731	0.5474683	0.3767250	0.2354143	0.6049035	0.5295350	1.0796730	0.9172129	0.3334762	0.0431918	0.6375567	0.2257628	0.1849270	0.8144658	0.2833044	0.3084479	1.0490867	0.3232629	0.2097844	0.3855289	0.9073429	0.9353053	0.1601547	0.5899558	0.8670014	0.3860028	0.3900901	0.3915156	0.9531420	0.6621462	0.1192830	0.3692110	0.4087857	0.5190951	0.0899873	1.0775884	0.4198348	0.7099701	0.4073574	0.8901749
450	0.1647465	0.5961851	1.1474409	0.1300387	0.4884348	0.0011133	0.0205529	0.0338359	1.0512748	0.0637091	0.2258990	0.0829745	0.0481282	0.4381228	0.3227911	0.2356110	0.4827572	1.0577722	1.0539534	0.9250178	0.0849519	0.3905961	0.1875668	0.1512730	0.8809654	0.7195753	0.9513965	0.5533504	0.2638097	0.0275981	0.3728224	0.0538267	0.8161531	0.4763613	0.1820602	0.8708362	0.3884195	0.4076901	0.3509565	0.0220813	0.8752478	0.3959934	0.0610553	0.1323541	0.6850133	0.5468773	0.5178957	0.8131822	0.7769266	0.8515706	0.0695885	0.5940409	0.6697819	0.0054461	0.7987490	0.6160405	0.6818762	0.2563507	0.3602575	0.9929585	0.8305844	0.5481180	0.3886322	0.3051747	0.5416281	0.5754214	1.0431598	1.0079306	0.3031691	0.0287113	0.6289158	0.1811773	0.1314490	0.8024030	0.2735255	0.3879887	1.0972485	0.3706496	0.2707747	0.4796836	0.8495784	0.9721348	0.1252468	0.7193008	0.8825879	0.4179288	0.3789186	0.3737189	0.9709307	0.6841198	0.0635316	0.3948827	0.3465236	0.5338731	0.0898342	0.9932687	0.4487144	0.6738535	0.4290131	0.9140254
500	0.1932888	0.6376930	1.1054681	0.1551138	0.4818832	0.0020545	0.0301946	0.0313085	1.0221235	0.1127756	0.2656663	0.0816237	0.0365071	0.4135345	0.3301488	0.2363447	0.4639759	1.0554603	1.0040832	0.9456324	0.0769304	0.3878629	0.2019908	0.1634511	0.9062974	0.6583423	0.9143966	0.5601839	0.2857773	0.0287193	0.4193956	0.0604376	0.8459468	0.4014790	0.2035317	0.9560021	0.3369671	0.4217537	0.3071133	0.0253335	0.9331493	0.4030220	0.0512357	0.1239748	0.6867458	0.5624786	0.5474038	0.8621280	0.7522663	0.8958090	0.0683966	0.5074897	0.6789305	0.0047426	0.6913521	0.6445653	0.6665016	0.2583850	0.4169921	0.9713467	0.8022810	0.5248722	0.4010788	0.2899254	0.4750584	0.5341223	1.0370222	0.8245921	0.3407423	0.0292001	0.6142949	0.1094819	0.1180826	0.8151891	0.3165726	0.3377604	0.9961778	0.4097957	0.2724497	0.4184845	0.8085075	1.0073065	0.1104352	0.7055019	0.8892184	0.3767556	0.3234483	0.4040726	1.0195700	0.6996788	0.0533825	0.3985553	0.3775112	0.5734790	0.0571792	0.9294314	0.4389785	0.6425991	0.4110520	0.9725195
550	0.1244742	0.5560659	1.0765948	0.1730677	0.3924452	0.0005703	0.0313053	0.0279147	1.0422501	0.0803693	0.2689057	0.0874296	0.0305903	0.4407141	0.5865653	0.3361552	0.4516932	1.0459837	1.0057445	0.7774266	0.0826283	0.4385844	0.3317975	0.2458976	0.9861163	0.7259844	0.9113728	0.5051640	0.2350873	0.0376822	0.4775864	0.0564169	0.8041391	0.5639865	0.1572632	0.9953835	0.3127349	0.4578071	0.2950735	0.0212269	0.9237463	0.4553863	0.0756664	0.1334284	0.7162411	0.5300941	0.5700357	0.9162186	0.7222667	0.6395254	0.0792655	0.4077292	0.6958593	0.0094797	0.7059743	0.6602559	0.6668702	0.3084292	0.4165123	0.9923515	0.7800968	0.5493334	0.4939684	0.2828736	0.4402098	0.5154444	0.9231099	0.7622739	0.4219369	0.0192607	0.5263518	0.1659089	0.1200189	0.7838585	0.3117409	0.3519807	1.0549372	0.5572143	0.2546013	0.4428110	0.7494439	0.9151365	0.1125052	0.7271484	0.8751184	0.3178747	0.3629973	0.4220119	0.8458423	0.5772823	0.0406097	0.3403915	0.3514513	0.5607320	0.0247809	0.8238095	0.3790640	0.5082729	0.4704906	0.9930752
600	0.1015870	0.5973968	1.0286505	0.1408997	0.4935113	0.0002614	0.0309785	0.0115503	0.9852668	0.0660760	0.1937770	0.0857254	0.0457796	0.2363437	0.7759818	0.4572113	0.4192966	0.9863029	0.9688861	0.8219872	0.0761825	0.5555658	0.5436813	0.4389984	1.0227805	0.7174636	0.9846766	0.3679017	0.2428426	0.0353727	0.4098433	0.0714974	0.6786010	0.6350012	0.1358075	0.8852554	0.1951985	0.5573817	0.3224349	0.0260880	0.9068575	0.6151320	0.0479478	0.1045485	0.6963731	0.4899104	0.6102195	0.9025989	0.6945681	0.4780889	0.0524827	0.3350484	0.5996833	0.0045623	0.6790051	0.6166033	0.5243842	0.2862848	0.3845479	0.9533498	0.8547580	0.4816824	0.4657605	0.2552179	0.4832774	0.4985034	1.0579408	0.6945020	0.4355637	0.0402292	0.4656822	0.1798565	0.1273066	0.8251197	0.2508514	0.3846186	0.9989352	0.4055580	0.3197793	0.5197480	0.6998568	0.8844223	0.1017282	0.5617218	0.9549127	0.3343959	0.3894176	0.3781084	0.6153190	0.5351613	0.1492536	0.3292870	0.3429904	0.5621504	0.0485360	0.8014841	0.3497730	0.2149813	0.4120883	1.0904231
650	0.0659249	0.6098313	0.9110545	0.1332721	0.3891935	0.0003682	0.0361447	0.0177292	1.0067118	0.0304071	0.1564418	0.0751526	0.0096223	0.1536317	0.8371445	0.5154223	0.4535399	0.9464315	0.9712382	0.7857028	0.0867952	0.5361502	0.7733879	0.6069211	0.9866391	0.7426759	0.9869644	0.2731817	0.2075259	0.0198581	0.3881347	0.0463202	0.6375919	0.6854174	0.1833775	0.9082986	0.2037700	0.6453110	0.3903983	0.0160595	0.9600871	0.5446517	0.0611114	0.0522300	0.7246834	0.4622317	0.6792190	0.9253716	0.6997691	0.3941170	0.0786265	0.2867748	0.5388189	0.0032031	0.6817570	0.5435418	0.6004024	0.3062743	0.4590009	0.9241038	0.7773708	0.6110744	0.4106759	0.2772770	0.4994762	0.4907161	0.9993974	0.6272925	0.4188362	0.0373961	0.4245701	0.2269180	0.1132376	0.7904661	0.2139256	0.4052370	0.9057077	0.4819496	0.3065303	0.5154653	0.7795634	0.9628164	0.1244473	0.5916634	0.9284661	0.3405996	0.4037406	0.4660567	0.5698689	0.6376530	0.2346505	0.2331576	0.3690072	0.5802899	0.0228174	0.7304836	0.3344822	0.1314641	0.4699779	1.0710124
700	0.0431391	0.6315951	1.0238310	0.1535276	0.4292994	0.0022553	0.0369806	0.0200359	1.0273433	0.0459230	0.1212814	0.0994004	0.0113453	0.1159150	0.7734865	0.5141778	0.5073954	0.9563901	0.9295582	0.8228955	0.0744386	0.5243416	0.8901800	0.7673038	0.9916643	0.6998589	0.9596465	0.1773298	0.2025045	0.0205328	0.3652008	0.0885753	0.7034317	0.6671277	0.2019755	0.8147384	0.1555758	0.6926727	0.3589786	0.0198299	1.0699535	0.4720916	0.0417738	0.0476539	0.7758410	0.3976842	0.6470868	0.8630360	0.8053202	0.3416740	0.0718929	0.3594975	0.4371065	0.0007088	0.7314700	0.4987236	0.6226608	0.2600658	0.4657666	0.9209407	0.7424475	0.5839243	0.3597016	0.2765744	0.5816338	0.5510706	1.0946425	0.5757650	0.4377754	0.0363229	0.4053368	0.1983116	0.1635001	0.8689710	0.2638823	0.3213860	0.9119073	0.5279137	0.2611261	0.5704948	0.7261985	0.9134910	0.1251703	0.6578146	0.9608886	0.3803940	0.3966678	0.4464345	0.6890669	0.7377153	0.3490436	0.1971804	0.3851598	0.5103454	0.0482639	0.7144188	0.2817823	0.0886641	0.4926934	1.0865602
750	0.0246133	0.6607142	1.0609572	0.1056145	0.3865342	0.0025138	0.0192852	0.0281976	1.1232997	0.0887894	0.1556270	0.0982681	0.0038881	0.0901710	0.8810776	0.4979437	0.5007360	1.0092038	0.9545022	0.8655089	0.0872353	0.6021771	0.9245083	0.8228939	0.9738106	0.6979673	0.9453769	0.1613759	0.2256569	0.0239033	0.3788718	0.0862389	0.6520956	0.7210909	0.2181498	0.8499558	0.1661462	0.6712942	0.3987301	0.0369543	0.8818658	0.5156522	0.0671357	0.0508235	0.7360673	0.5224501	0.5647329	0.8104208	0.8881244	0.3366996	0.0758691	0.4066977	0.3657970	0.0001243	0.8403293	0.5726956	0.7013603	0.2822029	0.4984427	1.0071534	0.7439113	0.6292069	0.3449858	0.3213983	0.5682509	0.5728231	0.9874784	0.6485281	0.3512363	0.0268111	0.3674523	0.1670914	0.1580850	0.8881490	0.2421015	0.3151731	0.9424665	0.4969913	0.2480632	0.5482015	0.7549671	0.8529196	0.1022279	0.5705327	1.0400976	0.3693151	0.3427596	0.4177097	0.6871211	0.6864102	0.3577205	0.2880591	0.3593984	0.5455104	0.0359422	0.5809286	0.2398145	0.0493210	0.4905970	1.0528722
800	0.0196043	0.5875500	1.0263862	0.0755398	0.4920949	0.0001370	0.0180648	0.0211471	1.1276432	0.2415211	0.1429917	0.0760206	0.0019868	0.0979820	0.8748005	0.5220850	0.4643486	1.0373498	0.9885141	0.8004083	0.0659987	0.6698514	0.9133767	0.9323023	1.0458047	0.6479151	0.9379277	0.1401168	0.2478633	0.0392872	0.3553380	0.0926482	0.6221963	0.8358802	0.2645942	0.7869951	0.2618701	0.6754789	0.4035037	0.0206158	0.8746219	0.5031730	0.0908306	0.0661614	0.7374559	0.5293715	0.5512129	0.8186871	0.8406910	0.2813548	0.0601115	0.4354552	0.3299922	0.0000000	0.7894755	0.5698066	0.6409557	0.2617488	0.4680104	0.9573847	0.7205080	0.5059193	0.3284567	0.2908501	0.5450457	0.5622034	0.8671310	0.6556622	0.3718195	0.0563260	0.3994426	0.1550764	0.1708694	0.8945843	0.2675154	0.3360678	0.9007854	0.3177409	0.2837878	0.5363784	0.8411923	0.9015574	0.1211082	0.6323076	0.9136884	0.3395321	0.3552850	0.3974605	0.6238338	0.6489034	0.5136805	0.2804455	0.4112818	0.5237411	0.0498641	0.5786380	0.2881055	0.0475178	0.5579280	1.0641251
850	0.0192977	0.6123642	1.0559699	0.1098773	0.5150101	0.0005181	0.0529209	0.0112398	1.0019722	0.3114207	0.1689421	0.1004145	0.0036966	0.1102597	0.8651490	0.5186103	0.3899954	1.0697303	1.0074920	0.8392257	0.0740508	0.6386901	0.8973580	1.0035960	0.9573090	0.6907879	0.9572291	0.1721645	0.2477696	0.0212938	0.4664970	0.0920360	0.6327911	0.7690337	0.3149540	0.8843268	0.2962479	0.7217265	0.3635379	0.0087599	0.9592749	0.4997535	0.0778245	0.0659185	0.8084004	0.5090817	0.5510642	0.7327435	0.8821544	0.3679807	0.0685499	0.4175333	0.6090091	0.0034759	0.7361480	0.5154042	0.6313922	0.3141344	0.4045728	0.8804703	0.6655716	0.5960517	0.2865795	0.2365685	0.5182603	0.5217223	0.9591027	0.6665684	0.4414471	0.0490460	0.3994264	0.1671289	0.2219301	0.8129878	0.2544087	0.4700279	0.9421421	0.2182085	0.3215445	0.6423602	0.8324950	0.8716529	0.1430850	0.6949774	1.0738904	0.3132624	0.3299113	0.3807301	0.5776494	0.7025913	0.5364089	0.3102907	0.4035210	0.5305186	0.0387028	0.5627249	0.3098350	0.0381507	0.5398568	1.0189130
900	0.0213591	0.5343961	0.9706686	0.1179192	0.4615684	0.0019037	0.0525048	0.0087518	0.8475964	0.3224593	0.1191543	0.1023075	0.0098826	0.1053700	0.9127005	0.5300817	0.4585946	1.0476726	0.9495395	0.9262746	0.0704376	0.6163446	0.9097166	0.9229293	0.9680026	0.6944213	0.9772954	0.1400863	0.1893918	0.0348605	0.3843934	0.0938572	0.7114269	0.9014825	0.3196160	0.8005515	0.2659885	0.6372245	0.4235753	0.0158875	0.9380068	0.4634184	0.0515734	0.0535395	0.7422559	0.5195243	0.5422778	0.8078059	0.8208456	0.3671831	0.0793572	0.4152090	0.8762601	0.0025531	0.6890989	0.4912766	0.7208421	0.2909237	0.4305599	0.8529246	0.6289105	0.6308315	0.2852161	0.2445141	0.5063716	0.5070940	0.9887484	0.7413258	0.4311465	0.0547003	0.3768279	0.2131544	0.2265377	0.7959024	0.2515327	0.4451658	1.0032179	0.3304995	0.3112476	0.6156999	0.8695388	1.0117074	0.1130964	0.6719859	0.9927938	0.3784011	0.2623210	0.5158280	0.6057925	0.6969579	0.4579253	0.1768133	0.4203567	0.5913656	0.0404969	0.5797371	0.2537673	0.0383586	0.5695430	1.0344372
950	0.0150792	0.7044837	1.0796884	0.1346116	0.4724150	0.0033145	0.0265515	0.0123350	0.8067271	0.3010417	0.1332099	0.1190453	0.0046029	0.0952343	0.9039096	0.4287670	0.4535537	0.9714409	0.9830460	0.9438608	0.0744476	0.6569353	0.9055745	1.0305389	0.9422881	0.7565679	0.9221565	0.1580165	0.2005820	0.0248783	0.4074827	0.0933737	0.6378588	0.8905003	0.2899296	0.9477397	0.3187699	0.6441763	0.3642781	0.0182506	0.9952078	0.5353707	0.0653923	0.0733474	0.7314938	0.6671731	0.5195366	0.8797015	0.7424839	0.3224472	0.0527299	0.4359605	0.9993757	0.0022241	0.6836074	0.4459661	0.7684310	0.2184579	0.4949111	0.8867667	0.6956483	0.6347424	0.2407966	0.2658922	0.5011641	0.5378994	1.0622882	0.8632175	0.3943209	0.0564801	0.3336115	0.2245000	0.2282099	0.8112303	0.2457983	0.3248181	0.9612232	0.4544049	0.3372995	0.6283126	0.8229783	0.8882280	0.0918850	0.6509629	0.9849183	0.4000985	0.2346705	0.5125525	0.5584318	0.7392229	0.4148992	0.2021610	0.3735512	0.6027483	0.0464703	0.5279868	0.2680105	0.0325597	0.5320475	1.0739175
1000	0.0066876	0.7027268	1.0445091	0.1344407	0.4213714	0.0041181	0.0365158	0.0121633	0.9615739	0.3745304	0.0913941	0.1037973	0.0033564	0.1196061	0.8979618	0.4413687	0.4698091	0.9402132	0.9205023	0.9007279	0.0724629	0.5899502	0.9510477	1.0175880	0.9943954	0.6530883	0.8647566	0.1184635	0.1786896	0.0272680	0.3670234	0.0811322	0.6283770	0.8547249	0.2905829	0.8786009	0.3713511	0.7042085	0.3533938	0.0245279	0.8849401	0.5211098	0.0632750	0.0541550	0.6819802	0.5455008	0.6432300	0.9656913	0.7931637	0.3275116	0.0609841	0.3690967	0.9240213	0.0018587	0.7939419	0.4590334	0.7922880	0.2613647	0.4706343	0.9268912	0.6521870	0.6132731	0.2074819	0.3165100	0.4072687	0.4807353	0.9724328	0.7455112	0.4437389	0.0438893	0.3562107	0.1927076	0.2279797	0.8079190	0.3185925	0.3310341	0.9328757	0.3484661	0.3107721	0.6644283	0.8962648	1.0054767	0.0944546	0.6143514	0.9695758	0.3914147	0.1952495	0.5271192	0.6017765	0.8800626	0.4414284	0.2616022	0.3978152	0.5735170	0.0759540	0.6101080	0.2510806	0.0311517	0.5985725	1.0232302

0	0.0094491	0.6355617	1.0459758	0.0876986	0.4170952	0.0015965	0.0357302	0.0201856	0.7842026	0.5482911	0.1482550	0.1067167	0.0074763	0.0795139	0.9263252	0.4386615	0.5117037	1.0187251	0.9869150	0.9112762	0.0675828	0.6396705	0.9879649	0.9056811	1.0249936	0.8053086	0.8415975	0.0956169	0.2807776	0.0361236	0.3476186	0.0945586	0.7647381	0.8073502	0.2691465	0.9854445	0.2644993	0.7761342	0.3511720	0.0142404	0.9503393	0.3956488	0.0912837	0.0721673	0.8039584	0.5632487	0.5721011	0.9104100	0.8750489	0.3877912	0.0490860	0.3690556	1.0040851	0.0016799	0.7496314	0.4296180	0.7445798	0.3138374	0.4763448	0.9977159	0.8917758	0.5763065	0.2317245	0.3844034	0.5377636	0.4876338	1.0898320	0.8135737	0.5024926	0.0491368	0.3912071	0.2335426	0.3169327	0.9297559	0.3112694	0.3637340	0.9584119	0.1589398	0.2670455	0.6498318	0.7931145	1.0351174	0.1402507	0.6535788	1.0095359	0.4184859	0.2245238	0.5131035	0.6073464	0.7854143	0.4606182	0.1309775	0.4648780	0.5528648	0.0723851	0.5781484	0.2784400	0.0363961	0.5378107	0.9932421
50	0.0128798	0.7084487	1.0766336	0.1777604	0.5336877	0.0001417	0.0224042	0.0178523	0.7687168	0.3791308	0.1875097	0.0951403	0.0056552	0.1362295	0.8317183	0.4460395	0.3852612	1.0389469	0.8224579	0.7172233	0.0696788	0.6421080	0.9914793	1.1095583	0.9491414	0.7213351	0.7739520	0.0714182	0.1889819	0.0488488	0.2733662	0.0989614	0.5369320	0.7243964	0.2728255	0.9707124	0.2362060	0.6892285	0.2750033	0.0315293	0.8063469	0.4666729	0.3183134	0.0549393	0.6736290	0.4275420	0.5798897	0.8720328	0.8721546	0.3417090	0.1101031	0.4053001	0.9893637	0.0012010	0.8436573	0.4180452	0.5584382	0.3310667	0.4426778	0.9322016	0.8522946	0.4487009	0.4911353	0.3231090	0.5048806	0.5546303	0.9841570	0.7940187	0.4516572	0.0682484	0.3449978	0.2624088	0.2505317	0.9109832	0.2881228	0.3434071	0.9053869	0.1735421	0.3928798	0.5949032	0.7613580	0.6745256	0.1163116	0.5724609	0.9229094	0.3648000	0.3042084	0.4673021	0.7904432	0.6855158	0.4599026	0.3005563	0.3995238	0.5663042	0.1028462	0.5424183	0.2823856	0.0917371	0.5667308	1.0272608
100	0.0207286	0.7326630	1.1402454	0.2481553	0.5055174	0.0002775	0.0358679	0.0070468	0.7705226	0.3737457	0.1376940	0.1130900	0.0043182	0.1106628	0.8230479	0.5241236	0.4517964	0.9924708	0.8526557	0.8435447	0.0813256	0.6918493	0.9089395	0.9654152	0.9016837	0.6869904	0.5660037	0.0919685	0.2194836	0.0465092	0.3982562	0.1623868	0.5694420	0.7396120	0.2727270	0.8858007	0.3035265	0.6276463	0.1957141	0.1753889	0.9065286	0.3780354	0.5617636	0.0506389	0.7697710	0.5592532	0.6117987	0.9352612	1.0457150	0.3724163	0.1879818	0.3529200	0.9097405	0.0047771	0.7348094	0.3425138	0.4553096	0.3851324	0.3920683	0.9949775	0.8746524	0.2988470	0.5364311	0.2924280	0.5302691	0.4281764	1.0238098	0.7335631	0.4950092	0.0332003	0.3880759	0.2627735	0.2796191	0.8648545	0.2526814	0.3840501	0.7907513	0.0935937	0.5626149	0.5461648	0.7314178	0.6759447	0.1439869	0.4856598	0.9127041	0.3845506	0.2814333	0.5027916	0.9031766	0.8159392	0.4756605	0.6079230	0.3975475	0.5911249	0.1344594	0.5728909	0.3055943	0.1469036	0.4968432	0.9188603
150	0.0153056	0.6992702	1.0338976	0.3066915	0.5352528	0.0013630	0.0398006	0.0142799	0.7964156	0.3622309	0.1182830	0.1054755	0.0026011	0.1461043	0.8152970	0.4823124	0.4341653	0.9128087	0.8656925	0.8695611	0.0674071	0.7486195	0.8958068	0.9621500	0.6904377	0.6654767	0.5022246	0.1083054	0.2201373	0.0276317	0.3220240	0.1228720	0.6445710	0.8003090	0.2723293	0.9568518	0.3986559	0.6432772	0.1986856	0.5340866	0.9555049	0.3169920	0.7235679	0.0503865	0.7674592	0.4738489	0.6972964	1.0169164	1.0368360	0.3240900	0.1962609	0.4132531	0.9440940	0.0032942	0.7730075	0.2725437	0.3757593	0.5381018	0.4831189	1.0244071	0.9085370	0.1988026	0.6183795	0.3088558	0.5544198	0.3584596	0.9439698	0.7018515	0.5566567	0.0315813	0.3560664	0.2660557	0.3058880	0.9196128	0.2570092	0.4590291	0.8711466	0.1484479	0.6844073	0.6468211	0.7276739	0.5762028	0.0910338	0.5090421	0.9100861	0.3341724	0.1821422	0.4065090	0.8892562	0.8756313	0.5118996	0.6736436	0.4509017	0.5155367	0.1676691	0.5759953	0.4274010	0.1755329	0.3279047	0.9384124
200	0.0167288	0.7447890	1.0980831	0.2720444	0.4318731	0.0036114	0.0336247	0.0194206	0.8132941	0.3778370	0.1394376	0.1063562	0.0099826	0.1361089	0.8936679	0.4870324	0.4323783	1.0381485	0.8753720	0.8819373	0.0753354	0.6388269	0.8971133	1.0505561	0.5009082	0.7331252	0.3902182	0.1222112	0.1650622	0.0299046	0.3163794	0.1501033	0.5456372	0.8377009	0.3413359	0.9170945	0.3708940	0.6419629	0.1647258	0.7969140	0.9279126	0.2903583	0.8475367	0.0839271	0.7401932	0.3514090	0.7118536	0.9842821	0.9152196	0.3123384	0.2735726	0.4063409	0.9192185	0.0025240	0.7727875	0.2118363	0.3016286	0.5922069	0.4971437	0.9874126	0.8994141	0.1504400	0.7307799	0.3503503	0.6178479	0.2198530	0.9072268	0.6856605	0.6027456	0.0327023	0.3157619	0.2866851	0.3586417	0.8026979	0.2018486	0.4124243	0.8814911	0.1487781	0.6705479	0.6472046	0.7634820	0.6225450	0.0968330	0.4181410	0.8937028	0.3359122	0.1082254	0.4044050	0.8471058	0.9321482	0.4660473	0.7072366	0.5785319	0.5456190	0.1443357	0.5508423	0.4973247	0.1893321	0.1887212	0.9245220
250	0.0073698	0.7682009	1.0832925	0.2855730	0.3982404	0.0015969	0.0288007	0.0060791	0.8600366	0.3872926	0.1064714	0.0904070	0.0037411	0.1636983	0.8958175	0.4237544	0.4678656	0.9540005	0.8798332	0.8674193	0.0577229	0.6098324	0.9921386	1.0088041	0.3344736	0.6625550	0.3175612	0.0993344	0.1060318	0.0151294	0.3393379	0.1396286	0.6960019	0.8289095	0.2522743	0.7665461	0.2840112	0.6017535	0.1746407	0.8698957	0.8721856	0.2750872	0.8170833	0.0953838	0.6658839	0.3568432	0.7030654	1.0179490	1.0403313	0.3601300	0.2731777	0.3510035	0.9266638	0.0068048	0.7635012	0.1675039	0.3843875	0.6337707	0.4395003	1.0425576	0.9716283	0.1527891	0.7058665	0.3468370	0.6857485	0.1287652	0.9201501	0.7386488	0.7361465	0.0435157	0.3693607	0.2838519	0.3468205	0.7837060	0.2631249	0.3476741	0.8431375	0.1443507	0.7273794	0.6716106	0.8193364	0.6639709	0.1160492	0.2915670	0.9422483	0.2813564	0.0949410	0.3918426	0.9197737	1.0625790	0.4770832	0.7399674	0.6908450	0.6618628	0.1723248	0.5051280	0.5436565	0.1621708	0.1018562	0.9438473
300	0.0200691	0.6526461	0.9935327	0.3064544	0.4875755	0.0010807	0.0210693	0.0123265	0.8510312	0.4730502	0.0893600	0.0717467	0.0039000	0.1759103	0.8546165	0.4832809	0.4839392	1.0352577	0.8726958	0.8023441	0.0505561	0.6577350	0.9463158	1.0844330	0.3411896	0.6224737	0.2629880	0.0854974	0.0499560	0.0223479	0.4054897	0.1087757	0.6731374	0.7660550	0.2818545	0.7463096	0.2838294	0.6244710	0.1322554	0.9149398	0.9143928	0.2726655	0.8561585	0.0989089	0.6087044	0.3840620	0.7184774	0.9491939	1.0467241	0.3170100	0.2607079	0.3508046	0.9574257	0.0008314	0.8406939	0.1177146	0.4499043	0.6929564	0.4037868	1.0071994	1.0712520	0.1350655	0.5956134	0.3325022	0.5531401	0.0914156	0.9627141	0.7290911	0.6205899	0.0554027	0.3325592	0.2841604	0.2685755	0.8056310	0.2445574	0.3276693	0.9325998	0.0948122	0.7727989	0.6795785	0.8412904	0.7172170	0.1145885	0.2855863	0.9356439	0.2773187	0.1065499	0.3668172	0.8843445	0.9965572	0.5106336	0.7555876	0.6708105	0.7166858	0.2119021	0.5235899	0.4868919	0.1258698	0.0579467	0.9469639
350	0.0193982	0.6311286	0.9821959	0.3078196	0.5289350	0.0005218	0.0308995	0.0112212	0.8354125	0.4242682	0.1177291	0.1071346	0.0017936	0.1100585	0.9100300	0.4048011	0.4709794	1.0993760	0.8055519	0.8537831	0.0701895	0.6012070	1.0313964	1.0368276	0.2865535	0.6484941	0.2325806	0.0745305	0.0430353	0.0187980	0.2957049	0.0769018	0.7223081	0.6806557	0.2544099	0.7339576	0.2313198	0.7035757	0.1168948	0.9050472	0.8842198	0.3202048	0.9025815	0.0992256	0.7099229	0.3299765	0.7486239	1.0310692	1.0625629	0.4211666	0.3382778	0.3959263	0.9278890	0.0000777	0.7693265	0.1651846	0.4134686	0.7978766	0.5147053	1.0472570	1.0471028	0.0912012	0.6134696	0.3425946	0.5119939	0.0698605	1.0210879	0.7362572	0.5168703	0.0403883	0.3891885	0.2634282	0.2887813	0.9742141	0.2405366	0.2873243	0.9962167	0.0987670	0.8110151	0.6537526	0.8104440	0.5635026	0.1412826	0.1975504	0.9499934	0.3058549	0.0929369	0.3768552	0.7426755	1.0660363	0.5020548	0.8103146	0.6698180	0.8822349	0.2419263	0.4981357	0.5156960	0.1391228	0.0549259	1.0291792
400	0.0250248	0.6271035	0.9734841	0.3462483	0.4946107	0.0005655	0.0282459	0.0061796	0.7649274	0.4217336	0.1340585	0.0960606	0.0009856	0.1193859	0.9340861	0.4145236	0.4301336	1.0176422	0.8165344	0.8613374	0.0860617	0.6402391	0.9788598	0.9975799	0.2658828	0.6665857	0.2254964	0.0663994	0.0473971	0.0295383	0.3169934	0.0678128	0.7068725	0.6441150	0.2790669	0.6828950	0.2266456	0.6527083	0.1366357	0.9407124	0.7973613	0.2886898	0.8769380	0.0944424	0.6547580	0.3312539	0.7662936	0.9468801	1.0492307	0.3507913	0.3409004	0.2358902	0.8576511	0.0009289	0.7841481	0.1675701	0.3942481	0.9248667	0.4385629	1.0665825	1.0667153	0.1028784	0.5248961	0.3812974	0.5911141	0.0635675	0.9691089	0.8130459	0.5205127	0.0350040	0.3505171	0.2283468	0.2436647	0.8957371	0.3117799	0.3189938	0.8839788	0.1194322	0.8738052	0.5104859	0.8160319	0.5370383	0.0935358	0.1802427	0.9015608	0.3088069	0.1071142	0.3725291	0.8100958	1.0699627	0.4308585	0.8396514	0.6871173	0.8920807	0.2421474	0.5018742	0.5358045	0.1351043	0.0497817	1.0050044
450	0.0228117	0.5479967	0.9396893	0.3880735	0.5229816	0.0019235	0.0306475	0.0105220	0.7062981	0.4427926	0.1684690	0.0784921	0.0000000	0.1113719	0.9715836	0.4244376	0.3912091	0.9657451	0.8823068	0.8469503	0.0719977	0.5922138	1.0135391	0.9016865	0.2444388	0.6914869	0.1582672	0.0821813	0.0292497	0.0234321	0.3790987	0.0785685	0.7470071	0.6813419	0.2961847	0.5978578	0.2128136	0.6435172	0.1132616	1.0007734	0.8243320	0.2991250	1.0437042	0.0987038	0.7608883	0.3175676	0.7466639	1.0214661	1.0166841	0.3696481	0.3117272	0.2445791	0.8356733	0.0018369	0.7449764	0.1809212	0.3475043	0.8977001	0.4035632	0.9464830	0.9938235	0.1440767	0.5530583	0.4527721	0.6411683	0.0750782	0.8679449	0.7418593	0.5384845	0.0406505	0.2936460	0.2658143	0.2566870	0.9250465	0.2926699	0.2398252	0.8556062	0.0947985	0.7729254	0.5002980	0.7097895	0.6142471	0.0835130	0.1301350	0.8944497	0.3129096	0.1083632	0.3120975	0.8474299	0.9790544	0.4437881	0.8130544	0.6688409	1.0045994	0.2625425	0.4482133	0.5141595	0.1423017	0.0634460	1.0740025
500	0.0159930	0.5966114	0.9406094	0.3619457	0.5014906	0.0028360	0.0280663	0.0099672	0.7359289	0.4440785	0.1613701	0.1041636	0.0047797	0.1022217	0.9921851	0.4872041	0.3747593	1.0110218	0.9558492	0.7349048	0.0685412	0.6529328	1.0323216	1.0086805	0.2647828	0.6210206	0.1145743	0.0444798	0.0497753	0.0274626	0.3562378	0.0446524	0.7272778	0.7859390	0.3367098	0.5966903	0.2545721	0.6048146	0.1277267	1.0046017	0.8090774	0.2990290	0.9847768	0.0738227	0.8116515	0.3191724	0.7011928	0.9461630	0.8845594	0.4275435	0.3673859	0.2554411	0.8293831	0.0007233	0.7041976	0.2381052	0.3797345	0.9158463	0.4550982	0.9975590	0.9526466	0.1505073	0.6541198	0.3677761	0.5165297	0.0572296	0.8750591	0.7769837	0.5271257	0.0431987	0.3341655	0.1996221	0.3003787	0.9593196	0.2385080	0.2596263	0.7429414	0.1076595	0.7990586	0.4820248	0.7041856	0.7507876	0.1018161	0.1356193	0.8952387	0.3187357	0.0827019	0.2768804	0.8553592	0.8773732	0.5087485	0.7558168	0.6969534	0.9963203	0.2916848	0.5354173	0.5400192	0.1506799	0.0632312	1.0169010
550	0.0152867	0.6080378	0.9987235	0.3211420	0.4420994	0.0007368	0.0209643	0.0180917	0.6944641	0.4550892	0.1456982	0.0888240	0.0006980	0.1054951	0.8712292	0.5033513	0.3824276	1.0803593	0.9175045	0.8639251	0.0742418	0.5382926	0.9750719	0.9891796	0.2594136	0.5895596	0.2327929	0.0828197	0.0346066	0.0360965	0.2594196	0.0335628	0.6127280	0.8097461	0.3047725	0.5728155	0.1754697	0.6634375	0.2525555	0.9825694	0.8633941	0.2984308	0.6642890	0.0273033	0.8945262	0.2887322	0.7004025	0.8868823	0.9112410	0.3776114	0.3356853	0.2595171	0.7583041	0.0016211	0.6486192	0.3117892	0.3924851	0.9517000	0.4635264	1.0816636	0.9231039	0.1579055	0.4971883	0.3983117	0.5087813	0.0567201	0.9345076	0.7415248	0.5293811	0.0392932	0.3969062	0.1798099	0.2739336	1.0343175	0.2156194	0.1816037	0.7450609	0.0858798	0.6010760	0.5073605	0.7300180	0.7854719	0.0965541	0.1202160	0.9563411	0.3079907	0.0799377	0.2373516	0.7341440	0.8537812	0.5878481	0.6749292	0.6660334	1.0487990	0.3330004	0.5808344	0.5123499	0.1252635	0.0479811	1.0313779
600	0.0151023	0.6489561	1.0528265	0.2623696	0.3984865	0.0003484	0.0361859	0.0296611	0.6153953	0.4843447	0.1311128	0.1056051	0.0094685	0.1021833	0.9184844	0.5449042	0.4069144	1.0465811	0.9153012	0.8108511	0.0766548	0.5619949	0.9112656	0.8766188	0.2856438	0.6118258	0.3711928	0.0597118	0.0378006	0.0364377	0.3274046	0.0795529	0.5962162	0.8230885	0.3402106	0.6570316	0.1902330	0.7124980	0.3233313	0.8474211	0.8123054	0.3023600	0.3212197	0.0250674	0.7889745	0.4139561	0.6456570	0.7187502	0.8701421	0.3601187	0.2362102	0.2497594	0.6760741	0.0026036	0.7764979	0.4334103	0.6327949	0.7741804	0.4461147	1.0127893	0.8273138	0.2797975	0.4774045	0.3574281	0.5825646	0.1559642	0.8627143	0.7371794	0.4917218	0.0303087	0.3696114	0.1853507	0.2682773	0.9377450	0.2508046	0.1627414	0.8170616	0.0860490	0.3773269	0.5472544	0.6868437	0.9381027	0.0896256	0.2082076	0.9945518	0.3923971	0.1493252	0.2923347	0.6339956	0.9589274	0.6710255	0.5612330	0.7081880	0.9745499	0.5453993	0.5319504	0.4622817	0.0910050	0.0629343	1.0385729
650	0.0141325	0.6493921	0.9599417	0.1672094	0.4976101	0.0004064	0.0298379	0.0361125	0.6570039	0.4362980	0.1023986	0.1164758	0.0028608	0.0782559	0.9618644	0.4749281	0.4311165	1.0501062	0.8857299	0.8196915	0.0882163	0.6123503	0.9687091	0.8754018	0.2848747	0.7099145	0.4615398	0.0649366	0.0301332	0.0310587	0.3355840	0.1054178	0.5523909	0.8755984	0.3268875	0.7393255	0.1659578	0.7271987	0.3509911	0.4101173	0.8295829	0.3517946	0.1747638	0.0270237	0.8746337	0.4241414	0.5340392	0.7206221	0.8343109	0.2953394	0.2214724	0.2570633	0.6636679	0.0034740	0.8359665	0.4934808	0.7579734	0.8047301	0.4604640	1.0235910	0.8572318	0.3476036	0.4113625	0.2962918	0.5813278	0.3097668	0.9136196	0.7233047	0.4218575	0.0355293	0.4179953	0.1677289	0.2717628	0.9573070	0.3719343	0.1628575	0.8909353	0.0837681	0.2809399	0.5887852	0.7141708	0.9858750	0.1260282	0.2561827	1.0331000	0.3803492	0.2832141	0.3390394	0.6673908	0.8730548	0.5614852	0.4116242	0.5858425	0.9674349	0.5006135	0.5082046	0.3474426	0.0543850	0.0591060	1.0649441
700	0.0053193	0.6146579	1.0700506	0.1639650	0.5038018	0.0029235	0.0318890	0.0246345	0.7503878	0.4123602	0.0999818	0.0959474	0.0081774	0.0863441	0.9396202	0.4134684	0.4178026	1.0067023	0.9318619	0.8607627	0.0548582	0.6458817	1.0321761	0.7767612	0.3383187	0.7324796	0.5288592	0.0793590	0.1049472	0.0321342	0.3784733	0.1065651	0.6193719	0.8589488	0.3499271	0.8015628	0.2236806	0.7883402	0.3822492	0.1836563	0.8422983	0.3778675	0.1311316	0.0442849	0.8934335	0.4970245	0.4583628	0.7103902	0.8956059	0.2937904	0.2219154	0.3446587	0.6807459	0.0041636	0.7520218	0.4831299	0.8022565	0.7142454	0.5606006	0.9378177	0.7948047	0.4731460	0.3621098	0.2402494	0.5509956	0.4250530	0.9938489	0.6958356	0.3334458	0.0522414	0.4163125	0.2541401	0.2937749	0.8405736	0.3557612	0.2230164	0.9014652	0.0906742	0.2251359	0.6168600	0.7321578	1.0664811	0.0801309	0.3429626	1.0598109	0.3581344	0.2449271	0.3424492	0.6489222	0.8331030	0.6318361	0.4096500	0.5541770	0.9742328	0.4403919	0.6037987	0.2677919	0.0471463	0.0712412	0.9930497
750	0.0039435	0.5638707	0.9882380	0.1425836	0.4744809	0.0010659	0.0259302	0.0276523	0.7468109	0.3945842	0.0761267	0.1296331	0.0044888	0.1349520	0.7563096	0.4195992	0.4287012	0.9454566	0.9808140	0.9258092	0.0687222	0.5625768	0.9903605	0.7981602	0.3820220	0.7293509	0.6321614	0.1287922	0.1815405	0.0554041	0.3810191	0.1001928	0.6565574	0.9217845	0.3525339	0.8809511	0.2627765	0.8398802	0.3676333	0.0664203	0.8060928	0.3972003	0.0799448	0.0390147	0.8215759	0.6170027	0.4335337	0.7836687	0.8740252	0.2913216	0.2083681	0.3603932	0.8311632	0.0041652	0.7757798	0.4482663	0.8070619	0.6237834	0.5610793	0.9577765	0.7650215	0.4703304	0.2137160	0.2798241	0.6241825	0.4819793	0.8978119	0.7459772	0.3521162	0.0698270	0.3698440	0.2505387	0.3577526	0.8867134	0.3279461	0.2419769	0.8692448	0.0784403	0.2656183	0.6457021	0.8551032	1.2082513	0.0834374	0.4059512	0.9951391	0.3631971	0.2640201	0.3771694	0.5382731	0.8379189	0.5870244	0.3255303	0.4962887	1.0095606	0.3487075	0.5735621	0.2601184	0.0514191	0.0651727	0.9864157
800	0.0073093	0.6242166	0.9570123	0.1877440	0.4918226	0.0013905	0.0346070	0.0210515	0.7909312	0.4060818	0.1086628	0.1072950	0.0107648	0.1440559	0.9424553	0.3573674	0.5425996	1.0051478	0.9752119	0.8639359	0.0868898	0.5803433	0.9614827	0.8365529	0.4140896	0.7250753	0.7109972	0.1167958	0.2375071	0.0562530	0.3651894	0.0772432	0.6087303	0.9045272	0.2979366	0.8887818	0.4374871	0.8048468	0.3218171	0.0416661	0.9607787	0.4830872	0.0681887	0.0580420	0.7678799	0.7396054	0.5712411	0.8298180	0.8642463	0.2721516	0.1658800	0.2818129	0.9402303	0.0051868	0.7165129	0.4467204	0.7679149	0.4364320	0.4792443	0.8990744	0.7491967	0.4579981	0.1661513	0.3169835	0.5914805	0.4347020	1.0397864	0.8354849	0.3895793	0.0304902	0.4022636	0.1917686	0.3584504	0.8777518	0.3933021	0.3361142	0.8716149	0.2311841	0.2611223	0.7004903	0.8299212	0.9587694	0.1013111	0.4565604	0.9360738	0.3944239	0.2134004	0.4457193	0.5215219	0.7576176	0.4877906	0.3835480	0.4308269	0.8993870	0.2594365	0.5896849	0.2458652	0.0411683	0.1393461	1.0076305
850	0.0119222	0.5551642	1.0199755	0.1715156	0.4320529	0.0004209	0.0362911	0.0182800	0.8162119	0.3876320	0.1278805	0.1033082	0.0043455	0.1113010	0.9134365	0.3535443	0.4226634	1.1137522	0.9716428	0.9027397	0.0614971	0.6225718	0.9107264	0.9504306	0.5762216	0.6281142	0.7329497	0.1206758	0.3381155	0.0639843	0.4476574	0.0764465	0.6106996	0.8665390	0.2481642	0.8461737	0.4328854	0.7828206	0.3656912	0.0469436	0.9882126	0.4565560	0.0680322	0.0739955	0.7068162	0.6268371	0.5633129	0.8773496	0.9173027	0.2616141	0.1487801	0.3395799	0.9641322	0.0027254	0.7488058	0.4785879	0.8309422	0.3597417	0.4592911	0.9547485	0.8416100	0.5339116	0.1889004	0.2618029	0.5938825	0.4888312	1.0204276	0.8100647	0.4908060	0.0339504	0.4144332	0.2222691	0.2869302	0.7774880	0.3624654	0.4993104	0.9596481	0.3280803	0.3063582	0.7316652	0.8217923	1.0075500	0.1040342	0.5654761	0.9948253	0.3946608	0.1578723	0.4310282	0.5405529	0.7718093	0.5185889	0.3305571	0.4129081	0.7965859	0.2181315	0.6542915	0.2530616	0.0376355	0.2868563	1.0500996
900	0.0066923	0.5399626	1.1410160	0.1670742	0.4391512	0.0006353	0.0309039	0.0208036	0.8831495	0.4707027	0.1073039	0.0873967	0.0041367	0.0776347	0.9089770	0.3363365	0.4339901	1.0294617	0.9649029	0.8907690	0.0401838	0.6331071	0.8753075	0.8764808	0.6970343	0.6010811	0.8772571	0.1127824	0.3314363	0.0491737	0.4521916	0.0617929	0.5912309	0.8164402	0.2584207	0.8791762	0.3850636	0.7236237	0.3965088	0.0283750	0.9364745	0.5220981	0.0615627	0.0882267	0.6488427	0.5576884	0.5530368	0.8687353	0.8863049	0.3005728	0.0949383	0.2959556	0.9514206	0.0054834	0.7532100	0.4333063	0.8316038	0.3316533	0.4878854	0.9246843	0.9060819	0.6140340	0.2717912	0.2769555	0.6015317	0.5027004	0.9571383	0.7486831	0.4815317	0.0447790	0.3815469	0.1564353	0.2631504	0.8862140	0.2805719	0.6562245	1.0496674	0.4146109	0.3151253	0.7186601	0.9022120	1.0082005	0.0897292	0.6497674	0.9793757	0.4330782	0.1527653	0.4804074	0.5279713	0.8305905	0.4806902	0.3306423	0.4060005	0.7725181	0.2138592	0.6027590	0.2788436	0.0256251	0.3640945	0.9371941
950	0.0087006	0.6059958	1.1029899	0.1483008	0.5030665	0.0000000	0.0151759	0.0195038	0.7584857	0.4396888	0.1346078	0.0834484	0.0034592	0.1032552	0.9634651	0.3416120	0.3642256	1.0228182	0.9796128	0.8876972	0.0528043	0.6021243	0.9056296	0.8944613	0.8325136	0.6644081	0.9031743	0.1462226	0.3155285	0.0415888	0.3652775	0.1412406	0.7174245	0.8614590	0.2247745	0.8698062	0.2961705	0.7115335	0.3746611	0.0182546	0.8864690	0.5263970	0.0787944	0.1027231	0.6828404	0.5841910	0.5463286	0.8522913	0.8780053	0.3196178	0.1000163	0.2686265	0.8821473	0.0096816	0.6615926	0.5317388	0.8133926	0.3456306	0.4696650	0.9721561	0.9938683	0.6064312	0.2738544	0.2944180	0.5160181	0.5149383	0.9769169	0.6693579	0.4722834	0.0426535	0.3519544	0.2204809	0.2590414	0.8542908	0.3025392	0.6256742	1.0300074	0.4041245	0.3112344	0.6946362	0.8611697	0.9479509	0.0963265	0.7002720	0.9742137	0.3983296	0.1626891	0.4775114	0.5057050	0.8248985	0.4275803	0.3651584	0.4060922	0.6467368	0.1383627	0.6923970	0.2355893	0.0407006	0.4327907	0.9248283
1000	0.0172132	0.6323641	1.0314111	0.1223142	0.4465645	0.0003644	0.0110440	0.0267774	0.7662695	0.4607364	0.1087875	0.0923282	0.0014061	0.0895433	0.9111738	0.3891416	0.4068054	1.0362060	0.9902741	0.7909069	0.0481551	0.6077180	0.9461884	0.9051652	0.8268637	0.7308293	0.8425643	0.1072829	0.1857405	0.0211449	0.3352564	0.0811640	0.7208515	0.8346164	0.2626567	0.7741358	0.2836728	0.7157349	0.3919103	0.0192946	0.9678708	0.4580195	0.0980288	0.1290997	0.8051512	0.5367037	0.5611960	0.7821227	0.8538869	0.3210868	0.0857445	0.2949687	0.8686714	0.0023413	0.7090272	0.4368818	0.8155025	0.3607953	0.4537477	0.8633689	0.9270495	0.6136332	0.2566087	0.2707564	0.4918291	0.5248576	1.0843543	0.7048511	0.5394044	0.0441190	0.4119904	0.1520843	0.2407957	0.8685132	0.2428961	0.5614929	0.9654853	0.3312294	0.3323855	0.7378436	0.7353856	1.0292547	0.1260448	0.6820873	0.9031944	0.4102000	0.1902874	0.4331717	0.5188681	0.8361106	0.4411688	0.2786954	0.3840973	0.5734407	0.1331985	0.6401725	0.2551549	0.0407882	0.4698982	0.9128798

0	0.0094491	0.6355617	1.0459758	0.0876986	0.4170952	0.0015965	0.0357302	0.0201856	0.7842026	0.5482911	0.1482550	0.1067167	0.0074763	0.0795139	0.9263252	0.4386615	0.5117037	1.0187251	0.9869150	0.9112762	0.0675828	0.6396705	0.9879649	0.9056811	1.0249936	0.8053086	0.8415975	0.0956169	0.2807776	0.0361236	0.3476186	0.0945586	0.7647381	0.8073502	0.2691465	0.9854445	0.2644993	0.7761342	0.3511720	0.0142404	0.9503393	0.3956488	0.0912837	0.0721673	0.8039584	0.5632487	0.5721011	0.9104100	0.8750489	0.3877912	0.0490860	0.3690556	1.0040851	0.0016799	0.7496314	0.4296180	0.7445798	0.3138374	0.4763448	0.9977159	0.8917758	0.5763065	0.2317245	0.3844034	0.5377636	0.4876338	1.0898320	0.8135737	0.5024926	0.0491368	0.3912071	0.2335426	0.3169327	0.9297559	0.3112694	0.3637340	0.9584119	0.1589398	0.2670455	0.6498318	0.7931145	1.0351174	0.1402507	0.6535788	1.0095359	0.4184859	0.2245238	0.5131035	0.6073464	0.7854143	0.4606182	0.1309775	0.4648780	0.5528648	0.0723851	0.5781484	0.2784400	0.0363961	0.5378107	0.9932421
50	0.0124429	0.5895036	1.0461498	0.0972383	0.5028519	0.0498856	0.0677857	0.2415148	0.7305972	0.4527999	0.1259756	0.1121409	0.0016216	0.0490631	0.9757375	0.3917777	0.3470128	1.0817823	0.8087544	0.8831770	0.1218261	0.8428259	0.9922673	0.5277394	0.8779498	0.6898913	0.8803613	0.1065113	0.1722468	0.0515291	0.3749102	0.0906837	0.5205356	0.8445967	0.2972612	0.8314365	0.3645630	0.6697066	0.4132532	0.4795786	0.9243305	0.4539054	0.0368844	0.0820528	0.7153676	0.5275368	0.5955855	0.8388206	0.8403370	0.3401362	0.1454031	0.3938382	0.9446757	0.0050960	0.6332280	0.5140178	0.7648077	0.2874484	0.4272267	0.9713166	0.9114227	0.6815212	0.3559700	0.2692187	0.5095411	0.4272722	1.0632182	0.7398960	0.4355985	0.0660722	0.4160480	0.4967609	0.3287109	0.8394210	0.2413782	0.3475188	0.8791548	0.5412313	0.2429805	0.6420363	0.7019388	0.8589625	0.0799214	0.6215318	1.0518460	0.3974198	0.1942913	0.5797527	0.7048764	0.7106794	0.5325085	0.3675606	0.4529683	0.5573309	0.0729812	0.6599785	0.2917083	0.0288770	0.4880642	0.9424987
100	0.0193671	0.6215716	1.0315557	0.1432963	0.2594063	0.1563131	0.2098705	0.5728344	0.7566258	0.4507688	0.1198808	0.0974150	0.0194287	0.0385078	1.0601419	0.2471722	0.3654165	1.0394512	0.7201719	0.8444050	0.0702978	1.0204448	1.0131227	0.1856548	0.8293011	0.7290499	0.9022672	0.0855888	0.1430891	0.0466122	0.4771457	0.1435884	0.4046515	0.8714942	0.2803507	0.8436323	0.3945047	0.6843266	0.4559832	0.7279192	0.9182604	0.4417546	0.0746331	0.0680179	0.7707353	0.5644349	0.5518365	0.8840219	0.7824192	0.3302098	0.2295332	0.3652790	0.9720132	0.0101074	0.5798043	0.4821363	0.7793042	0.2977615	0.4213492	1.0459650	0.7570221	0.8119960	0.4765681	0.2670486	0.5531397	0.3375392	0.9475794	0.8057293	0.4313153	0.0467374	0.4472891	0.7741686	0.3280400	0.8178986	0.1405878	0.2603029	0.9597940	0.5370805	0.3107116	0.6240200	0.8016479	0.8393171	0.1174792	0.6220342	1.0016922	0.3390954	0.1779155	0.6527393	0.8307747	0.7656516	0.4667997	0.5371284	0.5275530	0.5962707	0.0549358	0.7517924	0.2398668	0.0170527	0.2851452	0.9641797
150	0.0131348	0.5540390	1.0634665	0.1423399	0.1326348	0.2112999	0.2929634	0.6534429	0.7837349	0.4342243	0.1118815	0.1029835	0.0878207	0.0144288	0.9440802	0.1637495	0.2911081	0.9698022	0.7018646	0.8550868	0.0650129	0.9717854	0.9401315	0.0467811	0.8445118	0.6948995	0.9269050	0.0822956	0.1105256	0.0313581	0.3982417	0.2800295	0.3878963	0.8543851	0.3519944	0.9482399	0.3453813	0.6739709	0.4099776	0.9407730	0.9831929	0.4722641	0.0800450	0.0774802	0.7148247	0.4715303	0.6135098	0.9240521	0.7859728	0.2573908	0.2842043	0.4128144	1.0134637	0.0184539	0.6066432	0.3223402	0.7739130	0.2811412	0.5418424	1.0110942	0.7118373	0.8155844	0.4540977	0.3043596	0.4884645	0.4280322	0.9768985	0.7172894	0.4645412	0.0928502	0.4709305	0.7852541	0.3937447	0.8283101	0.0879994	0.2547175	0.9470480	0.4585326	0.2910881	0.5745148	0.8172985	0.7115968	0.1434002	0.7304064	1.0084615	0.3813523	0.2518390	0.6895734	0.8598711	0.7855199	0.4751617	0.6995226	0.4078638	0.6276289	0.0392172	0.6719223	0.2686476	0.0101774	0.2310007	0.9978494
200	0.0253697	0.5609845	1.0381209	0.1284871	0.1006887	0.2286845	0.3879728	0.7721644	0.8226877	0.4647642	0.1157601	0.0987871	0.1019488	0.0215959	0.9517787	0.0956996	0.2993218	1.0468238	0.7471504	0.8878077	0.0862070	0.9518124	0.9304562	0.0294411	0.8677858	0.8582686	0.9470170	0.0995086	0.0530114	0.0298772	0.3752282	0.3782819	0.3462151	0.8305810	0.4553752	0.8678839	0.2641356	0.6790053	0.4618723	0.9412014	0.9422139	0.5100677	0.0917372	0.0949493	0.7502315	0.5294785	0.6299938	0.9311954	0.7649318	0.2942000	0.3470055	0.3694487	1.0781944	0.0112013	0.5952963	0.2552966	0.7566836	0.2814218	0.4882021	1.0779404	0.5780869	0.8475158	0.4813045	0.2909992	0.4494173	0.3267240	0.9647376	0.6539310	0.5339533	0.2070387	0.4719262	0.7823772	0.4995649	0.9351515	0.0739540	0.2353525	0.9399695	0.2789327	0.2756161	0.6933453	0.7866305	0.7477705	0.1168895	0.7668034	0.9773820	0.3533507	0.3460723	0.6775222	0.9097224	0.6941149	0.4645430	0.8062658	0.3821136	0.6645515	0.0654592	0.6618164	0.2314437	0.0119378	0.1601360	1.0709612
250	0.0118183	0.5999439	1.1205176	0.0971080	0.0571268	0.2079422	0.4411031	0.8834671	0.8183891	0.4491976	0.0924999	0.0686143	0.1003242	0.0035091	0.9495404	0.0671272	0.2917593	0.9232634	0.7575901	0.9537577	0.0960168	0.9469506	0.8913398	0.0126339	0.8625425	0.9409030	0.8941552	0.0610727	0.0262287	0.0200030	0.3073816	0.4996180	0.2820132	0.8656100	0.4806345	0.9278443	0.2296339	0.7276235	0.5018681	0.9472747	0.9337760	0.4835133	0.0961902	0.1133508	0.7385978	0.5082484	0.6545173	0.9209713	0.7903142	0.2737995	0.3175678	0.3906659	0.9997057	0.0264794	0.6381879	0.1486341	0.7376605	0.2958690	0.5129662	0.9849312	0.4939100	0.9532751	0.3776886	0.2181199	0.4605927	0.3101249	0.9752846	0.7533145	0.5108587	0.4211676	0.5399470	0.7277671	0.5636304	0.8089615	0.0728734	0.2747718	0.9437858	0.1816410	0.2600324	0.7296368	0.7871398	0.7435100	0.1132584	0.8499088	0.9639757	0.3265815	0.5367404	0.7473654	0.8991216	0.8313160	0.5348030	0.8283818	0.3949693	0.7513918	0.0651320	0.5886181	0.2689741	0.0240525	0.1112189	1.0784732
300	0.0064483	0.6051562	1.0019037	0.0940061	0.0684588	0.2422591	0.4760365	0.8676634	0.8291839	0.4794809	0.1157891	0.0891148	0.1322318	0.0059442	0.9580899	0.0554784	0.2875604	1.0176440	0.7321427	0.9763769	0.1148130	0.9788924	0.9192349	0.0014015	0.8716774	0.8983442	0.8661992	0.0666152	0.0191940	0.0260141	0.3380067	0.7710145	0.2764173	0.7715574	0.3789908	0.8431645	0.2515106	0.7263463	0.5176186	0.9676763	0.9607936	0.4618767	0.0836042	0.1191159	0.8025185	0.4515477	0.5859204	0.8727702	0.8525473	0.1905533	0.3018998	0.3658950	0.8928572	0.0175512	0.7508225	0.0931506	0.7259872	0.3153426	0.5360837	0.9899290	0.4611762	0.8737378	0.3720392	0.2561325	0.5596720	0.2867145	0.9501523	0.7612246	0.5553400	0.4013194	0.4672795	0.9832559	0.5684008	0.8298375	0.0745336	0.2990408	0.8905723	0.1669867	0.2531089	0.6844206	0.7881851	0.7645865	0.1180335	0.7598539	0.8803492	0.3577878	0.5478389	0.6644530	0.9479529	0.7734982	0.5558377	0.9083639	0.4064894	0.7565415	0.0671299	0.5478591	0.2572627	0.0413188	0.0890075	1.0060239
350	0.0052138	0.6266698	0.9739026	0.0583146	0.0263369	0.2911742	0.4936210	0.7998406	0.9196403	0.4970763	0.1058389	0.0696576	0.1676175	0.0168707	0.9511678	0.0392205	0.3129115	1.0623226	0.6634257	0.7801208	0.1051450	1.0349207	0.9420260	0.0013197	0.8903489	0.9916176	0.8311813	0.0836453	0.0308876	0.0196268	0.1588196	0.7977087	0.2947621	0.8028069	0.3774863	0.8677665	0.2452337	0.7810012	0.4574610	0.8548258	0.9666199	0.4855556	0.0922074	0.0669894	0.8021006	0.4744496	0.6586973	0.8146082	0.8819650	0.1798728	0.3159652	0.3870003	0.9217625	0.0119759	0.7112723	0.0458056	0.7034170	0.3125668	0.4698535	1.0118944	0.3979747	0.9145514	0.4103412	0.2849007	0.5666604	0.3142139	1.0610304	0.7808003	0.6066497	0.4367186	0.5055478	0.8730979	0.6310836	0.8733115	0.0666731	0.4060128	0.9246430	0.1865953	0.2432876	0.6058041	0.6561432	0.7807115	0.1270819	0.7703821	0.8384279	0.3851570	0.5246493	0.7173329	0.9107224	0.7411630	0.4853208	0.8217052	0.4053428	0.7496953	0.0587844	0.6174452	0.2835830	0.0294814	0.0878864	1.0660256
400	0.0012514	0.6725506	0.9509524	0.0504692	0.0397274	0.3691517	0.4223462	0.7621357	0.8029542	0.3837067	0.0827043	0.0981044	0.1832768	0.0157287	0.9509572	0.0365124	0.2473248	1.0979648	0.7035864	0.9399524	0.0803938	1.0818715	0.8959140	0.0068096	0.9375956	0.9758171	0.8090532	0.0672759	0.0260392	0.0291579	0.1803401	0.7243811	0.3253056	0.8285509	0.4844708	0.8638076	0.2482942	0.8614218	0.4848764	0.9199781	1.0636483	0.4429350	0.0608553	0.0789383	0.7598456	0.4181770	0.5906439	0.8946421	0.7879003	0.1732218	0.2963697	0.4275040	0.9337615	0.0062008	0.6760225	0.0244380	0.6878610	0.2971918	0.4176019	0.9755691	0.4000765	0.8672319	0.3228334	0.2831373	0.5455994	0.2605492	0.9999275	0.6891760	0.6516971	0.4144789	0.5004942	0.8462584	0.6405258	0.8325857	0.0544106	0.3867132	0.9413695	0.2288212	0.2440713	0.6595244	0.7299038	0.7004583	0.0940534	0.8566867	0.9632007	0.3402366	0.5119126	0.7507542	0.7992039	0.8475219	0.5638629	0.8185330	0.3572617	0.8028960	0.0549377	0.6145356	0.2494401	0.0247971	0.0691140	1.0323080
450	0.0137685	0.6700681	1.0451687	0.0955020	0.0274364	0.3272002	0.4915445	0.8076741	0.8191828	0.4167573	0.1419877	0.0782478	0.2052348	0.0059202	0.9082427	0.0408862	0.1887407	1.0778747	0.6374890	0.9108504	0.0784681	0.9782654	0.9676318	0.0092825	0.9271947	0.9555729	0.8107585	0.0592287	0.0176099	0.0228543	0.2372902	0.6888224	0.3995432	0.8631689	0.4984441	0.7596162	0.1936206	0.8493128	0.5196074	0.9767620	0.9872953	0.3908389	0.0695855	0.0718517	0.7961526	0.3908515	0.6047205	0.8547058	0.7364728	0.1755907	0.2730872	0.4838873	0.8862573	0.0024263	0.6322236	0.0287101	0.7662371	0.2248598	0.4090152	0.9189471	0.4434417	0.8654689	0.3245156	0.2492939	0.4395968	0.2245409	0.9346363	0.7285410	0.6049043	0.4768598	0.5168088	0.9224685	0.6616398	0.8956946	0.0881527	0.2908449	0.9552334	0.3343220	0.2034619	0.6832194	0.6984113	0.7053420	0.0837241	0.8289587	1.0276619	0.3275173	0.4447197	0.8644745	0.8253500	0.8167885	0.5791424	0.8302422	0.3677764	0.9260648	0.0533480	0.5301543	0.2235126	0.0705480	0.0813979	0.9105473
500	0.0120198	0.6893963	0.9697724	0.0810485	0.0203952	0.2967137	0.3582868	0.8145685	0.8590207	0.4113666	0.1052334	0.0666961	0.1580659	0.0010813	0.8494380	0.0473743	0.2668498	0.9991865	0.5418029	0.8937204	0.0846917	1.0313977	0.9205016	0.0134461	0.8378464	0.9463574	0.7867475	0.0676139	0.0152867	0.0221800	0.2749186	0.5496786	0.3725814	0.9041907	0.4580909	0.8608326	0.1583714	0.8307853	0.6229855	0.9250999	0.9486334	0.4405599	0.0700514	0.0783376	0.7821642	0.4824805	0.5496006	0.7696372	0.7477203	0.1702408	0.2924760	0.5407853	0.9137244	0.0093388	0.5577275	0.0199263	0.7526073	0.2991491	0.4112125	0.8778910	0.4105724	0.8277139	0.4152121	0.2781377	0.4744640	0.2254606	1.0611844	0.8333667	0.5832176	0.5907912	0.5312602	0.8412327	0.6241584	0.8564183	0.0704033	0.3510606	0.9632931	0.2496125	0.1841413	0.6669419	0.7923313	0.7849391	0.0880528	0.7933361	1.0026673	0.3188874	0.4762959	0.8095214	0.8879510	0.8165552	0.5591727	0.7637866	0.3692017	0.9189075	0.0826785	0.4543167	0.2739909	0.0618924	0.0883336	0.9588401
550	0.0113346	0.7048155	0.9288637	0.0931093	0.0163568	0.2121571	0.3358849	0.5926746	0.8545446	0.3927335	0.1274412	0.0804721	0.2229170	0.0517056	0.9050098	0.0985832	0.3592071	0.9516831	0.7403796	0.9488620	0.0665242	0.8112780	0.8310245	0.4875460	0.8848803	0.9867294	0.7594360	0.0612731	0.0289410	0.0215268	0.2418334	0.4549512	0.4514028	0.9294347	0.4931315	0.8288894	0.1679721	0.8514630	0.6147713	0.5877203	0.9932630	0.4040426	0.0684644	0.0653386	0.7435277	0.4785912	0.6453380	0.7877081	0.8162654	0.1761246	0.2644041	0.4487371	0.9141397	0.0041388	0.6591875	0.0079286	0.7513948	0.2976791	0.4764766	0.9670265	0.3794174	0.6526133	0.2830731	0.2283061	0.5034528	0.2934624	0.9726061	0.8152807	0.7026376	0.6332505	0.4624813	0.6135503	0.5762193	0.8878882	0.1020473	0.2843039	0.8998182	0.2501029	0.2182482	0.6947265	0.7470996	0.9214437	0.0922214	0.7229975	0.9511131	0.3203316	0.5143003	0.6948175	0.7033039	0.7846214	0.5056502	0.6948035	0.3508581	0.8450004	0.1122043	0.5301190	0.2972509	0.0577506	0.0597503	0.9950607
600	0.0091993	0.6621202	1.0123219	0.0812779	0.0314877	0.1289857	0.2365463	0.2980642	0.8234818	0.4703449	0.1254160	0.0847120	0.1533820	0.0992488	0.8646191	0.1954962	0.4349412	1.0567262	0.8196128	0.8925536	0.0566150	0.6160186	0.9238639	0.8596872	0.8324955	0.9656838	0.8121497	0.0677977	0.0506388	0.0289557	0.3038860	0.3907819	0.5090225	0.8505374	0.4306028	0.8606185	0.1588324	0.8431262	0.5560878	0.2439993	0.8915779	0.4237141	0.0869165	0.0509347	0.7203456	0.4191607	0.5701471	0.8471585	0.7665618	0.1785782	0.1852414	0.4308834	0.9107072	0.0046625	0.6876667	0.0217076	0.7454944	0.2682299	0.4495796	1.0218279	0.3530427	0.5726771	0.3010924	0.2668721	0.4349669	0.2911980	0.8574362	0.7760481	0.6524362	0.6270468	0.4092052	0.4199282	0.5567303	0.8719046	0.2318471	0.2507933	0.9408407	0.2154186	0.1837942	0.6319827	0.7410060	0.9153214	0.1404272	0.7350258	0.9891289	0.3373580	0.5203998	0.6207699	0.6240020	0.8135054	0.5903978	0.5678487	0.3833481	0.7457527	0.0988369	0.5901269	0.2841113	0.0474742	0.0506426	0.9821319
650	0.0045240	0.6461245	0.9763435	0.0869618	0.0872878	0.0728211	0.1344439	0.1321572	0.7556413	0.3819383	0.1201220	0.0965107	0.0737920	0.0979133	0.7994408	0.2352445	0.4412243	1.0936507	0.9007542	0.9432678	0.0595673	0.6388339	0.9972964	0.9554916	0.8830622	0.9981030	0.7752490	0.0762346	0.1028632	0.0368376	0.3660034	0.2458262	0.5609655	0.8923878	0.3434851	0.8520304	0.1487716	0.7754085	0.5248314	0.0940323	0.9322181	0.4033317	0.0942076	0.0269047	0.8246077	0.5518180	0.6014584	0.8198339	0.8553406	0.1840385	0.0959565	0.3650754	0.8378011	0.0008277	0.7063662	0.0489910	0.7625124	0.2813342	0.3172034	1.0052293	0.3320759	0.5949374	0.2759423	0.2513165	0.4190128	0.3630131	1.0345524	0.7822267	0.6006775	0.5170999	0.3768040	0.3408371	0.4481699	0.8469526	0.2322263	0.2175910	0.8817597	0.2105127	0.1789328	0.6805929	0.6959793	0.9975002	0.1103745	0.5995193	0.9593069	0.3706393	0.4688180	0.6096620	0.6719812	0.8720411	0.5659125	0.4427394	0.4214584	0.6879806	0.1299719	0.6067998	0.2503031	0.0267265	0.0470418	1.1139571
700	0.0105535	0.5954124	0.9751771	0.0996787	0.1830047	0.0289165	0.0505296	0.0636785	0.8621130	0.4375570	0.1073755	0.0867372	0.0177675	0.0768517	0.9048968	0.3348422	0.4344862	1.0454674	0.8850153	0.9077936	0.0439894	0.7001197	0.9413961	1.0268496	0.8239029	0.8863743	0.8713178	0.0853869	0.1528840	0.0364645	0.3878654	0.1778229	0.6195770	0.7866990	0.2884187	0.9816610	0.2628337	0.7428884	0.4101458	0.0571566	0.9646134	0.4241180	0.0952175	0.0267338	0.8232489	0.5434429	0.6036244	0.8321111	0.7655657	0.2101379	0.0726974	0.2648398	0.8336312	0.0025892	0.6474900	0.1253321	0.7505701	0.2769367	0.4539088	0.9736612	0.3654648	0.4764297	0.1990488	0.2442520	0.4388174	0.4063246	0.8620463	0.8214892	0.6173770	0.3687836	0.4103175	0.3359737	0.3441447	0.9426251	0.2726752	0.1837585	0.9153420	0.1561814	0.2526256	0.5760579	0.6823501	1.0501851	0.1042390	0.5651569	0.9461473	0.3330628	0.4259205	0.6546081	0.6073217	0.8468676	0.6340778	0.4041150	0.4224839	0.6309318	0.0946813	0.5673651	0.2343594	0.0263547	0.0612310	0.9800883
750	0.0152224	0.5683690	1.1142639	0.1242880	0.3714486	0.0081228	0.0463742	0.0262012	0.8305611	0.3848051	0.1320474	0.0992768	0.0086769	0.0992664	0.9553671	0.3718501	0.4627851	0.9915748	0.9049310	0.8502242	0.0424874	0.6207011	0.9158135	0.9863579	0.8930552	0.6926871	0.8308371	0.1203106	0.1438794	0.0214095	0.3078355	0.1202178	0.6275011	0.7875572	0.2473311	0.8880565	0.3770689	0.7537500	0.4227945	0.0246075	0.9783952	0.4161407	0.0933025	0.0432049	0.7834405	0.5537764	0.5824234	0.8196942	0.8874446	0.2932551	0.0933251	0.2984860	0.8533944	0.0031188	0.7798046	0.2508945	0.8770125	0.2556111	0.4641527	1.0045964	0.4106402	0.5419054	0.1845135	0.2208475	0.5118053	0.4875480	0.9326335	0.8626872	0.5020563	0.2510622	0.4074877	0.2654749	0.2772661	0.9383752	0.2991544	0.2538141	0.8928152	0.1460113	0.2547384	0.5914520	0.7648780	0.9892433	0.0906452	0.5682696	1.0071718	0.3892151	0.4308452	0.6430207	0.6027847	0.8629071	0.4532332	0.3958281	0.3485718	0.5783087	0.0930343	0.5557014	0.2528313	0.0232493	0.2180685	0.9808689
800	0.0187992	0.6249117	0.9365401	0.1110042	0.4333182	0.0013457	0.0431135	0.0241300	0.8826919	0.3400289	0.1188547	0.0953344	0.0105869	0.0972415	0.8199835	0.4270470	0.4232456	0.9813669	0.9348845	0.8047775	0.0425897	0.6002912	1.0028358	0.9682145	0.8392832	0.6938058	0.7940283	0.1108735	0.2087846	0.0319732	0.3298246	0.0664961	0.7286110	0.7868261	0.2492975	0.9475716	0.3138881	0.7491706	0.3863220	0.0166999	0.9929469	0.3829598	0.0843063	0.0688462	0.7030686	0.4709857	0.5903973	0.8658999	0.7159453	0.3015652	0.0817800	0.3570768	0.9468476	0.0003546	0.7869387	0.2797806	0.8614256	0.3097876	0.4469639	0.9188596	0.4690808	0.5370110	0.1652654	0.2417920	0.4892328	0.5272444	0.9741342	0.8247294	0.4942210	0.1236041	0.3808664	0.2448642	0.2745087	0.9272816	0.2656339	0.2667473	0.8066584	0.1755544	0.2365173	0.5731632	0.7805360	1.0079317	0.0737615	0.5514769	0.9970565	0.3989303	0.3918518	0.5716041	0.5490342	0.8228570	0.4420710	0.3702018	0.3433497	0.6151465	0.1036088	0.5363713	0.2689137	0.0198293	0.3656173	1.0338674
850	0.0198286	0.6179869	0.9562211	0.1302110	0.4558319	0.0001794	0.0547304	0.0271391	0.7781005	0.4039765	0.0869120	0.0969173	0.0072241	0.1192079	0.8499572	0.4082731	0.4030193	1.0050702	1.0183446	0.8642241	0.0517257	0.6070923	0.9982950	0.9164516	0.8360505	0.7232037	0.8503831	0.1061147	0.1803165	0.0453779	0.3361032	0.0702008	0.6819421	0.7600137	0.3304312	0.7861254	0.2675767	0.7565210	0.4282046	0.0186612	0.9524259	0.3929558	0.0509333	0.0833705	0.7433174	0.3802868	0.6561599	0.8869591	0.7396369	0.2501505	0.0536865	0.3019874	0.9329558	0.0018642	0.7764953	0.4303218	0.7888972	0.3375918	0.4522611	0.9408717	0.6642717	0.6107121	0.1670179	0.2203993	0.6148312	0.4571505	0.9586756	0.7401517	0.5504771	0.0554788	0.4160925	0.2775238	0.2761960	1.0689889	0.2918787	0.4345747	0.7827160	0.2551788	0.2454181	0.6359716	0.7652776	0.9453725	0.0909770	0.5989038	0.9543310	0.4624000	0.3285057	0.5572215	0.5377624	0.8131521	0.5580160	0.2693110	0.3604815	0.5927572	0.0737718	0.5284516	0.2441972	0.0316925	0.4574776	0.8951930
900	0.0139427	0.6416810	0.8755629	0.1316366	0.4569481	0.0001149	0.0275223	0.0098161	0.8134982	0.4038564	0.1189017	0.1040508	0.0125204	0.1323961	0.8106525	0.3322664	0.4522892	1.0246942	0.9942922	0.8492241	0.0597503	0.6872965	0.9538403	0.8540414	0.8600689	0.6613620	0.8872209	0.0904188	0.2001368	0.0454065	0.2937279	0.0897165	0.6477731	0.7744217	0.2608066	0.8135936	0.2489096	0.7794625	0.4641066	0.0151403	0.8987847	0.4019823	0.0674022	0.0891343	0.7836312	0.4757295	0.6724893	0.9061072	0.7856175	0.2637348	0.0799696	0.2639696	1.0583813	0.0020492	0.6714847	0.4679625	0.7949566	0.2985684	0.4054245	1.0359203	0.7730889	0.6001529	0.1034673	0.2732327	0.5481537	0.4644461	0.9814625	0.6490564	0.4552420	0.0433316	0.3594301	0.2909463	0.2991030	1.0395922	0.3419769	0.3019339	0.8398460	0.5026684	0.2255344	0.6275218	0.7075722	0.9442259	0.0840636	0.5924258	0.9878088	0.3893746	0.2701456	0.5677454	0.4327950	0.8230076	0.4736329	0.1793581	0.3838764	0.5464898	0.0822748	0.5692983	0.2187583	0.0399045	0.5569622	0.9527731
950	0.0171182	0.6546745	1.0298756	0.1283598	0.5171339	0.0039264	0.0251544	0.0275487	0.7576810	0.4018383	0.1180761	0.0763876	0.0049295	0.1126154	0.7883555	0.3618713	0.4297949	0.9457694	0.9581531	0.9646960	0.0392201	0.6622503	0.9317947	0.9334491	0.9447186	0.6957120	0.9496547	0.0643208	0.1762152	0.0270456	0.2805696	0.0680812	0.7040007	0.8537187	0.3084761	0.7762913	0.2711767	0.8170275	0.4383034	0.0250522	0.8731696	0.3484665	0.0870098	0.0740529	0.6727538	0.5416794	0.6448725	0.8287318	0.8329430	0.2981080	0.0782078	0.3295065	0.9905089	0.0022805	0.6896226	0.5373579	0.7312592	0.2792296	0.4547995	0.9523241	0.7747713	0.5387924	0.1098762	0.2398911	0.5316404	0.5192443	1.0793256	0.6381487	0.5028684	0.0555823	0.3825530	0.2639451	0.3041635	0.9740668	0.3004198	0.2152072	0.9477825	0.4248060	0.2107862	0.7231742	0.7081855	0.9444421	0.0594368	0.5181867	0.9268562	0.3534221	0.2861123	0.5041613	0.4716840	0.8353566	0.4929556	0.1745977	0.4411482	0.4954090	0.0858009	0.5466504	0.2878434	0.0223792	0.5820597	1.0223054
1000	0.0094386	0.6313997	1.0257600	0.1362570	0.4526755	0.0000000	0.0314835	0.0253760	0.7953443	0.5079957	0.1447408	0.1095932	0.0035128	0.1370397	0.8750711	0.3707758	0.4471522	0.9801110	0.9190744	0.8581697	0.0707982	0.6277539	0.9487557	0.8365849	0.9137090	0.7348532	0.8662756	0.0760386	0.1892321	0.0411991	0.3386216	0.0753119	0.7541530	0.7918287	0.3566228	0.9178610	0.3180204	0.9265716	0.3760088	0.0207275	0.8998533	0.4543758	0.0761653	0.0763476	0.6889006	0.5628055	0.6649493	0.8715982	0.8910207	0.2571322	0.0696522	0.4152206	0.9977874	0.0029274	0.7874254	0.4740497	0.7538220	0.2690477	0.4155949	0.9264657	0.7695128	0.5802623	0.1391008	0.2379810	0.4843582	0.4976072	1.1001118	0.7215659	0.5342762	0.0717703	0.3060482	0.2098232	0.3532579	0.9438508	0.2488318	0.2501296	0.9645594	0.2458377	0.2781023	0.6901744	0.7957372	0.7924199	0.0756748	0.6293467	0.9342488	0.3370462	0.2498401	0.4026164	0.6339562	0.8659941	0.5236058	0.1650070	0.4392576	0.5155652	0.1531441	0.5331383	0.2137347	0.0390917	0.5383585	1.0327048

0	0.0094491	0.6355617	1.0459758	0.0876986	0.4170952	0.0015965	0.0357302	0.0201856	0.7842026	0.5482911	0.1482550	0.1067167	0.0074763	0.0795139	0.9263252	0.4386615	0.5117037	1.0187251	0.9869150	0.9112762	0.0675828	0.6396705	0.9879649	0.9056811	1.0249936	0.8053086	0.8415975	0.0956169	0.2807776	0.0361236	0.3476186	0.0945586	0.7647381	0.8073502	0.2691465	0.9854445	0.2644993	0.7761342	0.3511720	0.0142404	0.9503393	0.3956488	0.0912837	0.0721673	0.8039584	0.5632487	0.5721011	0.9104100	0.8750489	0.3877912	0.0490860	0.3690556	1.0040851	0.0016799	0.7496314	0.4296180	0.7445798	0.3138374	0.4763448	0.9977159	0.8917758	0.5763065	0.2317245	0.3844034	0.5377636	0.4876338	1.0898320	0.8135737	0.5024926	0.0491368	0.3912071	0.2335426	0.3169327	0.9297559	0.3112694	0.3637340	0.9584119	0.1589398	0.2670455	0.6498318	0.7931145	1.0351174	0.1402507	0.6535788	1.0095359	0.4184859	0.2245238	0.5131035	0.6073464	0.7854143	0.4606182	0.1309775	0.4648780	0.5528648	0.0723851	0.5781484	0.2784400	0.0363961	0.5378107	0.9932421
50	0.1625929	0.6052544	0.9603319	0.1940156	0.5945071	0.0041462	0.0492972	0.0259405	0.8113613	0.3107567	0.1628455	0.1204181	0.0007312	0.1483392	0.8438482	0.4841479	0.4298600	0.9913918	1.0343487	0.6710617	0.0578128	0.5879241	1.0235231	1.1053960	0.8276935	0.6215850	0.8519034	0.0973804	0.1564932	0.0367797	0.4046815	0.0750420	0.5405906	0.8076237	0.1844265	0.9320518	0.3212301	0.7573423	0.3757777	0.0321755	0.9379867	0.3742056	0.0666020	0.0744943	0.7485318	0.5282739	0.6249605	0.9278251	0.8982920	0.2942201	0.0972519	0.5009987	1.0180639	0.1257201	0.7232395	0.6680574	0.8536820	0.3044266	0.5475136	0.9872463	0.7218867	0.5532089	0.2726362	0.2841713	0.5104474	0.5919077	1.0073011	0.7323077	0.5300178	0.0354033	0.3411419	0.2230830	0.2507512	0.9227710	0.2910014	0.2654896	0.9720735	0.3492516	0.2955176	0.5875701	0.8501669	1.0236079	0.1723683	0.8305155	1.0112336	0.4720848	0.2328453	0.4259463	0.5651883	0.7853456	0.3826117	0.2006983	0.4292594	0.4990786	0.0711406	0.5842566	0.2683121	0.2247973	0.5024013	0.9660327
100	0.4582390	0.6366503	0.9782037	0.1579847	0.6547181	0.0028505	0.0509763	0.0230533	0.9120792	0.1549486	0.1372943	0.1053059	0.0061822	0.0972330	0.9867508	0.5267522	0.4747800	0.9135739	0.9897567	0.4235974	0.0586593	0.5873698	1.0432986	1.1182516	0.8841580	0.7046867	0.9081497	0.1479284	0.1601237	0.0357311	0.3137142	0.0767413	0.4959197	0.7059639	0.1471257	0.9130874	0.2955697	0.7884082	0.3778972	0.0273839	0.9592275	0.3568452	0.0687098	0.1105372	0.7813699	0.4978553	0.6068513	0.8512202	0.8642179	0.3603268	0.1336540	0.5464057	0.9588560	0.2234439	0.6889218	0.7584980	0.7837970	0.2396749	0.4472212	0.9585174	0.7113666	0.5261354	0.2768552	0.4489256	0.5032482	0.5968824	1.1148220	0.6072372	0.5105790	0.0549773	0.3807422	0.2173574	0.3338048	0.9087345	0.2539013	0.2686052	1.0567847	0.5926506	0.3001636	0.6367015	0.7894161	1.1219706	0.2285392	0.8623332	1.0588980	0.6036720	0.1548619	0.3608238	0.5674118	0.7054123	0.2934660	0.2850650	0.4281220	0.4628410	0.0726887	0.5608386	0.2479410	0.4052487	0.5420699	0.9790375
150	0.6195556	0.6123371	1.0727153	0.1337078	0.7824068	0.0015879	0.0300398	0.0223571	0.9528351	0.0704956	0.0992816	0.1108350	0.0061240	0.1051813	0.8843283	0.4482909	0.4814405	0.9571686	0.8885741	0.2237285	0.0552657	0.6932533	0.9229868	1.0649739	0.9300871	0.7655771	0.9175686	0.1136906	0.1716776	0.0422953	0.4045609	0.0938893	0.5648795	0.7293117	0.0746464	0.8998684	0.3088002	0.7891450	0.3543301	0.0145891	1.0731550	0.3015422	0.0565793	0.1020345	0.6703792	0.5198959	0.6618717	0.8346853	0.8218701	0.3292239	0.1025104	0.6779086	0.9912952	0.2776782	0.7466431	0.9342931	0.8233792	0.2258485	0.5611718	0.9372565	0.7232674	0.5371412	0.3011124	0.4773358	0.6246622	0.5183877	1.0921605	0.5660518	0.4933969	0.0261958	0.3939131	0.2695420	0.4333339	0.9200950	0.2257298	0.2938338	1.0403988	0.6319467	0.2821805	0.6290947	0.7949027	1.0006425	0.3295652	0.7780091	1.0116497	0.6818314	0.1153878	0.3544160	0.5302576	0.6692427	0.2637278	0.2931234	0.4104911	0.4079343	0.0756144	0.6009641	0.2791178	0.5496833	0.5262788	1.0071920
200	0.7803530	0.6243539	0.9942370	0.1803590	0.8423985	0.0064157	0.0580996	0.0326672	1.0072740	0.0740421	0.1505058	0.1154022	0.0087539	0.1023603	0.8381608	0.4317594	0.4858037	0.9433053	0.9277217	0.1257423	0.0555328	0.6650153	0.8685255	1.0798426	0.9204184	0.6636786	0.7034504	0.1121637	0.2645361	0.0447102	0.3844950	0.1006858	0.6310872	0.7771058	0.0585227	0.9293956	0.2592664	0.7271411	0.3973313	0.0214545	1.0116594	0.3046995	0.0480015	0.1229613	0.6671976	0.4664047	0.5844913	0.7936771	0.7813800	0.2465108	0.1542692	0.6068274	0.9974491	0.2806768	0.6594825	0.8281489	0.8554712	0.2059949	0.5797026	0.9182773	0.7425813	0.5121045	0.2392137	0.5069945	0.5186175	0.5403786	1.1466940	0.5974883	0.5020034	0.0665421	0.4438609	0.2385620	0.4757267	0.9399520	0.2503005	0.3392254	1.1210086	0.6742697	0.2912057	0.5673141	0.7810435	0.8772252	0.3511322	0.7967494	1.0288052	0.6951407	0.1052264	0.3744043	0.4457946	0.6122857	0.2169789	0.2412055	0.4698293	0.2300456	0.0714037	0.5660553	0.2864434	0.6499019	0.5852773	0.9697836
250	0.8170645	0.6340635	1.0194772	0.2261770	0.8497967	0.0057512	0.0418849	0.0306017	1.0694161	0.0868998	0.1789634	0.1174900	0.0070971	0.1163290	0.8961709	0.4598938	0.4866222	0.9411390	0.9997459	0.0509273	0.0601571	0.5996959	0.9927841	0.9619933	1.0179294	0.6921474	0.5977543	0.0794649	0.2734473	0.0375770	0.3390455	0.0630397	0.6151573	0.7263474	0.0691519	0.9140854	0.2769838	0.6906604	0.3794807	0.0179045	1.0985315	0.3174872	0.0550862	0.0932613	0.6640918	0.4823274	0.6003268	0.7896006	0.8540473	0.2747023	0.1155628	0.5911372	1.0659833	0.2621639	0.6706600	0.9289646	0.7788429	0.2307910	0.5108416	0.9010769	0.7971291	0.5356800	0.3189433	0.5621296	0.4856604	0.5115914	1.1608184	0.4617311	0.5011840	0.1250056	0.4767879	0.2804298	0.4732417	0.9497765	0.2710282	0.4370502	1.1329371	0.7714157	0.2598105	0.6538228	0.7055323	0.9683921	0.3752525	0.8839552	1.0235132	0.6965475	0.0980790	0.2991508	0.3944983	0.6488879	0.2491082	0.2080938	0.4839794	0.1196981	0.0571025	0.5460003	0.3828845	0.7368136	0.5192308	0.9223119
300	0.8894714	0.6352630	1.0277903	0.2232665	0.9283256	0.0064353	0.0162965	0.0309036	1.0611722	0.0752424	0.1767844	0.1303264	0.0018286	0.1019556	0.8992233	0.4253900	0.5301855	0.9644039	0.9894557	0.0505211	0.0765042	0.6831318	0.9989501	1.0310787	1.0081743	0.6052099	0.6458416	0.1040487	0.2511500	0.0338702	0.3627748	0.0697053	0.4839240	0.6484455	0.0731800	0.9424468	0.2471343	0.6728126	0.3739907	0.0122123	1.1006078	0.3851117	0.0631335	0.1016808	0.7708693	0.5118544	0.6082322	0.8238049	0.9161731	0.3317129	0.1085228	0.6547469	0.9606080	0.3458825	0.7046821	1.0252517	0.7375756	0.2981734	0.3770115	1.0295058	0.8623119	0.5659748	0.3572705	0.4803636	0.5730413	0.4782802	1.1330364	0.4634068	0.5329523	0.1877703	0.6253449	0.1913434	0.5809657	0.9255921	0.2382547	0.3981069	0.9861001	0.6924105	0.2653405	0.6717499	0.7216879	1.1263905	0.3106166	1.0325813	0.9089539	0.6413139	0.0934064	0.2657200	0.4720212	0.6355945	0.2660423	0.2036114	0.4801918	0.0694039	0.0721962	0.5045737	0.4189399	0.7698274	0.4957499	0.9022422
350	0.8504940	0.6259269	1.0635184	0.1822503	0.9214963	0.0010100	0.0235981	0.0275341	1.0377702	0.0899143	0.1693217	0.0924578	0.0044284	0.1090423	0.8632060	0.4367657	0.5129215	1.0183029	1.0344230	0.0460221	0.0795216	0.7691368	0.9519374	1.1146645	0.9981820	0.7399564	0.5209532	0.1084385	0.2696691	0.0316986	0.3740114	0.0727108	0.5138834	0.7130701	0.0551091	0.9119433	0.2710268	0.6838019	0.3830654	0.0078383	0.9622846	0.3739202	0.0720392	0.1224697	0.8999922	0.4474135	0.6057446	0.8727416	0.9681525	0.2818043	0.1541367	0.6894226	0.9143017	0.3410760	0.7181911	0.9436252	0.7218476	0.2833624	0.5005814	1.0530981	0.8213256	0.5070618	0.3353231	0.5206508	0.6078366	0.4936905	0.9888504	0.4625314	0.5653278	0.2642951	0.6219009	0.1579714	0.5669554	0.9159912	0.2190331	0.4802297	0.9771753	0.6892465	0.2212701	0.5911866	0.8063211	1.0548063	0.3137195	1.0385832	0.9193168	0.7814683	0.0919513	0.2993060	0.5322871	0.6344997	0.2850375	0.1427542	0.5001635	0.0277126	0.0579935	0.4935129	0.3985893	0.7722560	0.4702076	0.8968353
400	0.8567497	0.6252135	0.9401235	0.1681626	0.8922337	0.0006772	0.0163112	0.0247652	1.0677162	0.0655186	0.1763369	0.1101930	0.0021202	0.1310807	0.8967218	0.3877975	0.4020025	1.0079773	0.9921709	0.0342594	0.0827639	0.7590248	1.0529582	0.9919827	1.0441546	0.6979316	0.5545888	0.1007294	0.2414475	0.0457660	0.3337492	0.0647992	0.5600028	0.7693633	0.0769600	0.9742453	0.2604091	0.7556233	0.4038063	0.0085500	0.9359225	0.3281870	0.0715741	0.1067047	1.0031078	0.4847954	0.6307267	0.9258186	0.9691580	0.3572498	0.1592604	0.6328707	0.8697674	0.2864879	0.7122896	0.8757048	0.6909416	0.2236270	0.5152981	1.0027151	0.7248259	0.5537721	0.3309423	0.4842024	0.6145109	0.4956512	1.0064447	0.5114850	0.5032532	0.2844752	0.5879595	0.1419760	0.5266182	0.7786706	0.2107688	0.4638549	0.8704519	0.6078180	0.2617812	0.5478760	0.8091575	0.9571787	0.3177608	0.9881337	0.9038807	0.7171967	0.0860270	0.2094383	0.4991622	0.6037284	0.3853725	0.1074460	0.4229002	0.0283632	0.0550834	0.5897979	0.3679556	0.8142799	0.5901889	0.9188686
450	0.9145152	0.5919651	1.0167431	0.1495560	0.8640126	0.0018218	0.0462464	0.0310110	0.9793931	0.0344616	0.1249892	0.0834016	0.0003645	0.1271348	0.8489718	0.4334612	0.4809032	0.8852427	0.8689579	0.0279641	0.0703148	0.6878420	1.0157382	0.9992579	1.0853382	0.6809051	0.5099686	0.1199282	0.1719538	0.0393485	0.3477164	0.0726606	0.4642864	0.7206568	0.0841437	0.9329609	0.3201660	0.7236698	0.3904779	0.0200998	0.9956424	0.3358054	0.0605451	0.0581542	0.8443949	0.4137768	0.6969076	0.9400484	0.8533750	0.3480465	0.1706415	0.6361571	0.9885598	0.3494620	0.7524142	0.8906864	0.7935121	0.2663752	0.4803756	0.9675298	0.8274869	0.6177543	0.3587950	0.4789194	0.5284148	0.5496684	0.9871974	0.4716894	0.5062171	0.2802949	0.6755984	0.1563386	0.6114978	0.8834197	0.2502923	0.3505117	0.9381569	0.6690502	0.2369347	0.5321277	0.7948870	0.8292086	0.3522128	0.9451049	0.8642788	0.7134496	0.0433099	0.2480231	0.5395520	0.6702079	0.4543606	0.0731916	0.4579262	0.0233173	0.0488310	0.5377029	0.3930484	0.7274035	0.5765369	0.9511000
500	0.9508751	0.6254062	1.0339541	0.1201348	0.7955843	0.0024118	0.0446374	0.0387123	1.0511329	0.0354529	0.1387510	0.0903022	0.0023623	0.1140387	0.8358491	0.4569414	0.5171990	1.0001338	0.8285193	0.0334560	0.0561528	0.6304394	0.9714551	0.9612550	1.0423144	0.6282200	0.4932389	0.1324362	0.2146618	0.0408507	0.4062571	0.0982756	0.5004697	0.6425353	0.0683690	0.9542870	0.2531569	0.7864918	0.3680945	0.0197259	1.0643166	0.3610147	0.0580148	0.0843290	0.8713964	0.4066332	0.6734794	0.8632994	0.8791512	0.3236998	0.1328756	0.7226025	0.9027870	0.3052999	0.7528742	0.8663890	0.7233367	0.3461892	0.6052650	1.0009339	0.7414295	0.5559783	0.3003474	0.4834292	0.5607331	0.4771202	0.8969307	0.5208284	0.5713636	0.2293622	0.6387968	0.1660403	0.6183360	0.8878840	0.2409641	0.3036006	1.0088299	0.7098845	0.2188349	0.4783545	0.7325121	0.9710886	0.3074859	0.9022851	0.9543953	0.7433743	0.0687301	0.2004715	0.5127135	0.7207660	0.4426341	0.1462448	0.4424682	0.0154894	0.0798471	0.5190347	0.3840473	0.6541267	0.5513574	0.9680289
550	0.6876406	0.6500952	1.0159943	0.1118896	0.6980706	0.0004206	0.0231850	0.0331478	0.9853242	0.0312380	0.1618650	0.0874451	0.0031608	0.0892570	0.9157344	0.4819998	0.4729395	1.0651422	0.9719380	0.1380286	0.0509340	0.6172063	0.9728163	0.9669018	0.9512677	0.7077818	0.5034922	0.1017813	0.2166710	0.0317975	0.3356315	0.0971244	0.5465649	0.6723050	0.1258285	0.9117797	0.1638168	0.7695247	0.3681342	0.0190181	1.0580922	0.4808527	0.0817224	0.0916494	0.9281551	0.3647839	0.6893460	0.9096134	0.9889712	0.3250211	0.1130778	0.5541533	0.7797792	0.1905357	0.7064452	0.7595085	0.8541512	0.4193456	0.5441377	0.9417035	0.7948581	0.4927970	0.2821127	0.4328203	0.4928587	0.4806556	0.9287923	0.4361434	0.5320679	0.2563164	0.7184003	0.1777736	0.5855873	0.9089388	0.2657235	0.2868360	0.9652719	0.4234140	0.1495282	0.5732259	0.7155863	0.7651577	0.2647424	0.8165551	0.8801414	0.6415923	0.1331725	0.2694857	0.5747680	0.7440455	0.4666863	0.2004310	0.4775537	0.0327021	0.0719671	0.5454434	0.3720262	0.5075105	0.5460814	1.0819289
600	0.4045098	0.6471711	1.0797973	0.1124185	0.5545682	0.0017830	0.0381151	0.0168064	1.0233076	0.0379215	0.1088088	0.0931172	0.0045045	0.0830264	0.8935718	0.4479147	0.4139027	1.0344614	0.9674291	0.3832788	0.0635091	0.6852761	1.0172257	0.9986164	0.9398498	0.7220290	0.4901440	0.0791770	0.2191571	0.0242766	0.3400956	0.1210129	0.6125905	0.7307742	0.2639917	0.7412462	0.1562005	0.6897075	0.3880861	0.0268057	0.9165749	0.4732784	0.0776437	0.0656762	0.7004969	0.4077765	0.7809348	0.8924220	0.8417855	0.3021413	0.1138978	0.4110425	0.6267039	0.0897334	0.7193418	0.6002822	0.8778201	0.4630468	0.5127665	1.0508323	0.7842379	0.5589081	0.2102345	0.3757626	0.4885872	0.4752059	0.9428511	0.4422702	0.4793893	0.1538160	0.6181828	0.1766829	0.7004690	0.9004212	0.2617086	0.3661643	0.9356404	0.2955426	0.1721978	0.5813284	0.6673461	0.7628665	0.1625249	0.7698615	0.8924902	0.4548501	0.1335081	0.3820019	0.5422995	0.7169384	0.4917804	0.2467147	0.4605023	0.1721101	0.0747147	0.5809894	0.3413139	0.2389562	0.5309935	1.1144695
650	0.2245705	0.6218627	1.0373230	0.1328257	0.4796491	0.0001309	0.0133693	0.0198417	0.9508665	0.0429677	0.1407845	0.0935423	0.0008294	0.0991939	0.7871623	0.4103962	0.5270644	1.0853446	1.0887256	0.5639825	0.0559581	0.6508073	1.1227011	1.0253133	0.8573381	0.6667835	0.5650232	0.1153877	0.1831179	0.0332002	0.3247633	0.1222890	0.5477305	0.7785997	0.2929905	0.7617410	0.1242539	0.7356280	0.4053675	0.0119335	0.9198707	0.4890965	0.0777973	0.0491596	0.7202962	0.3772328	0.7048696	0.9027174	0.8431662	0.2956772	0.1029752	0.3606827	0.5365054	0.0410084	0.8254508	0.4658677	0.7566039	0.5015248	0.4385137	0.9772969	0.7794558	0.5850990	0.2162586	0.3568258	0.5107109	0.4745446	0.8436379	0.4849446	0.4637268	0.1089792	0.5067808	0.1895885	0.6334379	0.8936478	0.3321520	0.2407581	0.9480441	0.2077867	0.1756594	0.5614743	0.6975366	0.8042661	0.1300351	0.5778763	0.9728239	0.2934907	0.2096168	0.4226322	0.5754561	0.7399611	0.4558894	0.2861291	0.4494045	0.3217159	0.0734868	0.6121022	0.2972693	0.1255017	0.5806084	1.0062176
700	0.0986569	0.6123780	1.0029728	0.1644304	0.4620800	0.0026374	0.0150493	0.0285153	0.9332955	0.0253066	0.1559213	0.0900896	0.0002412	0.1255472	0.8882751	0.4544967	0.5168189	0.9799156	1.0255567	0.7301527	0.0593360	0.7533131	1.1791218	1.0946137	0.7978170	0.6826115	0.6847840	0.1291949	0.1750439	0.0208032	0.3259660	0.1332374	0.6260205	0.7829725	0.3837798	0.7740494	0.1279512	0.6795229	0.4073370	0.0229588	0.9726638	0.4269389	0.0888866	0.0480842	0.8378281	0.3638903	0.6831360	0.8042490	0.8726086	0.3154413	0.0825803	0.4066352	0.4328255	0.0179209	0.7419673	0.4711743	0.7710694	0.4616782	0.4780955	0.9246250	0.6684808	0.5000523	0.2930072	0.3328101	0.5045991	0.4743017	1.0143332	0.5420788	0.5159638	0.0606814	0.5085322	0.1519250	0.6213672	0.8614058	0.2621895	0.2282423	0.8383860	0.1531154	0.1864454	0.5392571	0.6333738	0.8591650	0.1385343	0.5776673	1.0974450	0.2813580	0.2650396	0.4140527	0.5852667	0.7006631	0.4633679	0.2091752	0.4254150	0.4356584	0.0787162	0.6120287	0.3477753	0.0744870	0.5205852	0.9965509
750	0.0626026	0.6148982	1.0633771	0.1176005	0.4031041	0.0006316	0.0165777	0.0219768	1.0399330	0.0242630	0.1031953	0.0779070	0.0039914	0.0931370	0.8789893	0.5160465	0.4933033	0.9814279	0.9174213	0.8781818	0.0657680	0.7455354	1.0403861	1.0796684	0.7611220	0.6479039	0.7623773	0.1069151	0.1875991	0.0211125	0.2968694	0.1151440	0.6572250	0.7900924	0.3423736	0.7682232	0.1147966	0.6781915	0.4170796	0.0231841	0.8345461	0.4969984	0.0711719	0.0436181	0.7956297	0.4293941	0.6199419	0.7837488	0.8159650	0.3412995	0.0805830	0.4284335	0.4170139	0.0043386	0.7152329	0.5142024	0.8063822	0.3843780	0.5034491	0.9903840	0.6586545	0.6517058	0.2973687	0.3313880	0.5154638	0.5317095	0.9473698	0.6784159	0.4680505	0.0549935	0.4153488	0.1109830	0.5432663	0.8413632	0.2833246	0.2505805	0.7731671	0.1411954	0.1605577	0.6154988	0.6719241	0.9259278	0.1672116	0.4921884	1.0991953	0.3255568	0.3264232	0.4097530	0.5411257	0.7018190	0.5047496	0.1768795	0.4433574	0.5276829	0.0592608	0.6352949	0.2711970	0.0511123	0.5670253	0.9597592
800	0.0350566	0.6805337	1.0703820	0.1404830	0.4808433	0.0016772	0.0321160	0.0267126	1.0042991	0.0410178	0.1329510	0.0639059	0.0084771	0.0870834	0.7875651	0.5316904	0.5171415	1.1136447	0.9311552	0.8766050	0.0920187	0.6506540	1.0235463	1.0434725	0.7577341	0.7010987	0.7599855	0.1211284	0.1687344	0.0294118	0.3886858	0.1411679	0.6201819	0.8234947	0.3285051	0.7409724	0.1407591	0.6231657	0.3994697	0.0215806	0.8668613	0.5036583	0.0633487	0.0493455	0.7800751	0.5084785	0.6024861	0.7673817	0.7415230	0.3854845	0.0871007	0.4310273	0.4380657	0.0026664	0.7073405	0.4365178	0.7550180	0.3472851	0.5720105	1.0417491	0.6616115	0.5625084	0.1993556	0.2665027	0.4952652	0.5149597	0.9560870	0.7184264	0.4071958	0.0400983	0.4111401	0.1611858	0.4860297	0.9558308	0.2337865	0.2349243	0.8364478	0.2140859	0.1819919	0.6409886	0.7978455	0.9496953	0.1359228	0.5592001	1.1035419	0.3244469	0.3134685	0.3605402	0.5701589	0.6897392	0.4829694	0.2082183	0.3975138	0.5592926	0.0922754	0.6821515	0.2298688	0.0410127	0.6079648	0.9459580
850	0.0277740	0.6765614	0.9842491	0.1422649	0.5228211	0.0020542	0.0249478	0.0323298	1.0186599	0.0654895	0.1666909	0.0994873	0.0184282	0.1199596	0.7479243	0.4864563	0.4513557	1.1035176	0.9891585	0.8433776	0.1064240	0.6000885	1.0262547	1.1334042	0.8319369	0.7759472	0.7856238	0.0661525	0.1949723	0.0187914	0.2949412	0.1002532	0.6942717	0.8893672	0.3431999	0.9185168	0.2077247	0.6622108	0.3812201	0.0262350	0.9711758	0.5171321	0.0690783	0.0314044	0.7018187	0.5067492	0.5525909	0.7574811	0.6999790	0.3103925	0.1078100	0.4147780	0.4071662	0.0029645	0.7248066	0.4280407	0.7298987	0.3067314	0.5663145	0.9286317	0.5821249	0.5663051	0.2052649	0.2628631	0.4862417	0.5778793	0.9472571	0.7212468	0.3576922	0.0203325	0.3350981	0.2253820	0.4360320	0.9149327	0.2286000	0.2089254	0.9046276	0.4256991	0.1916373	0.6863383	0.7685836	1.0095063	0.1154867	0.5138490	1.0374433	0.3435239	0.3530838	0.3216792	0.5234542	0.6865122	0.5277224	0.2955535	0.4059410	0.5441090	0.0593950	0.6502806	0.2622419	0.0290163	0.5843763	0.8907079
900	0.0137504	0.7070712	0.9236791	0.1082838	0.4734851	0.0004364	0.0526600	0.0240969	1.0731088	0.1660026	0.1323495	0.0720549	0.0157990	0.1561609	0.8133547	0.4907523	0.3959187	0.9432363	1.0185857	0.9007770	0.0933424	0.6273910	1.0006324	0.9520668	0.9079727	0.7560819	0.8741936	0.0986747	0.1866304	0.0286135	0.2751296	0.0913226	0.7175680	0.8751071	0.3138287	0.8115248	0.2574418	0.6177715	0.3771544	0.0205996	1.0476258	0.4781057	0.0727249	0.0374709	0.7734211	0.5721626	0.5471063	0.8132227	0.7806983	0.3081486	0.0924628	0.4238220	0.4593987	0.0034269	0.7760193	0.4630610	0.6757399	0.2717865	0.4982810	0.9936718	0.6618890	0.5603541	0.2867860	0.2471782	0.5118666	0.4943079	1.0453275	0.7427672	0.3806596	0.0174421	0.3580127	0.2346900	0.4107278	0.9241447	0.2708544	0.2372690	0.9143438	0.3684840	0.2623713	0.7238056	0.7579538	0.9294739	0.1298301	0.5806432	1.0848893	0.3103201	0.3300236	0.3588743	0.4915755	0.6834525	0.5026868	0.3136034	0.4772255	0.5007899	0.0600447	0.6682357	0.3171262	0.0430058	0.5731646	1.0021561
950	0.0063842	0.6011282	0.9915515	0.1654687	0.5368370	0.0034499	0.0472580	0.0272662	1.0073432	0.2955152	0.1100171	0.0344637	0.0046686	0.1013312	0.8001582	0.5105004	0.4408171	0.9761525	0.9717245	0.9922504	0.0958764	0.6873977	0.9591331	0.9241209	0.8379079	0.7081627	0.8023770	0.1172485	0.1451395	0.0300070	0.3257019	0.0938220	0.7228757	0.7958418	0.3036089	0.8527326	0.3293362	0.6894783	0.3955283	0.0190235	1.0436934	0.4637378	0.0667783	0.0475740	0.7610728	0.5446746	0.5480843	0.8626505	0.7872271	0.2959828	0.0840971	0.4200003	0.6357828	0.0016062	0.7082759	0.4583956	0.8952016	0.3583865	0.4334196	1.0089932	0.6543266	0.6291001	0.2272653	0.2685878	0.5377000	0.5430574	1.0053620	0.8404433	0.4175607	0.0316245	0.4195833	0.2915825	0.3690773	0.9119529	0.1925015	0.2324671	0.8931272	0.2907087	0.2801945	0.7651121	0.8171924	0.9644605	0.1310015	0.6029704	0.9452642	0.3431441	0.2649723	0.4479631	0.4941262	0.7502591	0.4579224	0.2854172	0.5075738	0.5102361	0.0359601	0.6674814	0.2574631	0.0517213	0.5220541	0.9355614
1000	0.0149008	0.6137695	1.0819896	0.1092483	0.4244200	0.0042880	0.0586425	0.0283090	1.0398996	0.4134086	0.1072636	0.0727633	0.0030032	0.0788574	0.9136497	0.4704995	0.4613134	0.9553181	0.9907463	0.8710573	0.0583337	0.7379556	0.9983147	1.0374805	0.8005717	0.7216573	0.8568863	0.1184755	0.1650568	0.0420815	0.3860352	0.0734445	0.6902733	0.8309118	0.2517020	0.8914307	0.3534190	0.7659448	0.3699490	0.0137480	1.0387483	0.4697315	0.0500195	0.0605847	0.8400639	0.5063466	0.5907055	0.8746307	0.7779444	0.3208136	0.0835616	0.5023449	0.8126409	0.0021936	0.8673345	0.4574643	0.8294946	0.2786154	0.4460153	0.9672666	0.6008701	0.5950752	0.1628049	0.2988805	0.5652771	0.4687277	1.0331440	0.7782517	0.3969360	0.0579505	0.4373117	0.2527434	0.3471989	0.9428974	0.2464387	0.2421655	0.9063723	0.3284467	0.2913534	0.6077783	0.7693200	0.9594096	0.1094465	0.6698220	0.8416700	0.2862414	0.2343903	0.4957937	0.5363029	0.7477863	0.4901123	0.2269184	0.4402089	0.5514088	0.0504473	0.5942865	0.2646935	0.0244808	0.5061313	0.9591934

0	0.0094491	0.6355617	1.0459758	0.0876986	0.4170952	0.0015965	0.0357302	0.0201856	0.7842026	0.5482911	0.1482550	0.1067167	0.0074763	0.0795139	0.9263252	0.4386615	0.5117037	1.0187251	0.9869150	0.9112762	0.0675828	0.6396705	0.9879649	0.9056811	1.0249936	0.8053086	0.8415975	0.0956169	0.2807776	0.0361236	0.3476186	0.0945586	0.7647381	0.8073502	0.2691465	0.9854445	0.2644993	0.7761342	0.3511720	0.0142404	0.9503393	0.3956488	0.0912837	0.0721673	0.8039584	0.5632487	0.5721011	0.9104100	0.8750489	0.3877912	0.0490860	0.3690556	1.0040851	0.0016799	0.7496314	0.4296180	0.7445798	0.3138374	0.4763448	0.9977159	0.8917758	0.5763065	0.2317245	0.3844034	0.5377636	0.4876338	1.0898320	0.8135737	0.5024926	0.0491368	0.3912071	0.2335426	0.3169327	0.9297559	0.3112694	0.3637340	0.9584119	0.1589398	0.2670455	0.6498318	0.7931145	1.0351174	0.1402507	0.6535788	1.0095359	0.4184859	0.2245238	0.5131035	0.6073464	0.7854143	0.4606182	0.1309775	0.4648780	0.5528648	0.0723851	0.5781484	0.2784400	0.0363961	0.5378107	0.9932421
50	0.0942694	0.5484809	0.9990103	0.2744467	0.6017555	0.0031812	0.3477332	0.0117907	0.8206953	0.3428593	0.1234390	0.1763118	0.0043831	0.1089809	0.8360665	0.5060018	0.2877380	0.8631521	0.8488088	0.8976574	0.0586997	0.8014452	0.9087166	0.9533744	0.9470739	0.7032748	0.9128995	0.1109244	0.2031508	0.0266307	0.3138714	0.0452724	0.6917117	0.7545034	0.1793469	0.8051615	0.1455311	0.6441882	0.3608697	0.1906612	0.8880270	0.4753375	0.0554758	0.0564003	0.7742953	0.4336401	0.5891650	0.9278363	0.7758729	0.4311918	0.0436016	0.3568096	0.8491397	0.0021481	0.7658302	0.5949111	0.7493299	0.2715157	0.4846371	0.9847275	0.7964249	0.6448205	0.3137153	0.3018905	0.4711638	0.4485679	0.9695347	0.7603155	0.3679627	0.0439573	0.3481030	0.2100659	0.2281356	0.9007802	0.1691350	0.3150965	0.9142932	0.3396120	0.1746798	0.6633607	0.8019246	0.9352968	0.1425110	0.4507162	1.0087434	0.3521974	0.3540126	0.4812097	0.6244196	0.9068398	0.4246907	0.3454468	0.5181417	0.6488082	0.1938111	0.6125319	0.2164309	0.0355825	0.4551577	0.8943061
100	0.1762645	0.6084903	0.8782284	0.3095951	0.7377929	0.0352110	0.6189954	0.0137558	0.8925516	0.2104774	0.1347797	0.2318911	0.0045808	0.0383517	0.8619724	0.4888327	0.1430416	1.0030834	0.7933503	0.7695476	0.0584491	0.8793803	0.9331104	0.9165584	0.8891263	0.7253188	0.9852457	0.1154994	0.1600129	0.0382005	0.3798054	0.0533642	0.6927354	0.7529376	0.2019556	0.8276293	0.1355975	0.4940104	0.4199540	0.3437809	0.9093949	0.5352298	0.0743959	0.0520216	0.7987563	0.4233805	0.5661519	0.8153869	0.8227155	0.3597849	0.0248702	0.3521097	0.8214533	0.0012841	0.7711996	0.5686589	0.7416846	0.2651729	0.4917161	1.0441375	0.7540140	0.8012102	0.3663689	0.3324708	0.5877266	0.4358785	0.9862675	0.6611830	0.2363110	0.0247385	0.3509237	0.2841940	0.2820041	0.8464913	0.0951941	0.3342711	0.9296253	0.3692320	0.1832690	0.7347015	0.8215732	0.9507553	0.1380648	0.3182563	1.0112238	0.2695483	0.3265190	0.4640725	0.5662118	0.9715695	0.4564932	0.3273375	0.6509748	0.8074908	0.3176875	0.5841194	0.2824691	0.0720330	0.3135203	0.9347774
150	0.1592889	0.6053756	0.8584006	0.3331223	0.6546882	0.1020253	0.7797067	0.0133074	0.8287492	0.0721038	0.1498194	0.2213815	0.0121938	0.0363218	0.8235204	0.5261919	0.1118088	0.9493749	0.7211597	0.7421232	0.0808331	0.9660839	1.0337913	1.1203903	0.8944580	0.6448855	0.9415410	0.0992527	0.0714630	0.0398297	0.4014251	0.0522155	0.6585807	0.8874142	0.2773883	0.7671726	0.1809719	0.4091946	0.4546782	0.3883018	1.0632929	0.5467825	0.0849769	0.0482221	0.8274075	0.5451887	0.5397590	0.7561607	0.7800471	0.3231361	0.0289772	0.3760550	0.7124539	0.0008230	0.7102131	0.4981647	0.8296055	0.2921404	0.5018176	0.9563787	0.7100178	0.8767668	0.3416157	0.3213584	0.6522889	0.4614981	1.0539808	0.6533131	0.2010460	0.0135045	0.2959964	0.2778610	0.3196995	0.8600274	0.0356778	0.3130127	0.9634810	0.2814938	0.1891644	0.7727085	0.8627078	1.0909454	0.1259233	0.2880815	1.0712754	0.1965295	0.2320390	0.4346140	0.6085621	1.0104211	0.4883413	0.2806391	0.6789736	0.8958382	0.5067684	0.6445196	0.3977137	0.1470148	0.1587087	0.9551310
200	0.1896864	0.5489852	0.6865698	0.3482428	0.6172110	0.1235373	0.8421141	0.0273285	0.9216778	0.0301274	0.1486831	0.3029558	0.0436117	0.0269910	0.6420934	0.5105614	0.0786229	0.9176882	0.8009701	0.6447124	0.0878266	0.9172218	1.0279173	1.0009558	0.8818445	0.7244026	0.9012757	0.1126141	0.0477877	0.0368985	0.3897338	0.0856534	0.6641080	0.8520397	0.3239805	0.7964745	0.3159795	0.3915880	0.6558933	0.4169825	0.9961871	0.5527563	0.0782001	0.0450313	0.8195954	0.4770064	0.5083051	0.7377791	0.7319949	0.3595109	0.0145600	0.3835746	0.5791397	0.0009753	0.7766707	0.4880650	0.8158887	0.2527874	0.4333799	0.9593783	0.6983657	0.8348796	0.4153466	0.2882847	0.6514649	0.4685897	1.0232403	0.6706238	0.1253016	0.0359165	0.4125249	0.2885643	0.4247041	0.9560985	0.0232926	0.3973556	0.9103550	0.2725006	0.2594195	0.8417427	0.8892613	1.0313118	0.1072020	0.2250286	0.9656457	0.2425598	0.1579003	0.3945888	0.6888397	0.9231671	0.5521229	0.3561213	0.8547751	0.8979238	0.5698806	0.5637094	0.3897760	0.2329702	0.0846257	0.9785345
250	0.1582372	0.5154916	0.7007530	0.3264977	0.5598584	0.1624875	0.8316820	0.0270273	0.9508841	0.0235656	0.0762724	0.2889206	0.0431952	0.0738015	0.7186005	0.4710136	0.0749629	0.8971184	0.8227526	0.6297479	0.0998859	0.9078436	1.0214508	0.9134806	0.7908007	0.7069539	0.9184529	0.1224041	0.0770921	0.0744428	0.4220532	0.0679190	0.6818637	0.8748155	0.3035752	0.8826561	0.3269194	0.3464877	0.6285367	0.4565791	1.0693110	0.5762440	0.0840242	0.0680583	0.7719660	0.5053060	0.6039524	0.7146366	0.6641057	0.3334753	0.0206025	0.3434493	0.5214088	0.0006685	0.7274040	0.5129890	0.7169523	0.2421280	0.4714748	1.0675002	0.6076202	0.8846801	0.4655173	0.3719513	0.5774389	0.5092907	0.9978818	0.6578506	0.1434345	0.0604962	0.4068988	0.3039566	0.5631598	0.8573438	0.0112541	0.4057776	0.8525108	0.2875260	0.2520834	0.7999362	0.9630453	1.0129976	0.0944089	0.1558072	0.9962302	0.1781464	0.1063554	0.3551498	0.6297560	0.9007783	0.4941685	0.3558186	0.8818835	0.8673837	0.6725337	0.6218814	0.3684387	0.3501819	0.0908716	0.9926103
300	0.1540318	0.5682101	0.8525948	0.3281435	0.5063256	0.1624925	0.9012079	0.0251983	0.9425895	0.0209061	0.0644224	0.2717931	0.0471749	0.0615865	0.6416449	0.5122077	0.0958083	0.9002510	0.7409714	0.7137419	0.1060480	0.9468607	0.9933243	0.8836010	0.8509995	0.7050247	0.9557530	0.1140212	0.1523596	0.0606577	0.4211938	0.0457479	0.7105233	0.9966582	0.2608061	0.9250479	0.2631943	0.3459488	0.6546204	0.4615101	0.9773041	0.6111855	0.0570782	0.0491268	0.7225269	0.6040206	0.5183199	0.7973750	0.6720468	0.3541071	0.0191093	0.3712918	0.4902100	0.0026687	0.7096733	0.4341144	0.7175579	0.2380259	0.5650951	0.9629196	0.6210424	0.8077816	0.3014265	0.3514604	0.4644357	0.5210070	1.0394652	0.6415269	0.1328240	0.0293829	0.3538363	0.2217207	0.6457542	0.9614210	0.0095806	0.4508114	0.8741248	0.2803004	0.2344048	0.8016080	0.8768738	1.0344454	0.1070963	0.2138503	1.0349725	0.1632863	0.0989923	0.3565604	0.5419722	0.7560623	0.4933086	0.3446134	0.8939774	0.8689903	0.6527857	0.6623618	0.3562840	0.4236803	0.0499753	0.9872333
350	0.1777112	0.6701236	0.7820431	0.3888345	0.4711117	0.1695785	0.9203735	0.0277850	0.9583426	0.0280836	0.1058764	0.2703343	0.0470258	0.0561812	0.6754636	0.5373195	0.1129638	0.9107433	0.7280600	0.6742847	0.0941872	0.9757084	1.0063801	0.9494459	0.8997531	0.7436633	0.9616458	0.1001837	0.1886376	0.0612569	0.3808748	0.0487220	0.6722568	0.8871694	0.2480657	0.8433349	0.3278336	0.3007457	0.7283790	0.5135661	1.0276711	0.5656679	0.0553422	0.0440126	0.8119709	0.5327187	0.5890459	0.8240855	0.6110001	0.3285667	0.0108476	0.3786789	0.4337601	0.0028769	0.7163665	0.4201556	0.8167618	0.2269642	0.5213485	0.9265056	0.5638288	0.8314669	0.1641840	0.3318179	0.5215661	0.4671141	1.0769945	0.5947610	0.1484332	0.0545051	0.4554361	0.1938035	0.5591491	0.9264968	0.0125678	0.4785489	0.8437424	0.4120788	0.2258554	0.8641526	1.0133428	0.9676620	0.0738841	0.2555693	1.1975075	0.1775486	0.1103992	0.3398928	0.5022065	0.9369259	0.5166917	0.3690677	0.8770861	0.8576156	0.6520122	0.6624814	0.3155259	0.4690649	0.0504196	0.9655268
400	0.1998014	0.6572657	0.7395243	0.3972028	0.4459936	0.1847659	0.8179764	0.0278266	1.0617411	0.0215283	0.1025280	0.2621596	0.0514791	0.0262008	0.5860143	0.5025014	0.1388394	0.9607252	0.8032352	0.6965985	0.0729917	0.9799340	0.9193393	1.1057052	0.9332486	0.6303853	0.9618004	0.1117091	0.1671697	0.0547654	0.3894525	0.0632903	0.6500110	0.7695630	0.2237622	0.9102776	0.2841212	0.3269439	0.6466146	0.4077476	1.0409763	0.5541407	0.0777675	0.0623971	0.8216888	0.4977753	0.6702721	0.8559125	0.5517820	0.3206591	0.0056423	0.3454876	0.4009095	0.0011017	0.7233632	0.3972536	0.8208474	0.1985430	0.4692424	0.8868162	0.5495433	0.7681395	0.2242567	0.4074475	0.6044309	0.4438808	0.9757927	0.6138595	0.1305703	0.0622680	0.4300820	0.1918753	0.5690280	0.8685799	0.0086922	0.5399719	0.8556954	0.4195987	0.2485363	0.8755972	0.9435595	0.9391650	0.0957996	0.3200178	1.2310223	0.1322881	0.1704306	0.3753737	0.4963077	0.9448795	0.5346689	0.4172595	0.8547821	0.8810002	0.6355133	0.7230915	0.2957847	0.4773807	0.0539810	1.0057001
450	0.1799075	0.5586131	0.8030429	0.3647858	0.4508983	0.2157759	0.8196294	0.0203363	1.0098271	0.0139924	0.0790563	0.2795768	0.0860169	0.0482952	0.6732158	0.4820818	0.1239623	0.9871175	0.8712096	0.6770421	0.0965222	0.9518192	0.8871579	1.0021475	0.9737990	0.6653404	0.8767775	0.0750198	0.1376196	0.0633071	0.3441395	0.0661488	0.6107120	0.8519083	0.2436801	0.8274118	0.2582734	0.3279616	0.6731394	0.4798834	1.0622640	0.6348600	0.0743873	0.0599013	0.7662398	0.4850382	0.5763581	0.8558668	0.6085653	0.3303797	0.0065047	0.3640850	0.3531241	0.0038622	0.7180893	0.4242726	0.8055081	0.2089855	0.5708784	0.9358570	0.4922518	0.7688136	0.3044023	0.4376951	0.5239264	0.3742975	1.0653844	0.6068601	0.1582604	0.0345321	0.3952723	0.2015324	0.5471766	0.8269928	0.0152695	0.4453464	0.9120935	0.3974176	0.2981401	0.8314944	0.8475039	1.0278402	0.1042144	0.3379519	1.2220633	0.1404317	0.1891797	0.3330879	0.4978574	1.0285134	0.4754349	0.3759163	0.8678377	0.8691732	0.5945222	0.6533073	0.3237417	0.4228179	0.0596955	0.9928924
500	0.1868521	0.5634808	0.7890765	0.3035846	0.4185758	0.1873655	0.8311082	0.0226332	0.9828657	0.0298495	0.0679656	0.2485446	0.0913504	0.0782461	0.5859004	0.4993122	0.0992607	1.0404385	0.8736391	0.6401948	0.0780216	1.0086424	0.9499336	0.9076851	0.9707034	0.6571142	0.8102170	0.1051617	0.1168234	0.0672517	0.4179927	0.0961640	0.7259131	0.7612062	0.2615340	0.8782160	0.1809358	0.2991114	0.7352436	0.4992914	0.9852099	0.6127821	0.0620702	0.0770323	0.7958639	0.4587094	0.5890067	0.8261485	0.5893517	0.3732643	0.0014430	0.4068095	0.4027218	0.0004097	0.7450297	0.4604034	0.8469569	0.2025368	0.5080110	0.9518514	0.4731119	0.7908550	0.2293906	0.3819527	0.5311165	0.3730060	1.0269587	0.6300439	0.1425114	0.0510996	0.3811415	0.2340033	0.5915229	1.0077596	0.0283942	0.4718115	0.8730940	0.3723114	0.2431899	0.8456267	0.8244706	0.9556170	0.1066843	0.2518758	1.1489102	0.1698153	0.2868687	0.3616191	0.5506263	1.0411827	0.4682491	0.3707342	0.8929368	0.8040291	0.5176564	0.6415894	0.2398503	0.3574417	0.0286398	0.9489699
550	0.1475293	0.5862377	0.8022497	0.2602643	0.2883242	0.1912199	0.4463642	0.0386091	1.0756237	0.0290456	0.1148950	0.1906717	0.1094134	0.1213890	0.5202152	0.5331592	0.2323758	1.0354182	0.7909158	0.7051879	0.0612067	0.8111380	0.9303342	0.9030419	0.8496941	0.6571989	0.8705952	0.0905197	0.1251001	0.0711872	0.4139818	0.0634223	0.6805216	0.7753682	0.2901838	0.8652477	0.2368718	0.4696915	0.6821150	0.2471171	1.0299650	0.5131625	0.0631287	0.0629281	0.8647712	0.5178636	0.5492956	0.8330932	0.6303638	0.3230004	0.0070700	0.4750120	0.4193574	0.0048315	0.8259706	0.4849206	0.7456429	0.2439572	0.4720831	0.8814973	0.5022552	0.7733134	0.1946408	0.3617344	0.5800189	0.3941943	0.9456592	0.6501713	0.2055646	0.0676082	0.3511599	0.2229886	0.5559094	0.9816461	0.0834411	0.3816784	0.8418856	0.3554585	0.2455486	0.7452818	0.8679064	0.9539254	0.0928408	0.3734583	1.1026624	0.2202443	0.3186964	0.3349785	0.5433569	1.0033474	0.5644066	0.4171556	0.7223746	0.8383242	0.4205610	0.7576812	0.2468640	0.3049129	0.0398302	0.9734714
600	0.1005949	0.5600039	0.9220517	0.1511480	0.1423510	0.1328768	0.1900193	0.0298934	1.0434240	0.0268622	0.1071615	0.1566111	0.1247622	0.1733389	0.6967674	0.5597825	0.3865164	1.0387063	0.9154804	0.7429004	0.0740396	0.6595342	0.9726099	0.8644079	0.8421359	0.7626097	0.8608471	0.0826413	0.2032638	0.0619416	0.4231147	0.0376182	0.6634023	0.7905202	0.3588005	0.8585970	0.3382477	0.6497760	0.6148891	0.1081885	0.9295826	0.5227359	0.0698082	0.0475900	0.9015088	0.4919279	0.5666345	0.8445525	0.7658512	0.3680132	0.0206925	0.4865418	0.3628502	0.0032592	0.8384464	0.4485756	0.7119645	0.2493741	0.4581739	1.0395835	0.4584170	0.7217099	0.2305170	0.2994783	0.6036971	0.4207283	0.9862754	0.6814865	0.1704903	0.1266047	0.3547118	0.2071271	0.5538778	0.8666022	0.1280096	0.3313248	0.8794774	0.3243681	0.2780498	0.6921082	0.8422172	0.9774706	0.0882942	0.4964496	0.9909247	0.3178741	0.3493544	0.3449639	0.5032681	0.9035803	0.6023392	0.4217709	0.5038349	0.6684856	0.3265259	0.7020018	0.2602101	0.1918465	0.0663488	1.0341773
650	0.0438726	0.5438924	0.9937820	0.0956967	0.1221300	0.0659842	0.0982410	0.0230770	1.0397207	0.0407755	0.0869660	0.1097710	0.0563154	0.1661651	0.7556459	0.5317624	0.4808675	0.9575613	0.9971146	0.7543751	0.0658613	0.6008725	0.9509947	0.9746009	0.9350787	0.9875593	0.8411917	0.0887117	0.2699185	0.0444437	0.4422695	0.0595912	0.6458285	0.7464224	0.3711431	0.8599417	0.2521206	0.7189269	0.4664383	0.0522225	0.9589073	0.4915311	0.0531447	0.0747404	0.7923794	0.5558889	0.5422512	0.7337969	0.7333323	0.3580198	0.0357853	0.3839955	0.2946917	0.0043506	0.7936546	0.4203491	0.7271848	0.2408170	0.3753076	0.9700189	0.3334740	0.5866376	0.1847905	0.2842168	0.5916224	0.4305142	0.9409238	0.6411863	0.2046121	0.2021705	0.3318799	0.2792863	0.5094915	0.8433304	0.2266181	0.3983623	0.9288197	0.3183339	0.2828526	0.5839007	0.7191101	1.0800301	0.1208730	0.6327190	1.0127093	0.3209044	0.3996127	0.3706311	0.5360235	0.8865792	0.6319921	0.4094493	0.4793348	0.5631140	0.1914985	0.7457754	0.2441931	0.1083914	0.0846430	1.0284572
700	0.0483290	0.6038815	1.0830165	0.0820192	0.1512235	0.0179758	0.0554982	0.0158108	0.9718193	0.0402652	0.0911609	0.1169232	0.0217947	0.1522174	0.8245047	0.4273323	0.5470385	0.8975668	0.9250415	0.7541745	0.0558915	0.6122895	0.8949163	0.9172021	0.9232029	0.9177979	0.8921904	0.1066474	0.2704451	0.0466105	0.4142869	0.0788422	0.5914842	0.9120127	0.3358294	0.8577729	0.2870279	0.7083580	0.4205907	0.0298486	1.0872067	0.4579689	0.0667385	0.0629073	0.7865389	0.5869824	0.5234741	0.7992832	0.7562418	0.3329452	0.0480220	0.3501845	0.1892335	0.0001428	0.7955097	0.4985151	0.7638215	0.2632945	0.4796576	0.9393774	0.2758493	0.5878011	0.0984020	0.2796344	0.5135974	0.4675411	0.9061510	0.6561096	0.2825864	0.2372411	0.3323523	0.2407001	0.5140383	0.8451359	0.2932093	0.4295622	0.8985203	0.3902150	0.2782376	0.6884492	0.7731386	1.0275663	0.1011090	0.6166890	0.9637456	0.3296582	0.4188816	0.4158745	0.4876339	0.7808484	0.5505441	0.4023645	0.4575892	0.5296468	0.1282412	0.7063692	0.2430866	0.0783590	0.2601598	0.9447080
750	0.0260073	0.6632680	1.1051729	0.1033614	0.3724685	0.0082807	0.0409511	0.0371219	0.9882601	0.0529218	0.1368662	0.1036402	0.0142902	0.1503072	0.9370074	0.2999526	0.5362913	1.0241389	0.9113626	0.8347438	0.0402830	0.6659474	0.9641980	1.0130904	0.8746522	0.7390605	0.8841315	0.1351537	0.2523757	0.0307234	0.4574311	0.0853214	0.6665430	0.9585361	0.2931034	0.8275050	0.4236556	0.7254964	0.2877383	0.0253221	1.0825156	0.4867628	0.0668649	0.0859694	0.7621667	0.5759433	0.5429642	0.7972348	0.7523844	0.3382353	0.0474082	0.3563572	0.2034568	0.0048363	0.8349513	0.5252412	0.8197576	0.2635634	0.4384028	0.8869788	0.4018724	0.5702611	0.0967733	0.2611525	0.4822374	0.4885594	0.9464601	0.6898237	0.3110770	0.1921492	0.3178425	0.2323860	0.4350899	0.8953994	0.2798723	0.4466962	0.9196733	0.3977721	0.2210388	0.7177060	0.8240508	0.9759004	0.0900544	0.7018581	1.0460668	0.3451735	0.4325073	0.5315894	0.5907617	0.7311107	0.5106789	0.2836772	0.3898274	0.5484084	0.0983766	0.6721219	0.2620505	0.0309423	0.3576509	0.9618868
800	0.0184810	0.6958917	1.0046214	0.1023596	0.4258353	0.0057748	0.0244214	0.0257947	0.9789745	0.1967728	0.1165569	0.1109958	0.0040307	0.1515346	0.8007045	0.3595825	0.4775363	1.0312608	0.9939553	0.7969231	0.0560115	0.6972604	1.0235749	0.9180393	0.9244497	0.7747451	0.8735486	0.1098570	0.2399078	0.0317329	0.4295671	0.0668878	0.5777374	0.8762553	0.3105453	0.8800516	0.4635835	0.7944587	0.2986142	0.0238392	1.0420143	0.4135220	0.0615071	0.1205437	0.7276302	0.6697988	0.5613774	0.7961590	0.9100533	0.2860849	0.0520153	0.2757728	0.3941703	0.0002449	0.7888683	0.5172835	0.7704439	0.2910334	0.4383133	0.9810263	0.5852867	0.5048819	0.1591928	0.2796246	0.4768548	0.5222808	1.0269312	0.6741973	0.3912706	0.1144581	0.3512036	0.2107870	0.3810285	0.8712224	0.2956018	0.4229298	0.9557670	0.3597941	0.2419919	0.7203676	0.7721829	0.9526706	0.1101969	0.6445776	1.0435988	0.3822909	0.3817666	0.4964325	0.5814612	0.7201385	0.5289041	0.2966688	0.3639078	0.5038876	0.0669845	0.6586064	0.2811408	0.0443426	0.4788839	1.0051613
850	0.0244057	0.6498712	1.0426491	0.1446671	0.4898778	0.0005177	0.0513658	0.0218846	1.0649191	0.2167219	0.1175242	0.1076499	0.0032011	0.1265229	0.8143564	0.3148966	0.3969344	0.9353582	1.0155647	0.7922733	0.0914335	0.6280676	1.0653191	1.0507346	0.8948754	0.7346595	0.8408519	0.1001820	0.2233486	0.0416961	0.2831769	0.0726118	0.5766473	0.8700168	0.3078787	0.8471931	0.4334738	0.7894707	0.3734413	0.0286875	0.9943860	0.4387011	0.0624197	0.0980952	0.7093695	0.5645343	0.5608424	0.7987554	0.7778757	0.3190505	0.0535683	0.2734009	0.6635723	0.0019397	0.6950802	0.5520995	0.8023044	0.3384217	0.4442282	1.0324122	0.6973134	0.6312033	0.1484173	0.2722429	0.4820051	0.5304068	1.0323212	0.7889418	0.3966909	0.0612491	0.3801241	0.2953187	0.3846065	0.8923502	0.2659285	0.4400999	1.0137861	0.5009666	0.2670966	0.7579379	0.7372511	0.9588950	0.1211240	0.6476896	0.9011950	0.3456893	0.2899670	0.4314885	0.5292878	0.7024740	0.5133304	0.3039175	0.3850311	0.5139431	0.0945601	0.6043732	0.2458101	0.0248478	0.5785184	1.0146835
900	0.0140105	0.6236348	1.0015552	0.1504006	0.4677938	0.0041447	0.0234804	0.0249653	0.9395938	0.2866041	0.1367369	0.0880153	0.0034203	0.1655192	0.9203941	0.3625049	0.5125184	0.9911445	0.9845718	0.8667197	0.1148343	0.6170689	0.9494459	0.9048196	0.8397707	0.7135637	0.8607280	0.1127813	0.2298301	0.0362703	0.3468847	0.0829058	0.6713731	0.8668496	0.3012197	0.8323113	0.3794480	0.7495197	0.3474713	0.0282237	0.9442306	0.4563003	0.0917709	0.1286511	0.7168982	0.5527168	0.5530595	0.7830238	0.7586646	0.3479720	0.0604557	0.2681994	0.8217161	0.0011447	0.7683756	0.5688538	0.9019692	0.2622885	0.5023676	0.9931822	0.7262421	0.6523832	0.2254498	0.3013019	0.5097241	0.5069433	1.0087811	0.8197395	0.5256576	0.0452833	0.3322408	0.2646249	0.3721369	0.8724988	0.2458407	0.4008752	1.0325087	0.4146255	0.2714797	0.6868349	0.8728661	0.9242369	0.1256671	0.7730091	0.9714354	0.3083894	0.2126888	0.4603308	0.4783620	0.7184740	0.4850821	0.3003697	0.3778796	0.5729686	0.0948551	0.6250381	0.2563966	0.0422673	0.5976866	0.9472211
950	0.0089967	0.6811795	1.0970090	0.1913009	0.4134696	0.0008659	0.0132811	0.0210173	0.8989373	0.3627429	0.1395579	0.0930837	0.0012738	0.1166820	0.9356258	0.3705753	0.5002574	1.0159331	0.9764309	0.9096759	0.0953366	0.6805075	0.9384841	0.9331272	0.8619153	0.6729502	0.8299926	0.1061176	0.2284664	0.0321485	0.3795273	0.1019295	0.6725047	0.8552224	0.2813518	0.8889431	0.3455644	0.7879847	0.3183130	0.0369658	0.9549452	0.4889997	0.0940154	0.1014864	0.6791960	0.5856861	0.5753692	0.8690487	0.8464768	0.3085131	0.0872681	0.2873204	0.9494853	0.0003423	0.7453380	0.5218281	0.8017788	0.2885134	0.5271806	1.0010262	0.7979179	0.5382095	0.3215673	0.2744714	0.5340785	0.5528991	1.0602310	0.8282849	0.5047029	0.0829920	0.3775570	0.2393946	0.3487006	0.8631972	0.2754695	0.3739591	0.9692606	0.2709476	0.2748930	0.7066242	0.8284202	0.8977622	0.1180568	0.6558734	0.9851175	0.3785011	0.2493138	0.4772450	0.5637148	0.7222743	0.4490228	0.3799444	0.4299419	0.5396003	0.1139912	0.6420098	0.2527913	0.0227527	0.5732522	0.9725489
1000	0.0196188	0.5461466	1.1241590	0.1813391	0.4514883	0.0006343	0.0364782	0.0118974	0.7887173	0.3760447	0.1186961	0.0946224	0.0048094	0.1096022	0.9750028	0.3900631	0.4865602	1.0558256	1.0050916	0.9323261	0.0924971	0.6746816	0.9820531	0.9968344	0.8587018	0.6711706	0.8733201	0.1171445	0.2043825	0.0236429	0.4469188	0.0930851	0.6327603	0.8154397	0.2686225	1.0078111	0.2999500	0.8167412	0.2894268	0.0346323	0.8902065	0.4309404	0.0842018	0.0751752	0.6671496	0.5593784	0.6229060	0.8824687	0.9906980	0.3016303	0.0980587	0.3106914	0.8691049	0.0016673	0.7923542	0.5315523	0.8702208	0.3314196	0.5226905	0.9959728	0.8828638	0.5146678	0.3638674	0.3305939	0.4876043	0.4681033	1.0345000	0.6971481	0.5267927	0.0746284	0.3404638	0.1356248	0.2885337	0.8438148	0.3228405	0.3866457	0.9267972	0.1882782	0.2896899	0.6352693	0.8102421	0.9264840	0.1168250	0.6987129	0.9354789	0.3816626	0.2867011	0.5290077	0.5946401	0.6760512	0.4120530	0.3369029	0.4430459	0.5956313	0.1497587	0.6564287	0.2694426	0.0231066	0.5811328	0.9531531

0	0.0094491	0.6355617	1.0459758	0.0876986	0.4170952	0.0015965	0.0357302	0.0201856	0.7842026	0.5482911	0.1482550	0.1067167	0.0074763	0.0795139	0.9263252	0.4386615	0.5117037	1.0187251	0.9869150	0.9112762	0.0675828	0.6396705	0.9879649	0.9056811	1.0249936	0.8053086	0.8415975	0.0956169	0.2807776	0.0361236	0.3476186	0.0945586	0.7647381	0.8073502	0.2691465	0.9854445	0.2644993	0.7761342	0.3511720	0.0142404	0.9503393	0.3956488	0.0912837	0.0721673	0.8039584	0.5632487	0.5721011	0.9104100	0.8750489	0.3877912	0.0490860	0.3690556	1.0040851	0.0016799	0.7496314	0.4296180	0.7445798	0.3138374	0.4763448	0.9977159	0.8917758	0.5763065	0.2317245	0.3844034	0.5377636	0.4876338	1.0898320	0.8135737	0.5024926	0.0491368	0.3912071	0.2335426	0.3169327	0.9297559	0.3112694	0.3637340	0.9584119	0.1589398	0.2670455	0.6498318	0.7931145	1.0351174	0.1402507	0.6535788	1.0095359	0.4184859	0.2245238	0.5131035	0.6073464	0.7854143	0.4606182	0.1309775	0.4648780	0.5528648	0.0723851	0.5781484	0.2784400	0.0363961	0.5378107	0.9932421
50	0.0190170	0.6531976	0.9441043	0.1189082	0.4637526	0.0052279	0.4003344	0.0161123	0.7609003	0.4712686	0.1679282	0.3319036	0.0006478	0.1043743	0.9595596	0.4007308	0.4603546	0.9101106	0.9023184	0.6723777	0.0456153	0.6383950	0.9284556	0.9710204	0.8827173	0.6611860	0.8606559	0.1137770	0.2232702	0.0188274	0.3939248	0.0850044	0.6497702	0.7781698	0.4368003	0.7414172	0.2135869	0.6901655	0.4469339	0.2329420	0.8995077	0.3963915	0.2347417	0.0660414	0.7700009	0.2975080	0.7176397	0.8626206	0.8353542	0.3734396	0.0898745	0.4115853	0.8249250	0.0022835	0.6908195	0.4228169	0.8715280	0.2770709	0.4085960	0.9758067	0.7601465	0.4587517	0.3775740	0.2435012	0.5508199	0.5273047	0.9264664	0.8345075	0.4223004	0.0324048	0.2841907	0.3416943	0.3075265	0.9322525	0.2074135	0.4531091	0.8643623	0.4309083	0.3181289	0.6312070	0.6921871	0.9176609	0.2505227	0.6624351	0.9047449	0.5425919	0.3190331	0.5232124	0.5578860	0.7859206	0.5619089	0.2021598	0.5329049	0.6869055	0.0896402	0.6108839	0.3001881	0.2881666	0.4071072	0.8675578
100	0.0102310	0.7858437	0.9563965	0.1022891	0.4350335	0.0441632	0.5915632	0.0190199	0.7230996	0.4600103	0.1376562	0.5399600	0.0019279	0.0881483	0.9062947	0.4577010	0.5152257	0.8707712	0.7645712	0.4345855	0.0747789	0.7299526	0.9913348	1.0156797	0.8770591	0.6975570	0.8615281	0.1054929	0.2460989	0.0142724	0.3384028	0.0508366	0.6758399	0.7633240	0.5037076	0.6255925	0.1139601	0.7476107	0.3759572	0.3979265	0.9691070	0.2971570	0.4492958	0.0633919	0.8096431	0.2410125	0.7449397	1.0156555	0.7582276	0.3430618	0.0382274	0.4025641	0.8681465	0.0008148	0.5438206	0.4866483	0.7524798	0.3474018	0.4679423	1.0182140	0.8158737	0.3762814	0.3101661	0.2565595	0.4653281	0.5546409	0.9518796	0.7363319	0.2910643	0.0864072	0.2121989	0.4673259	0.3790021	0.8343529	0.2368659	0.5026131	0.8810142	0.4213230	0.4532194	0.6477243	0.7360724	0.9981427	0.4347049	0.5935655	0.8845972	0.7310919	0.4144915	0.4697115	0.5731074	0.9985741	0.5571563	0.3073853	0.6082747	0.8342674	0.1786742	0.6166266	0.4428969	0.5910966	0.2395505	0.9722421
150	0.0105879	0.7933852	0.9142255	0.1438685	0.4142155	0.0745380	0.6672480	0.0318552	0.7639936	0.5039434	0.0821317	0.7666347	0.0030863	0.1039690	0.6802369	0.4332044	0.5046463	0.9174056	0.6995302	0.2672867	0.0645756	0.6948099	0.9212975	1.0113888	0.9310087	0.7024671	0.7850398	0.1072277	0.1320846	0.0160216	0.3468140	0.0487519	0.6576121	0.7255414	0.5713299	0.5136260	0.0692827	0.7831227	0.3459729	0.5766731	0.8469912	0.2695971	0.5255762	0.0587164	0.7808182	0.2171709	0.7543411	0.9715574	0.7665154	0.3312459	0.0191326	0.4252395	0.8752606	0.0007133	0.5202474	0.5307492	0.7672416	0.4455881	0.4213889	1.0003693	0.9305885	0.3135389	0.2233641	0.2692425	0.4872507	0.5302829	0.7460080	0.7783848	0.2281765	0.1805974	0.1966229	0.5913784	0.5626544	0.8846856	0.3136922	0.4426167	0.8257451	0.3512807	0.5333339	0.6153261	0.7047553	0.8296870	0.5632049	0.5597761	0.9886233	0.7804404	0.3989713	0.4454323	0.6017564	1.0125180	0.4855506	0.4135786	0.7020653	0.9335965	0.2978534	0.5605568	0.5827589	0.6578144	0.1114195	0.9074482
200	0.0101411	0.8269913	0.9665404	0.1437309	0.2365638	0.1400562	0.6963277	0.0167149	0.7849571	0.4389553	0.0695970	0.7638181	0.0099555	0.1632827	0.6261837	0.3389576	0.4872211	1.0224830	0.7070293	0.1898176	0.0574653	0.6130927	0.9673014	0.9852767	0.9264693	0.7642943	0.7356652	0.0963848	0.1435267	0.0259504	0.3382294	0.0623218	0.7314803	0.6598788	0.7745545	0.3967831	0.0503647	0.8210489	0.3536058	0.7593087	0.6821096	0.2470142	0.6015585	0.0368949	0.7631398	0.2605066	0.7102560	0.9421256	0.8895144	0.3084158	0.0160673	0.3440587	0.7600229	0.0056180	0.5618533	0.5518803	0.7568469	0.4878156	0.4417229	0.9769568	0.9210981	0.3062474	0.2114928	0.2856140	0.3961413	0.4238161	0.5782049	0.6272761	0.1565422	0.3589775	0.1815363	0.6180974	0.7372039	0.8531774	0.3257091	0.3731065	0.8402656	0.3117296	0.5432301	0.5845451	0.6897807	0.7493422	0.6016752	0.4257043	1.0145411	0.7845953	0.3271022	0.4112601	0.5248233	0.9858631	0.4887747	0.3951222	0.8104780	0.8264073	0.3910686	0.6101834	0.5841561	0.8844037	0.0408062	0.9089806
250	0.0047933	0.8895933	0.9604649	0.2033390	0.1284286	0.1368001	0.6427403	0.0354866	0.8525415	0.4554378	0.0889739	0.7735089	0.0495910	0.1396682	0.7081419	0.3271108	0.4237897	1.0292635	0.6651294	0.1512807	0.0528871	0.6245978	0.9769931	1.0114493	0.8997471	0.7016238	0.6736415	0.0635956	0.0873140	0.0273280	0.3892663	0.0551198	0.6855269	0.7492656	0.9004429	0.5258893	0.0407706	0.6913571	0.3927843	0.9090258	0.5250716	0.2565759	0.6291486	0.0179454	0.7223522	0.1976982	0.6685455	0.9037420	0.9882650	0.3480999	0.0142049	0.3030774	0.6404742	0.0053167	0.5465631	0.5838810	0.7876621	0.5468909	0.4671737	1.0354272	0.8645253	0.2469279	0.1510064	0.3456193	0.5315287	0.3787003	0.6022829	0.5203282	0.2113205	0.6160115	0.1396847	0.6016939	0.8105503	0.8578809	0.3347061	0.3622925	0.8592319	0.3163520	0.6269948	0.4943521	0.6944132	0.7128755	0.5571290	0.3067386	0.9220318	0.8604829	0.2715786	0.2677914	0.5298780	1.0057903	0.5132217	0.4596990	0.8469932	0.7974767	0.5987342	0.5356777	0.5504663	0.8529518	0.0206518	0.9632683
300	0.0084644	0.8376557	1.0078017	0.1732443	0.1068247	0.1619542	0.6965375	0.0108968	0.7557688	0.4685566	0.1122957	0.8244801	0.0326815	0.1145018	0.6734434	0.3769208	0.4430891	1.0783671	0.6942997	0.1311886	0.0463684	0.5852137	1.0161489	1.0898268	0.9159367	0.7702594	0.5430534	0.0597667	0.0635480	0.0296115	0.3733351	0.0543741	0.7234063	0.7343230	0.8034964	0.4093501	0.0267692	0.7121792	0.3870695	0.9016456	0.4612996	0.2643815	0.6382214	0.0206436	0.7927461	0.1514533	0.6475155	1.0197471	0.9409736	0.2990397	0.0145961	0.3121054	0.4558577	0.0011602	0.5411725	0.5831431	0.7169296	0.5018240	0.4370945	0.8774839	0.8980571	0.2678051	0.1561656	0.3072329	0.4698401	0.3171866	0.4837820	0.4960636	0.2390632	0.6662703	0.1615765	0.6074235	0.8119309	0.8972197	0.3354574	0.3380016	0.8516423	0.2115303	0.5767638	0.4645265	0.7101661	0.7094574	0.5413582	0.1921604	0.9328810	0.7585284	0.2603213	0.1946906	0.6009894	1.0350120	0.4908586	0.5430668	0.9183434	0.7866986	0.6061412	0.5179734	0.5902933	1.0263732	0.0086216	0.9455641
350	0.0094545	0.7743013	1.0475049	0.1052586	0.1003969	0.1910000	0.7048083	0.0315970	0.7408692	0.5119895	0.1015469	0.8054552	0.0567871	0.0922848	0.7526859	0.4164868	0.3647517	1.0244622	0.8202033	0.0968171	0.0510162	0.7159486	1.0081883	0.9702531	0.8814502	0.9186919	0.4637802	0.0720159	0.0918393	0.0180716	0.3827532	0.0554614	0.7170956	0.7260908	0.7945754	0.2675538	0.0221141	0.6841782	0.4154281	0.9192080	0.4502933	0.1683041	0.7372562	0.0204478	0.6593716	0.2436331	0.6912937	1.0497534	0.8163505	0.2983280	0.0264405	0.3137743	0.3425981	0.0039160	0.5700015	0.6513340	0.7551848	0.6057235	0.4065552	0.9538936	0.7789631	0.2273686	0.1663556	0.2955879	0.4253359	0.3285005	0.4388789	0.4900136	0.2486177	0.7486538	0.1742781	0.5188642	0.8727222	0.9292700	0.3259386	0.3052352	0.8715811	0.2845289	0.5998235	0.5121740	0.6896439	0.7549774	0.5508778	0.1706516	1.0036944	0.6958975	0.2046474	0.1276550	0.6506789	0.9400839	0.6010973	0.5582908	0.8304400	0.6244294	0.6669267	0.5179786	0.5114228	1.0131379	0.0068205	1.0180055
400	0.0189551	0.8551393	1.0676265	0.1372675	0.1146955	0.1917983	0.7624104	0.0334988	0.6910075	0.4983195	0.0572508	0.7791092	0.0484974	0.1063390	0.7562962	0.4020002	0.5000195	0.9752880	0.7083529	0.0777281	0.0444817	0.6904422	1.0293011	0.9429228	0.9293845	0.8645731	0.4340143	0.0546223	0.0977925	0.0182042	0.3404501	0.0855518	0.7639776	0.7227298	0.8677025	0.2949913	0.0441347	0.7264191	0.3901771	0.9412897	0.3381195	0.1816344	0.6837954	0.0156492	0.7107881	0.2404411	0.7304601	1.0456933	0.8271160	0.3310335	0.0356229	0.3871671	0.2761026	0.0037250	0.5355962	0.6700217	0.7411185	0.6467956	0.4192096	1.0247933	0.7916101	0.2102467	0.1558604	0.2798549	0.5038361	0.2623877	0.3831401	0.4605283	0.2190514	0.9621184	0.1509398	0.5419757	0.8848413	0.8356498	0.2902356	0.2962985	0.8206119	0.2937344	0.5639426	0.5693923	0.6774204	0.7563438	0.6145708	0.1348841	0.9656921	0.8053817	0.1852983	0.1130312	0.5679562	1.0512935	0.4980734	0.6250242	0.8353703	0.5332261	0.7020979	0.5047484	0.4670747	0.9524335	0.0033210	0.9626209
450	0.0174827	0.8067937	1.0040615	0.2108923	0.0669329	0.1504613	0.8471771	0.0173561	0.6770681	0.4403170	0.0991673	0.8288954	0.0739305	0.0750424	0.7852716	0.3719253	0.5253152	0.9944951	0.6779092	0.0869001	0.0658945	0.6230209	1.0301204	1.0169997	0.9754010	0.9127545	0.4368720	0.0449641	0.0518403	0.0185999	0.3168113	0.0728927	0.7818487	0.7711741	0.8963032	0.3283641	0.0569250	0.7503534	0.3701333	0.9072517	0.2774393	0.1965439	0.6992537	0.0386827	0.6746669	0.2276499	0.8785016	1.0779991	0.9016760	0.3064624	0.0237841	0.4097934	0.1960259	0.0018782	0.6205331	0.6183501	0.7736270	0.7194412	0.4062289	0.9893767	0.7359226	0.1891220	0.1595962	0.2177469	0.5104296	0.2394052	0.4333137	0.4241287	0.2322360	0.9736186	0.1285229	0.4725964	0.8971594	0.8235241	0.3285077	0.3079652	0.6690399	0.3227948	0.6269365	0.6145150	0.7749672	0.7667655	0.5922347	0.0825770	0.9895495	0.8029146	0.2068942	0.1025433	0.4952543	0.9888012	0.5395894	0.6564871	0.8496177	0.5242791	0.8529339	0.4775268	0.4453678	1.0274595	0.0048324	0.9822871
500	0.0088518	0.8053888	0.9999560	0.1841686	0.0520322	0.1744764	0.8595022	0.0130988	0.7100386	0.4145387	0.1166865	0.8124399	0.0813129	0.1463611	0.6930704	0.3783694	0.4802455	0.9591509	0.7265989	0.0830546	0.0727335	0.6622091	0.9791323	0.9917437	1.0636586	0.9458033	0.4185729	0.0636547	0.0621815	0.0240974	0.2935787	0.0551655	0.5986869	0.6789578	0.8463517	0.3458950	0.0551536	0.7731719	0.3191908	0.8860579	0.2315450	0.1986598	0.7044360	0.0404934	0.6592211	0.1524711	0.8157376	1.0218414	0.9374145	0.3326729	0.0440086	0.3977574	0.1511017	0.0018790	0.5674756	0.5098682	0.8293266	0.7174823	0.4720246	0.9621456	0.7557634	0.2023334	0.1766932	0.2936828	0.4618569	0.3010435	0.4008472	0.4540424	0.2074208	0.9540889	0.1324412	0.5554449	0.9474059	0.9462738	0.3243364	0.3532039	0.5713555	0.2914583	0.6489863	0.6318285	0.8062799	0.7488403	0.6536699	0.0487722	1.0771557	0.7409922	0.1525457	0.0704346	0.5447889	0.8763819	0.5079398	0.6615139	0.8309268	0.5784567	0.9880110	0.5700846	0.4115511	1.1746390	0.0030641	1.1227183
550	0.0131434	0.7542018	0.9692726	0.1476991	0.0717890	0.1695735	0.5471169	0.0336848	0.7951892	0.4085337	0.1206111	0.5067833	0.1187330	0.1439708	0.7223519	0.3529424	0.4794309	1.0033039	0.8230750	0.2482185	0.0765410	0.6781313	0.9631725	0.9292524	0.9640109	0.9581091	0.3896489	0.0435611	0.0632422	0.0236970	0.3303133	0.0866463	0.5928581	0.6342820	0.8662926	0.2967832	0.0459560	0.7428234	0.3739566	0.9361726	0.2556034	0.2335431	0.4936129	0.0463384	0.6915401	0.2312905	0.7779759	0.7888807	0.8939525	0.3310253	0.0419746	0.3471092	0.1516117	0.0012295	0.5687485	0.5952834	0.8322866	0.7191689	0.4941794	1.0848880	0.6366963	0.3030209	0.2515265	0.3270226	0.5120132	0.2125509	0.4113975	0.5195616	0.3342532	0.8740446	0.2006449	0.3897831	0.9010083	1.0258313	0.2746464	0.3968281	0.6376472	0.1459248	0.5629733	0.5268350	0.7422840	0.7350315	0.4892489	0.0244146	0.8816224	0.6757436	0.1712077	0.0555727	0.5461898	0.8649474	0.4226336	0.7459274	0.7899022	0.4020638	0.8149142	0.5336152	0.3494645	0.8493518	0.0000000	1.1420003
600	0.0187748	0.6957435	0.9902856	0.1767498	0.0830819	0.1466181	0.2714632	0.0286353	0.7577390	0.4396163	0.1151021	0.2522090	0.0685615	0.1311793	0.7819183	0.4019475	0.4226677	1.0000738	0.9443274	0.5006340	0.0802443	0.6640126	0.9799951	0.9739596	0.8836330	0.9360428	0.4788929	0.0739985	0.0855481	0.0232349	0.3177001	0.0669796	0.5944466	0.8085465	0.7773669	0.4192675	0.0385771	0.7202711	0.3711789	0.6078478	0.3215145	0.2426709	0.3058895	0.0473590	0.6865949	0.3380099	0.6246896	0.5817042	0.8422597	0.4003986	0.0569876	0.3438504	0.1325644	0.0000926	0.6827121	0.5270873	0.7235225	0.7295045	0.5862674	0.9653205	0.4273272	0.3575856	0.2641817	0.2789722	0.5284001	0.2348219	0.4284930	0.5236572	0.4069512	0.8724365	0.2756213	0.2455432	0.9090925	0.9075386	0.2893218	0.2277493	0.6154422	0.0742423	0.3475165	0.5657228	0.6877116	0.7223968	0.3330460	0.0507082	0.8845183	0.4817283	0.2008369	0.0451981	0.5773015	0.9132122	0.4456282	0.7408529	0.6195831	0.3915348	0.8815075	0.4844512	0.2984206	0.4708569	0.0097471	1.0179697
650	0.0273243	0.5954915	1.0637616	0.1594894	0.1164608	0.0713973	0.1010411	0.0369947	0.7500237	0.4527400	0.1689898	0.2026771	0.0392271	0.1314286	0.7124053	0.4530017	0.4305034	1.0181151	0.9911765	0.6248487	0.0989082	0.6491099	1.0279800	1.0456880	0.7295785	0.8995203	0.5426622	0.0694174	0.1085783	0.0312273	0.3730198	0.1599162	0.5685087	0.8067886	0.5773447	0.6844362	0.0893421	0.7368624	0.3880024	0.3053340	0.3607971	0.3117695	0.1559199	0.0362394	0.7270189	0.5275216	0.3763408	0.5045217	0.9102455	0.2898366	0.0699868	0.4505734	0.1696808	0.0026823	0.6954199	0.5206895	0.7927059	0.7056736	0.4506180	0.9895489	0.3429757	0.4550061	0.3215536	0.2959066	0.5204288	0.3088815	0.5148105	0.6034119	0.4292072	0.6808268	0.2979209	0.2371871	0.8826020	0.9264836	0.3172728	0.1256658	0.6214441	0.0463629	0.2497611	0.5661961	0.6659637	0.8087039	0.2325241	0.1255157	0.8822516	0.3640623	0.2478825	0.0546018	0.5776359	0.9495053	0.5334805	0.6066198	0.5856149	0.4895456	0.6659604	0.5804013	0.3504598	0.2593772	0.0090518	1.0726502
700	0.0203704	0.5730095	0.9772032	0.1211106	0.1864472	0.0439801	0.0645711	0.0176993	0.8373831	0.3605643	0.1311151	0.1514937	0.0281139	0.0857568	0.8395044	0.4922762	0.4406427	1.0150645	0.9095974	0.6787772	0.0806807	0.6429296	1.0499327	1.0604174	0.6656949	0.9308150	0.6164877	0.0879312	0.1490516	0.0339296	0.5261950	0.1287448	0.6011585	0.9074760	0.4690407	0.8599902	0.2545546	0.7454372	0.3680724	0.1116374	0.5346276	0.3910240	0.1078887	0.0489574	0.7658038	0.6159432	0.3357643	0.6803712	1.0095418	0.2632729	0.0841154	0.4043193	0.3031935	0.0031756	0.7283118	0.4467109	0.7664578	0.5135587	0.4320433	0.9442513	0.3807358	0.4990401	0.2930525	0.3076249	0.5540388	0.3336348	0.5893638	0.6272520	0.5211800	0.4999383	0.3639098	0.2671049	0.7546516	1.0119309	0.3507464	0.1463489	0.7270098	0.0570232	0.1807496	0.6784446	0.6941871	0.9087026	0.1964627	0.1725501	0.8909839	0.3979295	0.3279844	0.1378650	0.5769653	0.8961972	0.4260674	0.5793785	0.5313751	0.5088609	0.5185342	0.5463722	0.3154156	0.1174211	0.0176147	1.0957773
750	0.0131526	0.6953255	0.9686381	0.1385902	0.3275244	0.0142003	0.0606891	0.0350411	0.8396695	0.3418840	0.0886076	0.1635928	0.0224271	0.1048853	0.7930409	0.4527800	0.4746121	0.9753831	0.9439897	0.8063789	0.0601292	0.6734952	1.0345048	1.0154200	0.6737220	0.8016758	0.7027737	0.0850685	0.1569037	0.0506567	0.4182156	0.1423965	0.6260388	1.0080437	0.3678296	0.8407306	0.4028960	0.7752295	0.3715109	0.0388670	0.6856973	0.4303737	0.0695742	0.0421984	0.6625008	0.7378566	0.3391950	0.6682691	0.9026425	0.3084451	0.0908559	0.3807788	0.5387337	0.0040625	0.7014881	0.4052916	0.8023776	0.4188205	0.4388530	0.9046225	0.4050430	0.5077427	0.2011868	0.2291230	0.6367232	0.4092771	0.8921148	0.6787245	0.4194166	0.3180962	0.3250290	0.2743469	0.6889774	0.8250966	0.2568827	0.2318016	0.7863914	0.1227632	0.2613314	0.6935216	0.8436416	0.9060826	0.1588040	0.2474196	0.9540372	0.3888778	0.3713554	0.2021315	0.5942098	0.8101340	0.5545345	0.4006338	0.4583170	0.6081298	0.3950438	0.5568258	0.2952571	0.0721488	0.0945145	1.0515845
800	0.0084244	0.6800807	0.9952852	0.1652594	0.4347631	0.0082546	0.0393875	0.0274804	0.9250200	0.3865732	0.1388511	0.1265831	0.0067108	0.0931497	0.8236253	0.3944574	0.4002466	1.0484432	0.9739516	0.9362341	0.0544841	0.6485651	0.8757038	0.8946714	0.7392935	0.6448986	0.8602402	0.0748742	0.1835745	0.0485842	0.5134799	0.1326872	0.6018761	0.9487286	0.2917485	0.9824577	0.5096535	0.7153934	0.4140349	0.0152850	0.7220858	0.4471531	0.0755273	0.0702227	0.6465682	0.7598911	0.3815179	0.6480521	0.8671746	0.3176683	0.1006685	0.3894768	0.7803996	0.0016605	0.6584330	0.3571049	0.7866786	0.4235564	0.3900709	1.0390612	0.5501230	0.5377590	0.2019031	0.2628383	0.5834201	0.4957651	1.0667555	0.7119675	0.4255252	0.1757571	0.3543767	0.2419143	0.5033295	0.8122906	0.2849864	0.3202986	0.8504217	0.2923706	0.2949022	0.7710895	0.8452900	1.0410212	0.1331249	0.3487987	0.9371698	0.3796700	0.3822272	0.2714420	0.5268735	0.8009721	0.5279774	0.3894966	0.3940968	0.5891611	0.2404977	0.5977411	0.2759212	0.0302462	0.3077916	1.0106045
850	0.0114852	0.6552159	1.0584742	0.1628103	0.4402805	0.0050230	0.0501887	0.0230124	0.8717744	0.4235121	0.1271613	0.0974761	0.0047573	0.0932500	0.9108318	0.3530752	0.4417619	1.0044060	0.8927269	0.9048984	0.0560515	0.5745680	0.9243786	0.9417902	0.7982452	0.7489209	0.8501056	0.1260777	0.2053208	0.0466374	0.4700950	0.1214380	0.5931998	0.8783267	0.3164072	1.0212412	0.5093962	0.6966214	0.4326906	0.0078469	0.7995522	0.5051851	0.0849720	0.1170044	0.6838945	0.8139078	0.4194317	0.7646038	0.8452687	0.3572487	0.1058493	0.3672365	0.8759458	0.0081252	0.7261951	0.3609797	0.7322197	0.3732511	0.4200352	0.9369002	0.6070045	0.5439912	0.2914451	0.2444992	0.5924690	0.5741086	0.9980202	0.6214697	0.4897694	0.0905574	0.3258026	0.2742928	0.3578179	0.8711941	0.2516502	0.3972930	0.8632448	0.2976494	0.3560490	0.7792712	0.8730598	1.0154857	0.1382443	0.5651378	0.9206878	0.4264842	0.3028510	0.3196821	0.5481122	0.7497992	0.5039037	0.2882364	0.4091928	0.6498575	0.2003680	0.6602296	0.2210006	0.0198611	0.4051003	0.9236391
900	0.0174363	0.6898264	1.1745020	0.1847030	0.4078715	0.0017573	0.0277351	0.0115438	0.8079650	0.4452323	0.1777086	0.0813783	0.0008882	0.0823963	0.9205218	0.4320385	0.4240353	0.9977198	0.9427043	0.8665325	0.0616591	0.5854796	0.8675146	0.9587468	0.8236975	0.7307820	0.8780838	0.0691262	0.3120168	0.0547315	0.4097485	0.1308276	0.6900570	0.8640009	0.2521387	1.0615760	0.5973260	0.7642644	0.3810292	0.0142570	0.9436954	0.5123200	0.0950669	0.1344698	0.6155904	0.8271235	0.4689896	0.8334261	0.8563084	0.3136182	0.0932946	0.3763011	0.9308711	0.0129912	0.7832731	0.3297367	0.8208548	0.2988062	0.3890694	1.0077686	0.6957435	0.5019183	0.2813903	0.2971696	0.5259186	0.5574167	0.9576645	0.6899303	0.5362491	0.0576978	0.3953281	0.2323162	0.3034853	0.8617417	0.2695622	0.4454566	0.8727351	0.2967214	0.3374348	0.6835492	0.9015970	0.9291091	0.1415792	0.6044438	0.9395907	0.3908798	0.1839797	0.4132283	0.4615782	0.7872536	0.5475174	0.1664168	0.4537113	0.6638615	0.1843601	0.5514903	0.2627879	0.0302360	0.4932493	0.8942125
950	0.0373886	0.6642363	1.0444698	0.1963965	0.4734793	0.0044159	0.0407677	0.0289787	0.7733169	0.3553976	0.1907752	0.1013731	0.0016386	0.1227466	0.8686662	0.4428006	0.4708078	1.0495881	0.8600663	0.8618902	0.0909628	0.6865651	0.9039897	1.0360985	0.8306575	0.7268970	0.9046515	0.0904013	0.2744980	0.0442474	0.3433251	0.1166047	0.7202537	0.8762849	0.2285936	0.9466085	0.5381071	0.7602982	0.3789468	0.0139823	0.9304953	0.5014040	0.1046153	0.1589842	0.6541479	0.6864987	0.5342810	0.8142670	0.8092205	0.3229893	0.0815074	0.4069447	0.9957895	0.0080083	0.7495872	0.4308317	0.8391627	0.2883195	0.4194806	0.9625877	0.7972663	0.5365597	0.3122381	0.3190426	0.5342938	0.6624142	0.9186440	0.7864746	0.5517339	0.0326105	0.3856066	0.2449183	0.2708678	0.8947408	0.2796475	0.4669600	0.9512078	0.3325389	0.3355600	0.6607324	0.8172914	0.9839445	0.1077867	0.7315217	1.0279627	0.4346910	0.1586805	0.4880264	0.5534642	0.7417213	0.5220159	0.1364481	0.4266986	0.5707609	0.1682431	0.5553563	0.2427505	0.0287682	0.5875677	0.8806647
1000	0.0154282	0.6584554	1.0601111	0.2067191	0.4302751	0.0006974	0.0295821	0.0090717	0.7632990	0.2255755	0.1742799	0.0961161	0.0025794	0.0893403	0.8414688	0.4146512	0.4408083	1.0314628	0.8907730	0.9078296	0.0965894	0.6278490	0.9163762	0.9861867	0.8076893	0.6142507	0.9109001	0.1179658	0.2480033	0.0502355	0.5098739	0.1201063	0.5470978	0.8577318	0.2990455	1.0062312	0.4681748	0.7703439	0.3973039	0.0244349	0.9245064	0.4499720	0.0662591	0.1679133	0.7141591	0.7452452	0.5344000	0.8184540	0.8873182	0.3351299	0.0819597	0.4020251	0.9680902	0.0018708	0.7856086	0.4193835	0.7532513	0.2705119	0.4524802	0.9296782	0.7382763	0.4342039	0.3672877	0.2539560	0.6365935	0.5626368	0.9644648	0.8013844	0.4814547	0.0449994	0.4081580	0.2584580	0.2349863	0.9128446	0.2511832	0.4604593	0.9022044	0.2414923	0.3259108	0.7086779	0.8047519	0.9128472	0.1111302	0.6813607	1.0266773	0.3518206	0.1910529	0.4663399	0.5389684	0.6079702	0.4564523	0.1928054	0.3968421	0.6221741	0.2044305	0.5803129	0.3227661	0.0276129	0.5753564	0.9214438

0	0.0094491	0.6355617	1.0459758	0.0876986	0.4170952	0.0015965	0.0357302	0.0201856	0.7842026	0.5482911	0.1482550	0.1067167	0.0074763	0.0795139	0.9263252	0.4386615	0.5117037	1.0187251	0.9869150	0.9112762	0.0675828	0.6396705	0.9879649	0.9056811	1.0249936	0.8053086	0.8415975	0.0956169	0.2807776	0.0361236	0.3476186	0.0945586	0.7647381	0.8073502	0.2691465	0.9854445	0.2644993	0.7761342	0.3511720	0.0142404	0.9503393	0.3956488	0.0912837	0.0721673	0.8039584	0.5632487	0.5721011	0.9104100	0.8750489	0.3877912	0.0490860	0.3690556	1.0040851	0.0016799	0.7496314	0.4296180	0.7445798	0.3138374	0.4763448	0.9977159	0.8917758	0.5763065	0.2317245	0.3844034	0.5377636	0.4876338	1.0898320	0.8135737	0.5024926	0.0491368	0.3912071	0.2335426	0.3169327	0.9297559	0.3112694	0.3637340	0.9584119	0.1589398	0.2670455	0.6498318	0.7931145	1.0351174	0.1402507	0.6535788	1.0095359	0.4184859	0.2245238	0.5131035	0.6073464	0.7854143	0.4606182	0.1309775	0.4648780	0.5528648	0.0723851	0.5781484	0.2784400	0.0363961	0.5378107	0.9932421
50	0.0133805	0.5828012	1.1397245	0.0906093	0.4303243	0.0009703	0.0251505	0.0273886	0.5246776	0.3062530	0.0968895	0.3774421	0.1069556	0.1242424	0.8098036	0.3575772	0.2691784	0.9512688	0.9854633	0.9227245	0.4010073	0.6504762	1.0027106	1.0595469	0.8871868	0.6546473	0.8849529	0.1104819	0.3288893	0.0397522	0.3184559	0.0429408	0.6753199	0.5138874	0.3129594	0.8507864	0.2818366	0.6795019	0.4050432	0.0086120	0.8673239	0.4404235	0.0847053	0.0853508	0.7227273	0.4007871	0.7049284	0.8635509	0.8299520	0.3771771	0.0776869	0.3133763	0.9980430	0.0012868	0.7288341	0.6005219	0.8831994	0.3375480	0.5104342	0.9821501	0.6755457	0.3592819	0.1925915	0.2651213	0.7150289	0.5057569	0.9769555	0.7390561	0.4358312	0.0587871	0.3096251	0.3082258	0.2930361	0.9313428	0.3098959	0.3423138	0.9063194	0.3532187	0.2558437	0.7205538	0.7429653	0.9122300	0.1252075	0.5623746	0.8326883	0.3525537	0.2679220	0.6913918	0.5705210	0.7871560	0.4897872	0.1220773	0.4230865	0.5569012	0.0680081	0.6363447	0.2547512	0.1515703	0.5336136	1.0361636
100	0.0137623	0.5712510	0.9939628	0.0956456	0.4551915	0.0014086	0.0286600	0.0206026	0.4792578	0.1837102	0.0997006	0.6075620	0.1290847	0.1429884	0.8733238	0.3948748	0.1948558	0.9561425	0.9813380	0.9054954	0.6878758	0.7122493	0.9830600	1.0763588	0.8925621	0.6635043	0.9388903	0.1195547	0.3861777	0.0377662	0.3234631	0.0402360	0.6035867	0.4584918	0.3432534	0.6646434	0.1757524	0.6718251	0.3783455	0.0133670	0.9147351	0.3892820	0.0779091	0.0394408	0.6738504	0.3104243	0.7062195	0.9355835	0.8849025	0.2917239	0.0961101	0.3593359	0.8904478	0.0053696	0.7823654	0.7977754	0.8795467	0.3397022	0.5772377	0.9777018	0.7303115	0.1598905	0.2020626	0.2705152	0.7562844	0.6595476	1.0504645	0.7218309	0.4877676	0.0563636	0.1397608	0.2910809	0.3588117	0.9986364	0.3121094	0.3917159	0.8979811	0.4213861	0.2410110	0.7072898	0.7543393	0.8782064	0.0949408	0.6944661	0.6622825	0.2409973	0.2682083	0.5534363	0.5121759	0.8817738	0.4922746	0.0538255	0.4015239	0.4998471	0.0726036	0.5891773	0.2323676	0.3235314	0.5148204	1.0140506
150	0.0158102	0.6142789	0.9763097	0.1286311	0.4980046	0.0028440	0.0350254	0.0300544	0.4069518	0.1608915	0.1208640	0.7424345	0.1549489	0.1112810	0.9001264	0.4352791	0.1339440	1.0320407	0.8173898	0.8491577	0.8328575	0.5882392	0.9064958	1.0168317	0.8555732	0.7512507	0.8809793	0.1335997	0.3806313	0.0333583	0.2899558	0.0456166	0.5070024	0.4970198	0.3704873	0.7433165	0.1021181	0.7442363	0.4368768	0.0100863	0.8453698	0.4280733	0.0780578	0.0127619	0.7135062	0.3389928	0.6950304	0.8802987	0.9167690	0.2826950	0.0899877	0.4231714	0.7798232	0.0026600	0.7134473	0.9175117	0.8691428	0.3366137	0.6137483	0.9410761	0.7393293	0.0870147	0.2481587	0.2564540	0.8903388	0.6750015	0.8916761	0.7301978	0.4543236	0.0577651	0.0919944	0.3009058	0.3687166	0.9409924	0.3133957	0.6307462	0.8567122	0.3710904	0.1858923	0.8054271	0.6526589	0.9901809	0.0797216	0.6336259	0.6564614	0.2254053	0.3245558	0.5508390	0.5108572	0.8179205	0.4998643	0.0395372	0.4433256	0.5032973	0.0895460	0.5419690	0.2806545	0.4800192	0.5659124	1.0237997
200	0.0232762	0.5973322	0.9962017	0.1271630	0.4125280	0.0017185	0.0411140	0.0146367	0.4482673	0.1215156	0.0936873	0.7708543	0.1541392	0.0816249	0.8303741	0.4855991	0.0833438	1.0060573	0.8503929	0.8270330	0.8599869	0.5768083	0.9643292	1.0135965	0.8262723	0.7081195	0.8561247	0.1171628	0.4344206	0.0175960	0.3160955	0.0870751	0.4997579	0.3995603	0.2869198	0.7175597	0.1251358	0.6566072	0.5553332	0.0224000	1.0057106	0.4464803	0.0698585	0.0072634	0.7866888	0.4442350	0.6519272	0.8860737	0.7878583	0.2718833	0.0853703	0.4149813	0.6266998	0.0063041	0.6725663	0.9485776	0.8762506	0.3095682	0.7042713	0.9196500	0.6561294	0.0439396	0.3491350	0.2475528	0.8419751	0.7304100	0.8617026	0.7550752	0.4378011	0.0736962	0.0668832	0.2927815	0.4110227	0.9593405	0.2572738	0.5447911	0.9075875	0.4341036	0.1859578	0.8341385	0.7265324	1.0279284	0.0648804	0.5735736	0.6782650	0.2640930	0.4361267	0.4128238	0.5196910	0.7744491	0.4465152	0.0167676	0.4381924	0.5817707	0.0951786	0.5335313	0.2511132	0.5466039	0.5619906	0.9922407
250	0.0224043	0.6385518	1.0298725	0.1161147	0.4507751	0.0000662	0.0523285	0.0377032	0.4028839	0.0646021	0.0731757	0.7472260	0.1847941	0.0983805	0.8154043	0.4668476	0.1514682	0.8786529	0.7255108	0.8704027	0.9747256	0.7204719	0.9219001	0.9194341	0.9304909	0.7378474	0.8910244	0.1146305	0.4067420	0.0383822	0.2843779	0.1251143	0.4155535	0.3677365	0.3313258	0.6858233	0.1856360	0.7733436	0.6494296	0.0311147	1.0052409	0.3814629	0.0842670	0.0019147	0.7903609	0.4574817	0.6413563	0.8277072	0.8483701	0.3038277	0.1047597	0.3688109	0.5274177	0.0020575	0.7577053	0.9700975	0.8685002	0.3139186	0.7068867	1.0464436	0.5618070	0.0530164	0.3029553	0.2947592	0.7767933	0.6692822	0.8237921	0.7840240	0.3743090	0.0554783	0.0666113	0.3021305	0.3485239	0.8644778	0.2572124	0.5127966	0.9158844	0.4142750	0.1900132	0.8011546	0.6354610	0.9768311	0.0648543	0.7205517	0.6749043	0.2880810	0.4529730	0.4399243	0.5426057	0.8460683	0.5979128	0.0154361	0.4102474	0.5223971	0.1171918	0.5624174	0.2616084	0.6371240	0.5670760	0.9845184
300	0.0308784	0.5609321	1.0392081	0.1085909	0.4062999	0.0015596	0.0508430	0.0425224	0.3811998	0.0904001	0.0722281	0.6920479	0.2125440	0.1226788	0.8309888	0.5003321	0.1524035	0.8961686	0.6367643	0.8082467	0.8866653	0.6461999	0.8759646	0.9964849	1.0040490	0.7082343	0.8778006	0.1462876	0.3338624	0.0209384	0.2347176	0.2263731	0.4279346	0.3191792	0.3563609	0.7942069	0.1744807	0.7414281	0.6115249	0.0139786	1.0335593	0.4610426	0.0893674	0.0019862	0.8093160	0.4463205	0.5908898	0.8366210	0.7692052	0.2518309	0.0921959	0.4745374	0.4848970	0.0027276	0.6565341	0.8151572	0.8450659	0.2343288	0.7553033	0.9964293	0.5277829	0.0547812	0.2945687	0.2232277	0.8002895	0.7040997	0.9399583	0.7893479	0.3843920	0.0839740	0.0311473	0.2925935	0.3550618	0.8354622	0.2521387	0.6151145	0.8031881	0.4208225	0.2104674	0.8496088	0.7241027	0.9785567	0.0829512	0.8593116	0.6832714	0.3086455	0.4665496	0.4294985	0.5968499	0.8833126	0.6076025	0.0165106	0.4698178	0.5329998	0.2230618	0.4885057	0.2881577	0.7106861	0.5072334	0.9803198
350	0.0319129	0.5576709	1.0023835	0.1142180	0.4724348	0.0028053	0.0419250	0.0370071	0.4509237	0.0712340	0.0551592	0.7291993	0.1580432	0.1475307	0.6825018	0.5568037	0.1110043	0.8924564	0.5383154	0.8591075	0.9343224	0.5575971	0.9040095	0.9142862	0.8782472	0.7312227	0.9128377	0.1442486	0.3339871	0.0147400	0.2371282	0.2405807	0.4065161	0.3892255	0.4121886	0.7889209	0.2126840	0.7146511	0.5854589	0.0213205	1.0623504	0.4521216	0.0634417	0.0024050	0.7334693	0.4755355	0.5975139	0.8240485	0.8619013	0.2729052	0.0605013	0.4754067	0.4133875	0.0022154	0.7109130	0.6496113	0.7900539	0.2598597	0.7936701	0.9605750	0.5312297	0.0397870	0.3046533	0.2316284	0.7411161	0.7000802	0.9805711	0.8165822	0.4035482	0.0656147	0.0474093	0.2915607	0.4025066	0.8343392	0.2558498	0.4314139	0.8440818	0.4370276	0.2001805	0.8399060	0.7469417	1.0731673	0.0876802	0.7724857	0.5938313	0.2928854	0.6492516	0.4098975	0.6044235	0.8183912	0.5960914	0.0226042	0.4502321	0.5557626	0.2670348	0.5517414	0.2972890	0.6118223	0.5372403	1.0490343
400	0.0247553	0.5847533	1.0534906	0.1611789	0.4069398	0.0015129	0.0505240	0.0264486	0.4403053	0.0393433	0.0742479	0.8303332	0.1991851	0.1579941	0.8508889	0.5665711	0.1087125	0.8711607	0.4654050	0.8355278	0.9064117	0.6112287	0.9233809	0.9562790	0.8677201	0.6147284	0.9088029	0.1518272	0.3454406	0.0349209	0.2749984	0.3203852	0.3367722	0.3672798	0.3215814	0.7784782	0.1879624	0.6463978	0.6287564	0.0181124	1.0200246	0.4562394	0.0799721	0.0056822	0.8283225	0.4023091	0.5032001	0.7662072	0.8522071	0.2380097	0.0755221	0.4299366	0.3897304	0.0031803	0.6986538	0.5218045	0.8833665	0.2601837	0.7276407	0.8838935	0.4884278	0.0392454	0.3140387	0.3042653	0.8832058	0.7689572	0.9320844	0.7837837	0.4524265	0.0479307	0.0723543	0.2775510	0.3496429	0.8421763	0.2330888	0.4621364	0.8219773	0.4394368	0.1891783	0.8541029	0.7233637	0.9091675	0.0937808	0.7622620	0.5045404	0.3248849	0.6260817	0.4332757	0.5983665	0.7774263	0.5086184	0.0299000	0.3761078	0.5679880	0.2675909	0.5585633	0.3341640	0.6479176	0.5820567	1.0574926
450	0.0235989	0.5321856	1.1405766	0.1328900	0.4415177	0.0010659	0.0462578	0.0338303	0.4659730	0.0271283	0.0828082	0.8581921	0.2073218	0.0877081	0.8143876	0.4617317	0.1082630	0.8447086	0.5597025	0.8045995	1.0170291	0.6176488	0.9475727	0.9216823	0.8447830	0.7342618	0.9125499	0.1415118	0.3518954	0.0367429	0.2950458	0.3650764	0.3945850	0.3965742	0.3460980	0.8398067	0.2478264	0.7061167	0.6417463	0.0155379	0.9982178	0.4826900	0.0930994	0.0032966	0.9409393	0.5749389	0.4958785	0.7634834	0.7670921	0.2109951	0.0515517	0.5037579	0.3669678	0.0020714	0.7509721	0.4396150	0.8373220	0.2975894	0.7045197	0.9465360	0.3958193	0.0260567	0.2978644	0.3351355	0.8736522	0.8009248	1.0300767	0.7967838	0.4096643	0.0611197	0.0491927	0.2803329	0.3491584	0.8471863	0.2749385	0.4068923	0.8068917	0.3840325	0.1912690	0.9963479	0.6766685	0.9699750	0.0987240	0.7300727	0.5140127	0.2475268	0.5648062	0.4077998	0.5700023	0.8810370	0.5633935	0.0380084	0.3514373	0.6346064	0.3213755	0.4567025	0.3980363	0.7586012	0.5513238	1.0252096
500	0.0214027	0.5552804	0.9397813	0.1354443	0.4981666	0.0003735	0.0633535	0.0301761	0.4228809	0.0464345	0.0533662	0.8105596	0.1837921	0.1161298	0.8202764	0.5495991	0.1139154	0.9134994	0.5441551	0.7763284	0.9825947	0.6066773	0.9870569	0.9531531	0.9443921	0.7698480	1.0326398	0.1204914	0.3819343	0.0453816	0.2709216	0.3001074	0.3912125	0.3964518	0.3458621	0.9092313	0.4053145	0.7690979	0.6651642	0.0228135	0.9963223	0.4972653	0.0783792	0.0028384	0.8067938	0.6110402	0.5151667	0.9064406	0.8576528	0.2112381	0.0639843	0.5152063	0.3735174	0.0016751	0.7994290	0.4368477	0.8333195	0.2739758	0.7208613	0.8594179	0.3569574	0.0255837	0.1872226	0.3225302	0.8637129	0.8658562	0.9619157	0.7427041	0.4633011	0.0768204	0.0338019	0.2457961	0.3482870	0.8251043	0.2347151	0.5663744	0.8049169	0.4128657	0.2768717	1.0091094	0.7806116	1.0909649	0.1168383	0.6733425	0.5519286	0.2492143	0.5103180	0.3991744	0.5684674	0.8684865	0.5951235	0.0342116	0.3331807	0.5668166	0.3216677	0.5280682	0.3670892	0.7972779	0.5632167	1.0662009
550	0.0207482	0.4887812	0.8675907	0.1225914	0.4960016	0.0015972	0.0441764	0.0239304	0.6642099	0.1193512	0.0373660	0.4755643	0.1012596	0.1412908	0.8019121	0.4971114	0.2793957	0.9147333	0.6525829	0.8571778	0.6689956	0.6728430	0.9754319	1.0314801	0.9461879	0.6947155	0.9712436	0.1330317	0.3266303	0.0352713	0.3152616	0.3552286	0.3780815	0.5164942	0.3761391	0.8347755	0.4694044	0.7481896	0.6696808	0.0166690	0.8600222	0.5358340	0.0836869	0.0347681	0.7183352	0.5649015	0.5737434	0.9403854	0.8590435	0.1869933	0.0562955	0.5039586	0.4371728	0.0038054	0.7733543	0.3471186	0.7603506	0.2633588	0.6746242	0.8678626	0.3332118	0.1870000	0.1860404	0.2938084	0.7893335	0.6945127	0.9152774	0.7284457	0.3931721	0.0558070	0.1449201	0.2049655	0.3367238	0.8429467	0.2578203	0.5822053	0.8424945	0.2654133	0.3572173	0.7165585	0.8123359	1.0431683	0.0927500	0.7834642	0.6987935	0.2234170	0.4479365	0.4230980	0.5183789	0.8670703	0.5747408	0.0269649	0.3836703	0.5919897	0.3769069	0.5042195	0.3045139	0.6420295	0.6105337	1.0837735
600	0.0222539	0.5703790	0.9543756	0.1821342	0.5096105	0.0033838	0.0105012	0.0130512	0.7303942	0.2881731	0.0808379	0.2701613	0.0316826	0.1345094	0.8608386	0.4341058	0.4572911	0.8712964	0.8879369	0.9071831	0.3054676	0.5773175	0.9496167	0.9171858	1.0209049	0.7630374	0.8956280	0.1660284	0.2282827	0.0357261	0.3504032	0.4223810	0.3996532	0.6452804	0.3304883	0.9416822	0.4410285	0.7910800	0.5994412	0.0137583	1.0142838	0.4803091	0.1113513	0.0699426	0.7333752	0.6089891	0.5992208	0.8769883	0.8644182	0.1884293	0.0661219	0.4108211	0.5944721	0.0030726	0.7841759	0.1658269	0.7969165	0.2787294	0.7360508	0.9276349	0.3470352	0.4080119	0.1175290	0.2524192	0.6877063	0.5651733	0.8160670	0.6849040	0.3551075	0.0487740	0.2912602	0.1877843	0.3722800	0.7975737	0.2264269	0.4857115	0.8682328	0.2587724	0.3147751	0.5410271	0.7830982	0.9046684	0.1001678	0.6952886	0.8598476	0.2520224	0.3845567	0.4679031	0.4286817	0.7581295	0.5367992	0.0283988	0.4452946	0.6180823	0.3962290	0.4485147	0.2721424	0.3598169	0.5912643	0.9894245
650	0.0256503	0.5820110	0.9154958	0.2212757	0.5585265	0.0023653	0.0194180	0.0092540	0.8526992	0.3204176	0.0858008	0.1445640	0.0131737	0.1090092	0.7745178	0.3904733	0.5466657	0.9233663	0.8788494	1.0191673	0.1343362	0.6182803	1.0412919	0.9679059	0.9649324	0.6888218	0.8739149	0.1541519	0.2222702	0.0534183	0.3231381	0.5103385	0.4862927	0.6807480	0.2713256	1.0023724	0.3622329	0.7963216	0.4754309	0.0223398	1.0094437	0.4492513	0.1117418	0.0839208	0.7573167	0.5631589	0.5361592	0.9106403	0.7991773	0.2263964	0.0782218	0.3361583	0.7053593	0.0032811	0.8061476	0.1025022	0.7940221	0.2983439	0.6625685	0.9329615	0.4102898	0.5372546	0.0952967	0.3007184	0.6137142	0.5635672	0.9351880	0.6821259	0.4229900	0.0363390	0.3914599	0.1348771	0.3438897	0.8248422	0.2504249	0.4440922	0.8134312	0.2399552	0.3242394	0.6256294	0.7654818	1.0340353	0.1076920	0.6771594	0.8790248	0.2084547	0.3286847	0.5187320	0.4943417	0.7896556	0.4577862	0.0476065	0.4150132	0.6917859	0.3609020	0.5281030	0.2626609	0.1759994	0.5088249	0.9424702
700	0.0161723	0.5897820	0.8694425	0.1927444	0.4893414	0.0029702	0.0232008	0.0229745	0.9271361	0.3173765	0.1444312	0.1469410	0.0094872	0.1564746	0.8527874	0.3310993	0.5141100	0.9898690	1.0009066	0.9339202	0.0914492	0.6350439	0.9586218	0.9321968	0.9005772	0.7659955	0.8458597	0.1359948	0.2373547	0.0518034	0.3731357	0.3413962	0.5444732	0.6906284	0.2939102	0.9836653	0.3268801	0.7464853	0.3963186	0.0359612	0.9557260	0.4836522	0.0926601	0.0814377	0.7867556	0.5528684	0.6135728	0.9133101	0.7632818	0.1805404	0.1018422	0.3251790	0.7800670	0.0020647	0.7944133	0.0814184	0.7136285	0.3130317	0.6243403	0.9077311	0.5222236	0.5802558	0.1706414	0.3112405	0.6434960	0.5587392	0.9721355	0.6742712	0.5121841	0.0473729	0.4020126	0.1633102	0.3119442	0.9145367	0.2190071	0.4307095	0.8257000	0.1982344	0.3186487	0.6537818	0.7905821	1.0816310	0.0898541	0.6913132	0.9547205	0.2755597	0.2396046	0.5318864	0.5002164	0.8187832	0.4340029	0.1277687	0.4222181	0.6838423	0.3479092	0.5629974	0.2413867	0.0775228	0.5518409	0.9413733
750	0.0154041	0.5858202	0.8833355	0.1658817	0.4247103	0.0017079	0.0177161	0.0162366	0.9362689	0.4148503	0.1294488	0.1213000	0.0136031	0.1096730	0.8575137	0.3156188	0.5289644	0.9393011	1.1290028	0.8367712	0.0740727	0.6098561	0.8603337	0.9071114	0.9407058	0.6590290	0.8355610	0.1036817	0.2995771	0.0437477	0.4067187	0.2600551	0.6081781	0.8324128	0.2987188	0.8715093	0.3894393	0.7278430	0.4104192	0.0228960	0.9290627	0.5689721	0.0760377	0.0935423	0.8178097	0.5395318	0.6937389	0.8922814	0.7592433	0.2001331	0.0824036	0.2998257	0.8826951	0.0033052	0.7417585	0.0635011	0.7191859	0.2723722	0.4890317	0.9748999	0.6101037	0.5621550	0.2546755	0.2880057	0.5834271	0.5515961	0.8765817	0.8009754	0.5100133	0.0312914	0.3558762	0.1311230	0.2791049	0.9285231	0.2491996	0.5070936	0.8508457	0.2117906	0.2914120	0.5938385	0.8066382	1.0038011	0.1164549	0.6704627	1.0090283	0.3372227	0.1865961	0.4740624	0.5569068	0.7606675	0.5344625	0.2374244	0.4367785	0.7299680	0.2362647	0.5878710	0.2601013	0.0461517	0.4669198	0.9973698
800	0.0156473	0.6537444	0.9527302	0.1347256	0.5513154	0.0005780	0.0137358	0.0146782	0.8823788	0.4220740	0.1069583	0.1169321	0.0005876	0.1113619	0.7953356	0.3493066	0.4505706	0.9439268	1.0251805	0.8315323	0.0744717	0.6528704	1.0003101	1.0155666	0.9687288	0.6284228	0.8681251	0.1059831	0.2745264	0.0302468	0.3864013	0.1545956	0.7244398	0.8575836	0.2811755	0.8676836	0.3471380	0.8117562	0.3807249	0.0147340	0.9196653	0.4271409	0.1105539	0.0988488	0.7396581	0.5414481	0.6099598	0.8186182	0.7518199	0.2203052	0.0822018	0.2629789	0.9557933	0.0074526	0.7420777	0.1213235	0.8040993	0.2704321	0.4890918	1.0424151	0.6548796	0.5861030	0.2843087	0.2904176	0.5911813	0.5054745	0.9867448	0.7456210	0.5265788	0.0426466	0.3344131	0.1604522	0.2373873	0.9162607	0.2923413	0.5177017	0.8190128	0.2345442	0.2932130	0.7134580	0.7049302	1.0177997	0.1012749	0.7750370	0.9717900	0.3677083	0.1809215	0.4756144	0.4738102	0.7558442	0.4965064	0.2769463	0.4375021	0.6971936	0.1839328	0.7274075	0.2452092	0.0324061	0.5145510	0.9550623
850	0.0152710	0.6882413	1.0376562	0.1929807	0.4885983	0.0060452	0.0252976	0.0170911	0.7481810	0.4163408	0.1006945	0.0756557	0.0018911	0.0933981	0.8527103	0.3724457	0.4190455	0.9950851	0.9614921	0.8336587	0.0668372	0.5614213	0.9505423	0.9689961	0.8925340	0.7070266	0.8929865	0.0812630	0.2158612	0.0420814	0.3712978	0.0894151	0.6492592	0.7448337	0.3122769	0.9226230	0.2785945	0.8054783	0.3576997	0.0142610	0.9656381	0.4859685	0.0774390	0.0865298	0.7009576	0.4431181	0.5737057	0.7627789	0.8214372	0.2524284	0.0657319	0.2821956	0.9749065	0.0021015	0.6962619	0.2996869	0.7962713	0.2377067	0.4534556	0.9236936	0.8045082	0.5987030	0.2680016	0.3635674	0.5756329	0.6106474	0.8997432	0.6982171	0.5192216	0.0359866	0.3825166	0.1446175	0.2445999	0.8551000	0.3025313	0.4675598	0.9015497	0.2105173	0.2229515	0.6737736	0.7171303	0.9218114	0.1145356	0.7610321	0.9360390	0.3286784	0.1866502	0.4218477	0.5192931	0.7974400	0.4780607	0.2097988	0.4262558	0.6026113	0.1729210	0.7054802	0.2634688	0.0502443	0.4578043	0.9274477
900	0.0115429	0.7222102	1.0776881	0.1798301	0.4640890	0.0008698	0.0174048	0.0289721	0.7679464	0.4326321	0.0910021	0.0843687	0.0079384	0.1012464	0.8032646	0.3968916	0.4868625	1.0867997	0.9011776	0.8338288	0.0902027	0.5852092	0.8910979	0.9334314	0.8632120	0.6591894	0.9232656	0.1206950	0.2636016	0.0437715	0.4209463	0.0785641	0.6294844	0.7704075	0.2581760	0.8913004	0.2442363	0.7705562	0.4136957	0.0438101	0.9758330	0.4629241	0.0971167	0.0681593	0.7222619	0.5316426	0.4956104	0.7239222	0.8249141	0.2693339	0.0617797	0.2619192	0.9736382	0.0007498	0.7247833	0.4475271	0.8526734	0.2404830	0.4013432	0.9783451	0.7665181	0.5386431	0.1961915	0.2709128	0.5204054	0.5691267	1.0447613	0.7138670	0.4894393	0.0460057	0.3115948	0.1357967	0.2439940	0.8689957	0.3449525	0.4466399	0.9031663	0.1971321	0.2121796	0.6653608	0.7099291	0.9185682	0.1396035	0.6986340	0.9665760	0.3049394	0.1601396	0.4586199	0.5288738	0.8163699	0.4748552	0.2206813	0.4143223	0.5958501	0.1939159	0.6387420	0.2493946	0.0740737	0.4934654	1.0102611
950	0.0083999	0.7600563	0.9691021	0.1533651	0.5155589	0.0042450	0.0316698	0.0328908	0.8219886	0.4484526	0.0771070	0.0734525	0.0108376	0.1094443	0.8101090	0.3185512	0.4938143	1.0226310	1.0225318	0.8748451	0.0782971	0.6182837	0.9538960	0.9663916	0.8494760	0.7872384	0.8993177	0.1023514	0.2726575	0.0547093	0.4176590	0.0615944	0.6621202	0.8501585	0.2193231	0.8759396	0.2877478	0.7967191	0.3391714	0.0270599	0.9901170	0.4824617	0.0961809	0.0688715	0.7366118	0.6176596	0.4569338	0.7732567	0.8136066	0.3168526	0.0632794	0.3354314	1.0390724	0.0024982	0.7414757	0.4853304	0.7691221	0.2272317	0.4077887	1.0620172	0.8644087	0.4641325	0.1578466	0.3281889	0.5651890	0.4996026	1.0781778	0.7750891	0.4504297	0.0246556	0.3296012	0.1525059	0.2510078	1.0040956	0.3296462	0.4746745	0.9179604	0.1894053	0.1886176	0.5862419	0.8043096	0.9289177	0.1371061	0.7657754	0.9928177	0.3300368	0.1930244	0.4560151	0.5297185	0.7822884	0.5246786	0.2986792	0.4180296	0.5781145	0.1572097	0.7409852	0.2716538	0.0394762	0.5344543	0.9861960
1000	0.0108914	0.7479527	0.9831020	0.1469751	0.4751420	0.0018147	0.0195330	0.0229668	0.8046358	0.4712915	0.1377887	0.0541927	0.0054618	0.1194778	0.9069215	0.3319102	0.5013205	1.0314259	0.9463632	0.8879518	0.0663272	0.6952600	1.0627344	0.9770261	0.8130626	0.7141856	0.8562801	0.0779608	0.2922346	0.0404907	0.4313456	0.0685081	0.5565279	0.7957892	0.2624174	0.9558234	0.2878087	0.8116135	0.3121475	0.0157497	0.9586709	0.4482987	0.0894898	0.0575776	0.7070267	0.6094071	0.4575475	0.7915995	0.8040643	0.2693269	0.0623598	0.3538672	0.8997347	0.0031427	0.7545791	0.4116952	0.7040221	0.2374057	0.4509734	0.9842874	0.8476923	0.4948180	0.1865957	0.3276766	0.5775729	0.5134474	1.0806609	0.6719569	0.4799842	0.0319176	0.3796407	0.1663290	0.2637699	0.8898113	0.3418586	0.4440941	0.9242544	0.2229812	0.2719752	0.5776588	0.8214395	0.9811368	0.0947264	0.6724963	1.0658821	0.3745625	0.2060254	0.4804885	0.5034469	0.8305183	0.5911414	0.2851958	0.4391296	0.6025849	0.1143477	0.7132225	0.1958293	0.0412816	0.5239476	0.8860672

0	0.0094491	0.6355617	1.0459758	0.0876986	0.4170952	0.0015965	0.0357302	0.0201856	0.7842026	0.5482911	0.1482550	0.1067167	0.0074763	0.0795139	0.9263252	0.4386615	0.5117037	1.0187251	0.9869150	0.9112762	0.0675828	0.6396705	0.9879649	0.9056811	1.0249936	0.8053086	0.8415975	0.0956169	0.2807776	0.0361236	0.3476186	0.0945586	0.7647381	0.8073502	0.2691465	0.9854445	0.2644993	0.7761342	0.3511720	0.0142404	0.9503393	0.3956488	0.0912837	0.0721673	0.8039584	0.5632487	0.5721011	0.9104100	0.8750489	0.3877912	0.0490860	0.3690556	1.0040851	0.0016799	0.7496314	0.4296180	0.7445798	0.3138374	0.4763448	0.9977159	0.8917758	0.5763065	0.2317245	0.3844034	0.5377636	0.4876338	1.0898320	0.8135737	0.5024926	0.0491368	0.3912071	0.2335426	0.3169327	0.9297559	0.3112694	0.3637340	0.9584119	0.1589398	0.2670455	0.6498318	0.7931145	1.0351174	0.1402507	0.6535788	1.0095359	0.4184859	0.2245238	0.5131035	0.6073464	0.7854143	0.4606182	0.1309775	0.4648780	0.5528648	0.0723851	0.5781484	0.2784400	0.0363961	0.5378107	0.9932421
50	0.0353562	0.6701594	0.9673839	0.1226377	0.3416251	0.0016168	0.0333877	0.0173178	0.7086702	0.4767219	0.1005180	0.1167542	0.0100119	0.0995571	0.8847627	0.4053975	0.5571202	0.9966068	0.9574529	0.8106822	0.0631616	0.7396675	0.9150365	1.0217829	0.7626548	0.8524539	0.8789314	0.1831266	0.2336152	0.0150330	0.2573917	0.0584602	0.7486706	0.8378761	0.2536698	0.8581380	0.4149943	0.6885578	0.3474273	0.0260997	0.9200049	0.4819964	0.0846095	0.1110770	0.6902983	0.4793095	0.6014204	0.8054030	0.7913244	0.3111474	0.0392486	0.3920353	0.9550777	0.0491400	0.7221717	0.5310230	0.8811231	0.2864868	0.4627632	0.9364502	0.7250483	0.3614444	0.2025247	0.1608420	0.5128456	0.3558291	1.0698948	0.8163988	0.4070266	0.0519505	0.4187948	0.2183762	0.2832394	0.9749432	0.2911308	0.2830315	0.8570476	0.2756432	0.2200902	0.6890920	0.7967988	0.9817825	0.1569083	0.5039645	1.0439691	0.3582752	0.3130330	0.4568700	0.6181163	0.8173299	0.5365891	0.1885698	0.5176475	0.6187771	0.0943279	0.6411272	0.2042814	0.0538143	0.5506347	0.9679546
100	0.1076184	0.6872186	1.0123291	0.1356004	0.3724636	0.0004647	0.0299648	0.0115742	0.7145168	0.2798727	0.1433016	0.1131194	0.0039471	0.1104797	0.9758187	0.3817993	0.4776477	0.9832531	1.0579885	0.8181305	0.0846594	0.5804658	0.8256027	0.9990220	0.6781644	1.0219064	0.8733759	0.3735026	0.2369004	0.0273641	0.2921530	0.0546582	0.7021399	0.8889645	0.3054190	0.9993202	0.4558731	0.7257873	0.3491769	0.0203329	0.8903457	0.5798498	0.0732485	0.1028660	0.5512539	0.4828507	0.5518629	0.7823882	0.7194854	0.3001882	0.0359319	0.3716030	0.9152215	0.0942003	0.6832881	0.5808294	0.8695686	0.2726709	0.4967718	0.9411477	0.8151467	0.2626658	0.2198660	0.0597448	0.5254091	0.3496948	1.1578472	0.7789133	0.4295812	0.0437874	0.4058219	0.2449695	0.3327707	0.8735527	0.2971299	0.2686686	0.8473862	0.2187017	0.2516935	0.7303964	0.7539266	0.9880150	0.1943413	0.4997269	1.0618805	0.3481075	0.3303912	0.2304331	0.6463280	0.7639769	0.4506758	0.1634305	0.6185290	0.9055829	0.1110053	0.6393988	0.2082804	0.0448038	0.5005365	0.9131334
150	0.1067750	0.7389447	1.0588175	0.1100406	0.3301613	0.0015078	0.0248452	0.0101825	0.7529891	0.1746823	0.1686645	0.0743448	0.0008891	0.0885289	0.9931793	0.3911773	0.4669387	1.0021643	1.0189026	0.8293905	0.1055134	0.5596921	0.8222810	0.8551516	0.7228774	0.9776994	0.8986511	0.4903568	0.2343338	0.0222426	0.1960610	0.0382112	0.7393761	0.9113942	0.2884575	1.0662580	0.5405793	0.7268040	0.3034250	0.0122633	0.8902089	0.4806988	0.0610269	0.1223175	0.6255662	0.5687431	0.5766622	0.7715097	0.8120455	0.4394702	0.0324453	0.3207005	0.9042879	0.1062187	0.7899270	0.5157921	0.8890779	0.2435197	0.4262949	0.8824999	0.7648254	0.1851088	0.2873489	0.0565884	0.5474140	0.3259966	1.0281538	0.7303213	0.3951096	0.0811734	0.4289440	0.2045708	0.2840679	0.9442448	0.3326348	0.3418170	0.9204905	0.3748149	0.2183611	0.6338680	0.7974249	0.9139578	0.2344157	0.5383258	1.0435229	0.3321160	0.2879572	0.1626708	0.6035106	0.7229872	0.3940344	0.1047133	0.6377190	0.9882102	0.0967100	0.6422118	0.2130456	0.0335631	0.4671195	0.9581686
200	0.1615287	0.5846915	0.9947156	0.1691490	0.3556487	0.0008876	0.0251367	0.0190112	0.8590401	0.1063473	0.1759489	0.0788699	0.0033689	0.0947257	0.8128379	0.3790598	0.4213640	0.9910937	0.9516302	0.8202500	0.0771303	0.5003590	0.8028436	0.6815635	0.7074193	0.9554841	0.9563942	0.4725493	0.2319507	0.0253313	0.2087226	0.0297675	0.7770138	0.8970055	0.2730498	1.0306468	0.5160737	0.7305906	0.3612298	0.0131065	0.9913562	0.5088745	0.0648418	0.1474404	0.5867135	0.5008381	0.6520774	0.9214506	0.7906848	0.4166598	0.0352442	0.3178605	0.9097746	0.1094470	0.7658312	0.5333297	0.7206444	0.3343575	0.5142122	0.9305080	0.7962927	0.2450917	0.3014305	0.0220011	0.6094681	0.3212660	0.9866608	0.7919631	0.4385040	0.0949798	0.4164672	0.1685872	0.2589346	0.9122253	0.2581743	0.3385213	0.9120054	0.3706049	0.2601177	0.6415058	0.7703396	0.9021325	0.2685961	0.5401627	1.0238727	0.2621827	0.3681988	0.1593179	0.6206691	0.6955153	0.3366280	0.0859696	0.6932505	1.0245632	0.0960958	0.6462131	0.2433476	0.0346225	0.5090496	0.8959063
250	0.1454141	0.6656591	0.9274382	0.1801321	0.3177721	0.0059782	0.0255081	0.0391048	0.9294788	0.0590046	0.1803094	0.0746815	0.0039476	0.0981587	0.8385903	0.4551302	0.4389744	1.0854589	1.0488049	0.8537436	0.0646892	0.5566077	0.7648792	0.5825042	0.6757725	0.9685272	0.9655555	0.5314892	0.2707166	0.0139618	0.1516612	0.0152091	0.7645797	0.8412556	0.2594237	1.0096317	0.4867569	0.6617370	0.3414796	0.0271747	1.0501776	0.6180350	0.0944515	0.1545022	0.5490419	0.5121575	0.7333714	0.8581603	0.8505998	0.3875617	0.0426620	0.2997534	0.7951063	0.1828501	0.7248765	0.5275575	0.7072863	0.2919290	0.5463323	0.9062393	0.7157128	0.2163856	0.3228863	0.0212002	0.6712870	0.3211612	0.9615232	0.7602782	0.4193938	0.0921756	0.3748286	0.1819205	0.2635043	0.8846723	0.2790016	0.3002824	0.9813238	0.3415297	0.2739207	0.6289565	0.8122993	0.7752701	0.2740235	0.5450582	0.9616938	0.2547794	0.3372237	0.1214156	0.6733125	0.6385574	0.3489176	0.1558376	0.6151479	0.8982152	0.1156405	0.6198071	0.2339059	0.0277760	0.4633494	0.8906397
300	0.1809114	0.6255601	0.8953552	0.1768910	0.3425962	0.0027098	0.0258935	0.0211297	1.0232467	0.0600719	0.1839387	0.0839522	0.0052224	0.1113647	0.8156359	0.4904245	0.4352643	1.0973905	1.0439977	0.9436161	0.0768472	0.6068284	0.7397695	0.5424713	0.7847231	0.9503896	0.9257301	0.4725666	0.2422579	0.0196396	0.1535021	0.0104469	0.7067871	0.8038306	0.2297672	0.9993224	0.4553043	0.6724505	0.3664536	0.0427282	0.9624813	0.6461580	0.1049847	0.1387273	0.5941314	0.3594743	0.7791859	0.9327485	0.8970696	0.3427970	0.0354861	0.3094137	0.6956292	0.1559943	0.7767483	0.4909730	0.6653975	0.2764226	0.5287801	0.9138123	0.7689544	0.2400857	0.3676500	0.0217645	0.5475252	0.3508765	1.0216420	0.6490842	0.3786124	0.0852749	0.3252616	0.2081030	0.2305910	0.9233435	0.2972335	0.2724861	0.9304930	0.2937283	0.3238808	0.6306846	0.7875914	0.8723928	0.3065905	0.6620477	0.9020323	0.2791894	0.3570021	0.0782440	0.7241904	0.6013919	0.3232394	0.1871271	0.7038988	0.9955750	0.1310017	0.6106188	0.2610575	0.0134949	0.5124976	0.9952517
350	0.2205588	0.5945698	1.0206225	0.1929083	0.3290824	0.0039122	0.0138282	0.0235197	1.0387030	0.0800911	0.1295246	0.1137977	0.0010682	0.1175450	0.8780163	0.4893194	0.4642970	0.9728396	0.8771109	0.8922719	0.0657520	0.5360337	0.7629006	0.4207269	0.7138879	1.0284392	0.9737822	0.4735953	0.1707149	0.0322922	0.1569556	0.0177745	0.7617375	0.8155371	0.2363071	1.0259550	0.4291149	0.7323228	0.3834009	0.0341491	0.9767901	0.6831053	0.0793825	0.1359441	0.5971299	0.3842972	0.7459115	0.8310076	0.8908322	0.4338096	0.0427867	0.3729470	0.6153311	0.1625760	0.7742153	0.5198122	0.6470680	0.3339339	0.4769358	0.9110267	0.7916487	0.2064256	0.3812302	0.0313529	0.5466805	0.2905109	1.1925441	0.6400176	0.3666262	0.0908249	0.3370845	0.1736033	0.2308752	0.8138683	0.2276200	0.2387416	0.8823657	0.2562285	0.2615862	0.6218610	0.7701039	1.1180742	0.2559184	0.5051588	0.9793819	0.2777576	0.3659040	0.0548830	0.5770481	0.6279283	0.3631141	0.2224766	0.7388903	0.9771795	0.1817892	0.6919562	0.2909985	0.0303453	0.5414628	0.9232394
400	0.1875324	0.6186518	1.0055372	0.1320333	0.3199849	0.0014183	0.0372558	0.0291964	1.1068333	0.0901015	0.1711085	0.1090670	0.0021879	0.0882447	0.8547767	0.4523936	0.4833233	0.9146415	0.8544492	0.8717515	0.0531488	0.4967434	0.7556739	0.4537682	0.7009239	0.9943356	0.9710325	0.5108201	0.1808054	0.0151607	0.1504481	0.0296734	0.7157935	0.7918716	0.2444079	1.0573073	0.4092063	0.6583957	0.3352480	0.0172330	1.0411188	0.5766278	0.0829702	0.1159773	0.6111708	0.3387414	0.6013826	0.8299142	0.7949190	0.4814293	0.0395770	0.3391218	0.5849922	0.1674867	0.7704268	0.5322514	0.6398398	0.2989116	0.5244844	0.9370136	0.7916563	0.1449186	0.3447772	0.0173809	0.5595948	0.2691069	1.0130693	0.6067690	0.3094159	0.0888156	0.3500167	0.1543680	0.2323426	0.9581042	0.2791892	0.1973521	0.9446833	0.2392918	0.2061691	0.6003313	0.7937218	0.9583400	0.2725409	0.4616880	0.8660030	0.2643362	0.4151840	0.0459920	0.5930268	0.6821528	0.3607487	0.2892021	0.7227002	1.0054586	0.1512308	0.7904525	0.2697447	0.0322884	0.5414971	0.9673913
450	0.1806044	0.6334653	1.0339662	0.1175776	0.3986027	0.0041332	0.0433956	0.0375425	1.0824940	0.0491975	0.1508258	0.1075495	0.0055003	0.1311503	0.8466431	0.5059831	0.5524344	0.8887097	0.9030846	0.9269990	0.0507494	0.5444789	0.7780935	0.4789347	0.7110925	0.9541907	0.9944641	0.5748181	0.1917107	0.0136506	0.1552591	0.0367377	0.8084748	0.7723431	0.2329813	0.9780253	0.4045133	0.7183092	0.3325124	0.0162578	0.9719997	0.5625146	0.0556750	0.1189376	0.6273512	0.4555648	0.5607642	0.8727797	0.7701241	0.4869662	0.0354463	0.3083876	0.5452041	0.1595195	0.7524597	0.5769494	0.6340636	0.2448686	0.5298976	0.9979756	0.7281494	0.2038593	0.3810241	0.0196868	0.5525082	0.2882663	1.0200792	0.6561394	0.3099167	0.0511541	0.2893953	0.1756680	0.1942821	0.9404396	0.2889043	0.2224186	0.8884693	0.3583249	0.1636228	0.5687847	0.8043271	0.9176306	0.2927833	0.4736723	1.0370243	0.2636112	0.4205001	0.0596593	0.6311962	0.6709447	0.3710468	0.2727681	0.7264301	1.0160616	0.1027234	0.7468063	0.3028756	0.0299897	0.5578178	1.0561529
500	0.1466154	0.6146330	1.0193719	0.1222935	0.3485997	0.0022879	0.0293633	0.0238385	1.0822084	0.0700187	0.1464536	0.0936259	0.0025739	0.1203686	0.8140668	0.4994801	0.5287434	0.8890724	0.9139229	0.9230307	0.0752524	0.5709970	0.7304887	0.4309380	0.7118942	1.0300654	1.0846601	0.5202330	0.1908918	0.0055059	0.1908814	0.0256884	0.7766276	0.7420643	0.2346320	0.9986071	0.4154025	0.7342408	0.3221136	0.0097540	0.9204541	0.6457619	0.0848677	0.1161073	0.6222423	0.5072983	0.6204067	0.8740333	0.7805429	0.3627352	0.0343003	0.3383430	0.4899955	0.1778846	0.6477516	0.5789169	0.7971757	0.1976013	0.4764230	0.9156029	0.7030923	0.2085866	0.2969639	0.0176166	0.5945975	0.2917293	0.9833252	0.6990938	0.3039988	0.0551283	0.3105138	0.1910500	0.2226214	0.9139939	0.3037604	0.3347115	0.9401027	0.4847837	0.2117220	0.5815956	0.8158093	0.8695973	0.2381521	0.5090733	1.0062023	0.2504296	0.4756494	0.0705865	0.5908743	0.6788921	0.4171644	0.2920816	0.7287489	0.9790668	0.0664308	0.6630736	0.2777156	0.0402253	0.4877852	1.0743050
550	0.1143503	0.6695138	1.1095369	0.1917429	0.4463604	0.0001807	0.0515130	0.0244980	1.1088006	0.0496764	0.1601037	0.1091024	0.0038420	0.1288779	0.8302667	0.5236044	0.5172829	0.9513921	0.8863921	0.8960156	0.0733478	0.5285951	0.7866301	0.5127258	0.8518483	0.8620174	1.0082407	0.4014638	0.2011091	0.0153893	0.3740521	0.0239132	0.7156593	0.7360074	0.2536994	0.9844338	0.3274023	0.8202167	0.3495723	0.0247329	0.9109288	0.5558383	0.0964324	0.1044811	0.6331476	0.4892949	0.6409111	0.8986392	0.7682622	0.3610895	0.0544448	0.3784210	0.4303096	0.1297020	0.7398480	0.5539946	0.7373381	0.2308374	0.4777811	0.8930669	0.7253661	0.3863508	0.3044965	0.1361298	0.5902130	0.4528764	1.0451673	0.6716432	0.3472152	0.0506144	0.2695709	0.2470666	0.1503141	0.8627606	0.3337529	0.2809225	0.9876797	0.3739573	0.2420717	0.5044568	0.8294080	0.9507438	0.2214856	0.5937819	1.0944094	0.2887665	0.4304330	0.1624393	0.5687177	0.7583024	0.3290591	0.2289999	0.7067479	0.8859004	0.0877329	0.6383434	0.2456801	0.0301855	0.4805644	1.1100177
600	0.0660080	0.5988810	1.0832650	0.1882236	0.4850917	0.0022607	0.0306382	0.0194098	1.0546842	0.0427668	0.2265568	0.0831346	0.0034516	0.0918794	0.8646617	0.4994783	0.5318646	0.9562034	0.9246725	0.9385402	0.0585410	0.6047510	0.9127317	0.6976367	0.8841728	0.7527634	0.9961315	0.2514428	0.1896460	0.0197784	0.3122934	0.0395386	0.7171974	0.8036510	0.1697183	0.9131430	0.2311546	0.7852604	0.3154680	0.0393793	0.8912938	0.5482873	0.0845964	0.1000215	0.7179730	0.4824698	0.6316742	0.8454941	0.8068334	0.3681552	0.0792617	0.4112996	0.4016576	0.0802211	0.7600497	0.5150936	0.8326044	0.2395191	0.3863202	0.9813887	0.7412483	0.5352075	0.3787866	0.2649130	0.5732566	0.5381128	0.8958923	0.7222934	0.3717215	0.0556853	0.2578574	0.2351301	0.1580749	0.9486431	0.3050921	0.3792982	0.8984657	0.2225754	0.2366710	0.5620268	0.7633870	0.9145878	0.1534824	0.5839940	0.9105157	0.3032410	0.3662111	0.2945488	0.5599535	0.7037139	0.3552018	0.2722694	0.5439628	0.7133584	0.1307282	0.5839230	0.3005740	0.0393876	0.4974663	1.0602471
650	0.0431951	0.6329287	1.0017468	0.1826639	0.4189374	0.0025379	0.0406168	0.0317942	0.9904080	0.0576185	0.1434893	0.1022100	0.0046604	0.0941626	0.9571855	0.4678280	0.5320517	0.9370534	0.8916103	0.9981405	0.0716293	0.6109408	1.0477129	0.9041586	0.9243202	0.7259876	1.0256018	0.1564428	0.2130549	0.0186872	0.3881292	0.0530914	0.6061348	0.7730813	0.2295685	0.8044507	0.2416432	0.7956560	0.3139993	0.0276954	0.9593276	0.5008469	0.0690918	0.0875316	0.7093834	0.4824198	0.6086001	0.7908644	0.8804990	0.3543847	0.0641431	0.3870101	0.3698051	0.0182275	0.7868765	0.5454862	0.7520676	0.2604997	0.5343867	0.9985101	0.7559057	0.6293499	0.3922558	0.2707790	0.6789223	0.5504525	0.9878907	0.6920461	0.3743324	0.0618618	0.3445560	0.2202798	0.1593084	0.9395823	0.2732199	0.3945230	0.9334692	0.2028024	0.2368357	0.6224878	0.7673849	0.9815051	0.1412407	0.5596059	0.8827222	0.3872937	0.3331953	0.3307216	0.7190181	0.7492777	0.4095270	0.3132646	0.5275338	0.6791447	0.1222201	0.6512545	0.2881156	0.0304214	0.4639627	1.0154961
700	0.0305350	0.6891939	0.9854909	0.1519071	0.4355034	0.0032420	0.0277114	0.0263698	0.9756048	0.1207674	0.1378932	0.0837695	0.0055615	0.1240423	0.8621042	0.5191888	0.5188249	0.9094645	0.9605782	0.9330599	0.0701206	0.5752732	1.0141866	0.8685911	0.8688978	0.6630378	1.0181937	0.1372915	0.2310830	0.0287379	0.3536770	0.0770014	0.6239596	0.8194534	0.2139986	0.8774708	0.2197292	0.7876189	0.2931801	0.0316405	1.0530585	0.5650727	0.0702837	0.0686060	0.7378283	0.5454917	0.5139408	0.8077137	0.8655824	0.3906462	0.0645818	0.3276531	0.3509608	0.0088837	0.7357509	0.5374064	0.7168894	0.2770164	0.4765943	0.9924453	0.8235820	0.5851218	0.3891030	0.2556949	0.5902390	0.5522561	0.9675755	0.7259065	0.3683134	0.0482791	0.3503556	0.1988916	0.1790609	0.9167183	0.2550772	0.3915712	0.8219562	0.1827130	0.2674229	0.6383495	0.7174865	0.9655443	0.1251290	0.6089578	0.9672188	0.3061049	0.3144795	0.3307883	0.5854215	0.6896634	0.4563581	0.3379580	0.4700349	0.5714481	0.1065422	0.5866398	0.3177128	0.0163129	0.5414642	0.9534483
750	0.0231581	0.6471751	1.0314110	0.1479635	0.3918704	0.0013319	0.0242521	0.0204110	0.9779459	0.1729856	0.1610858	0.0987058	0.0045847	0.1310147	0.9046055	0.5013025	0.4824756	0.9000693	0.9633593	0.9144673	0.0592291	0.7352086	1.0328737	0.7943784	0.9075849	0.6296426	0.9710581	0.1171680	0.1654283	0.0337353	0.3889423	0.1114539	0.6046312	0.9326380	0.2656153	0.8924669	0.2656402	0.7376237	0.3162882	0.0163215	0.9548291	0.4916942	0.0546506	0.0589394	0.7570635	0.5498459	0.5485220	0.8153146	0.8859420	0.3874337	0.0748311	0.3692735	0.4249376	0.0003076	0.7452569	0.5328538	0.8004067	0.2438910	0.5001903	0.9355512	0.9100606	0.5424816	0.3072829	0.2758661	0.5842280	0.5766801	0.9451111	0.7376916	0.2824738	0.0365707	0.3427758	0.2036161	0.2218137	0.8709546	0.2938440	0.4120592	0.8063376	0.3077789	0.2791567	0.5843711	0.7505279	0.9498016	0.1397734	0.5820600	1.0045634	0.3191916	0.2759550	0.4111312	0.6288054	0.6712666	0.4667803	0.3254175	0.4256336	0.5921364	0.1269443	0.5859667	0.2813786	0.0325336	0.5672359	0.9473361
800	0.0320023	0.6580361	1.0100929	0.1344726	0.4753646	0.0004531	0.0219673	0.0246550	1.1293760	0.3213589	0.1264665	0.0892622	0.0000000	0.1441816	0.9126831	0.4822279	0.5141641	1.0550610	0.8576461	0.8455022	0.0594225	0.6084823	1.0057743	0.7779362	0.8446530	0.6656725	0.8598284	0.1105509	0.2006176	0.0334129	0.3450071	0.1025757	0.7286789	0.9807511	0.2738989	0.9222753	0.2606261	0.7612803	0.3434896	0.0063116	1.0100197	0.4809498	0.0569643	0.0644593	0.7143618	0.5350873	0.5962814	0.8289287	0.8140459	0.3244812	0.0864245	0.4769064	0.6569920	0.0003512	0.7892925	0.4752119	0.8480854	0.2462456	0.5092745	0.9683303	0.7904174	0.6273745	0.4039851	0.2951690	0.5689211	0.5607021	0.9378874	0.7420433	0.3977767	0.0323004	0.3102778	0.2075003	0.2635023	0.8833360	0.2577714	0.3790717	0.8961724	0.4428594	0.2631930	0.6890787	0.8094857	0.8948232	0.1225124	0.5827674	1.0422134	0.3481439	0.2780701	0.4176776	0.6257370	0.7126581	0.4863445	0.2740458	0.4146861	0.6100682	0.0916409	0.6601786	0.2451438	0.0256586	0.6396024	0.9289926
850	0.0246557	0.6173311	1.0183206	0.1412274	0.4690682	0.0004291	0.0274976	0.0330992	1.0504661	0.2554376	0.1025712	0.0902853	0.0105307	0.1139391	0.8764437	0.4650161	0.4772840	0.9859895	0.9888799	0.8352297	0.0751418	0.7052728	0.9362174	0.9931012	0.9230714	0.6245328	0.8400566	0.0766178	0.2461912	0.0332262	0.3629464	0.0993996	0.7499380	0.8767109	0.2449790	0.9407609	0.3457179	0.7625335	0.3312408	0.0210862	1.0330987	0.4938560	0.0451556	0.0562865	0.7679103	0.5602333	0.5753382	0.7898054	0.8552501	0.2983396	0.0852297	0.4225869	0.7928178	0.0022558	0.7655149	0.5178105	0.8180188	0.2779636	0.5071481	0.9626394	0.7492683	0.5406610	0.3254934	0.3066117	0.5211575	0.5465463	0.9828375	0.7868489	0.3522701	0.0571842	0.2573393	0.2089897	0.2759800	0.8687049	0.2898151	0.3895679	0.9214812	0.5816609	0.3026391	0.7544511	0.8563064	0.9458798	0.1431473	0.6053464	0.9635168	0.3389156	0.2342680	0.5537893	0.5966800	0.6984341	0.4261372	0.2067459	0.4045278	0.6629510	0.0662157	0.6327872	0.2523105	0.0279867	0.7366369	0.9541991
900	0.0202008	0.6131254	1.0131175	0.1562713	0.4926632	0.0027481	0.0357025	0.0423210	1.0676303	0.2458578	0.1304833	0.0755326	0.0065833	0.1154520	0.8826885	0.4407371	0.4345906	1.0084617	0.9965954	0.9522577	0.0786851	0.6493766	0.9225637	1.1405190	0.8473345	0.6581935	0.8861722	0.0868575	0.2426756	0.0313746	0.4509287	0.0812949	0.8069643	0.8031878	0.2220143	0.8650023	0.2995221	0.7275308	0.3403827	0.0251939	0.9696843	0.4670094	0.0583935	0.0668781	0.6937862	0.5569721	0.5903523	0.7954552	0.7762442	0.3146348	0.0891566	0.3915907	0.9053116	0.0000000	0.6821039	0.5526248	0.8529158	0.2825505	0.4327347	1.0112712	0.7189185	0.4993467	0.2112534	0.2875362	0.5425456	0.5893089	0.9840860	0.8356982	0.3833406	0.0401025	0.3315892	0.1681868	0.2660814	0.9368915	0.2714420	0.3959761	0.8604035	0.6460202	0.3089810	0.6614251	0.7480766	0.9269560	0.1053727	0.6303223	0.8678437	0.3743322	0.1990634	0.5124275	0.5646827	0.7203976	0.4903068	0.2572433	0.4051862	0.6296762	0.0751216	0.6321067	0.2617665	0.0112673	0.5924781	1.0521657
950	0.0089651	0.5975134	1.0374562	0.1449891	0.3992370	0.0005965	0.0298438	0.0355314	1.0217184	0.3525487	0.0906277	0.0722169	0.0084855	0.1290324	0.8840589	0.4252184	0.4965692	0.9695611	1.0258719	0.9430450	0.0628376	0.6553447	0.9900172	1.1176646	0.7977553	0.7091678	0.8421549	0.0799023	0.1989660	0.0257576	0.3977664	0.0730847	0.7192073	0.7939057	0.2860538	0.8542577	0.3114393	0.7227584	0.3174636	0.0286572	1.0136905	0.4547913	0.0418028	0.0576521	0.7025007	0.5399691	0.5434688	0.7840100	0.7506024	0.3340222	0.0917318	0.4131270	0.9214949	0.0043527	0.7832326	0.5647290	0.8514541	0.2858478	0.4444020	1.0426140	0.7274879	0.5829092	0.2045957	0.2515194	0.5370448	0.5397319	1.0536589	0.7272766	0.3845997	0.0222458	0.3475423	0.1643299	0.2749414	0.9505722	0.2986579	0.4306934	0.9418094	0.5362255	0.2799779	0.6485442	0.8191803	0.9315809	0.1122950	0.6412165	0.9814382	0.3544860	0.2069405	0.4690133	0.6403591	0.6871435	0.3913891	0.3075368	0.4082182	0.5602272	0.0810062	0.6560464	0.2509709	0.0182327	0.5501744	1.0955640
1000	0.0145861	0.6524572	1.0141329	0.1534735	0.4807378	0.0003877	0.0227426	0.0377421	0.9639913	0.4051837	0.1147322	0.0913557	0.0094208	0.1155124	0.8248624	0.4146215	0.5510520	1.0054850	0.9497600	0.9196031	0.0595355	0.6367204	0.9931606	1.0352752	0.8896659	0.7518140	0.8469161	0.0869704	0.2170175	0.0365465	0.4222645	0.0596199	0.6820034	0.8376764	0.2353168	0.9116988	0.2528586	0.7450394	0.3353318	0.0151196	0.8633137	0.5117012	0.0678582	0.0821979	0.6980608	0.5645509	0.5124291	0.7908457	0.7467900	0.2934904	0.0977615	0.3265690	0.9966298	0.0101343	0.7308876	0.5015437	0.7855687	0.3246112	0.4548523	0.9765991	0.7809028	0.4676609	0.1552505	0.2946558	0.4779416	0.5163374	1.0845516	0.6658898	0.3997485	0.0508809	0.3451206	0.1938852	0.2929612	0.8440454	0.2448699	0.3435684	0.8820939	0.5501195	0.2288966	0.6800907	0.8552767	0.9822365	0.1110816	0.6165261	0.9334580	0.3344088	0.2078358	0.5097656	0.7261757	0.7653739	0.4238210	0.3724286	0.3760227	0.5178243	0.1023435	0.6459117	0.2568694	0.0151951	0.5628532	1.0226403

0	0.0094491	0.6355617	1.0459758	0.0876986	0.4170952	0.0015965	0.0357302	0.0201856	0.7842026	0.5482911	0.1482550	0.1067167	0.0074763	0.0795139	0.9263252	0.4386615	0.5117037	1.0187251	0.9869150	0.9112762	0.0675828	0.6396705	0.9879649	0.9056811	1.0249936	0.8053086	0.8415975	0.0956169	0.2807776	0.0361236	0.3476186	0.0945586	0.7647381	0.8073502	0.2691465	0.9854445	0.2644993	0.7761342	0.3511720	0.0142404	0.9503393	0.3956488	0.0912837	0.0721673	0.8039584	0.5632487	0.5721011	0.9104100	0.8750489	0.3877912	0.0490860	0.3690556	1.0040851	0.0016799	0.7496314	0.4296180	0.7445798	0.3138374	0.4763448	0.9977159	0.8917758	0.5763065	0.2317245	0.3844034	0.5377636	0.4876338	1.0898320	0.8135737	0.5024926	0.0491368	0.3912071	0.2335426	0.3169327	0.9297559	0.3112694	0.3637340	0.9584119	0.1589398	0.2670455	0.6498318	0.7931145	1.0351174	0.1402507	0.6535788	1.0095359	0.4184859	0.2245238	0.5131035	0.6073464	0.7854143	0.4606182	0.1309775	0.4648780	0.5528648	0.0723851	0.5781484	0.2784400	0.0363961	0.5378107	0.9932421
50	0.0519246	0.6405213	0.9116765	0.0892640	0.5698957	0.0078496	0.4094752	0.0240151	0.6173079	0.4000953	0.1722187	0.3639805	0.1985131	0.0750921	0.9676687	0.4490654	0.4949392	1.0224885	0.9608954	0.8022328	0.0473322	0.5115393	0.8863523	0.9812076	0.9185346	0.7551160	0.8872908	0.1618901	0.2030055	0.0248959	0.2776887	0.0696055	0.6740142	0.8038733	0.2179764	0.9540583	0.6227329	0.7564391	0.2980601	0.0127104	0.9688206	0.3961349	0.0794131	0.0560545	0.8150786	0.1875490	0.7539284	0.8807550	0.8394964	0.2753407	0.2421113	0.3708789	0.8032716	0.0018881	0.6850360	0.6116544	0.7655695	0.2571631	0.4105529	0.9552206	0.8476362	0.6818601	0.2889436	0.3008487	0.5286331	0.5675654	1.0137678	0.8026376	0.4514490	0.0588178	0.2387112	0.2347864	0.2778228	0.9121205	0.2933152	0.4364192	0.8597430	0.3059749	0.2189301	0.5729367	0.5153932	0.8691214	0.2931619	0.6358667	0.9625343	0.3933788	0.2921153	0.5789860	0.5869289	0.6875828	0.4927863	0.4746900	0.3996688	0.4432103	0.0999182	0.6336139	0.2931740	0.0192883	0.4613011	1.0118107
100	0.0779067	0.5421207	0.6875553	0.0931471	0.6545447	0.0644903	0.6328823	0.0273894	0.4595884	0.2827218	0.2922105	0.4949502	0.3720623	0.1118814	0.8799177	0.4461537	0.4722614	0.9551930	0.9130357	0.7972656	0.0291070	0.6298094	0.8722170	0.9167317	1.0155185	0.7168027	0.9654332	0.2405496	0.1688644	0.0178919	0.3235528	0.0658533	0.6860091	0.7237589	0.2519015	0.6274998	0.7317438	0.7039298	0.3136795	0.0262793	1.0128453	0.4042231	0.0681658	0.0918411	0.7692937	0.0416879	0.5772324	0.8573043	0.7983050	0.3287728	0.3486294	0.3049135	0.8607403	0.0233268	0.7472008	0.7942409	0.7813826	0.1585275	0.4938283	0.9452051	0.8953827	0.5702850	0.3362320	0.3244802	0.5045327	0.6154508	0.9890241	0.8603860	0.5504916	0.0475246	0.1856762	0.2538025	0.2427127	0.9135237	0.2439204	0.3825388	0.8862594	0.4414434	0.1916351	0.4963114	0.4098104	0.8003039	0.4047016	0.6240848	0.9919463	0.3452721	0.3731723	0.6037597	0.6816524	0.6500201	0.5252941	0.6729667	0.3612528	0.4265336	0.0769849	0.6600037	0.2954372	0.0301459	0.4916898	1.0090556
150	0.1006649	0.5968250	0.6819856	0.0853678	0.4639397	0.1551657	0.9871049	0.0358045	0.3738405	0.3893925	0.3875966	0.6329777	0.4040300	0.1026833	0.7942365	0.5595309	0.5971333	0.9606079	0.8450588	0.7734676	0.0513277	0.7231815	0.9491436	0.9685078	0.9964766	0.6434074	1.0126184	0.2529734	0.2269865	0.0429028	0.3792752	0.0716280	0.7558197	0.7607861	0.2826630	0.3900825	0.9472588	0.6846070	0.3326748	0.0112168	0.9681391	0.3998160	0.0811720	0.1373429	0.8632895	0.0177321	0.5386586	0.8028228	0.8372751	0.2808788	0.4197447	0.2864698	0.9303597	0.1979147	0.8645647	0.9114799	0.7277446	0.1292054	0.5210996	0.9697214	0.8931699	0.5246806	0.4838171	0.3462899	0.5463987	0.5922010	0.9644105	0.9357601	0.5055744	0.0208572	0.1374234	0.3150717	0.2258090	0.8320724	0.1856133	0.4509058	0.8711106	0.6642002	0.1202780	0.5688708	0.3277925	0.7941352	0.5326514	0.6153161	0.9601763	0.4073151	0.4423817	0.6462415	0.7908449	0.6323134	0.5234786	0.8301571	0.3540264	0.5062441	0.0648617	0.6012707	0.4476351	0.0408741	0.4278079	0.9010421
200	0.1427888	0.5536737	0.6889425	0.0613744	0.3752765	0.2297093	0.9361261	0.0553797	0.2827955	0.4795250	0.4180607	0.6536948	0.5201066	0.1315698	0.6207803	0.5136390	0.5368276	0.9912092	0.7610025	0.7755856	0.0763702	0.7508363	0.8613286	0.8055770	0.9623911	0.6573535	0.9500777	0.2852184	0.3050728	0.0526927	0.3707844	0.0875565	0.7188593	0.7479511	0.4244560	0.3291164	0.9174164	0.7591998	0.3029741	0.0199356	0.8950865	0.3589433	0.0812564	0.1958031	0.8668868	0.0030182	0.5470001	0.7266064	0.8314730	0.2716832	0.5302914	0.3924022	0.9446245	0.4140033	0.8921360	0.8870291	0.6817338	0.1668708	0.4753072	1.0765162	0.8437366	0.4496904	0.4102606	0.3405813	0.4644296	0.5477880	0.9776409	0.9518475	0.5235424	0.0398808	0.1002074	0.2414435	0.2923537	0.7939302	0.1595740	0.5494600	0.8610831	0.6979783	0.0894775	0.5064234	0.2925203	0.7300706	0.5659097	0.7460042	0.9952250	0.4527091	0.5438180	0.6739913	0.8181786	0.5529426	0.5895833	0.8820502	0.3355146	0.4778401	0.0808731	0.5071119	0.5770541	0.0495583	0.4162259	0.9078049
250	0.1537211	0.5592306	0.6146267	0.0638011	0.3322823	0.2071842	1.0749854	0.0656847	0.2781402	0.5410099	0.3768044	0.7724899	0.5936524	0.1744833	0.7022612	0.4859766	0.5822083	0.9361118	0.7577255	0.7833289	0.0979724	0.9087000	0.7563068	0.7874499	0.9047403	0.6423077	1.0025650	0.2622142	0.4064885	0.0855144	0.3637002	0.0762971	0.7273846	0.8193266	0.5766005	0.2956230	0.9472491	0.7748654	0.2940489	0.0332181	0.8409078	0.4419441	0.0825091	0.1499727	0.9445797	0.0058595	0.4572513	0.5418523	0.8101563	0.2904166	0.5600560	0.4988880	0.9631480	0.4625020	0.8832485	0.8938864	0.6951499	0.1859160	0.4794946	1.0435208	0.8564232	0.5207662	0.4791393	0.3755326	0.5114193	0.4603316	0.9803223	0.9951264	0.5407469	0.1361250	0.0896700	0.2324006	0.3978682	0.8329769	0.1753984	0.7241264	0.8089770	0.5640059	0.0674414	0.5336279	0.3210696	0.6810628	0.7065353	0.7962153	0.9813226	0.5683682	0.5414821	0.6637041	0.7248737	0.5408287	0.5382289	0.8702084	0.3014370	0.4973329	0.0695784	0.4875036	0.6291102	0.0321361	0.4123388	0.8480332
300	0.1405726	0.4840184	0.6417363	0.0763390	0.3323386	0.2873574	1.0852818	0.0338236	0.2764663	0.4217532	0.3727143	0.7082861	0.5583156	0.1285101	0.5427212	0.4318752	0.5398471	0.9881738	0.6540517	0.8532755	0.1109799	0.8519650	0.7947634	0.9100281	1.0196244	0.6811893	1.0887231	0.2622963	0.4838716	0.1288619	0.4152053	0.0520749	0.7375206	0.7713099	0.6975054	0.2096285	0.8861467	0.7225317	0.2835664	0.0454511	0.9344382	0.4259470	0.0744623	0.1681108	0.9662279	0.0032156	0.3740013	0.4601018	0.7843072	0.2961668	0.4857219	0.4524480	0.9820126	0.5255392	0.8445670	0.9381502	0.6836435	0.1401691	0.4617413	1.0191789	0.8917372	0.5129469	0.4200041	0.3628582	0.4852117	0.4607297	0.9635626	1.0397306	0.5471869	0.1863905	0.0736705	0.1515463	0.5421842	0.8073361	0.1805741	0.7734125	0.7800064	0.5711417	0.0540893	0.5667582	0.3388753	0.8369008	0.8174649	0.8527248	0.9624262	0.6307228	0.5186362	0.7501925	0.6500575	0.4993579	0.6513053	0.9088736	0.3865180	0.5061927	0.0738388	0.5127251	0.6220475	0.0136490	0.3673593	0.8454340
350	0.1426536	0.5032574	0.5815285	0.0506071	0.2817761	0.2699729	0.8974967	0.0429536	0.2967205	0.5047107	0.4278554	0.8228321	0.5809042	0.1170361	0.5692470	0.4267798	0.5170443	0.9497181	0.5759139	0.8349969	0.1129651	0.8288896	0.7232171	0.8280285	0.9832509	0.7114197	0.9791522	0.3369753	0.6586262	0.1336457	0.5429794	0.0399898	0.7724503	0.8876417	0.6659358	0.2187276	0.9840804	0.7271491	0.2789412	0.0252680	0.8509477	0.4425052	0.0676814	0.1938848	0.9300797	0.0044813	0.2735211	0.4020908	0.6954641	0.3882067	0.4459214	0.4609837	1.0129477	0.6079529	0.9196051	0.9697594	0.6988214	0.1435321	0.4343604	1.0767073	0.7977058	0.4857954	0.3503756	0.4461394	0.5519161	0.4421287	1.0457855	1.0620507	0.5064583	0.3134867	0.0671663	0.1460575	0.5425971	0.9269465	0.2064191	0.7904221	0.7684943	0.4594251	0.0723615	0.5522666	0.3018599	0.7175495	0.7265626	0.8430726	0.9645029	0.5571163	0.5169793	0.6996275	0.5974236	0.5093355	0.5896074	0.9267348	0.3432325	0.5076613	0.0724856	0.6130717	0.6530015	0.0240789	0.2880578	0.8426106
400	0.1539801	0.5608645	0.6903380	0.0267427	0.2880064	0.2242258	0.9362179	0.0504446	0.2892624	0.5820688	0.3798481	0.7306635	0.5947406	0.1828723	0.5334598	0.4632889	0.5184802	0.9594621	0.6802520	0.8712045	0.1073243	0.8611712	0.7220484	0.7485679	0.9833391	0.8017717	0.9073527	0.3194332	0.7319943	0.1458149	0.6322606	0.0242446	0.7943367	0.9377192	0.7536459	0.2619896	0.8896007	0.7427638	0.2914486	0.0234637	0.8874927	0.4143573	0.1053395	0.2344903	0.9321487	0.0067355	0.1849178	0.3541534	0.7230248	0.3677077	0.4575120	0.5092586	0.9183935	0.6395643	0.9648495	0.9775334	0.6706632	0.1364276	0.4474969	1.0278038	0.7939935	0.5309814	0.3966184	0.3801760	0.5538771	0.4792268	1.0154390	0.9735331	0.5048195	0.3408448	0.0622050	0.1251177	0.6367199	0.8706896	0.2105724	0.8684313	0.8009658	0.4689199	0.0619988	0.5899096	0.2945832	0.7374453	0.7309367	0.7913652	0.9304574	0.6588028	0.4975498	0.6719077	0.6379947	0.5201115	0.6621454	0.8914618	0.3744655	0.5171682	0.0822754	0.6394009	0.6200381	0.0191342	0.2623782	0.7581433
450	0.2272885	0.5255667	0.6857958	0.0571156	0.2670404	0.2317545	0.9385742	0.0513077	0.3004621	0.5412525	0.3984696	0.7188462	0.6019457	0.2134153	0.4720829	0.4058818	0.4592315	0.9893065	0.6922910	0.9244435	0.1569052	0.8255404	0.6615148	0.8553461	0.9648105	0.7857657	0.9689362	0.3339815	0.6821323	0.1813454	0.6044658	0.0259986	0.8574875	1.0368604	0.6950583	0.3007132	0.9313439	0.7471558	0.2815507	0.0230854	0.8759438	0.3690312	0.1238470	0.2427478	0.9972693	0.0035420	0.1379237	0.4515951	0.7457814	0.2946767	0.5475333	0.4255055	0.9921601	0.7819533	0.9564924	1.0154127	0.7372014	0.1620642	0.4668078	0.9720192	0.7964959	0.5695531	0.3942352	0.3958167	0.4982180	0.4685918	1.0974849	0.9292497	0.5464388	0.3023420	0.0506069	0.1156961	0.6633535	0.9308395	0.2196574	0.9656097	0.7711471	0.4872496	0.0834598	0.5891442	0.2782257	0.7297516	0.7591502	0.8593821	0.9196098	0.7274237	0.4819273	0.6799529	0.5430392	0.4872888	0.6629703	0.9427243	0.3604586	0.5340616	0.0748899	0.6827310	0.6789510	0.0173913	0.3659349	0.7565834
500	0.2680577	0.4402996	0.7167028	0.0284431	0.2309561	0.2308994	1.0063659	0.0309762	0.3703234	0.4054886	0.3790051	0.7980221	0.6264152	0.1706290	0.5807225	0.4863204	0.4761953	0.8671681	0.6557110	0.9256241	0.1406523	0.7674838	0.7238972	0.7421344	0.9955724	0.7377401	0.9816554	0.3060665	0.7432885	0.1340085	0.8432471	0.0455808	0.7979174	1.1093747	0.7214333	0.3013301	0.8621724	0.7007196	0.3161193	0.0282934	0.8992041	0.2920579	0.1449651	0.1831836	0.9715818	0.0085572	0.1528752	0.4963173	0.7821868	0.2824157	0.5670763	0.4652874	0.9547615	0.9172274	0.8181091	0.9684045	0.7635402	0.1834990	0.5197276	0.9370780	0.8232943	0.4752353	0.3619551	0.3225460	0.4543760	0.4476559	1.0587964	1.0050793	0.6165976	0.3575197	0.0702791	0.1350942	0.6100401	0.8512833	0.1574382	0.8947141	0.6863247	0.5168699	0.0968301	0.6571320	0.3211547	0.7130351	0.7047241	0.7403572	1.0060270	0.7077062	0.4744042	0.7872343	0.5683581	0.4755590	0.7164425	1.0060061	0.2918082	0.4945877	0.0717401	0.6748355	0.7265876	0.0619690	0.3591531	0.7384522
550	0.2675784	0.4714050	0.8476395	0.0284945	0.1750166	0.2281768	0.6278889	0.0203123	0.4682123	0.2836805	0.3043215	0.6662261	0.3326355	0.1604245	0.7022042	0.4812260	0.5006806	0.8759692	0.7465289	0.9067467	0.1276542	0.8358816	0.7894773	0.7843104	0.9133780	0.7358720	0.9534277	0.3087355	0.8138646	0.1269171	0.7438233	0.0412208	0.8606034	1.0409370	0.7482733	0.3003478	0.5681012	0.7239130	0.3675180	0.0494813	0.9166436	0.3589721	0.1474817	0.1858886	0.8378839	0.4407829	0.1440390	0.4000548	0.7104060	0.3179617	0.4854686	0.4655615	0.8490116	0.7109978	0.7686441	0.8216731	0.8798187	0.2441017	0.4980637	0.9126252	0.6585936	0.5693821	0.4218262	0.2628848	0.4345564	0.3941888	1.1065243	1.0083552	0.5500909	0.3367072	0.0787837	0.1138620	0.5685329	0.8851843	0.1515153	0.9139387	0.7672499	0.4761595	0.0844157	0.6670987	0.4369375	0.7996627	0.5548337	0.7233037	0.9466502	0.5836578	0.5039167	0.8001644	0.5489204	0.5725615	0.6996063	0.8359298	0.3775550	0.5122116	0.1052606	0.7009050	0.6881600	0.0313196	0.4367996	0.8499237
600	0.2915624	0.6000364	0.9480701	0.0517348	0.1415214	0.1729186	0.2183297	0.0054688	0.6679724	0.1660598	0.2176729	0.3244253	0.1548722	0.1453227	0.7544813	0.4248043	0.4712922	0.9085757	0.8704087	0.9916305	0.1689729	0.7304287	0.8128780	0.7714246	0.9761835	0.6827641	0.9954237	0.2457370	0.7338618	0.1191678	0.7517136	0.0552236	0.8479810	1.0810888	0.7706526	0.7291626	0.3889373	0.7724621	0.3624069	0.0255057	0.9580582	0.3546266	0.1296064	0.1762930	0.7845315	0.7445684	0.1833179	0.5127492	0.7421424	0.3214108	0.2663204	0.5246755	0.8324119	0.5298683	0.7952664	0.4816014	0.8462516	0.3494727	0.5070985	0.8932219	0.4730663	0.5219006	0.3552512	0.2810873	0.4169971	0.2694339	1.1143807	0.9610601	0.5154699	0.4414992	0.1533437	0.1410346	0.6208065	0.7819224	0.1543408	0.8488096	0.8104116	0.3439847	0.1552711	0.7556521	0.5718909	0.9142239	0.4321663	0.6944368	0.8960431	0.5429994	0.4206991	0.8001606	0.5394376	0.5550469	0.6016339	0.6649039	0.3514940	0.5299971	0.0803945	0.7165580	0.6073423	0.0237618	0.4085525	0.9000759
650	0.2593558	0.6377048	1.2615854	0.0598110	0.1398386	0.1073959	0.1019528	0.0222616	0.8512089	0.1426321	0.1447739	0.2044460	0.0738220	0.1219662	0.8094553	0.5253322	0.5836697	0.8533793	0.9521391	0.9609158	0.1291487	0.7067277	0.8416764	0.9262473	0.9254951	0.7562240	1.0271460	0.2277238	0.6840043	0.1011098	0.6856671	0.0440358	0.7338836	1.0250119	0.5279031	0.8336277	0.5077808	0.6590880	0.3088651	0.0188089	0.9643558	0.3567370	0.0918877	0.1100259	0.5865696	0.8682870	0.2883846	0.7216806	0.7086430	0.3363061	0.1597803	0.4677960	0.8257826	0.3276875	0.8108124	0.4078768	0.8628974	0.2692172	0.4602669	0.8708916	0.3645330	0.5247888	0.3085447	0.2741577	0.4545781	0.2855378	0.9999659	0.7858458	0.5199205	0.4047131	0.2648292	0.2387865	0.6508040	0.8238776	0.1791578	0.6428724	0.9046903	0.1917828	0.2623454	0.7482946	0.7245226	0.9515511	0.3253536	0.8012704	0.8381417	0.4300939	0.4255924	0.7961689	0.4318620	0.6053537	0.5000613	0.4568146	0.3571333	0.5073498	0.0537942	0.6350032	0.5109744	0.0289086	0.4538303	0.9877795
700	0.1512192	0.6257804	1.0363764	0.1181659	0.2032995	0.0546465	0.0847203	0.0193560	0.8630952	0.0740920	0.1647798	0.1464570	0.0360707	0.0891104	0.9074577	0.4056560	0.5481011	0.9130112	0.9823609	1.0037036	0.0897255	0.7040662	0.9026459	0.9076063	0.9518633	0.7813455	1.0048438	0.1770543	0.6776663	0.0764250	0.5939552	0.0675064	0.6855908	1.0526441	0.3270820	0.8758178	0.5927739	0.7046235	0.3169534	0.0216940	0.9049941	0.4215145	0.0713848	0.1203841	0.5648445	0.8386735	0.4272364	0.8005315	0.7847992	0.3217984	0.1017706	0.4715095	0.7977664	0.2547665	0.7572983	0.4358178	0.8645322	0.2789527	0.5128726	1.0036256	0.3795797	0.5500298	0.3252576	0.2223971	0.4699505	0.3647189	1.0345718	0.7400567	0.4867816	0.2911541	0.3014288	0.2173290	0.5745888	0.8464579	0.2278053	0.6875725	0.9475756	0.2381256	0.3749871	0.8213220	0.8478771	1.0160758	0.2506358	0.8805010	1.0103167	0.3698966	0.4401133	0.8173372	0.4117081	0.7065102	0.4359650	0.3008996	0.4268523	0.5176732	0.0849072	0.6052078	0.4115949	0.0166219	0.4813964	0.9636922
750	0.1295891	0.6810465	0.9561922	0.1537023	0.2758466	0.0136180	0.0610448	0.0225771	0.9169231	0.0612899	0.1839426	0.1364274	0.0104941	0.0955623	0.8844686	0.4366272	0.4453348	0.9506428	0.9782805	0.9626676	0.1052642	0.6828905	0.9644818	1.0544041	0.9667752	0.6743442	0.9481863	0.1413926	0.5927029	0.0520643	0.5011048	0.0905106	0.6336523	0.9673570	0.2642419	0.9339184	0.5928275	0.6664615	0.3261025	0.0174589	0.9285210	0.4154157	0.0589968	0.1293881	0.5474493	0.7565545	0.4129342	0.8265013	0.8463701	0.3143038	0.0788295	0.4438125	0.7103804	0.1534757	0.7709436	0.4372932	0.7746152	0.2353763	0.4705453	1.0043587	0.5073007	0.5838413	0.3282048	0.2304361	0.5544027	0.5014359	1.0188730	0.6981582	0.4876870	0.2179280	0.3747670	0.2254045	0.4557829	0.8421246	0.1963297	0.7405275	0.9640391	0.4684691	0.3499739	0.7176388	0.8855477	0.9331788	0.1782263	0.8745251	0.9942044	0.4108287	0.4065006	0.6449649	0.3684238	0.7221460	0.4667956	0.2683611	0.4249883	0.5701703	0.0976227	0.5925938	0.2483839	0.0221586	0.4819654	0.9845775
800	0.0673915	0.6033835	0.9359489	0.2098020	0.3503757	0.0054732	0.0382907	0.0165647	0.9520645	0.0384273	0.2072684	0.1150771	0.0020724	0.1134382	0.8644853	0.4302658	0.4431845	0.9114696	1.0034621	0.9608943	0.1014358	0.6512788	0.9750072	0.9395636	0.9636601	0.6888659	0.9205292	0.1210670	0.4650465	0.0361246	0.4789731	0.1236864	0.5895619	0.9842661	0.3165879	1.0079811	0.4952680	0.7541335	0.3165843	0.0230508	0.9231720	0.4248296	0.0933513	0.1336398	0.5029934	0.7487705	0.4821592	0.8019928	0.8168872	0.3378532	0.0617385	0.4726280	0.6269495	0.0898870	0.6506697	0.3632517	0.8009471	0.3040810	0.4313089	0.9617517	0.5404794	0.5632017	0.3773016	0.2079271	0.5545030	0.5991024	1.1188594	0.7060614	0.5303458	0.1055952	0.3347827	0.2169951	0.3651900	0.7876675	0.1784873	0.7094937	0.9556059	0.4524864	0.3547587	0.7405745	0.8779119	0.9990207	0.1394930	0.8510057	0.9778596	0.4447913	0.3452119	0.5766145	0.4828165	0.7087079	0.4370694	0.2569067	0.4327165	0.5964297	0.1450537	0.6328860	0.2496948	0.0176210	0.4746281	1.1107698
850	0.0491922	0.6016765	0.9755453	0.1895767	0.4366423	0.0029196	0.0346415	0.0061059	0.9538774	0.0530766	0.2102327	0.1166243	0.0041331	0.0822991	0.7846155	0.5069596	0.4807526	1.0429954	0.9534499	0.9267282	0.1068097	0.7134717	0.9053360	0.9308554	0.9484398	0.6980911	1.0203134	0.0994089	0.3330048	0.0387174	0.4103245	0.1339639	0.6224541	0.9214188	0.3257527	0.9959166	0.4846455	0.7890484	0.3617348	0.0145148	0.9177691	0.4902304	0.0607061	0.1288090	0.5877311	0.7193028	0.5016493	0.8692744	0.8379896	0.3555234	0.0949842	0.3747080	0.5302165	0.0423262	0.6509312	0.4395538	0.7989198	0.3254777	0.4407392	0.9358388	0.6215737	0.5792013	0.3309786	0.3184022	0.4604088	0.6243989	0.9982437	0.7196502	0.5571315	0.0683728	0.3536631	0.2791080	0.3372858	0.8406013	0.2054077	0.6060356	0.9350474	0.3795714	0.3579849	0.7439613	0.9287688	1.0141584	0.1540727	0.7706276	1.0147358	0.4376142	0.3057785	0.4400133	0.5714826	0.5638670	0.3914381	0.2558619	0.4696969	0.5724102	0.1715946	0.5762539	0.2615173	0.0318246	0.4941774	1.0693079
900	0.0368203	0.6103323	1.0113065	0.1733284	0.4410038	0.0012527	0.0338638	0.0180739	0.9139835	0.0620888	0.1920332	0.0799212	0.0086549	0.1246063	0.7514114	0.5544337	0.4906318	1.0727099	0.9796740	0.9131236	0.0797310	0.6615595	0.9117793	0.9464147	0.9628830	0.6987278	0.9130971	0.1011441	0.2437916	0.0272970	0.3532457	0.1670042	0.6658655	0.8354782	0.3414533	0.8428702	0.4638008	0.7615876	0.3202864	0.0269291	0.9099335	0.4928514	0.0728363	0.1369492	0.6203349	0.5590637	0.5843027	0.8731774	0.7931448	0.2531590	0.0943244	0.4451107	0.4474736	0.0247609	0.6740949	0.4591482	0.7619545	0.2736145	0.4490207	0.9654947	0.6082079	0.5241294	0.3514628	0.3148276	0.5898828	0.6139277	0.9462286	0.7168710	0.4135224	0.0716513	0.3773018	0.3126239	0.3756145	0.8895193	0.2282980	0.4805876	0.9649542	0.3373306	0.3022464	0.7384500	0.8578942	0.8396181	0.1575439	0.7681191	1.0073824	0.4500733	0.2432235	0.3168831	0.4843346	0.5744906	0.4317012	0.2867009	0.4330178	0.5757689	0.1611881	0.7481879	0.2495898	0.0211715	0.4852743	0.9816756
950	0.0124573	0.6508109	0.9997345	0.1640836	0.4642224	0.0002595	0.0421920	0.0218455	0.9362125	0.2149861	0.1297885	0.1139366	0.0000000	0.1399213	0.8751994	0.5862284	0.4244717	0.9768192	0.9384560	0.8718217	0.1118927	0.7014005	0.9634264	0.9559621	0.9889557	0.7252581	0.8460566	0.0964855	0.2257578	0.0369788	0.3156078	0.1293500	0.5818341	0.8600378	0.2855090	1.0092236	0.4127240	0.7609926	0.3413530	0.0351555	0.9909362	0.4661124	0.0866525	0.1111530	0.6658287	0.6223513	0.5876729	0.8113855	0.7663509	0.2247442	0.0940387	0.4435166	0.5011414	0.0164967	0.6810551	0.4005512	0.7250192	0.2776574	0.4804125	0.9807862	0.6328276	0.5008164	0.3941973	0.3014989	0.5418771	0.5889216	1.0836599	0.6898348	0.3736215	0.0565845	0.4194063	0.2571971	0.3455623	0.8864561	0.2560651	0.4066207	0.9871636	0.2941505	0.2648309	0.7127941	0.7610260	0.9299861	0.1239606	0.6465686	0.9199323	0.3714575	0.2148801	0.3097593	0.5367727	0.6241997	0.4071853	0.3276120	0.3807653	0.5580065	0.1208547	0.6542911	0.3039774	0.0262101	0.4551422	0.9592782
1000	0.0147974	0.5983532	0.9990686	0.1894001	0.4614762	0.0018745	0.0386898	0.0134608	0.9906496	0.3346752	0.1292414	0.0881634	0.0031978	0.1486469	0.9617708	0.5497475	0.4163114	1.0274061	0.9457470	0.8406318	0.1052753	0.5743423	1.0275695	1.0444478	0.9494522	0.6170902	0.8175076	0.0880036	0.2428096	0.0259135	0.3316424	0.1440760	0.5324729	0.8349043	0.2778117	0.9134337	0.3710594	0.7606070	0.3596350	0.0286118	0.9987430	0.4560226	0.0723952	0.1029601	0.7083545	0.5566113	0.5988734	0.8079338	0.8173519	0.2307020	0.0788939	0.4400606	0.6283046	0.0124320	0.6912365	0.3776120	0.7993755	0.2895093	0.4868015	0.9569985	0.7075585	0.5778578	0.2713717	0.2842596	0.5033887	0.6153801	0.9791190	0.7176795	0.4161996	0.0547242	0.3469312	0.2019423	0.3635410	0.8566154	0.2834340	0.3863987	0.9967413	0.2297669	0.2461185	0.7081007	0.7741129	0.8576598	0.0947865	0.6192790	1.0021365	0.3355748	0.1956342	0.3666768	0.5025426	0.6671369	0.4412272	0.3118076	0.3641973	0.5157316	0.1390410	0.6551560	0.3536432	0.0307774	0.5106992	0.9534513

0	0.0094491	0.6355617	1.0459758	0.0876986	0.4170952	0.0015965	0.0357302	0.0201856	0.7842026	0.5482911	0.1482550	0.1067167	0.0074763	0.0795139	0.9263252	0.4386615	0.5117037	1.0187251	0.9869150	0.9112762	0.0675828	0.6396705	0.9879649	0.9056811	1.0249936	0.8053086	0.8415975	0.0956169	0.2807776	0.0361236	0.3476186	0.0945586	0.7647381	0.8073502	0.2691465	0.9854445	0.2644993	0.7761342	0.3511720	0.0142404	0.9503393	0.3956488	0.0912837	0.0721673	0.8039584	0.5632487	0.5721011	0.9104100	0.8750489	0.3877912	0.0490860	0.3690556	1.0040851	0.0016799	0.7496314	0.4296180	0.7445798	0.3138374	0.4763448	0.9977159	0.8917758	0.5763065	0.2317245	0.3844034	0.5377636	0.4876338	1.0898320	0.8135737	0.5024926	0.0491368	0.3912071	0.2335426	0.3169327	0.9297559	0.3112694	0.3637340	0.9584119	0.1589398	0.2670455	0.6498318	0.7931145	1.0351174	0.1402507	0.6535788	1.0095359	0.4184859	0.2245238	0.5131035	0.6073464	0.7854143	0.4606182	0.1309775	0.4648780	0.5528648	0.0723851	0.5781484	0.2784400	0.0363961	0.5378107	0.9932421
50	0.0044590	0.6809793	0.9822564	0.1495916	0.4811208	0.0000084	0.0143277	0.0175060	0.8158386	0.4750296	0.1228204	0.0927587	0.0015382	0.0509651	0.6017367	0.4186096	0.4270195	1.0466361	0.9508581	0.9783741	0.0500245	0.6377722	0.9869609	0.9321276	0.8934638	0.7274329	0.9041359	0.3735640	0.2283455	0.0789403	0.3778188	0.0933075	0.6686386	0.4948095	0.3704660	0.7516586	0.3574339	0.6859462	0.4206752	0.3119625	0.9195192	0.3781496	0.3370151	0.0886078	0.6534186	0.2470745	0.7564771	0.8920577	0.8084234	0.3546937	0.0843783	0.5022147	0.9487242	0.1064663	0.6563712	0.5089071	0.6282609	0.2561325	0.3679795	0.9744261	0.7444884	0.6307452	0.2428982	0.3064959	0.4579226	0.3524684	1.0178263	0.8229380	0.4095362	0.0512253	0.3752190	0.2197516	0.2577432	0.9227526	0.3161940	0.3926700	0.8901506	0.4302858	0.2384023	0.6931364	0.7549646	0.9279407	0.1145848	0.6145155	1.1041596	0.3763149	0.2825994	0.6061637	0.6359431	0.7336046	0.5122253	0.1898631	0.3940769	0.5145168	0.1078753	0.5369633	0.2131646	0.0151505	0.4998386	1.0191054
100	0.0046398	0.6963712	0.9389202	0.1683379	0.4443509	0.0004000	0.0442160	0.0167260	0.7879418	0.4711027	0.1348819	0.0706888	0.0167744	0.0432915	0.3780136	0.4647917	0.4778302	0.9847101	0.9233216	0.9329790	0.0406369	0.6429936	1.0225376	0.6473361	0.8855785	0.8057027	0.9741765	0.6158789	0.2948121	0.0934756	0.3713889	0.0835657	0.6578919	0.2633182	0.5662010	0.5588644	0.3633513	0.7338394	0.3684671	0.5815009	0.9223090	0.2676257	0.6065958	0.0398595	0.7473534	0.1344996	0.7783706	1.0384785	0.8715439	0.3418037	0.1131348	0.6699476	0.9458772	0.3250334	0.6883388	0.4909947	0.6767049	0.2861134	0.3908031	1.0066506	0.7551112	0.6274866	0.2695460	0.3004084	0.4498632	0.1647537	0.9964248	0.8048788	0.5718059	0.0887119	0.3228438	0.1968905	0.2680515	0.8935457	0.2822389	0.3425006	0.8567850	0.2692738	0.1623204	0.6998675	0.6693669	1.0565658	0.1234046	0.6031712	1.0777912	0.3609755	0.4346861	0.5455453	0.5455945	0.8772005	0.4835986	0.2537920	0.4301626	0.4955347	0.2051438	0.5968689	0.2572227	0.0170575	0.3073624	1.0444118
150	0.0128971	0.5964876	1.0042172	0.1557065	0.5018833	0.0000000	0.0300315	0.0231323	0.6853540	0.4831107	0.1835539	0.0637607	0.0524996	0.0609470	0.2651208	0.4665370	0.4183267	0.9972584	0.7128227	0.8828421	0.0512374	0.5819696	0.9726859	0.4396131	0.8641985	0.7985132	0.9061182	0.7433340	0.3917032	0.1184679	0.4154639	0.0912931	0.6603156	0.1418667	0.6294461	0.3259998	0.4310566	0.7033549	0.3868898	0.8063039	0.7467306	0.2362326	0.7582782	0.0123347	0.8311455	0.1019288	0.7938214	1.0121811	0.8744342	0.3129916	0.1421071	0.7080796	0.9310608	0.3925851	0.7144246	0.5758754	0.6407672	0.4524592	0.3841317	0.9145516	0.7827957	0.4981583	0.2937795	0.2885785	0.4590693	0.0843877	1.0607192	0.7452408	0.6793567	0.1519400	0.3045773	0.2112199	0.3943150	0.8854384	0.2658461	0.4646468	0.8789257	0.1676159	0.1073141	0.7746618	0.7577349	0.8820525	0.0896809	0.5978368	1.0246300	0.3550545	0.6331312	0.4446874	0.5884473	0.9333579	0.5275044	0.3632943	0.4801563	0.5095729	0.3853297	0.6817454	0.3456214	0.0209257	0.1381732	0.9977881
200	0.0213529	0.6367223	0.8782027	0.2167642	0.4403272	0.0009523	0.0253128	0.0281383	0.6941191	0.4291409	0.3458430	0.0943600	0.0914724	0.0631528	0.2443115	0.5505898	0.4214708	1.0395890	0.5374059	0.9302625	0.0512495	0.6652265	0.8144281	0.2889570	0.8638579	0.7856383	0.9100862	0.7707042	0.4681591	0.1116193	0.4231808	0.0945220	0.6172803	0.1507596	0.8356365	0.1339258	0.4504258	0.7554990	0.3584480	0.9517529	0.5532635	0.2121726	0.7960998	0.0038783	0.7283454	0.0683012	0.8105772	1.0281979	0.8599291	0.3373140	0.2220914	0.7873799	1.0389500	0.4429982	0.7550922	0.8080273	0.5898092	0.5611860	0.3425450	0.9534527	0.7613914	0.3994947	0.3016218	0.2629683	0.4516064	0.0322354	1.0035156	0.7941984	0.7092461	0.1709607	0.2736277	0.1756350	0.4501394	0.9584959	0.2548838	0.6459286	0.8285694	0.1438535	0.0745338	0.6999447	0.6404454	0.8547312	0.1099067	0.5790190	0.9637347	0.4248621	0.7052550	0.3531555	0.6374087	1.0310479	0.4881690	0.3839015	0.5069377	0.5390299	0.5334914	0.5795338	0.3482143	0.0292345	0.0774976	0.9675041
250	0.0332047	0.5516365	1.0064723	0.1797736	0.4347546	0.0028892	0.0285787	0.0213206	0.7915115	0.4356594	0.4559264	0.1299357	0.0868480	0.0868370	0.2610478	0.5626391	0.5305793	0.9336076	0.3159151	0.8933152	0.0432541	0.7968117	0.6784671	0.2667817	0.8284813	0.6962079	0.9658912	0.7497980	0.4912520	0.1774735	0.4149978	0.0904540	0.6436193	0.1374403	0.9129000	0.1137217	0.3481127	0.7271793	0.4269624	0.9543294	0.3989172	0.2046736	0.7912809	0.0075510	0.7206569	0.0521716	0.9357552	0.9695951	0.9025111	0.3159145	0.2388793	0.8462691	1.0083390	0.5444053	0.7004934	0.9032200	0.4938943	0.5867986	0.3573886	0.9661805	0.7593946	0.4327515	0.2866823	0.3140818	0.4548587	0.0248492	1.1212069	0.8722973	0.6108041	0.2956351	0.1679508	0.0580760	0.5318203	0.9163795	0.2005466	0.7478039	0.8987985	0.1256870	0.0686426	0.7256886	0.6223206	0.6833579	0.1257337	0.4083975	0.9606781	0.4183562	0.8322582	0.3715167	0.7980728	0.9726505	0.4610671	0.4713520	0.5251927	0.4998360	0.5412126	0.4706271	0.5162040	0.0447392	0.0633836	0.9534962
300	0.0297156	0.5703223	1.0148903	0.1707665	0.5096898	0.0037088	0.0520171	0.0470733	0.8458898	0.3014084	0.4645191	0.1364912	0.1115706	0.1448294	0.2260822	0.5612880	0.5524254	0.8716975	0.2458246	0.8846860	0.0649851	0.8935969	0.6175072	0.2644311	0.9886793	0.6941906	0.9134564	0.6246886	0.5861626	0.1421132	0.4421949	0.0826287	0.6628386	0.1255637	0.9126751	0.0860549	0.4630639	0.7192271	0.3497073	0.9120885	0.2989744	0.1973821	0.8445308	0.0009316	0.6816681	0.0819152	0.8532998	0.8530351	0.9527616	0.3129774	0.2593751	0.9300663	0.9858423	0.5937403	0.6968094	0.9574757	0.4359079	0.5899619	0.3418935	1.0230518	0.6328736	0.4017409	0.3295565	0.3497681	0.4255352	0.0249576	0.9390262	0.8557754	0.4975140	0.3452754	0.1873137	0.0366260	0.5878931	0.9873773	0.1710963	0.7183507	0.8777890	0.1435949	0.0688332	0.7407859	0.6239625	0.6607287	0.1968295	0.2943419	1.0329741	0.4947320	0.7814459	0.3795388	0.8675983	0.9535521	0.4913049	0.4609735	0.4646660	0.5055586	0.7632358	0.3657376	0.6366953	0.0319591	0.0329484	0.9955443
350	0.0616450	0.5984493	0.9785161	0.2007002	0.4939292	0.0015040	0.0473059	0.0586625	0.7717163	0.3332843	0.4184634	0.0977025	0.1554963	0.1216323	0.2217860	0.5285575	0.5258298	0.8097928	0.1741380	0.8453949	0.0782071	0.8533453	0.5567239	0.2796148	0.9119903	0.7813704	0.8608123	0.7122981	0.6510648	0.1544906	0.5249941	0.1286121	0.6254244	0.1453578	0.8640292	0.1043731	0.4574229	0.7314975	0.3331353	0.8280600	0.2307639	0.2189947	0.8400050	0.0030165	0.6926292	0.0838168	0.8295849	0.9121204	0.8684090	0.2650086	0.2959468	1.0659698	1.0100969	0.6412588	0.8091976	0.8578085	0.4261482	0.6224789	0.3374528	1.0120229	0.6411232	0.3773035	0.4165776	0.3223377	0.3551266	0.0181811	0.9420250	0.7614863	0.5925713	0.3069706	0.1850919	0.0141874	0.6462623	0.8704234	0.1355692	0.7316363	0.8749693	0.1408715	0.0731580	0.7236778	0.6953126	0.7701036	0.2091244	0.2615911	0.9117112	0.4894674	0.7362366	0.3716903	0.9662030	0.9719604	0.4552364	0.5573211	0.4632196	0.5392069	0.9250064	0.3267937	0.6407134	0.0223063	0.0330312	0.9294901
400	0.1135992	0.5871067	1.0123702	0.1900702	0.5323581	0.0017392	0.0322073	0.0904072	0.8062481	0.2908910	0.4177860	0.0932323	0.0841845	0.1025102	0.1874428	0.4883244	0.6288378	0.7069355	0.1035785	0.8445048	0.0721761	0.7689074	0.5769745	0.3053779	0.9118796	0.7774078	0.9874248	0.7440732	0.7486484	0.1692354	0.4881143	0.1313694	0.5725238	0.1328315	0.8664711	0.0845882	0.4330876	0.7437154	0.2905066	0.8542917	0.2986975	0.2065648	0.8638413	0.0002325	0.6987009	0.0705858	0.7064830	1.0619562	0.8586668	0.2915927	0.2628781	1.0595150	1.0324015	0.6512424	0.8169639	0.8271549	0.4518745	0.6586713	0.2427558	1.0172423	0.6167869	0.3422768	0.4586322	0.3807605	0.2915824	0.0082726	0.9512365	0.7534218	0.5694999	0.3939099	0.2267984	0.0134518	0.6227827	0.9626914	0.1316989	0.7581127	0.8716502	0.1576647	0.0806851	0.8741468	0.6714755	0.7840667	0.1935876	0.2918604	0.9235346	0.4434626	0.7684058	0.3740471	1.0257905	1.0354117	0.3695200	0.5929470	0.4173166	0.4560512	0.9627352	0.2326325	0.6737009	0.0338167	0.0105029	1.0665918
450	0.1697659	0.5908172	0.9687599	0.2709803	0.4636971	0.0003659	0.0429088	0.0778204	0.8553180	0.1159816	0.4035397	0.1140927	0.1648007	0.1070246	0.2053767	0.5030577	0.5607174	0.6874814	0.0990802	0.8149078	0.0783669	0.7389873	0.5170084	0.2931053	0.8576788	0.8097150	1.0166368	0.7142989	0.7730557	0.1588694	0.5015625	0.1265924	0.6240303	0.1116795	0.9430355	0.1070571	0.4012291	0.7908913	0.2780093	0.9560639	0.3557219	0.2158968	0.7647482	0.0000023	0.7341246	0.0579640	0.8582574	1.1010352	0.9838588	0.3207825	0.2656483	0.9963151	1.0387816	0.6460104	0.7530213	0.7987196	0.4780334	0.6443667	0.3164938	0.8939788	0.6383480	0.3505110	0.4553134	0.4033414	0.2142765	0.0027847	0.9814732	0.8145300	0.4504298	0.3466340	0.2043887	0.0093161	0.6574152	1.0234032	0.1509614	0.9061046	0.9119733	0.2052671	0.0726783	0.8553575	0.6018460	0.7414544	0.2099591	0.2567908	0.8482812	0.4116197	0.7727835	0.3264779	0.9018163	1.0126328	0.4197902	0.6375325	0.3193663	0.4894529	1.0212571	0.1815593	0.7242737	0.0364295	0.0077062	1.0139001
500	0.1904669	0.5400181	0.9851399	0.2508011	0.5354210	0.0038161	0.0439770	0.0572096	0.8890533	0.0431319	0.4206134	0.1101424	0.1644125	0.1272411	0.1922482	0.5177602	0.6072464	0.6414476	0.1016364	0.7683672	0.0684168	0.6468278	0.5585581	0.3030906	0.8510594	0.7317657	0.9805679	0.6561001	0.6328146	0.1321587	0.4052888	0.1049273	0.5599050	0.0682189	1.0163498	0.1063409	0.4293760	0.8146520	0.3343075	0.9566655	0.3752336	0.2897441	0.7577662	0.0000528	0.8121984	0.0851838	0.8088319	1.0588104	0.9233399	0.3437228	0.2124092	1.0679008	0.9694089	0.7189348	0.7334703	0.8619560	0.4431080	0.6861321	0.3502772	0.8473131	0.6703621	0.3274822	0.4481911	0.3464276	0.1313083	0.0028584	1.0349118	0.7842964	0.4014281	0.3292576	0.1953013	0.0233804	0.6313217	1.0073623	0.1385158	0.8420336	0.8502354	0.2246560	0.0656147	0.8084808	0.5872335	0.7456633	0.1895986	0.2893022	0.7979281	0.3309982	0.7850605	0.2335203	0.9000823	0.9532171	0.3862861	0.6107195	0.2702167	0.4612853	0.9824471	0.1963330	0.7460740	0.0430543	0.0023760	1.0197690
550	0.1674982	0.5187365	0.9556534	0.2053162	0.5803944	0.0014564	0.0383893	0.0606419	1.0427102	0.0264061	0.3587458	0.1237566	0.1019889	0.3111681	0.5018222	0.5238560	0.6893854	0.5190719	0.2114947	0.8137042	0.0423883	0.6297610	0.4682454	0.3283128	0.8839356	0.6713690	0.8012356	0.4744210	0.6462632	0.0760135	0.4457470	0.0956702	0.5644222	0.3749574	0.9446222	0.1439628	0.2124008	0.7536260	0.2854719	0.9824879	0.4975439	0.2687451	0.5753608	0.0206785	0.7572669	0.1745253	0.7456295	0.8389586	0.8998238	0.2902456	0.2133162	0.8890969	0.6876242	0.5559427	0.7026788	0.8435796	0.5336816	0.6206006	0.3559707	0.9457106	0.6148550	0.3042631	0.4362445	0.3460307	0.1220766	0.0356388	0.9963219	0.7655288	0.3510908	0.3578544	0.2271938	0.0245493	0.6453157	0.9640863	0.1774334	0.8918802	0.8696900	0.1802914	0.0662386	0.6569964	0.6063534	0.8046292	0.2024297	0.3455121	0.9108791	0.2921299	0.6869154	0.1175051	0.9187380	0.7243360	0.4715938	0.5278071	0.2734240	0.5110401	0.9209195	0.2102000	0.6980203	0.0315123	0.0020567	1.0129347
600	0.1302370	0.5204810	1.0630434	0.1982475	0.5782003	0.0020125	0.0421604	0.0678637	0.9758913	0.0051877	0.2346972	0.0964183	0.0332799	0.2661289	0.7844536	0.5580526	0.7444315	0.5475318	0.5073804	0.7672058	0.0770300	0.6561863	0.5868456	0.4971953	0.8801763	0.6852438	0.8723956	0.3629890	0.4726654	0.0539601	0.3896984	0.0964374	0.6456986	0.5227874	0.8920518	0.2713958	0.1241300	0.6335091	0.2815025	0.7142660	0.5750609	0.3147201	0.3280926	0.0304192	0.8145883	0.3595775	0.5235401	0.5826617	0.8508399	0.3400896	0.1583476	0.7287604	0.6093272	0.2985096	0.6766133	0.7553787	0.5110017	0.5988251	0.4605321	0.9080251	0.6705163	0.2735883	0.4533185	0.3670076	0.2211912	0.1958076	0.9823102	0.8046043	0.3961767	0.3120677	0.3068386	0.0294409	0.6915971	0.8910607	0.1867692	0.8310162	0.8081050	0.1400435	0.1045461	0.5488817	0.6617524	0.8224345	0.1906506	0.4200628	0.9450210	0.2964171	0.6253192	0.1246079	0.7855971	0.5940964	0.4768333	0.5159472	0.3698635	0.5292892	0.9687706	0.2995410	0.6738960	0.0308296	0.0062242	0.9540391
650	0.0976005	0.6048385	1.0613742	0.2144301	0.4573921	0.0015406	0.0324803	0.0472520	0.9140248	0.0168023	0.1714208	0.0835874	0.0294937	0.1345628	0.7281228	0.5712443	0.6936803	0.7198743	0.6926076	0.8575064	0.0743112	0.6991445	0.6460940	0.6983144	0.8614096	0.7461745	0.9038268	0.2657975	0.2938418	0.0480350	0.4301961	0.0865465	0.6149717	0.7127517	0.7453910	0.5206463	0.1384903	0.7303586	0.2141986	0.3396462	0.5539804	0.3316796	0.1857003	0.0191787	0.7080814	0.5062164	0.4115440	0.5265594	0.8811508	0.3173743	0.1192433	0.6058508	0.4589382	0.1363233	0.8200467	0.5888639	0.6066802	0.5340216	0.4934390	0.8412442	0.7442491	0.3568204	0.5372567	0.3575356	0.3304504	0.3241209	0.9247913	0.7498480	0.3746862	0.3497380	0.3055505	0.1248665	0.6670133	0.9359423	0.1938395	0.6252484	0.7824109	0.0532969	0.1398619	0.6036371	0.6739965	0.8315786	0.1746641	0.4737556	0.9859031	0.2666867	0.5165522	0.1040834	0.7646558	0.5657441	0.4371116	0.4496594	0.4160218	0.5166199	0.8181347	0.3945314	0.6011739	0.0156360	0.0058796	0.9475154
700	0.0559480	0.6875804	1.0821833	0.1502675	0.4702436	0.0011461	0.0388900	0.0255201	0.9318982	0.0262668	0.1675870	0.0972894	0.0112541	0.0947313	0.7493036	0.5768051	0.6532162	0.8117580	0.8384570	0.8740218	0.0648334	0.5634618	0.8281407	0.8803859	0.7901694	0.7833195	0.9904950	0.2042858	0.2800926	0.0564424	0.4835654	0.0891368	0.6637495	0.9326255	0.6207434	0.7407306	0.2460036	0.7416332	0.2260090	0.1275314	0.6798899	0.3401255	0.1302899	0.0315506	0.7286043	0.7574667	0.3396311	0.5696825	0.9459652	0.2812494	0.0935921	0.4697438	0.4671774	0.0640391	0.7383417	0.4825178	0.6667392	0.4124886	0.4102199	0.9789292	0.8062154	0.4529766	0.4600301	0.2946686	0.4753580	0.3962924	0.9476147	0.7221131	0.3523642	0.3622091	0.3327455	0.2355527	0.6373514	0.9910265	0.2799548	0.5076865	0.7872379	0.0659445	0.2195426	0.6321231	0.8067022	0.9663729	0.1338585	0.4558893	0.9935425	0.3245057	0.3871358	0.1151238	0.6475739	0.5265279	0.5091639	0.4722137	0.4448782	0.5295800	0.5936430	0.4379696	0.5326905	0.0202057	0.0163497	1.0443370
750	0.0528156	0.6780119	0.9073523	0.2602204	0.4654186	0.0006246	0.0289605	0.0249261	0.9303675	0.0176542	0.1411480	0.0926703	0.0054492	0.1045209	0.8861474	0.5034475	0.6218980	0.9507681	0.9232166	0.9174424	0.0650089	0.6086315	0.8647806	0.9155918	0.8512497	0.7599853	0.9842333	0.1530912	0.3032513	0.0570786	0.5329253	0.1074679	0.6517571	0.8408178	0.4349878	0.9076087	0.4140350	0.7440639	0.2375863	0.0480887	0.7084312	0.4083622	0.1202356	0.0846848	0.6060524	0.7562879	0.3253956	0.7436382	0.9135763	0.2888285	0.1025231	0.4594673	0.4387601	0.0278633	0.7826574	0.4275003	0.6725702	0.3029743	0.4857347	0.9896836	0.8359739	0.5503038	0.4628712	0.2809917	0.5577328	0.4884542	1.0390746	0.8035576	0.3510966	0.2543193	0.3781906	0.2222860	0.5153935	0.9397867	0.3634937	0.4834027	0.8428386	0.0974330	0.2843191	0.7468150	0.8922513	1.1361070	0.1166401	0.6238582	0.9402173	0.3353368	0.2868693	0.1267880	0.6202160	0.5509248	0.5118887	0.4101338	0.4948252	0.5589923	0.4342486	0.5044445	0.4561821	0.0548927	0.0730844	1.0035283
800	0.0378813	0.6297288	0.9082600	0.3043043	0.5099969	0.0004550	0.0290651	0.0201857	0.9106842	0.0347437	0.1631180	0.0983966	0.0041030	0.1272703	0.9493401	0.5425517	0.5466872	0.9059181	0.9983642	0.9415651	0.0829952	0.5904788	0.8691270	1.0145321	0.8441334	0.6851846	1.0270908	0.1519799	0.3414840	0.0670042	0.4978515	0.0893645	0.6453216	0.9195770	0.3197169	1.0235635	0.5704843	0.6935300	0.2386263	0.0336379	0.8088624	0.4372881	0.1047769	0.0896673	0.6153023	0.7391823	0.4357547	0.7820672	0.8158367	0.2799018	0.1062525	0.4378628	0.3850749	0.0153146	0.7646035	0.4395050	0.6973821	0.3142942	0.4568204	1.0083635	0.9058734	0.4902506	0.3536986	0.3097657	0.6437336	0.5182332	1.0549861	0.8283299	0.3308081	0.1374006	0.3445032	0.2266593	0.4163826	0.9021390	0.3155560	0.5806153	0.7918001	0.1508656	0.2936929	0.6770373	0.8839970	1.0916552	0.1394210	0.7571069	0.9352199	0.3926259	0.1307630	0.1205795	0.5330481	0.7093490	0.4338765	0.3957210	0.5013033	0.6041467	0.3477555	0.5074152	0.3644898	0.0420741	0.2699720	1.0372523
850	0.0356081	0.6155226	0.9511191	0.2361034	0.4998270	0.0001670	0.0323303	0.0196222	0.9637495	0.0470579	0.1637637	0.1056897	0.0018753	0.0726265	0.9090791	0.5324261	0.5780219	0.9141679	1.0761841	0.9133505	0.0802622	0.6004187	0.8784358	1.0832564	0.8916153	0.6528427	1.0476739	0.1582253	0.4542520	0.0775293	0.5195038	0.1151567	0.6319018	0.9090541	0.2840735	0.9559375	0.6049124	0.6680015	0.2909076	0.0369550	0.8078224	0.5353680	0.0838859	0.0957475	0.6222668	0.7000135	0.5087580	0.8500791	0.8643021	0.2940290	0.0831655	0.4055258	0.3907461	0.0126812	0.7586569	0.4938140	0.7063361	0.2567810	0.4440749	1.0074634	0.9166630	0.4455838	0.3456772	0.2965639	0.6820642	0.5537189	1.0370631	0.8023588	0.3824973	0.0604756	0.3482839	0.2522225	0.3402731	0.8727525	0.2740784	0.5980440	0.7793952	0.2541195	0.3436534	0.7142243	0.8462075	1.0170507	0.1174643	0.6730689	1.0512117	0.3304757	0.1001474	0.1451364	0.5094432	0.6687073	0.3919700	0.3981734	0.4718966	0.6069587	0.3307352	0.5420810	0.2835694	0.0520186	0.3832742	0.9937294
900	0.0431890	0.5963950	1.1022164	0.2134800	0.5721986	0.0019870	0.0278839	0.0085223	0.9428783	0.0758686	0.1264033	0.1040937	0.0117636	0.0978032	0.9101828	0.5636610	0.5212152	0.9859609	1.0177442	0.9404871	0.0818713	0.6315991	0.9581893	1.0362126	0.9056081	0.7471230	0.9426060	0.1393604	0.4515866	0.0647149	0.5289938	0.1005613	0.6061397	0.8050167	0.2789958	0.9354331	0.4910296	0.6404994	0.2484004	0.0129918	0.8132595	0.5357272	0.0715215	0.1038041	0.6492615	0.5940745	0.5477667	0.8233333	0.8053570	0.3656143	0.0676988	0.4480966	0.4835685	0.0173813	0.7533074	0.4957613	0.8130825	0.2392376	0.5369511	1.0105166	0.9208394	0.4875226	0.4088245	0.2613653	0.6620185	0.5693975	0.9847990	0.7398368	0.4362802	0.0511106	0.3607242	0.2106202	0.3032087	0.9232677	0.3133682	0.6904395	0.7947411	0.3734497	0.3395978	0.7312452	0.7221022	1.0936648	0.1292401	0.8095098	1.0673667	0.3170115	0.1084666	0.2236054	0.5067060	0.6704180	0.4636211	0.3823548	0.4992703	0.5325931	0.2817262	0.5570234	0.2873819	0.0525899	0.5313275	1.0023792
950	0.0497350	0.6947221	1.0593829	0.2605383	0.4961290	0.0013174	0.0294983	0.0220290	0.9735597	0.0653788	0.1753758	0.1036033	0.0107604	0.1325132	0.7787571	0.5154478	0.4926605	1.0603372	0.9245651	0.9396232	0.0759945	0.6362129	0.8982361	1.0352724	0.9824032	0.7740343	0.8314983	0.1290615	0.4033937	0.0686105	0.4948358	0.0924870	0.5853822	0.7800552	0.2740130	1.0704330	0.3688175	0.6858414	0.3527595	0.0304435	0.8983663	0.5069916	0.0802286	0.1467899	0.7291045	0.5894935	0.5047002	0.9269234	0.8925660	0.3419393	0.0477286	0.5450549	0.6033430	0.0022798	0.6855468	0.5050091	0.8094181	0.2597920	0.5184958	1.0059280	0.9039683	0.4896584	0.3430461	0.2956673	0.5554191	0.5643706	0.9596906	0.6527773	0.4795267	0.0500857	0.3428202	0.1714054	0.2921378	0.8774324	0.2828556	0.6745432	0.8860340	0.3183916	0.3105348	0.7238049	0.8141554	0.9661837	0.1197433	0.7731929	0.9119832	0.3814717	0.1196796	0.2452997	0.4378416	0.7028149	0.4522849	0.2453577	0.4721112	0.5445176	0.2849667	0.6434325	0.2955890	0.0343376	0.5338867	0.9608386
1000	0.0269157	0.6565166	1.0050862	0.2476303	0.4953984	0.0019896	0.0503602	0.0158612	0.9553183	0.0818811	0.1261450	0.1026652	0.0082887	0.1056751	0.8501139	0.5353281	0.4372308	1.0340159	0.9849082	1.0284437	0.1080102	0.6749834	0.9046796	0.9799162	0.9474543	0.6942665	0.8809215	0.1047668	0.4124971	0.0560597	0.4550787	0.1120526	0.6151008	0.8024435	0.2520298	1.0568032	0.3770617	0.7193720	0.3819396	0.0232777	0.9866715	0.4705484	0.0798794	0.1226266	0.7010037	0.6764962	0.6384108	0.9713322	0.8497094	0.3540840	0.0619782	0.5197074	0.5493958	0.0141566	0.7452831	0.4327126	0.8826760	0.3168460	0.4951088	1.0132276	0.7883166	0.5267043	0.4024027	0.3603029	0.5547983	0.5731157	0.9941260	0.6093731	0.4379587	0.0438607	0.3485209	0.1767755	0.3049590	0.8845784	0.2543112	0.6379504	0.8878096	0.2549334	0.2795875	0.7023304	0.7922325	0.9488134	0.1152519	0.7510598	0.9619042	0.3424778	0.1431948	0.2875422	0.4596475	0.6545803	0.4140643	0.2288769	0.4639964	0.5274362	0.2591857	0.7203678	0.3145008	0.0311758	0.5733113	1.0352671

0	0.0094491	0.6355617	1.0459758	0.0876986	0.4170952	0.0015965	0.0357302	0.0201856	0.7842026	0.5482911	0.1482550	0.1067167	0.0074763	0.0795139	0.9263252	0.4386615	0.5117037	1.0187251	0.9869150	0.9112762	0.0675828	0.6396705	0.9879649	0.9056811	1.0249936	0.8053086	0.8415975	0.0956169	0.2807776	0.0361236	0.3476186	0.0945586	0.7647381	0.8073502	0.2691465	0.9854445	0.2644993	0.7761342	0.3511720	0.0142404	0.9503393	0.3956488	0.0912837	0.0721673	0.8039584	0.5632487	0.5721011	0.9104100	0.8750489	0.3877912	0.0490860	0.3690556	1.0040851	0.0016799	0.7496314	0.4296180	0.7445798	0.3138374	0.4763448	0.9977159	0.8917758	0.5763065	0.2317245	0.3844034	0.5377636	0.4876338	1.0898320	0.8135737	0.5024926	0.0491368	0.3912071	0.2335426	0.3169327	0.9297559	0.3112694	0.3637340	0.9584119	0.1589398	0.2670455	0.6498318	0.7931145	1.0351174	0.1402507	0.6535788	1.0095359	0.4184859	0.2245238	0.5131035	0.6073464	0.7854143	0.4606182	0.1309775	0.4648780	0.5528648	0.0723851	0.5781484	0.2784400	0.0363961	0.5378107	0.9932421
50	0.0150947	0.5635687	0.6969360	0.1195497	0.5046169	0.0015220	0.0552674	0.0140508	0.6856590	0.5224783	0.0884903	0.4197199	0.0018153	0.0856084	0.6635724	0.3788499	0.5126646	0.8943244	0.9189726	0.8946830	0.2017260	0.7334458	0.9582697	1.0366372	0.6916058	0.6636765	0.9126531	0.0964078	0.2058926	0.0237746	0.3484789	0.0951479	0.7641731	0.6647137	0.2916846	0.9163497	0.3117402	0.7824712	0.3388069	0.0590224	0.9878919	0.4364543	0.3316886	0.0742467	0.7285992	0.4494388	0.6835876	0.8062444	0.9057351	0.5676331	0.0573476	0.3699256	0.9414541	0.0002567	0.7066347	0.3956958	0.8413925	0.2439557	0.5357404	0.9844353	0.7486585	0.3884360	0.0954405	0.2569587	0.4299036	0.5100353	0.9028122	0.7152678	0.4552634	0.0556896	0.3773031	0.1814299	0.3320659	0.8870464	0.4220401	0.4233145	0.9597025	0.1160217	0.2098832	0.6489787	0.6611542	1.0087896	0.1289904	0.6344741	0.8666959	0.3276272	0.2790600	0.5342574	0.6075265	0.7993225	0.4690159	0.3800391	0.3969519	0.5667910	0.2124321	0.5127879	0.2260281	0.0135435	0.5775639	1.0119782
100	0.0064981	0.5436341	0.3901661	0.1906889	0.4411598	0.0003059	0.0957642	0.0137030	0.6565391	0.4922054	0.0788168	0.7190098	0.0109035	0.1283684	0.3589288	0.3713173	0.5261817	0.9154293	0.8998129	0.8428336	0.3056311	0.6363681	1.0198655	0.9419177	0.3672381	0.6762126	0.9119137	0.1100165	0.2743272	0.0399331	0.3092974	0.0628462	0.6218767	0.5240057	0.3228717	0.8049342	0.2506194	0.7658096	0.3404410	0.2395708	0.9498128	0.3178136	0.5762900	0.0821358	0.7335057	0.4274937	0.6475594	0.9276285	0.8946983	0.7992748	0.0401908	0.2910572	1.0241025	0.0011881	0.7839158	0.2342942	0.8550029	0.2578195	0.5253598	0.9808175	0.8012792	0.2334117	0.1317498	0.2526648	0.5306067	0.4333430	0.9442918	0.7204085	0.4605831	0.0804445	0.3872494	0.2675964	0.2956699	0.9305256	0.4289508	0.3960787	0.9444751	0.1525220	0.1751306	0.4982634	0.4343052	1.0065554	0.1305080	0.6518001	0.7569180	0.3033058	0.3676789	0.6182803	0.5458195	0.8317891	0.4730996	0.6089316	0.4436119	0.5611673	0.4441283	0.5601216	0.2638805	0.0163932	0.4355962	0.9495249
150	0.0183945	0.4351858	0.3071154	0.3053886	0.4965476	0.0027314	0.1003623	0.0145119	0.7334065	0.4294234	0.0916013	0.8512236	0.0387219	0.3262992	0.3091871	0.4027462	0.5118679	0.8190981	0.9746681	0.8592539	0.3749633	0.6798164	1.0131598	1.0551139	0.1668151	0.6794775	0.9372126	0.1738469	0.2807292	0.0464338	0.3804732	0.0714985	0.7337224	0.4816367	0.3282019	0.9036994	0.2987896	0.6883173	0.3902973	0.5576512	0.8041433	0.2963053	0.6793308	0.0746166	0.7333841	0.4846198	0.8656756	0.9866710	0.8644514	0.9312462	0.0579128	0.2521145	0.8903233	0.0056352	0.7868653	0.1370232	0.8388215	0.3113452	0.5066301	0.9214535	0.8316483	0.1348577	0.2059247	0.3049978	0.5011443	0.2615670	0.9261964	0.7283278	0.5644316	0.0515214	0.3623418	0.2353277	0.3361742	1.0107713	0.4146834	0.4554640	0.9642208	0.1314614	0.2189385	0.3739116	0.4493664	0.9362436	0.1244890	0.6314329	0.7259400	0.2533366	0.4799415	0.5917035	0.5148045	0.9992866	0.4879176	0.7974327	0.5612723	0.7983734	0.5990598	0.5581355	0.3149589	0.0216607	0.2683099	0.9540050
200	0.0357530	0.3371024	0.3404060	0.3340973	0.4436734	0.0005980	0.1287273	0.0147453	0.7107485	0.4466042	0.1408935	0.8073382	0.0627488	0.4802242	0.3342296	0.4050757	0.5356745	0.9212245	1.0423532	0.8199101	0.4016801	0.6519577	0.9210889	0.9934256	0.0885825	0.6370782	0.9285982	0.2186429	0.1758381	0.0566614	0.3774057	0.0724246	0.6926059	0.3968226	0.3554275	0.9214165	0.2532280	0.6674175	0.3475755	0.7747459	0.7002432	0.2661742	0.8359049	0.0651210	0.6667684	0.3847637	0.8660769	1.0452224	0.9788055	0.9743030	0.0875176	0.2238315	0.9467789	0.0016783	0.7847733	0.0836159	0.7793184	0.3487541	0.6261334	0.8952672	0.8675560	0.1070905	0.2629815	0.3235908	0.5633943	0.1867109	0.8896803	0.6827640	0.6235921	0.0557612	0.2992056	0.2632742	0.3878280	0.8938213	0.4497510	0.4149403	0.9756471	0.1098184	0.2124671	0.2991868	0.4610384	0.9552813	0.1304422	0.4957592	0.7103938	0.2679698	0.5030298	0.5334102	0.4796543	0.9193548	0.5292043	0.7653437	0.5812437	0.9354864	0.8066803	0.5480893	0.3400239	0.0148054	0.1124076	0.9734879
250	0.0302314	0.2900394	0.2908435	0.3485666	0.4312681	0.0010370	0.0921162	0.0144732	0.7185828	0.4241420	0.0955922	0.8842037	0.0909809	0.5080898	0.3128764	0.4805202	0.5806794	0.9575205	0.9560150	0.9130378	0.4351202	0.5964758	0.9153224	0.9547862	0.0766636	0.5978323	0.9275466	0.2349797	0.1829927	0.0531216	0.3434574	0.0945918	0.6401187	0.3632524	0.3564957	0.7532494	0.1969311	0.6195223	0.3000359	0.8631380	0.6020550	0.2300195	0.8400603	0.0589045	0.6263303	0.2868062	0.8004799	0.9402175	0.9417064	0.9563195	0.1478445	0.2276212	0.9797374	0.0013555	0.7334239	0.0815098	0.8008772	0.3392649	0.5862113	1.0256546	0.8466747	0.0936868	0.3384847	0.3547212	0.6231806	0.1201218	0.9277008	0.7723481	0.7243852	0.0630992	0.3383847	0.2500949	0.4282146	0.8625496	0.3674174	0.2536018	0.8956140	0.1256490	0.2461528	0.3055585	0.4049786	0.9328065	0.0979460	0.3475702	0.7493533	0.2807183	0.5440746	0.4842734	0.5791479	0.9742994	0.4311178	0.8895306	0.6043962	0.9915556	0.8343649	0.5342866	0.3419009	0.0188498	0.0609177	0.9907754
300	0.0236117	0.2062090	0.3122059	0.4175779	0.3807536	0.0001599	0.0901127	0.0051894	0.7988934	0.4606508	0.0837789	0.9144954	0.0883929	0.5517892	0.2913152	0.4390106	0.4779376	1.0144793	0.9913716	0.8841522	0.3474263	0.6528071	0.7926133	1.0049736	0.0481673	0.6536578	0.9477786	0.2027098	0.1747937	0.0414150	0.3880027	0.0902488	0.6555735	0.2938441	0.3393342	0.6405277	0.1563042	0.6489606	0.2832541	0.9318776	0.5695357	0.2309564	0.8055846	0.0698071	0.6996832	0.3079993	0.6869836	0.9668343	0.8079578	0.9648094	0.1515993	0.2052666	0.9451437	0.0013524	0.7738989	0.0945874	0.7800915	0.3978842	0.6697616	1.0530839	0.9199936	0.0837271	0.2709801	0.3554677	0.5445182	0.0915398	1.0715593	0.7637402	0.6236127	0.0608257	0.3391497	0.2526800	0.3139733	1.0377046	0.4283685	0.2570164	0.8229772	0.1318500	0.1638806	0.2125438	0.4858713	0.9108657	0.1075235	0.2934909	0.7946984	0.3002469	0.5096618	0.4685242	0.6544116	0.9511032	0.3916127	0.8425366	0.7230854	0.9686403	0.8699012	0.5271769	0.3091800	0.0167196	0.0523072	1.0446529
350	0.0282345	0.2923784	0.3211044	0.3760275	0.4972054	0.0007557	0.0897463	0.0113537	0.7266295	0.5265798	0.0746801	0.8704147	0.1429856	0.5235037	0.2781599	0.3820026	0.4796362	1.0072014	0.8995212	0.7870192	0.3699137	0.6519561	0.7456937	0.9258640	0.0419970	0.6544271	0.9466394	0.1986783	0.1324256	0.0617906	0.3559067	0.1025624	0.7293207	0.3274023	0.3595678	0.7527643	0.1789821	0.7165562	0.3523658	0.9268095	0.4655979	0.2662235	0.8359626	0.0828849	0.7548551	0.3683028	0.9141739	1.0034517	0.8108665	1.0280824	0.1825927	0.1601301	0.9431406	0.0009512	0.8045787	0.0575408	0.7509495	0.3458844	0.6638876	1.0187497	0.8555166	0.0828402	0.2286183	0.3814633	0.6061094	0.0868128	1.0495117	0.6965553	0.6159106	0.0702109	0.3382689	0.2415481	0.2845124	0.9430072	0.3532939	0.1928710	0.7346184	0.0799411	0.1593327	0.1827123	0.4426135	0.8853181	0.0822092	0.2152232	0.7348044	0.3189345	0.5658216	0.3770330	0.5321231	0.8520607	0.3718068	0.8860839	0.7705001	0.9132261	0.8443019	0.4824165	0.2920572	0.0255393	0.0310207	0.9796921
400	0.0243639	0.2558648	0.2569230	0.4135353	0.4876229	0.0004810	0.1412101	0.0080179	0.7201724	0.4641106	0.0708613	0.8637767	0.1483885	0.5135505	0.2794161	0.3449374	0.4812985	0.9710803	0.9102698	0.6964174	0.4110441	0.6078178	0.6164997	0.9022935	0.0208969	0.6419040	0.8828461	0.1692003	0.1905528	0.0699083	0.3596470	0.0726809	0.5658902	0.3068994	0.3538209	0.7633675	0.1386833	0.7549443	0.3258239	0.9596337	0.4749985	0.2998557	0.8016702	0.0562771	0.8549613	0.3482057	0.7512510	1.0067435	0.9454671	0.9934548	0.1993276	0.1892832	0.9205183	0.0026658	0.8241330	0.0572345	0.7589770	0.3624415	0.6038404	0.9414466	0.9105653	0.0494787	0.1880524	0.3452980	0.5633593	0.0870010	0.9508364	0.7308202	0.6277046	0.0925216	0.3705385	0.2691101	0.3138466	0.8384650	0.3878424	0.1913721	0.6642812	0.0835783	0.1727454	0.2016303	0.4423023	0.8057545	0.0981866	0.1650090	0.7371272	0.3540361	0.4822899	0.2819353	0.4737104	0.8569379	0.5486736	0.8798184	0.7577906	0.8646373	0.9596856	0.4195062	0.2424348	0.0108689	0.0348525	0.9814594
450	0.0203955	0.2224235	0.2895403	0.4104722	0.4331316	0.0005165	0.1039270	0.0195660	0.7871451	0.5033975	0.0519929	0.8871409	0.1533165	0.6142064	0.2760944	0.2810780	0.4784982	1.0126179	0.9531483	0.7381773	0.4990627	0.5400084	0.5325557	1.0126785	0.0215241	0.6449156	0.7980722	0.1939484	0.2711226	0.0624604	0.3844536	0.1298372	0.6194564	0.3872056	0.3427900	0.7455778	0.1571110	0.7588199	0.3260756	0.9194571	0.5050967	0.2521229	0.7505019	0.0513812	0.8094829	0.3580365	0.7771197	1.0624697	0.9172485	0.8954609	0.1591920	0.1575151	0.8523449	0.0004128	0.9175612	0.0931983	0.7875222	0.3533897	0.6070571	1.0145486	0.9455823	0.0699690	0.1251459	0.2837627	0.5657473	0.0628674	0.9829685	0.6319670	0.6076299	0.0734532	0.4323275	0.2344341	0.3072267	0.9431703	0.3514693	0.2549850	0.6891250	0.1230562	0.1669001	0.2296456	0.3930754	0.8597656	0.1228358	0.1968386	0.6942615	0.3380101	0.5733710	0.3262191	0.5055856	0.8114853	0.4894928	0.9661625	0.8079278	0.8997071	1.0042481	0.3574150	0.2394930	0.0258150	0.0157325	0.9316338
500	0.0195434	0.2610588	0.2810736	0.3657876	0.4890509	0.0007577	0.1373354	0.0134838	0.7684431	0.4432274	0.0606053	0.8801459	0.1588008	0.5827756	0.3078823	0.2643523	0.4812556	0.9790904	0.9386749	0.8353733	0.3978968	0.5795072	0.6162919	1.0456385	0.0346906	0.5890969	0.7889713	0.2543378	0.2542939	0.0758202	0.3735149	0.1023507	0.6894914	0.3391815	0.2671931	0.7246184	0.1797461	0.6962062	0.4025728	1.0480864	0.5878746	0.2968616	0.7882938	0.0658059	0.8114517	0.3235758	0.9233517	1.0029129	0.8778027	0.9722736	0.2221763	0.1807278	0.8651422	0.0021930	0.8220378	0.0688599	0.7322809	0.3627089	0.5148642	0.9705235	0.9915009	0.0662581	0.0699493	0.3051838	0.6622598	0.0625722	0.9055554	0.6762258	0.5637395	0.0883364	0.4741814	0.2584245	0.3080247	0.8788311	0.3927091	0.4052857	0.6799829	0.1124079	0.1617331	0.2216110	0.4214452	0.8241257	0.0667679	0.2981707	0.6553127	0.3754076	0.5783860	0.3240998	0.5263168	0.8008377	0.5367894	1.0155215	0.6966906	0.9045747	0.9438443	0.4891988	0.2055372	0.0189537	0.0028449	0.9415480
550	0.0158355	0.2674154	0.5934744	0.3359513	0.4937133	0.0073313	0.0678394	0.0236687	0.8375340	0.5043408	0.0390452	0.5361233	0.1760253	0.6066934	0.5094073	0.2497320	0.4797253	0.9976774	0.8528159	0.8273648	0.2592855	0.6500057	0.7008601	0.9322964	0.2295149	0.6305310	0.6914724	0.2567030	0.2553003	0.0503271	0.4007005	0.0734922	0.6898573	0.4284318	0.2459850	0.7380834	0.1550162	0.7096628	0.3324777	0.9522325	0.6625487	0.3126909	0.6439279	0.0619495	0.7725621	0.3056446	0.7537663	0.8007539	0.8288604	0.8158708	0.1857409	0.2111139	0.8654719	0.0000647	0.7881489	0.1886208	0.7556639	0.4573334	0.5405121	1.1044142	0.9939521	0.1023755	0.0855596	0.3194078	0.6530394	0.0879208	1.0015145	0.6072523	0.6099307	0.0677473	0.4374154	0.2442490	0.3007040	0.9625189	0.3095159	0.3206721	0.6950894	0.1044353	0.1706389	0.1899830	0.5166668	0.8977867	0.0886980	0.3554105	0.8188295	0.3476107	0.5157185	0.3324423	0.4490450	0.9248367	0.6162660	0.8826481	0.6819339	1.0093445	1.0150366	0.4954548	0.2763632	0.0176267	0.0156868	0.9894921
600	0.0329873	0.3184762	0.7233996	0.2948191	0.5117835	0.0068739	0.0497710	0.0223030	0.8228345	0.4798226	0.0727067	0.2601909	0.1347274	0.3296755	0.7480985	0.2271992	0.5106753	0.9767845	0.8552300	0.7234733	0.1606099	0.6061647	0.8522054	0.8133878	0.4699314	0.6766687	0.6447871	0.3051214	0.1874844	0.0375006	0.3492686	0.0836122	0.7073949	0.5843336	0.2875291	0.6440748	0.0804170	0.6847088	0.3671833	0.7107929	0.7513077	0.2874969	0.3753956	0.0429655	0.7765681	0.3752183	0.6081368	0.7481050	0.8589756	0.5500821	0.1725454	0.2634748	0.9153215	0.0006878	0.7736283	0.3578528	0.7832319	0.5381179	0.5248420	0.9616919	0.9511553	0.1947693	0.0760040	0.3128487	0.6109826	0.1390710	0.8858954	0.6178123	0.5692067	0.0544636	0.4570458	0.2555027	0.2541200	0.8388882	0.3041349	0.3654334	0.7100627	0.1105279	0.1957314	0.2383115	0.6067806	0.9290846	0.0776787	0.4123142	0.9607636	0.3112067	0.3946983	0.2831893	0.4772580	0.8806438	0.4609555	0.5874615	0.7447344	0.9197445	0.9941409	0.5395208	0.2762400	0.0236692	0.0303343	0.9922057
650	0.0251799	0.4140708	0.9121522	0.2436692	0.4393589	0.0014058	0.0524772	0.0156740	0.7664924	0.3816923	0.0642716	0.1517994	0.0471148	0.2501784	0.8543025	0.2667472	0.4720951	0.9612927	0.8805579	0.7707519	0.1183802	0.5954032	0.9098944	0.8557668	0.5776074	0.6950215	0.7597479	0.2714719	0.1294014	0.0428648	0.3286292	0.0739647	0.7141930	0.8269627	0.3153120	0.6154589	0.0886681	0.6993405	0.3551240	0.4108898	0.6959599	0.3338813	0.2234681	0.0484639	0.6530542	0.4357371	0.6174405	0.8187619	0.9396365	0.4014273	0.1497228	0.2055503	0.8384838	0.0002143	0.7565200	0.4044689	0.7478056	0.4706377	0.4325518	1.0533192	0.9007737	0.3024837	0.0793250	0.2944229	0.5980685	0.2593470	0.7164071	0.5765166	0.5378339	0.0491774	0.4327508	0.2479421	0.2171573	0.8570785	0.2833755	0.2238681	0.7473982	0.0740253	0.1629881	0.3723496	0.6555202	0.8777298	0.0931554	0.4774851	0.9423072	0.2553600	0.3194996	0.3005565	0.4888583	0.9763546	0.4478141	0.5006163	0.6817179	0.7840014	0.7897429	0.5814748	0.2723727	0.0308428	0.0219778	1.0277273
700	0.0282346	0.4485400	1.0404332	0.2497886	0.5432428	0.0049229	0.0311426	0.0127150	0.8212985	0.3543354	0.0911369	0.0961274	0.0315812	0.1422089	0.9021709	0.3011009	0.4891783	0.9689209	0.9868007	0.8190267	0.0799124	0.6066339	0.9662480	0.7792357	0.6581053	0.6387335	0.8693559	0.2413760	0.1312580	0.0426106	0.3642038	0.0566143	0.6649263	0.9234162	0.3162766	0.8024430	0.1429501	0.6921412	0.3739979	0.1623368	0.7509626	0.3889689	0.1377681	0.0528078	0.7432433	0.5047611	0.6233968	0.8054196	0.9967099	0.3904795	0.1398377	0.2012848	0.7715244	0.0012171	0.7562402	0.4841995	0.7506909	0.3862478	0.5561826	0.9597965	0.9332851	0.4090465	0.1290268	0.3392420	0.5743448	0.4344469	0.5344716	0.6199231	0.5398969	0.0350783	0.4234470	0.2717023	0.2807391	0.9599827	0.2758262	0.1316589	0.8476115	0.0559760	0.2176732	0.5025197	0.7131663	1.0456624	0.0860477	0.4421981	1.0015740	0.2745985	0.2937999	0.2448680	0.6139800	0.9365518	0.4096025	0.4876796	0.5790801	0.6611795	0.5564789	0.6205310	0.2548750	0.0307737	0.0290883	1.0642693
750	0.0142763	0.5606364	0.9359392	0.1744511	0.4114056	0.0075685	0.0371181	0.0171959	0.8270387	0.3235185	0.1006249	0.1125230	0.0126174	0.1233589	0.8139982	0.3107480	0.4663145	0.9474018	0.9114618	0.8245689	0.0682344	0.5722098	0.9706719	0.9608932	0.6774337	0.6547588	0.8891917	0.1694426	0.1619982	0.0309812	0.4330146	0.0693619	0.6675181	0.9294309	0.3610267	0.7839078	0.2392509	0.6604605	0.3092048	0.0522861	0.8314793	0.4391528	0.0874413	0.0463991	0.7012970	0.5001892	0.5495546	0.7551534	0.8513645	0.3232701	0.1091306	0.2769264	0.7486320	0.0034341	0.8045187	0.5051718	0.7972224	0.3378821	0.4992758	0.9713961	0.8195708	0.4805963	0.1862279	0.3698639	0.5416408	0.4740820	0.7832614	0.6896926	0.4758466	0.0310931	0.3621628	0.2752072	0.3341137	0.8874437	0.2789148	0.1641836	0.8612560	0.0707385	0.2122188	0.6782985	0.7117653	0.9129229	0.0700054	0.3743668	0.9746581	0.2561060	0.3013380	0.3040435	0.5945483	0.8471268	0.5119686	0.4179365	0.5126606	0.6833086	0.3887267	0.6357190	0.2310018	0.0216207	0.0616920	0.9419826
800	0.0259045	0.6646368	0.9565003	0.1740707	0.3964072	0.0014546	0.0131942	0.0103834	0.7855566	0.3871905	0.1231275	0.1087343	0.0033495	0.1364094	0.8550387	0.2970899	0.5077118	0.9595874	0.9546121	0.8530953	0.0986321	0.6551606	1.0160354	0.9963784	0.7862979	0.6314910	0.9308754	0.1404593	0.2124171	0.0409090	0.4333966	0.0651643	0.6570025	0.8991577	0.2976287	0.8739611	0.2426079	0.7385189	0.3353450	0.0371899	0.8813070	0.4785409	0.1008064	0.0516906	0.7121616	0.5820525	0.5214131	0.7242464	0.8181491	0.2893535	0.0900199	0.3318746	0.7697441	0.0016572	0.7757025	0.4547214	0.7729278	0.3125669	0.5271928	0.9465403	0.8677778	0.5354531	0.2028279	0.3594836	0.5934399	0.4764050	0.9157624	0.6163207	0.4928813	0.0602361	0.3721790	0.1809818	0.3315034	0.8362997	0.2718852	0.2623300	0.8027238	0.1463799	0.2224970	0.7168005	0.7378269	1.0710372	0.1074390	0.4630775	0.9872099	0.3679531	0.3167071	0.3298602	0.5382223	0.9072691	0.4813436	0.3891930	0.4176421	0.6965319	0.2458988	0.6447186	0.1934738	0.0199191	0.2207408	0.9520737
850	0.0263714	0.6153231	1.0759434	0.1409006	0.4896379	0.0011539	0.0549296	0.0180269	0.8153793	0.3013915	0.1364614	0.0771384	0.0092147	0.1564394	0.8640757	0.3602447	0.4563020	0.9631390	0.9361579	0.8620172	0.0541648	0.6555361	1.0007638	0.9697383	0.8103341	0.6619632	0.9344522	0.1118754	0.1974896	0.0469190	0.4241083	0.0802257	0.6654993	0.9397749	0.2524269	0.8925353	0.2706505	0.7187403	0.3893577	0.0256662	0.9202688	0.5232638	0.0811773	0.0610923	0.7734037	0.5418599	0.4538756	0.7376371	0.7368880	0.2762223	0.0835244	0.3235906	0.8509497	0.0023643	0.7089425	0.4803554	0.7812312	0.2771968	0.5326192	0.9483240	0.8116414	0.5223450	0.2836471	0.3250704	0.5820631	0.5277567	1.0213652	0.6975092	0.4263714	0.0577307	0.3607878	0.2006253	0.3365634	0.8337113	0.2436973	0.3076670	0.8090038	0.2117018	0.2648815	0.7292515	0.7941542	1.0622736	0.1015928	0.4919831	1.0567633	0.3630482	0.2809481	0.4120985	0.5166642	0.7587770	0.4936834	0.3501328	0.3972284	0.6085918	0.1949648	0.6237167	0.2179294	0.0085780	0.3986268	0.9872959
900	0.0179706	0.5872078	0.9875276	0.1315085	0.4457919	0.0026014	0.0283093	0.0221984	0.8453790	0.3264229	0.1050690	0.0746004	0.0019044	0.1405782	0.8995820	0.4163806	0.4532805	1.0410069	0.9964397	0.9264423	0.0732893	0.5949834	1.0375501	0.9340300	0.8670099	0.6744133	0.9786444	0.0983834	0.2356325	0.0293560	0.4456063	0.0643663	0.6591281	0.8547403	0.3139328	0.9624325	0.3538538	0.7545412	0.3659724	0.0328954	0.9163674	0.4695724	0.0992485	0.0561644	0.7626853	0.6816694	0.5044742	0.8547641	0.8204064	0.3359596	0.0870855	0.3781589	0.9159796	0.0017919	0.8082424	0.4627791	0.7361721	0.3165103	0.4556199	0.9280556	0.8375504	0.5619719	0.3158997	0.3421470	0.5193465	0.5197916	0.9437190	0.5821893	0.4650174	0.0475677	0.4344198	0.2374458	0.3149377	0.9446523	0.2753361	0.3546212	0.8501037	0.2266513	0.2666238	0.7752506	0.8074553	0.9859888	0.1167774	0.5437314	1.0417992	0.3551205	0.2269797	0.4197715	0.5567871	0.6991282	0.4692620	0.3450767	0.3962424	0.6096867	0.1313922	0.5990405	0.2522924	0.0130521	0.4958046	0.9488175
950	0.0169084	0.6648910	0.9883568	0.1273428	0.3981155	0.0017170	0.0374714	0.0169613	1.0145543	0.3688801	0.1171674	0.0855290	0.0074594	0.1181483	0.9059125	0.4106926	0.4469772	0.9355274	0.9406501	0.8542425	0.0417550	0.6469116	1.0309201	0.9961065	0.8517836	0.7571972	0.9851225	0.0944275	0.2171821	0.0411254	0.4558193	0.0595993	0.7128913	0.8330128	0.3384482	0.9478911	0.5125839	0.8357882	0.3231754	0.0119352	0.9708842	0.4348202	0.0734221	0.0705110	0.7024066	0.6277024	0.6024244	0.8199481	0.8733926	0.3203993	0.0688246	0.3432924	0.9961468	0.0004425	0.8572001	0.4382200	0.6674354	0.2580435	0.4717135	0.9739412	0.8895635	0.5510922	0.2277891	0.3233733	0.4503143	0.5324066	0.9430389	0.6314520	0.4510206	0.0630480	0.4050704	0.2378410	0.2875743	0.8527695	0.2789598	0.4187900	0.9375761	0.2698471	0.2857464	0.7810508	0.7682151	1.0208472	0.1144443	0.5188244	0.9993295	0.3516985	0.1994010	0.4578041	0.5173486	0.7843426	0.4514900	0.3497143	0.3811621	0.5601153	0.1298290	0.6013357	0.2504997	0.0261617	0.4929313	0.8837674
1000	0.0233322	0.6704923	1.0110644	0.1073406	0.3886048	0.0007290	0.0360785	0.0160993	0.9977662	0.3842305	0.1404992	0.0901343	0.0085183	0.0778379	0.8585913	0.3838813	0.4980924	0.8699488	0.8371490	0.8060372	0.0430630	0.6968259	0.9897748	1.0662972	0.8921599	0.7121252	0.9180394	0.1134249	0.1984895	0.0411021	0.4030970	0.0845980	0.6463148	0.7852350	0.3841428	0.9273768	0.4811109	0.7745979	0.3465345	0.0302196	0.9537875	0.4536661	0.0748208	0.0792737	0.7023034	0.5547037	0.6041531	0.8597882	0.8659919	0.3358551	0.0610884	0.3251275	0.9833242	0.0041226	0.8139115	0.5174113	0.7749695	0.2418343	0.4541557	0.9784496	0.8880806	0.5337344	0.1909474	0.2637468	0.4943240	0.5612853	1.0752896	0.7141516	0.4102075	0.0712164	0.4263116	0.2666157	0.3678631	0.8688372	0.3019745	0.4649832	0.8695743	0.3057884	0.2625086	0.8152389	0.6962570	0.8884790	0.0964211	0.6730126	0.9750806	0.3265196	0.2083300	0.5012865	0.5199778	0.8223569	0.4921393	0.3038964	0.4143006	0.5643436	0.1161836	0.6663963	0.2274774	0.0135564	0.5331893	0.9133458

0	0.0094491	0.6355617	1.0459758	0.0876986	0.4170952	0.0015965	0.0357302	0.0201856	0.7842026	0.5482911	0.1482550	0.1067167	0.0074763	0.0795139	0.9263252	0.4386615	0.5117037	1.0187251	0.9869150	0.9112762	0.0675828	0.6396705	0.9879649	0.9056811	1.0249936	0.8053086	0.8415975	0.0956169	0.2807776	0.0361236	0.3476186	0.0945586	0.7647381	0.8073502	0.2691465	0.9854445	0.2644993	0.7761342	0.3511720	0.0142404	0.9503393	0.3956488	0.0912837	0.0721673	0.8039584	0.5632487	0.5721011	0.9104100	0.8750489	0.3877912	0.0490860	0.3690556	1.0040851	0.0016799	0.7496314	0.4296180	0.7445798	0.3138374	0.4763448	0.9977159	0.8917758	0.5763065	0.2317245	0.3844034	0.5377636	0.4876338	1.0898320	0.8135737	0.5024926	0.0491368	0.3912071	0.2335426	0.3169327	0.9297559	0.3112694	0.3637340	0.9584119	0.1589398	0.2670455	0.6498318	0.7931145	1.0351174	0.1402507	0.6535788	1.0095359	0.4184859	0.2245238	0.5131035	0.6073464	0.7854143	0.4606182	0.1309775	0.4648780	0.5528648	0.0723851	0.5781484	0.2784400	0.0363961	0.5378107	0.9932421
50	0.2421657	0.8000722	0.8342860	0.1184604	0.4294442	0.0102857	0.0626184	0.0244257	0.6039997	0.2705748	0.1331926	0.0926124	0.0074777	0.0876706	0.8580405	0.3664810	0.4600626	0.9523070	1.0127159	0.8235946	0.0622936	0.8480182	1.0987284	0.9424613	0.7948459	0.7058597	0.8702959	0.1084002	0.2722380	0.0204358	0.3538671	0.0946466	0.6902399	0.7596537	0.3730115	0.8966535	0.2421873	0.8324173	0.3423634	0.0181481	0.9552911	0.5309324	0.0665271	0.0618349	0.7973295	0.3996031	0.8199973	0.9127662	0.8609566	0.3175577	0.0736695	0.4057378	1.0232560	0.0290160	0.7197636	0.5038404	0.8040587	0.3029600	0.5245816	0.9543414	0.6507141	0.3866054	0.3891744	0.2790460	0.5374642	0.4281689	1.0700778	0.8397743	0.3706405	0.0540774	0.3215310	0.2544871	0.2812479	0.8982376	0.2974237	0.5380812	0.8690099	0.2104944	0.2492613	0.6036309	0.7138519	0.9938060	0.3406463	0.7599326	0.8915795	0.3964746	0.3678723	0.4502266	0.5133956	0.8508810	0.4190214	0.1075893	0.3990998	0.7136528	0.0776792	0.6369600	0.4022898	0.0166078	0.5794600	0.9728197
100	0.4222256	0.8622547	0.6311779	0.0730516	0.4111227	0.0264060	0.0482202	0.0260559	0.4400869	0.1269353	0.0904776	0.1088442	0.0054908	0.0267653	0.9162196	0.3214315	0.5051975	0.8822132	0.9661346	0.7572393	0.0572814	0.9302352	1.0670668	0.9911687	0.6820027	0.5845676	0.9079999	0.0928336	0.1914180	0.0430548	0.3912857	0.0850310	0.7158229	0.8018463	0.3155289	0.7516970	0.1848226	0.8724936	0.3805599	0.0291181	0.9845886	0.5460136	0.0540425	0.0543923	0.7954422	0.3088488	0.7977408	0.9381599	0.8565135	0.2802464	0.0719946	0.4263186	0.9343668	0.0687912	0.6866766	0.5605450	0.7055662	0.2871055	0.4372445	0.9357132	0.5388093	0.3042242	0.5019106	0.2785959	0.5627850	0.3890950	1.1751149	0.7763421	0.4415174	0.0469368	0.3699935	0.2441265	0.2552288	0.8302103	0.2780979	0.5863653	0.8945371	0.2966729	0.1869008	0.6110816	0.7272834	0.9891871	0.5945985	0.8244412	0.9914216	0.3776188	0.3542116	0.4787513	0.5529697	0.8014842	0.4467430	0.1270411	0.4496792	0.7828461	0.0348894	0.6605212	0.5970838	0.0329803	0.6252039	0.9938129
150	0.6106449	0.9084584	0.6788613	0.0534225	0.3315533	0.0471658	0.0257871	0.0380472	0.3881765	0.0502272	0.0939690	0.0621433	0.0110618	0.0162798	0.9777939	0.2862217	0.4791827	0.9576200	0.8875503	0.6762821	0.0455976	0.9691705	0.9647402	0.9305708	0.5758335	0.7030500	0.8256198	0.0844196	0.2249204	0.0497910	0.3472953	0.0737994	0.7313750	0.7836710	0.4338065	0.6157330	0.0706358	0.8066661	0.3926713	0.0315312	1.0220705	0.4903550	0.0425608	0.0366648	0.8844465	0.2928097	0.9005904	1.0047336	0.8261399	0.2565881	0.0851833	0.4597711	0.8365138	0.0958096	0.7202410	0.5492644	0.7188286	0.3028795	0.4983192	0.9813510	0.4630163	0.2189962	0.6162779	0.2846545	0.4996252	0.4141936	1.1260716	0.7048201	0.5184921	0.0112909	0.4436331	0.2228029	0.2675744	0.8360823	0.2016603	0.4795938	0.8997886	0.4624024	0.1617305	0.5964296	0.7410263	0.8949578	0.8301433	0.7984983	1.0269099	0.3376469	0.4368404	0.5467074	0.4071219	0.7373459	0.4945347	0.1357946	0.4572433	0.7815274	0.0455738	0.6410985	0.6337719	0.0410490	0.5527736	0.9667362
200	0.7208428	0.8929131	0.7050127	0.0511270	0.3074862	0.0337932	0.0297236	0.0385244	0.3643400	0.0142651	0.0987557	0.0691113	0.0295239	0.0173329	0.9835419	0.2309428	0.4785009	0.9613472	0.9545787	0.7087829	0.0536489	1.0529582	0.9275617	0.9264552	0.5585236	0.6340762	0.7356476	0.0774216	0.2392822	0.0417542	0.2809491	0.0751351	0.7191504	0.7296775	0.4161495	0.5326559	0.0713532	0.8540643	0.3775658	0.0285742	0.9746275	0.4644880	0.0653112	0.0422928	0.7778973	0.2002444	0.8875646	1.0331182	0.8689024	0.3309380	0.1272321	0.4965676	0.6712788	0.1043763	0.7562662	0.5592983	0.7938009	0.2789726	0.5112069	0.9136632	0.3069597	0.2333227	0.6140621	0.2700983	0.4966071	0.3280263	0.7728313	0.7686269	0.5658202	0.0224950	0.4452706	0.2198557	0.2964323	0.8564618	0.1892543	0.4315253	0.7737877	0.4812607	0.1416721	0.5855288	0.6311593	0.9728419	0.9243233	0.8677247	0.9898156	0.3749298	0.5189390	0.5387135	0.4602619	0.8102771	0.5936511	0.1188444	0.4772173	0.7769845	0.0332616	0.5637904	0.7239688	0.0348435	0.5750879	0.9623746
250	0.8408617	0.8814489	0.6825409	0.0707399	0.3715631	0.0263071	0.0301398	0.0231234	0.3106885	0.0137711	0.1472713	0.0303461	0.0180584	0.0360372	0.9254919	0.1625395	0.5092718	0.9595321	0.9791845	0.7287598	0.0603687	1.0639334	1.0046518	1.0626221	0.5161216	0.6974017	0.7339302	0.1000037	0.2609585	0.0452699	0.3391015	0.0524759	0.7336004	0.6985685	0.5902305	0.5181905	0.0792239	0.9346350	0.3892454	0.0166465	1.0665405	0.4417697	0.0903354	0.0351784	0.7454930	0.1801308	1.0195397	1.0154143	0.8815416	0.3551877	0.1095704	0.5674048	0.6015319	0.0880015	0.7548467	0.5947784	0.8676822	0.2740901	0.4699099	0.9715733	0.2619101	0.2266840	0.5918614	0.2354862	0.4421566	0.3876912	0.5747616	0.7813443	0.6029655	0.0412355	0.4489098	0.1609028	0.3292334	0.8626275	0.2226146	0.3541008	0.7855088	0.3188821	0.1392579	0.5458454	0.5961020	0.9350314	0.9666591	0.7752930	0.9572404	0.4049879	0.5249411	0.5138402	0.4054542	0.7532485	0.4918658	0.0674027	0.4245293	0.8694126	0.0239552	0.5888392	0.7022335	0.0299093	0.6261503	0.9815148
300	0.8000496	0.9420680	0.7683255	0.0541837	0.3403765	0.0358903	0.0205601	0.0214348	0.2892161	0.0141870	0.1833181	0.0602455	0.0074083	0.0181445	0.8845288	0.1773851	0.5031572	1.1086651	0.9960614	0.6638612	0.0326980	0.9701437	1.0490049	1.0201340	0.4981731	0.7021849	0.7522218	0.0934244	0.3586837	0.0291804	0.3913507	0.0525100	0.6908243	0.7230819	0.6379111	0.4028490	0.0589672	0.8779888	0.3526175	0.0106662	0.9658090	0.4126892	0.1133519	0.0183799	0.7629224	0.1830969	0.8088779	0.9353485	0.8866482	0.3500147	0.1133924	0.5369615	0.6006173	0.0812971	0.6749419	0.6216434	0.7396714	0.3127607	0.4959412	1.0228776	0.2709620	0.1687302	0.7244563	0.2516152	0.4748523	0.3417127	0.5095020	0.8199271	0.6457755	0.0308803	0.5425712	0.1524639	0.3494152	0.9693174	0.1882514	0.3605255	0.8336500	0.2084944	0.1322659	0.4755133	0.6654967	0.9260078	1.0620078	0.8472902	1.1251386	0.3718328	0.4926718	0.5454317	0.4421371	0.6762245	0.5881165	0.0484756	0.3875219	0.8316516	0.0285369	0.6138667	0.7382718	0.0451356	0.6083525	1.0763377
350	0.8433254	0.9092906	0.7097593	0.0678339	0.3959573	0.0263688	0.0226864	0.0250738	0.2878840	0.0156974	0.1479522	0.0860553	0.0051727	0.0369276	0.7441599	0.2290731	0.4258671	0.9950063	0.9726391	0.7021818	0.0295317	0.9528539	1.1000306	0.9654169	0.4908741	0.6918662	0.8089943	0.0700983	0.3066738	0.0460629	0.3375027	0.0754547	0.6687008	0.7426862	0.6195046	0.3787118	0.0263097	0.8289523	0.3678152	0.0354395	0.9941970	0.4205985	0.0957686	0.0291292	0.8198781	0.1954536	0.8999023	0.9558056	0.8849867	0.3630498	0.1275536	0.5390370	0.5718400	0.1026666	0.7147266	0.7401799	0.6375368	0.2907803	0.5243040	0.9220023	0.2657304	0.1274100	0.8295742	0.2162404	0.5292610	0.3765148	0.4267104	0.6906863	0.5964394	0.0246727	0.5065487	0.1666745	0.3083340	0.9054650	0.1782308	0.5412770	0.6810456	0.0976510	0.0987450	0.4915957	0.6686921	1.0017843	1.1370150	0.9239756	1.0538995	0.4240527	0.5336354	0.6212035	0.5438677	0.7071296	0.6371801	0.0453538	0.3766071	0.9244424	0.0181428	0.6566298	0.7494844	0.0338484	0.6926107	1.0343797
400	0.8539330	0.8839812	0.5827858	0.0998419	0.3805277	0.0394591	0.0161428	0.0225028	0.3008831	0.0268127	0.1282464	0.1031852	0.0110400	0.0444128	0.8612624	0.2793650	0.4393501	0.9693427	0.9318913	0.6838032	0.0392400	1.0824515	0.9434198	0.9967280	0.4150823	0.6972956	0.7770857	0.0666473	0.2422144	0.0438727	0.3049553	0.0741981	0.6865577	0.7369338	0.6541170	0.3522342	0.0511007	0.8959152	0.3444253	0.0075652	0.9619305	0.3914100	0.0840413	0.0340050	0.8696144	0.2029143	0.8852238	0.8610472	0.8742635	0.4017366	0.1054718	0.4545215	0.5447015	0.1324529	0.7066771	0.8443387	0.7200401	0.2936714	0.4497483	0.9803237	0.2783852	0.1730786	0.8912837	0.3071747	0.5148115	0.3662170	0.4453824	0.7224555	0.5835812	0.0360127	0.4893892	0.1343241	0.3794329	0.8885959	0.2515064	0.4815826	0.6916193	0.1035420	0.0839017	0.4928705	0.6700929	0.9427094	1.0948629	0.9258732	1.0461019	0.3870114	0.5472402	0.6570082	0.5943087	0.7538546	0.6537030	0.0586014	0.4435179	0.9311404	0.0098709	0.6024418	0.7603949	0.0214493	0.6990031	1.0250419
450	0.8342744	0.7873237	0.5833634	0.0945781	0.4133006	0.0286849	0.0549784	0.0112081	0.3264409	0.0315708	0.1175472	0.0833086	0.0108301	0.0177116	0.8767999	0.2588534	0.4823197	0.9847551	0.9191658	0.6163637	0.0639467	0.9574574	0.8973544	1.0345499	0.4073874	0.7535610	0.6967132	0.0709378	0.2195974	0.0425925	0.3349375	0.0730886	0.8007938	0.7348312	0.7235508	0.3186642	0.0789686	0.9512548	0.3043056	0.0283711	0.9532235	0.4892908	0.0708212	0.0312792	0.9776616	0.2197673	0.8362821	0.8590054	0.9165925	0.3859720	0.1057420	0.4024788	0.5677173	0.0813892	0.6968991	0.7078655	0.7745515	0.2957861	0.4196422	0.9540776	0.3298687	0.2077101	0.7852964	0.2697877	0.5053565	0.3588868	0.4547299	0.8031093	0.5519856	0.0551129	0.5688123	0.1842602	0.3334667	0.8558862	0.2469404	0.3854390	0.6562037	0.1288074	0.0954169	0.5182370	0.5870793	0.9373830	1.0967153	0.8704684	1.0222183	0.3523751	0.5001004	0.5502391	0.6367271	0.7677550	0.6384542	0.0206430	0.4163940	0.8782645	0.0254411	0.5406127	0.8409237	0.0214191	0.5874394	1.0522259
500	0.7831313	0.9877121	0.7481283	0.0869991	0.3966433	0.0473886	0.0440901	0.0259102	0.2607279	0.0082670	0.1422355	0.1035305	0.0267113	0.0095855	0.8162473	0.2393204	0.5721432	0.8916508	0.9371258	0.6977124	0.0853999	0.9894557	0.8873612	0.9730005	0.5007878	0.6920213	0.7179208	0.0611947	0.2314400	0.0342278	0.4081257	0.0658035	0.8280090	0.7331185	0.8153719	0.3714993	0.0650896	0.8851107	0.3456224	0.0446096	1.0344307	0.3956395	0.0581627	0.0335497	0.9658345	0.2858962	0.7573852	0.9114255	0.9190691	0.3369470	0.1226165	0.4377536	0.6248793	0.1191277	0.7397140	0.6652686	0.7661703	0.3368783	0.4486435	0.8944153	0.3497377	0.1953907	0.7176402	0.2358135	0.4822392	0.4273825	0.4801983	0.8105459	0.6310723	0.0591762	0.5414480	0.1844472	0.3602379	0.8727941	0.2631478	0.3314769	0.6489827	0.2581638	0.1489777	0.5496847	0.6657743	0.9249176	1.0511956	0.8495910	1.0010508	0.3469645	0.5202732	0.4252492	0.5402878	0.6979780	0.7441819	0.0268886	0.4165358	0.8601143	0.0262531	0.5276200	0.7985921	0.0265164	0.6001095	1.0031711
550	0.5760895	0.8392027	0.7807947	0.0654044	0.3825101	0.0371078	0.0433113	0.0223246	0.5040412	0.0121094	0.1237855	0.0891661	0.0118475	0.0659383	0.8248593	0.2967962	0.4380084	0.9512763	0.9150679	0.7612633	0.0775135	0.7639904	0.8781664	1.0232567	0.6364997	0.7424240	0.6740063	0.0667775	0.2590298	0.0379042	0.3884244	0.0383303	0.8574463	0.8303798	0.7550973	0.4686156	0.0666973	0.8384971	0.3401545	0.0438427	1.0433030	0.5109259	0.0686838	0.0268894	0.8891930	0.2860461	0.7440349	0.7701243	0.9380498	0.3340644	0.1514377	0.4394338	0.6936762	0.0748592	0.7542500	0.6123123	0.6761524	0.3615234	0.4424031	0.9679480	0.4626969	0.3421290	0.6499815	0.2626912	0.5048741	0.4066143	0.4604010	0.8934100	0.5713798	0.1792550	0.5654259	0.1653753	0.4641912	0.9101765	0.2570626	0.3354281	0.7668923	0.2868382	0.1832071	0.5371874	0.6382962	0.9741008	0.7046243	0.7234379	1.0398832	0.3749246	0.4960633	0.4106573	0.6309739	0.7942334	0.8178964	0.0631491	0.4286109	0.8447551	0.0305536	0.5056473	0.6021222	0.0350940	0.6241111	1.0093756
600	0.3272557	0.6472186	0.8981680	0.0645168	0.4012509	0.0124082	0.0161559	0.0212900	0.7029851	0.0102436	0.1376516	0.0993823	0.0098721	0.0952475	0.9605795	0.3319743	0.4643273	1.0504641	0.8533271	0.7817470	0.0557396	0.6431488	0.9716038	1.1849196	0.6055674	0.7697720	0.6725126	0.0944899	0.2657330	0.0296351	0.3450252	0.0452769	0.7272183	0.8167904	0.5687698	0.5036467	0.0797152	0.8405054	0.3126657	0.0404025	0.9543545	0.4122222	0.0798962	0.0152484	0.7186085	0.4129730	0.5684837	0.6555681	0.8650516	0.3619320	0.1748170	0.3854781	0.5979161	0.0415044	0.8555150	0.5838770	0.7279650	0.3789360	0.4348273	0.9577996	0.5298771	0.5011416	0.4310220	0.2093039	0.5397268	0.4783284	0.5128960	0.8863360	0.5470410	0.3010719	0.5813058	0.1882796	0.4576894	0.8215890	0.2793366	0.3398175	0.7681471	0.2447907	0.1871582	0.6115020	0.6843179	0.9138741	0.4171101	0.7574482	0.9639787	0.3277260	0.5331263	0.5413930	0.5770632	0.7717996	0.6019448	0.2117389	0.4334192	0.7534073	0.0373816	0.6474444	0.3806414	0.0556073	0.4849040	0.9920240
650	0.1635853	0.6124529	0.9390659	0.0942980	0.4179597	0.0162967	0.0303054	0.0179609	0.8528735	0.0136463	0.1576665	0.0923603	0.0078880	0.0954116	0.9243312	0.4244635	0.4280184	1.0665430	0.8556701	0.8151925	0.0415984	0.5494292	0.9216261	1.0013617	0.6594466	0.6488470	0.7978179	0.0910625	0.2177598	0.0252259	0.3905519	0.0483680	0.7241140	0.7530335	0.4188869	0.6768396	0.1160795	0.7819265	0.3047177	0.0293583	0.9658829	0.3714814	0.0789964	0.0309055	0.7952718	0.5031419	0.4323554	0.5925518	0.8235887	0.4112922	0.1411642	0.3345141	0.4919347	0.0140571	0.8789933	0.5675290	0.7279486	0.3261055	0.4408117	0.9867563	0.6037205	0.5607896	0.2834887	0.2552049	0.5362630	0.4191665	0.5408255	0.9157137	0.4828708	0.2380786	0.4785361	0.2513611	0.4284711	0.9058664	0.2852593	0.3364411	0.8757364	0.1642999	0.1852059	0.6265245	0.8020178	0.9420269	0.2573180	0.6407789	0.9104681	0.3134940	0.4727186	0.5321490	0.6260805	0.7731059	0.5481653	0.2976946	0.4254228	0.6969861	0.0505075	0.5896028	0.3870717	0.0334113	0.4406319	1.0457804
700	0.1153066	0.5755155	0.9845255	0.1057354	0.4391864	0.0080240	0.0168347	0.0222140	1.0317092	0.0101521	0.1392450	0.0871515	0.0108449	0.0672652	0.8256589	0.4809309	0.4895787	0.9500494	0.9543162	0.8347942	0.0379446	0.6041840	0.9238124	0.9985098	0.6862074	0.7425722	0.7366768	0.1026059	0.2489214	0.0444026	0.4657935	0.0422598	0.7032386	0.7366218	0.3641136	0.9141912	0.2710780	0.7115106	0.3226851	0.0261151	0.9769467	0.3727564	0.0649342	0.0400657	0.7457799	0.6966213	0.4002160	0.6735080	0.8648971	0.4108322	0.0823109	0.3278805	0.4048586	0.0128870	0.8230763	0.5273187	0.7268771	0.3513538	0.4652425	0.9794128	0.6078968	0.6252960	0.2925197	0.2771578	0.5532287	0.4941085	0.7908680	0.8479294	0.5151270	0.1529394	0.4651901	0.1306245	0.3841815	0.8464893	0.3572355	0.3408783	0.9022693	0.2011331	0.2921529	0.5891128	0.8743806	0.9290286	0.1716300	0.5202207	1.0523217	0.4118229	0.4075414	0.5693763	0.6233502	0.8038737	0.5643574	0.3161042	0.4543014	0.6289831	0.0509771	0.6780539	0.3583041	0.0280157	0.4619429	0.8633922
750	0.0755931	0.6244794	1.0638675	0.1334155	0.4382710	0.0058335	0.0403936	0.0177274	1.0302368	0.0249333	0.1492974	0.1480391	0.0046251	0.1206201	0.8702478	0.4644263	0.4970183	0.9761358	0.9750296	0.8710149	0.0540785	0.6944248	0.8945191	1.0612785	0.6903631	0.7762416	0.7711203	0.1233096	0.3242623	0.0532375	0.3882364	0.0554658	0.6342671	0.8056403	0.3288173	0.9455282	0.4344517	0.6087871	0.3527214	0.0226129	0.9424680	0.4141200	0.0685031	0.0572129	0.6707052	0.7596496	0.4837639	0.7792007	0.8020991	0.3293123	0.0693812	0.3732709	0.4288121	0.0034966	0.7518569	0.5062640	0.7558656	0.3842376	0.4538513	1.0053238	0.7783098	0.4684030	0.3192111	0.2789512	0.5429775	0.4339946	0.8792767	0.8041882	0.4181455	0.0917967	0.3613184	0.1656754	0.3102934	0.9481815	0.3031624	0.4690649	0.9612141	0.3244940	0.3509470	0.5671363	0.9113649	0.9490065	0.1366712	0.5911352	0.9368923	0.3452700	0.3149491	0.4530746	0.6366490	0.7384583	0.4701328	0.3399023	0.4853475	0.6073685	0.0686789	0.6291703	0.3989067	0.0366463	0.5108701	0.9631632
800	0.0452672	0.5885690	0.9827435	0.1421923	0.4427154	0.0057106	0.0437902	0.0176504	0.9979401	0.0106385	0.1346337	0.1321378	0.0031108	0.1109606	0.9003456	0.4644412	0.4012612	1.0120956	1.0177321	0.8623534	0.0396523	0.7283526	0.8904373	0.9345161	0.7676804	0.7279983	0.8000809	0.1162810	0.2370688	0.0391238	0.3237920	0.0632706	0.6670473	0.8170155	0.3160089	1.0588871	0.4405213	0.7455396	0.3386888	0.0264160	0.9143609	0.4941330	0.0748221	0.1062747	0.6020251	0.6259745	0.5943978	0.8424596	0.7705145	0.3013359	0.0951520	0.3414291	0.3947870	0.0010196	0.7289358	0.5211805	0.7685433	0.2681843	0.4456076	0.9406036	0.7915978	0.4520039	0.3478909	0.2499703	0.6205588	0.4951278	0.9559878	0.7362153	0.3810346	0.0764162	0.3080397	0.1894323	0.3372616	0.8286756	0.2580951	0.4639619	0.8576899	0.3689968	0.3648682	0.6366095	0.7266657	0.9579077	0.1375801	0.6922991	0.9822026	0.2825806	0.2300884	0.3712460	0.5208115	0.7879534	0.4282984	0.3077047	0.4517514	0.4687436	0.1138923	0.5786493	0.3125544	0.0393742	0.5799181	0.9544692
850	0.0274511	0.6395150	1.1524652	0.1472424	0.5238972	0.0006986	0.0354470	0.0117678	1.0081567	0.0474364	0.1225285	0.1052427	0.0057008	0.0863308	1.0442285	0.4512402	0.5144997	1.0210401	1.0455704	0.8526191	0.0777037	0.7166733	0.9444977	1.0180042	0.7602833	0.7070593	0.8332610	0.1506248	0.2074172	0.0242545	0.3883074	0.1047903	0.5872845	0.8339641	0.3227487	0.9045970	0.4141379	0.6842481	0.3735314	0.0155096	0.9270177	0.4701999	0.0685754	0.0826798	0.7287808	0.5183721	0.6317482	0.9049640	0.8174355	0.2854213	0.0713168	0.4439787	0.3840802	0.0046794	0.7846721	0.5621777	0.7562574	0.2952138	0.4512358	0.9169714	0.8011381	0.5170906	0.3217943	0.2366457	0.6024995	0.5422152	0.8839966	0.6819781	0.4640071	0.0655029	0.4207573	0.2334246	0.3835174	0.7864312	0.2072130	0.4394182	0.8088707	0.3350376	0.3182460	0.6522392	0.8430044	0.9061322	0.1294083	0.6185727	0.9620453	0.2819436	0.1973969	0.3491051	0.5412492	0.7366553	0.4561538	0.3025155	0.3926447	0.4974112	0.1127643	0.6562390	0.2698144	0.0167042	0.4901675	1.0602647
900	0.0235619	0.5884404	1.0152657	0.1676604	0.5100765	0.0007879	0.0194463	0.0065879	1.0819543	0.1233596	0.1313141	0.1132989	0.0016701	0.0842266	0.8051310	0.4865835	0.4608922	0.9773042	0.9427503	0.8259257	0.0537141	0.6601349	0.9928358	0.9785564	0.8258416	0.5969745	0.9658339	0.1363651	0.2063875	0.0212858	0.3752046	0.1116572	0.6489484	0.7536679	0.2339855	0.8081944	0.2908796	0.7099047	0.3651670	0.0118181	0.9633040	0.4793992	0.0572693	0.1173399	0.7309741	0.4803500	0.5586497	0.8971521	0.9580574	0.2679003	0.0628245	0.4186996	0.4125846	0.0060454	0.8170921	0.4946824	0.8156228	0.2465969	0.5061646	0.9065907	0.8286055	0.5895955	0.3085369	0.2934812	0.5230320	0.5405067	1.0326712	0.7272484	0.4208636	0.0384532	0.3863430	0.1980963	0.3731508	0.8350837	0.1945212	0.3508228	0.8975086	0.3402518	0.2814763	0.6906842	0.7773048	0.9363794	0.1004740	0.5473296	1.0974058	0.2977656	0.2115226	0.3080792	0.5699586	0.7301952	0.4512925	0.2900795	0.4240166	0.5352265	0.0962299	0.6127861	0.2373187	0.0255601	0.4904278	0.9095602
950	0.0184367	0.5980805	1.0241426	0.1488577	0.4633858	0.0012862	0.0350178	0.0144962	1.0706455	0.2170969	0.1304142	0.1143273	0.0008295	0.1309066	0.8374435	0.4485966	0.4632350	0.9677416	0.9538928	0.9030174	0.1053051	0.6842286	1.0321067	0.9131115	0.9065397	0.7381637	0.9316964	0.0929769	0.2004874	0.0214847	0.3628541	0.1061263	0.6341421	0.8073576	0.2231981	0.7411405	0.2357359	0.7071562	0.3773773	0.0101003	0.9810976	0.4607430	0.0456943	0.0898325	0.7818972	0.5370011	0.7196513	0.7764273	0.8677868	0.3162389	0.0669576	0.3873434	0.5338077	0.0020725	0.7496497	0.4648442	0.8605107	0.2006627	0.4378650	0.9141794	0.7813909	0.6114311	0.2917542	0.3358751	0.5998389	0.5383679	1.1089042	0.7097833	0.3936262	0.0517314	0.3587168	0.1228078	0.2994398	0.8588537	0.2265051	0.3027653	0.8704580	0.4452283	0.2594729	0.6478630	0.7641483	0.9004038	0.1312020	0.6541809	1.0734702	0.2986208	0.2496955	0.3025580	0.5091879	0.7411844	0.4902967	0.1701819	0.3571714	0.5931490	0.0707118	0.6021421	0.2530206	0.0229942	0.4646952	0.8241198
1000	0.0122921	0.6207811	1.0131925	0.1396105	0.4885749	0.0024495	0.0478857	0.0251324	1.0318895	0.2939923	0.1504109	0.1047874	0.0035301	0.1024471	0.8734018	0.4986253	0.5139907	0.9644240	0.9521580	0.7876863	0.1367475	0.7133529	1.0005664	0.9168826	0.8891321	0.6335718	0.9671656	0.1124233	0.1598981	0.0236496	0.2713622	0.1061962	0.6818276	0.8339328	0.3260720	0.8585243	0.2422953	0.7602006	0.3779591	0.0102963	0.9751328	0.4292809	0.0786345	0.0832515	0.7642128	0.4456715	0.5677813	0.7758752	0.8292329	0.3354756	0.0456722	0.4295904	0.6610503	0.0001810	0.7305682	0.3994574	0.7701016	0.2267480	0.4825039	0.8490914	0.7342068	0.5693916	0.3140683	0.2867585	0.5540723	0.4772350	1.0782009	0.7490926	0.3348792	0.0570001	0.3852662	0.1790509	0.3010427	0.8148031	0.2351051	0.2372109	0.8727683	0.3839398	0.2851389	0.6334132	0.6833063	0.9763943	0.1181311	0.5949598	0.9212452	0.3244760	0.2432014	0.3211312	0.6241707	0.6539768	0.5224234	0.1310206	0.3401260	0.6151144	0.0643161	0.5615051	0.2553220	0.0322102	0.5310412	0.8450731

0	0.0094491	0.6355617	1.0459758	0.0876986	0.4170952	0.0015965	0.0357302	0.0201856	0.7842026	0.5482911	0.1482550	0.1067167	0.0074763	0.0795139	0.9263252	0.4386615	0.5117037	1.0187251	0.9869150	0.9112762	0.0675828	0.6396705	0.9879649	0.9056811	1.0249936	0.8053086	0.8415975	0.0956169	0.2807776	0.0361236	0.3476186	0.0945586	0.7647381	0.8073502	0.2691465	0.9854445	0.2644993	0.7761342	0.3511720	0.0142404	0.9503393	0.3956488	0.0912837	0.0721673	0.8039584	0.5632487	0.5721011	0.9104100	0.8750489	0.3877912	0.0490860	0.3690556	1.0040851	0.0016799	0.7496314	0.4296180	0.7445798	0.3138374	0.4763448	0.9977159	0.8917758	0.5763065	0.2317245	0.3844034	0.5377636	0.4876338	1.0898320	0.8135737	0.5024926	0.0491368	0.3912071	0.2335426	0.3169327	0.9297559	0.3112694	0.3637340	0.9584119	0.1589398	0.2670455	0.6498318	0.7931145	1.0351174	0.1402507	0.6535788	1.0095359	0.4184859	0.2245238	0.5131035	0.6073464	0.7854143	0.4606182	0.1309775	0.4648780	0.5528648	0.0723851	0.5781484	0.2784400	0.0363961	0.5378107	0.9932421
50	0.0109921	0.7401619	0.9061922	0.0935660	0.4092806	0.1304741	0.3683975	0.0533740	0.6682120	0.4500544	0.2440803	0.1965958	0.0150931	0.1345155	0.8389925	0.4529481	0.4099045	0.9962619	0.8810702	0.8140473	0.2637034	0.5596492	0.9069636	0.9987677	0.6792673	0.6182301	0.9560467	0.0931618	0.2350143	0.0361586	0.3888290	0.0477247	0.6725141	0.8041826	0.3080346	0.8191350	0.1500229	0.7346414	0.3464838	0.0073335	1.0342382	0.4343927	0.0931961	0.0728133	0.8416365	0.4324171	0.6623170	0.9017884	0.8259153	0.3633546	0.0729931	0.2618974	0.8711366	0.0006438	0.7153102	0.4695553	0.7208695	0.3045391	0.3882752	1.0417894	0.8398163	0.5315077	0.3862367	0.2729035	0.5464939	0.4803275	0.9830977	0.8315679	0.4794854	0.0129423	0.3383438	0.2258848	0.2810072	0.7702154	0.2537515	0.4518108	0.9195367	0.2487133	0.1968114	0.6595805	0.6953809	1.0501994	0.2657250	0.6112508	0.9136504	0.5008420	0.2830827	0.5434339	0.4521667	0.7852023	0.5324927	0.1871351	0.4284251	0.5919031	0.0777862	0.5434733	0.2772139	0.1204249	0.5799205	0.9180012
100	0.0051140	0.8375955	0.9395889	0.0683008	0.2411700	0.2572023	0.5631637	0.0762799	0.5594737	0.4011839	0.3377569	0.3137693	0.0720924	0.1494561	0.5660712	0.4183454	0.4557815	0.9480321	0.8884418	0.9019076	0.4030449	0.7358191	0.8958115	1.0118527	0.4335948	0.5935471	0.9803852	0.1102638	0.2131823	0.0421654	0.3993307	0.0321300	0.6918994	0.8244620	0.2991910	0.7619692	0.1488525	0.7688700	0.2904904	0.0088596	0.9799293	0.4052310	0.0709921	0.0602442	0.8722308	0.3469208	0.7587430	0.9296210	0.8208423	0.3742637	0.0508741	0.1922534	0.9659208	0.0007344	0.6946795	0.5656774	0.7133808	0.3136649	0.5336143	0.9366362	0.8274483	0.5169268	0.5386031	0.3147353	0.4974896	0.2600655	0.9325240	0.7813138	0.5019833	0.0006609	0.4080389	0.2670914	0.2887857	0.7575128	0.2362291	0.3935272	0.9134839	0.1674847	0.2000091	0.6334783	0.7424118	1.0433037	0.4052951	0.6481895	0.9479089	0.5502346	0.3261269	0.4852000	0.6983027	0.6943969	0.4968272	0.1071491	0.4625291	0.5771658	0.0374350	0.5725677	0.4288825	0.1406962	0.4934190	0.9480717
150	0.0118819	0.8117627	0.9635735	0.0778286	0.1187731	0.4312585	0.6055738	0.1176302	0.5482724	0.4432466	0.4335946	0.2835999	0.1191270	0.1723573	0.4181373	0.4602711	0.4182240	1.0949891	1.0101846	0.8875422	0.4810743	0.8498988	0.9637625	1.0698485	0.2911694	0.6674322	0.9900903	0.0852783	0.1951356	0.0240438	0.4236764	0.0240271	0.7260735	0.7355255	0.3023052	0.7702247	0.1153784	0.8082859	0.2199082	0.0178585	1.0485961	0.4943626	0.0887752	0.0489755	0.7805144	0.3454210	0.7987934	0.9572800	0.8796055	0.3961296	0.0453200	0.1541571	0.8910703	0.0020666	0.6876186	0.5861461	0.8133624	0.3765110	0.6578634	0.9873776	0.8434482	0.5245257	0.6447762	0.2639903	0.5064237	0.1162882	0.8870622	0.7736434	0.4922369	0.0069919	0.3154649	0.2682116	0.3251796	0.7283041	0.1846852	0.4757493	0.9166756	0.1564680	0.1839336	0.5898030	0.7364407	1.0253438	0.5269001	0.5937017	0.9756689	0.6343682	0.4054371	0.6071147	0.6974423	0.5591280	0.4754969	0.1322185	0.4297712	0.6868606	0.0398794	0.5660143	0.3798174	0.1541775	0.4831371	0.9877792
200	0.0231745	0.8473033	0.9734985	0.0503311	0.0662885	0.4835010	0.6143695	0.1323356	0.4870708	0.4533523	0.3982050	0.3530040	0.2540618	0.3185340	0.3197265	0.4202348	0.4180089	1.0509150	0.8786031	0.7948774	0.4471816	0.9273327	0.9083123	1.0009627	0.2736910	0.7359082	0.9475425	0.1144052	0.2105835	0.0155208	0.3751482	0.0264166	0.6461573	0.6865426	0.3855609	0.6804643	0.1106865	0.8241083	0.2102909	0.0159488	1.0328860	0.5159065	0.0586884	0.0390907	0.8604861	0.3611999	0.7571082	0.9160660	0.9336174	0.4007528	0.0802612	0.1659754	0.9387475	0.0004885	0.7140860	0.6102507	0.8041405	0.3460000	0.7421223	0.9235286	0.6944089	0.6059869	0.6937578	0.1991258	0.5143684	0.0388968	0.7763190	0.6989850	0.5354654	0.0254504	0.2485772	0.2601063	0.3716887	0.7496063	0.2068810	0.5455684	0.8733612	0.1811532	0.1830082	0.5553223	0.7758867	0.9385890	0.6458632	0.7685304	0.9776278	0.8194999	0.4713598	0.6310040	0.7520818	0.5732816	0.4848284	0.1571704	0.3114877	0.8951486	0.0208653	0.6075215	0.3973112	0.2513471	0.4730293	0.9946577
250	0.0081996	0.9061086	0.9473680	0.0482768	0.0256533	0.5021593	0.7127493	0.0919452	0.4943205	0.4527219	0.3376991	0.4298288	0.2480998	0.4372626	0.3383784	0.4327463	0.4476527	0.9318800	0.8281902	0.7544429	0.4802020	0.8582160	1.0287180	1.0161332	0.2606379	0.8396749	0.9307551	0.0892517	0.2026837	0.0227853	0.3956643	0.0101565	0.6051379	0.7368281	0.4082003	0.7202683	0.1219042	0.8314660	0.2115486	0.0219071	1.0740779	0.5007856	0.0731105	0.0647751	0.9308313	0.3004859	0.6916330	0.8921152	0.9889505	0.3777910	0.0819747	0.1791559	0.8714911	0.0038146	0.7400095	0.6274618	0.7171695	0.3296104	0.6670313	0.8574540	0.6400754	0.5517059	0.7652479	0.2880315	0.4476638	0.0690605	0.7378960	0.6646160	0.4220372	0.0635083	0.2816418	0.2266301	0.4453445	0.7856258	0.1886215	0.3775346	0.8394930	0.3786845	0.2090826	0.5423438	0.6811709	0.9409194	0.6713311	0.6357544	0.9559717	0.8042316	0.4798506	0.7270931	0.8930589	0.5186514	0.6123766	0.1665282	0.3237124	0.9842596	0.0180210	0.6174925	0.3794086	0.2324691	0.4348413	0.9377916
300	0.0103164	0.9585247	0.9779946	0.0448358	0.0163494	0.5319781	0.6450851	0.1361985	0.5092538	0.5296988	0.3841194	0.3817310	0.2712951	0.5096935	0.3293405	0.4410520	0.4847067	0.9587680	0.7258150	0.8845512	0.5760370	0.8150108	0.9957508	0.9205807	0.2849775	0.8775875	0.9985014	0.0820801	0.2098458	0.0290214	0.4011205	0.0042249	0.5952842	0.7940912	0.4272014	0.6328567	0.1482396	0.8435086	0.2201157	0.0140591	1.0583285	0.4269180	0.0786737	0.0754781	0.9910046	0.3521081	0.7408009	0.8086157	0.9351152	0.3917682	0.0745440	0.1610523	0.8398862	0.0022625	0.7847614	0.6455477	0.6606974	0.3647844	0.8182202	0.9273795	0.6551110	0.5544525	0.7508271	0.2543881	0.4541946	0.1502682	0.7803547	0.7782093	0.4633978	0.0485875	0.2539975	0.2051182	0.5063170	0.7754646	0.1554076	0.4465755	0.7965385	0.3198980	0.1560167	0.5197885	0.7293135	0.9111035	0.6494258	0.6367398	0.9260740	0.7990616	0.4413050	0.7665155	0.7918121	0.5300036	0.6516430	0.2523121	0.2964100	0.9819329	0.0074880	0.6124465	0.3321902	0.1920224	0.4723169	0.9782000
350	0.0042191	0.9121622	1.0090902	0.0497339	0.0194998	0.5936836	0.7219038	0.1235865	0.5185085	0.4740809	0.3752894	0.4038068	0.3495003	0.4967163	0.2886343	0.4507877	0.4851683	0.9980164	0.8031498	0.9579054	0.5987566	0.8132537	0.9184541	0.9382150	0.2635185	0.8681601	0.9398924	0.0836721	0.1573558	0.0109823	0.3296445	0.0048135	0.5994423	0.7929102	0.4436831	0.6639265	0.1397672	0.8302308	0.2055715	0.0307159	0.9236529	0.4382916	0.0626034	0.0685098	0.8705207	0.3254252	0.8627068	0.8346938	0.8079218	0.3670904	0.0993727	0.1540036	0.8679257	0.0043961	0.8359938	0.6029142	0.7337350	0.3471369	0.7154960	0.9665211	0.6753302	0.5432362	0.8485020	0.2642795	0.4907590	0.2303267	0.8697967	0.9024374	0.5559037	0.0723098	0.2809248	0.2404740	0.4922237	0.7161735	0.1967416	0.4656703	0.8963926	0.2067139	0.1789695	0.5228895	0.6631625	0.9104914	0.6574261	0.6867387	0.8601862	0.6971767	0.4817987	0.6992468	0.8250765	0.5051580	0.6422310	0.2264980	0.3557779	0.9298693	0.0152039	0.6288188	0.3282622	0.2100233	0.4123605	0.9374483
400	0.0095107	0.9768604	0.9274220	0.0193634	0.0136337	0.6475955	0.7452923	0.1265607	0.5384215	0.4355732	0.3629970	0.3812276	0.4447297	0.4770594	0.3252646	0.4555789	0.3743477	1.0141688	0.8305149	0.8931202	0.6204494	0.8389983	0.9288661	0.9684021	0.2015097	0.8323605	0.9627866	0.0601688	0.1508547	0.0152701	0.3618601	0.0036193	0.5736917	0.7058291	0.4306984	0.6266477	0.1456289	0.8430298	0.1703916	0.0198506	1.0048568	0.3616475	0.0609627	0.0355600	0.9106066	0.3792750	0.7974423	0.8462668	0.8591553	0.3556521	0.0868935	0.1921026	0.9186565	0.0004210	0.8925720	0.6254556	0.7073680	0.3717480	0.7116811	0.8942237	0.5769606	0.5601111	0.8628451	0.2258679	0.3895299	0.2275945	0.9319298	0.8814181	0.4761629	0.0638039	0.2519628	0.2049259	0.5327782	0.6875826	0.1619856	0.4421290	0.9210672	0.2591733	0.1917755	0.5618247	0.7669487	0.8487490	0.6564367	0.6154171	0.9270693	0.7155451	0.4781361	0.7689798	0.8338192	0.4599203	0.5799309	0.2681910	0.3140980	0.9563012	0.0089999	0.5606655	0.3153542	0.2451689	0.3987543	1.0376397
450	0.0159360	1.0012638	0.8879636	0.0272907	0.0083407	0.5835713	0.6961851	0.1392209	0.5153468	0.4243621	0.3756851	0.4380404	0.4271961	0.5254120	0.2967666	0.4712396	0.3945128	0.9914585	0.8248140	0.8931955	0.5640617	0.7638335	0.9297696	1.0740834	0.2154729	0.8307935	0.9029114	0.0604582	0.1433859	0.0111458	0.2823865	0.0090118	0.6342095	0.7360663	0.4454286	0.6977591	0.1404186	0.8034924	0.1938262	0.0135706	0.9990450	0.4065475	0.0576968	0.0352524	0.9367591	0.2920146	0.8175983	0.8836037	0.8810586	0.3846315	0.1302941	0.1794840	0.8832329	0.0004998	0.8178548	0.5491402	0.6517910	0.3352859	0.7893642	0.9949122	0.5559302	0.5447499	0.7421596	0.2102128	0.4675706	0.2064033	0.9055473	0.9026484	0.4295344	0.0893909	0.2193316	0.2399599	0.4981214	0.7589003	0.1235123	0.4311084	0.9238144	0.3356037	0.1740985	0.5735892	0.6812362	0.9145579	0.6087504	0.6207439	0.9350210	0.7576959	0.4748669	0.7887681	0.9153802	0.4566329	0.7100925	0.2279503	0.3045682	1.0161878	0.0211830	0.5258347	0.3699721	0.2708743	0.3990371	0.9855409
500	0.0226336	0.8798294	0.9700495	0.0264290	0.0044438	0.5692285	0.7777936	0.1368113	0.5248403	0.4393887	0.3828489	0.4088884	0.3436705	0.4991260	0.3354172	0.4653286	0.3908867	0.9681732	0.7879964	0.8447814	0.5205198	0.7886523	1.0101454	1.0263679	0.1853781	0.8573298	0.9477937	0.0912839	0.2278988	0.0228458	0.3139296	0.0027541	0.6375889	0.6783467	0.4005424	0.6868420	0.0803262	0.7620231	0.2040037	0.0192323	1.0346339	0.4173858	0.0604503	0.0315602	0.8890479	0.3322672	0.7537983	0.8130171	0.8411110	0.3577679	0.1312462	0.1415478	0.9430884	0.0102551	0.8352503	0.4776046	0.6759065	0.3032184	0.7878881	1.0084628	0.5260699	0.5799907	0.6912626	0.2202375	0.4688554	0.2257226	0.8331195	0.8613573	0.3703500	0.0874796	0.2610519	0.2080935	0.5058727	0.6900962	0.1352960	0.3926379	0.9073875	0.2932558	0.1459938	0.5664472	0.6584841	0.8299639	0.5869689	0.6694823	0.9520051	0.7120466	0.4863051	0.8083932	0.9494573	0.4893664	0.6622747	0.2003051	0.3338549	1.0098510	0.0120852	0.5673625	0.3487627	0.2572282	0.3465889	1.0062651
550	0.0213810	0.8610447	0.9697172	0.0326821	0.0034448	0.4131414	0.4874438	0.0816082	0.6128303	0.3519036	0.2601658	0.2807502	0.3593139	0.4980461	0.4770275	0.5159003	0.4704733	0.8865319	0.8545138	0.8755159	0.3088142	0.8117428	0.9894791	0.9893111	0.4050833	0.9059071	0.9075009	0.0964043	0.1878878	0.0240429	0.3110689	0.0346638	0.6501307	0.6844849	0.4434183	0.7089788	0.1143914	0.7418786	0.3116313	0.0239962	0.9570769	0.4262256	0.0833937	0.0202131	0.8947354	0.3439400	0.6031877	0.8221545	0.8572042	0.4049095	0.1382512	0.2571274	0.8076514	0.0069148	0.7999452	0.5783147	0.7221665	0.3240483	0.6932731	1.0506988	0.4862067	0.5813555	0.6720838	0.2239910	0.4599160	0.2226215	0.6615903	0.8332834	0.3946694	0.2855761	0.2725893	0.2874898	0.4911599	0.8070430	0.1740626	0.3818972	0.8630934	0.2440284	0.1335719	0.5230065	0.6422480	1.0170171	0.4081632	0.5882420	0.9174379	0.6488336	0.5606533	0.8511135	0.8650024	0.4911671	0.6203111	0.2113027	0.3119669	1.0070779	0.0210689	0.5545512	0.3386630	0.1557118	0.4792550	1.0435847
600	0.0224776	0.7239549	0.9305178	0.0472622	0.0295137	0.2189177	0.1770984	0.0615607	0.7499460	0.3755270	0.1734589	0.1543187	0.2737056	0.3474884	0.5977691	0.5369916	0.5280521	0.9003373	0.9979130	0.8671831	0.1636289	0.6596862	1.0935827	1.0622034	0.6433609	0.9585143	0.7710217	0.0751751	0.1889666	0.0286524	0.3281220	0.0736841	0.7147260	0.7340720	0.4508072	0.7429673	0.1157713	0.8048591	0.3349861	0.0278367	0.9661213	0.4144979	0.0740523	0.0306358	0.8307715	0.4207694	0.5554195	0.7359673	0.8111100	0.3914182	0.1336112	0.3319279	0.6756970	0.0020409	0.7594171	0.5942814	0.6681838	0.4018847	0.5835041	1.0626972	0.3195999	0.5800691	0.5662328	0.2415567	0.5549088	0.1817771	0.7767586	0.8223521	0.4304323	0.4187178	0.2999558	0.3012466	0.4907893	0.8775751	0.1977010	0.3035845	0.8596018	0.2676933	0.1461262	0.5840901	0.7063712	0.8776879	0.2761816	0.5819473	1.0204314	0.5871175	0.4991224	0.7294614	0.8036661	0.5275417	0.6084936	0.2594156	0.3056240	0.8649418	0.0301570	0.5282934	0.2848494	0.1255053	0.4483704	1.0097856
650	0.0090117	0.6768373	0.9718897	0.0817765	0.0544413	0.1020330	0.0734658	0.0373730	0.8306682	0.3697698	0.1123716	0.1197103	0.1993919	0.2259858	0.8021991	0.4427255	0.4571957	0.9098576	0.9971804	0.8179227	0.0931217	0.6232079	1.0223975	0.9973303	0.6811686	0.9575419	0.6946557	0.0678808	0.1676331	0.0194009	0.3995648	0.0831587	0.7028744	0.7682581	0.3223947	0.7249445	0.2140080	0.8214335	0.3550719	0.0210426	1.0060829	0.4127891	0.0774956	0.0416349	0.7785154	0.5246741	0.5393915	0.8025948	0.8714650	0.3760995	0.1132059	0.3952136	0.5611763	0.0003238	0.8363056	0.5526206	0.7606282	0.3237879	0.5580246	0.9765914	0.2951768	0.5926650	0.3328571	0.2438362	0.5518697	0.2154009	0.7977160	0.7749426	0.3995052	0.4999993	0.3308850	0.2796105	0.4985806	0.8637920	0.3092503	0.1902640	0.9424095	0.2037718	0.1798462	0.5749933	0.7891067	1.0188771	0.1648816	0.6457052	0.9971327	0.5316749	0.4656034	0.7407547	0.6520863	0.6599300	0.5335911	0.2810412	0.2990614	0.8013851	0.0456913	0.5667471	0.2343903	0.0493539	0.5084053	0.9870409
700	0.0148665	0.7000384	0.9916396	0.0466531	0.1387368	0.0532879	0.0328280	0.0243822	0.7899970	0.3580548	0.1068254	0.1038534	0.0665849	0.1211104	0.8717603	0.4451348	0.4655389	0.9318696	0.9531465	0.9040373	0.0545529	0.6397645	0.9337835	1.0238377	0.7784326	0.9074171	0.7064976	0.0568415	0.2130384	0.0206797	0.4446324	0.0937052	0.6706315	0.7528260	0.2797270	0.7968238	0.2581604	0.8125736	0.2915171	0.0203784	0.9866548	0.4183974	0.0457559	0.0551771	0.8849647	0.5949979	0.5172958	0.7421241	0.8612947	0.2894647	0.0925160	0.3518501	0.6328391	0.0015062	0.8117561	0.6077467	0.8164435	0.3406953	0.4621106	0.9918197	0.2797681	0.5670567	0.2527593	0.2263237	0.5637372	0.3290015	0.9643110	0.7762918	0.3653363	0.4618466	0.3060047	0.2592988	0.4962322	0.7990403	0.2979396	0.2955834	0.9373549	0.3040937	0.2449089	0.6668246	0.7230828	0.9235084	0.1202708	0.6248422	1.0849381	0.4102876	0.5075920	0.7418331	0.6060511	0.7308448	0.5830223	0.2410289	0.3456302	0.7709044	0.0647843	0.5841043	0.1955404	0.0210004	0.5161508	1.0037937
750	0.0211200	0.6340708	1.0788342	0.0536749	0.2812174	0.0194158	0.0386297	0.0114473	0.8205733	0.3612394	0.0849510	0.1104996	0.0168735	0.1300839	0.9112466	0.4181827	0.4749205	1.0489043	0.8429702	0.9212278	0.0627335	0.6514045	0.9615147	0.9921949	0.8318539	0.8310885	0.7280695	0.0736468	0.1822417	0.0433353	0.3995421	0.0579979	0.7451974	0.9126434	0.2927790	0.7639900	0.3742846	0.7928710	0.3924985	0.0217695	0.9838400	0.3895973	0.0759521	0.0652557	0.8030506	0.6092502	0.5010133	0.7757210	0.8223393	0.2982784	0.0724787	0.3385940	0.7617978	0.0017926	0.8289640	0.5835923	0.7514142	0.3457082	0.5319538	1.0276933	0.3007168	0.6206072	0.1237072	0.2255879	0.4837541	0.4029740	0.9844438	0.8855252	0.4119673	0.3079567	0.3277896	0.2518111	0.4007701	0.8423257	0.3477449	0.3893999	0.9063824	0.5107457	0.2314578	0.6832907	0.7754962	1.1029848	0.0978878	0.6232548	1.0789372	0.4025393	0.4799661	0.7603820	0.5962457	0.8101827	0.5611898	0.2945889	0.3887750	0.5800942	0.0853628	0.6307350	0.2099876	0.0160090	0.5170903	0.9906389
800	0.0183597	0.6874792	0.9932458	0.0753784	0.3847818	0.0059787	0.0202684	0.0103771	0.8380670	0.3268823	0.0958194	0.1029079	0.0128049	0.1232584	0.8414800	0.3239892	0.4163486	1.0354103	0.9246351	0.8885646	0.0663837	0.6935486	1.0561389	1.0239038	0.7427676	0.6311557	0.7259675	0.0859811	0.1874725	0.0380724	0.4267444	0.0586078	0.6371387	0.9206406	0.3139434	0.8663240	0.3261616	0.7255202	0.3721246	0.0235765	0.9266405	0.4117388	0.0753595	0.0616262	0.7273094	0.6208206	0.4819052	0.7370722	0.8566371	0.2870385	0.1028798	0.3295511	0.9042341	0.0139890	0.7852132	0.5817581	0.7433936	0.3424511	0.4824554	1.0153989	0.3972461	0.6346629	0.0713365	0.2524150	0.5185796	0.4366346	1.0230152	0.7528119	0.3799517	0.1132922	0.4005434	0.2739086	0.3554993	0.8156558	0.3100233	0.3244072	0.9035465	0.3899131	0.2798289	0.7007070	0.7381912	0.9798473	0.1012408	0.5994835	1.0688820	0.3431644	0.4434724	0.7586450	0.5448900	0.8555528	0.5176718	0.2851560	0.3518069	0.5711309	0.0810336	0.5450168	0.2564473	0.0277073	0.5246441	0.9081106
850	0.0135811	0.5827937	0.9774250	0.1194316	0.3907884	0.0014994	0.0312258	0.0107702	0.8252977	0.3485162	0.1222721	0.1122657	0.0045702	0.0847376	0.8527074	0.3156418	0.3936288	0.9869736	0.9141256	0.9067808	0.0481776	0.6626382	0.9621782	0.9663792	0.7256610	0.6759367	0.7861518	0.1141470	0.1854203	0.0511686	0.4324196	0.0439667	0.6965893	0.8427520	0.2805545	1.0018869	0.3869180	0.6324972	0.4441051	0.0100442	0.8749457	0.4865107	0.0733932	0.0744268	0.6435370	0.5884533	0.5366717	0.7426216	0.8549950	0.2801959	0.0677578	0.2821626	0.8951122	0.0031352	0.7285214	0.5289737	0.7854365	0.3212842	0.4805332	1.0363164	0.5653664	0.5600848	0.1179590	0.2214114	0.4934446	0.4395065	0.9516022	0.7592681	0.4406422	0.0922897	0.3734790	0.2032457	0.3347147	0.8464309	0.3063098	0.3903616	1.0072342	0.2965437	0.3094973	0.7080546	0.7984682	1.0194909	0.1106588	0.6422983	1.0182030	0.3723763	0.3987373	0.7032340	0.5261390	0.8414599	0.4488240	0.2598110	0.4140505	0.5577592	0.0812671	0.6274688	0.3038403	0.0258041	0.5538940	0.9766579
900	0.0212510	0.5969822	0.9747525	0.1541232	0.4175561	0.0005478	0.0331379	0.0185126	0.8926802	0.3711208	0.1503542	0.1138252	0.0088293	0.0943827	0.8947495	0.3733964	0.4474536	0.9717418	0.9660196	0.9551263	0.0411012	0.6017413	0.9859981	0.9996196	0.8099319	0.6143822	0.9055273	0.0800074	0.2258089	0.0386235	0.4427806	0.0749844	0.5889199	0.7898332	0.2993689	0.9920954	0.3662201	0.6560634	0.4214951	0.0214985	0.9728214	0.4434375	0.0698700	0.0845575	0.6662210	0.5338866	0.6748452	0.9957740	0.8126749	0.2711263	0.0766522	0.2960944	0.9295313	0.0004579	0.7172553	0.5756563	0.8126953	0.3315488	0.4879397	1.0104972	0.6335395	0.5590511	0.1519717	0.2453759	0.4919257	0.4946713	1.0405877	0.7362068	0.3987078	0.0848737	0.3749741	0.1915435	0.3079882	0.8473412	0.2790249	0.3792027	0.9597573	0.2915911	0.2939137	0.7441323	0.7661726	0.9832837	0.1039440	0.7026516	1.0242687	0.4137879	0.2813159	0.5893456	0.5004875	0.7730839	0.4175795	0.2346116	0.4117591	0.5795964	0.1068213	0.6261444	0.2588258	0.0210777	0.5901471	0.9365541
950	0.0170920	0.5952618	1.0547846	0.1780042	0.4539618	0.0011839	0.0551604	0.0268011	0.8305899	0.4107851	0.1434014	0.1042953	0.0038054	0.1254194	0.9217609	0.4417944	0.4706699	0.9190996	0.9179708	0.9552677	0.0518472	0.5857486	0.9960796	1.0612331	0.8664235	0.7408834	0.8474021	0.0602086	0.1846953	0.0444955	0.3259168	0.0985545	0.5616500	0.7956155	0.2630985	0.9160677	0.3181348	0.6162821	0.4668144	0.0190874	0.9999947	0.5045724	0.0614474	0.0596660	0.6791971	0.4470174	0.6815507	0.8958006	0.8556533	0.3463439	0.0835123	0.2643003	1.0782630	0.0024633	0.7357386	0.5022926	0.8827739	0.3183606	0.3719279	0.9683910	0.6910647	0.5048467	0.2517841	0.3160782	0.4887918	0.5321598	0.9598018	0.7011294	0.4472076	0.0664452	0.3715796	0.2228392	0.2875211	0.8724756	0.2495716	0.2542658	0.9588428	0.4099368	0.2543035	0.6999958	0.7972914	1.0569378	0.0880938	0.6644109	0.9322932	0.4032749	0.2526331	0.6281822	0.5217424	0.7391093	0.3860934	0.2520497	0.3483438	0.5547513	0.1184839	0.5780157	0.2672205	0.0287570	0.4672581	0.9249542
1000	0.0214160	0.6330654	1.0011626	0.1378662	0.4445189	0.0009665	0.0445314	0.0224303	0.8242598	0.3753880	0.1381107	0.1195063	0.0044322	0.1033838	0.9127457	0.4597482	0.5533210	0.8922672	0.9525955	0.9292998	0.0570879	0.6003347	1.1245174	1.0129923	0.9337822	0.6866564	0.8717846	0.0952019	0.2382783	0.0273645	0.3813090	0.0826791	0.5844998	0.7054826	0.2084628	0.8962809	0.1625929	0.5970532	0.4922200	0.0162863	1.0368129	0.4637503	0.1063339	0.0871659	0.7280775	0.4047800	0.6512922	0.7808605	0.7839790	0.4138594	0.0952979	0.3236400	0.9232520	0.0060217	0.7707350	0.4626286	0.7236126	0.2752141	0.4722897	0.9836670	0.6230337	0.4857405	0.3129275	0.3229771	0.4743374	0.5001894	1.0603908	0.7713056	0.4532705	0.0744888	0.3557095	0.2405063	0.2918368	0.8607466	0.2109863	0.3045490	0.8556912	0.3061318	0.2567308	0.7151257	0.8040038	0.8611631	0.0846143	0.6051740	0.9748664	0.4094401	0.2461726	0.5480857	0.5347845	0.6712390	0.4357793	0.2030141	0.4079849	0.5793412	0.1072660	0.5875838	0.2876151	0.0256060	0.4435776	0.8766273

0	0.0094491	0.6355617	1.0459758	0.0876986	0.4170952	0.0015965	0.0357302	0.0201856	0.7842026	0.5482911	0.1482550	0.1067167	0.0074763	0.0795139	0.9263252	0.4386615	0.5117037	1.0187251	0.9869150	0.9112762	0.0675828	0.6396705	0.9879649	0.9056811	1.0249936	0.8053086	0.8415975	0.0956169	0.2807776	0.0361236	0.3476186	0.0945586	0.7647381	0.8073502	0.2691465	0.9854445	0.2644993	0.7761342	0.3511720	0.0142404	0.9503393	0.3956488	0.0912837	0.0721673	0.8039584	0.5632487	0.5721011	0.9104100	0.8750489	0.3877912	0.0490860	0.3690556	1.0040851	0.0016799	0.7496314	0.4296180	0.7445798	0.3138374	0.4763448	0.9977159	0.8917758	0.5763065	0.2317245	0.3844034	0.5377636	0.4876338	1.0898320	0.8135737	0.5024926	0.0491368	0.3912071	0.2335426	0.3169327	0.9297559	0.3112694	0.3637340	0.9584119	0.1589398	0.2670455	0.6498318	0.7931145	1.0351174	0.1402507	0.6535788	1.0095359	0.4184859	0.2245238	0.5131035	0.6073464	0.7854143	0.4606182	0.1309775	0.4648780	0.5528648	0.0723851	0.5781484	0.2784400	0.0363961	0.5378107	0.9932421
50	0.0067593	0.6677147	0.7811834	0.1060135	0.4550550	0.0003954	0.0522172	0.0239885	0.7352813	0.7161929	0.1101890	0.0767267	0.0023815	0.1114578	0.8225439	0.3151224	0.4198990	0.9734092	0.9256562	0.8240277	0.3042134	0.6539887	0.9287168	1.0352456	0.9783366	0.7240802	0.8952615	0.2080074	0.2392712	0.0053582	0.3700326	0.0539320	0.6641771	0.6947649	0.2400588	0.7951581	0.1973209	0.6822413	0.3387122	0.0148937	0.8687923	0.3401631	0.0950185	0.0382596	0.8360159	0.3939862	0.7096460	0.9547994	0.8799041	0.2846344	0.0869738	0.3387845	0.9516114	0.0050815	0.7907895	0.4825712	0.7159058	0.2727888	0.4864366	0.7963577	0.7395177	0.4088593	0.2519083	0.2339281	0.6144232	0.4886916	0.9350517	0.6919905	0.4141787	0.0383196	0.4461717	0.2369416	0.2957674	0.8045356	0.4677499	0.3206511	0.9153284	0.2047413	0.2740262	0.5890891	0.5572911	1.0940407	0.2700244	0.6084155	0.9159606	0.3287834	0.3270164	0.4599907	0.5229092	0.7894410	0.4534645	0.0618215	0.4500230	0.5755432	0.1097576	0.6552336	0.2756786	0.0243630	0.5937493	1.0584924
100	0.0188098	0.6297276	0.5898869	0.0913052	0.4196004	0.0002410	0.0265421	0.0264220	0.6188942	0.9095245	0.1054101	0.0559037	0.0008153	0.0897203	0.8679878	0.2573348	0.4306345	1.0012149	0.8873267	0.7986980	0.4985755	0.6528216	0.8991905	0.9748577	0.9219660	0.7704592	0.9246049	0.2357883	0.1491078	0.0287474	0.3225339	0.0564023	0.7281452	0.7613744	0.2024149	0.7702114	0.1284722	0.7930964	0.1942138	0.0140328	0.8461163	0.2964743	0.0777165	0.0372500	0.8796736	0.3897403	0.6576484	0.8289559	0.8436417	0.3094881	0.1092108	0.3331148	0.9808045	0.0001375	0.7718995	0.5319490	0.7310769	0.2333512	0.4686015	0.5337922	0.7966400	0.2111988	0.2262008	0.2632258	0.6725119	0.5691113	0.9893670	0.7002804	0.3430598	0.0468159	0.6364080	0.2382318	0.2932743	0.8456556	0.5196305	0.3076504	0.8954831	0.2179541	0.2289425	0.6381246	0.4377874	1.0182297	0.3987235	0.5492331	0.8768939	0.4006869	0.5766014	0.4552654	0.5840278	0.8544381	0.5546862	0.0532392	0.4562565	0.6958429	0.1301756	0.5705695	0.2411645	0.0226749	0.5707332	0.9302359
150	0.0228635	0.5876408	0.4514644	0.0773132	0.4349917	0.0003119	0.0321829	0.0223092	0.4897277	1.0399512	0.1062522	0.0476738	0.0088918	0.1431829	0.8873288	0.2789004	0.4770702	1.0019066	0.8574428	0.8173149	0.5861172	0.5789808	0.9259469	0.9381525	1.0115176	0.6430713	0.9245725	0.3671137	0.1694526	0.0301369	0.3290648	0.0346487	0.5899915	0.7207700	0.2048314	0.8142546	0.1564095	0.7821431	0.0975833	0.0188001	0.8292450	0.3125015	0.1080968	0.0164163	0.8556017	0.4452197	0.6185454	0.8178071	0.8158892	0.3749698	0.0731029	0.2876779	0.9657824	0.0010134	0.7775817	0.5178271	0.7500451	0.2891563	0.5103489	0.4753044	0.8532917	0.0938048	0.1638356	0.2716335	0.7163132	0.5514344	1.0249355	0.6866319	0.3775729	0.0515360	0.7082896	0.1985186	0.3011789	0.8517542	0.5781596	0.2528413	0.8619722	0.1789884	0.1855338	0.4943720	0.4053977	0.9888887	0.5104034	0.5176956	0.7959808	0.4155753	0.7334083	0.4526337	0.5208958	0.8681508	0.5191894	0.0432796	0.4804372	0.7217572	0.1416899	0.5245483	0.2319312	0.0316337	0.5246190	0.8941102
200	0.0221432	0.4961088	0.4642870	0.0802894	0.3917286	0.0011251	0.0484747	0.0258859	0.4172131	0.9387809	0.0967320	0.0748136	0.0025640	0.1261432	0.8749447	0.2871583	0.5275850	0.9349442	0.8222877	0.7761072	0.6053922	0.6059257	0.9533308	0.7779327	0.9651111	0.6727790	0.9798783	0.3989593	0.2281105	0.0689498	0.3177827	0.0426707	0.6265216	0.7895471	0.1936544	0.8209188	0.2055610	0.8288551	0.0511681	0.0154233	0.7705000	0.2409181	0.1049120	0.0024298	0.8063893	0.4360381	0.6718122	0.7772893	0.8085586	0.2988834	0.0409138	0.2414574	0.9782911	0.0019592	0.7501385	0.5441725	0.6214737	0.2730736	0.5638737	0.4436077	0.8938477	0.0746982	0.2144981	0.2554427	0.6587973	0.5362430	0.9440693	0.7330269	0.4849081	0.0416032	0.9099313	0.1533777	0.2304972	0.9584999	0.6245785	0.2488111	0.8639615	0.0882550	0.2079702	0.4937870	0.4201719	0.9845556	0.4587985	0.5166101	0.7037471	0.3903309	0.7687686	0.4719335	0.5808431	0.8153570	0.4163677	0.0325928	0.4155435	0.7682414	0.1576932	0.5029370	0.2327671	0.0351299	0.4989995	0.9739010
250	0.0271903	0.4337027	0.4894547	0.0988376	0.4172992	0.0006207	0.0249569	0.0210516	0.3955430	0.9552780	0.1170350	0.0466432	0.0038825	0.0983152	0.8453243	0.3201301	0.4351574	0.9353032	0.6169957	0.8006003	0.5525982	0.6328494	1.0025189	0.7049679	0.9132943	0.6157194	1.0348311	0.4011908	0.3212388	0.0788186	0.3389299	0.0577018	0.6150129	0.7221103	0.1520341	0.8084792	0.2121185	0.7998751	0.0707657	0.0080543	0.5033492	0.2797890	0.1239240	0.0008563	0.6941710	0.4994561	0.5266278	0.9391563	0.9691757	0.2916400	0.0460691	0.2825805	0.9800331	0.0037197	0.6506724	0.5405283	0.5993898	0.2817545	0.6542590	0.4313160	0.8795794	0.0619360	0.2327789	0.2210076	0.8024044	0.4946914	1.0295678	0.6174618	0.4419492	0.0417554	0.8781398	0.1424318	0.2185187	0.9343848	0.5781382	0.3115114	0.8719150	0.0844336	0.2187564	0.5316436	0.3992223	0.9700851	0.5077926	0.4340834	0.7336643	0.4387664	0.7821409	0.4816095	0.5957634	0.8709771	0.3998972	0.0303162	0.4766677	0.6308703	0.1946050	0.6208728	0.2159234	0.0320334	0.5288362	1.0667808
300	0.0308410	0.3700442	0.4409322	0.1755196	0.4642867	0.0002276	0.0311164	0.0200946	0.4012213	0.9324853	0.1233468	0.0512431	0.0063477	0.0740403	0.8901199	0.3905362	0.5036893	0.9650288	0.5176986	0.7984005	0.6003053	0.6083038	0.9990150	0.7475378	0.8608370	0.6003870	1.0456305	0.4466815	0.4227847	0.0923188	0.4074577	0.0583290	0.5502601	0.7696355	0.1339469	0.8512856	0.2371619	0.8105373	0.0681727	0.0199869	0.5661506	0.2753357	0.0691370	0.0033204	0.5700422	0.5583217	0.5975652	0.7670600	1.0020559	0.3782957	0.0522329	0.3267160	0.9356488	0.0000000	0.7958913	0.5076901	0.7061565	0.2350511	0.5111241	0.3889491	0.9159967	0.0469169	0.3427214	0.2434445	0.8519132	0.5177596	0.9642752	0.6205398	0.4343070	0.0279080	0.9145929	0.1438607	0.2111284	0.9138144	0.5474492	0.5892419	0.8602645	0.1385282	0.2625762	0.5126733	0.4561004	1.0077427	0.5871332	0.5175958	0.6876770	0.4176145	0.7170103	0.4373601	0.5633050	0.8614640	0.3935145	0.0252965	0.4467202	0.6087247	0.3125873	0.6486752	0.2551801	0.0324498	0.5598173	1.0029579
350	0.0202462	0.3740596	0.3798285	0.1882211	0.5158019	0.0051574	0.0255862	0.0208108	0.3384800	0.9892048	0.1764798	0.0672208	0.0003408	0.0965918	0.9080274	0.3938264	0.4494880	1.0317251	0.4228659	0.8146295	0.5045774	0.6605730	0.9693808	0.6103697	0.7957903	0.6620691	1.1056726	0.5282761	0.5465149	0.0785200	0.4487543	0.0890785	0.5080234	0.9071498	0.1515024	0.8010235	0.2083119	0.8057699	0.0619791	0.0154589	0.5838517	0.2913132	0.0958361	0.0040753	0.6334024	0.4988657	0.5329630	0.8328180	1.0160249	0.3619613	0.0599275	0.3913306	1.0087725	0.0043914	0.7469023	0.4081071	0.7733549	0.2855957	0.5469075	0.4712533	0.9990778	0.0715227	0.4737917	0.2745727	0.8104254	0.5682383	1.0204532	0.6039184	0.3795615	0.0326000	0.8091966	0.1156442	0.2004224	0.8222177	0.4858176	0.6180185	0.8703062	0.1856280	0.2876207	0.4904577	0.4513176	0.8259193	0.6122692	0.6719467	0.6605428	0.4316942	0.6869573	0.3716474	0.5500827	0.8155358	0.3353874	0.0379063	0.4705133	0.5702779	0.3854860	0.6008825	0.3196107	0.0251588	0.5275850	1.0017217
400	0.0576127	0.4288826	0.4113432	0.1429512	0.5784199	0.0005638	0.0405835	0.0215173	0.3938637	0.9129413	0.1398136	0.0744762	0.0002335	0.1001956	0.8915596	0.3812366	0.4586155	0.8515855	0.4260732	0.9096219	0.5244691	0.5521991	0.9124258	0.4511639	0.8382542	0.6554517	1.1068751	0.6078523	0.4972083	0.0833229	0.4517307	0.1473798	0.5048128	0.9037128	0.1233452	0.7814289	0.1968064	0.8048093	0.0726689	0.0061537	0.7083958	0.3343060	0.0737165	0.0026414	0.6862879	0.5575966	0.4961574	0.7978150	0.9870844	0.3394057	0.0814927	0.3614594	0.9957464	0.0078961	0.7331548	0.3653185	0.7922219	0.3107115	0.5733823	0.3815412	1.0109804	0.1032225	0.5714920	0.2395186	0.8439159	0.4681635	1.0724946	0.6185145	0.3712625	0.0259220	0.7767832	0.1521904	0.1930628	0.7816846	0.5420372	0.6387420	0.9166743	0.1222992	0.3144746	0.4756186	0.4691035	0.9253009	0.6097067	0.5570538	0.7248172	0.4199516	0.7214939	0.3934882	0.6708403	0.7621366	0.2924907	0.0335165	0.3887720	0.6032266	0.4529360	0.4965939	0.4160060	0.0235547	0.5197809	0.9522370
450	0.0803892	0.3988763	0.4709933	0.1389662	0.6123081	0.0000000	0.0367891	0.0135131	0.3486552	0.7777189	0.1361138	0.0492455	0.0015342	0.1329016	0.9383807	0.3303541	0.4868088	0.7891727	0.4716924	0.9194534	0.4973529	0.5957760	0.9672444	0.4548555	0.9314919	0.6606106	1.0583779	0.4980905	0.4981149	0.0863313	0.4910965	0.1398644	0.5756217	0.8622734	0.1241853	0.8063454	0.2427892	0.8683067	0.0851540	0.0133028	0.7753727	0.3215800	0.0878822	0.0028944	0.7773913	0.5529349	0.4644508	0.6523768	0.9716409	0.2866942	0.0716741	0.3323630	1.0460125	0.0028550	0.6973878	0.3087906	0.7311726	0.2583177	0.5719389	0.3864395	1.0127418	0.0936554	0.5623266	0.2553401	0.7382478	0.4881624	0.9767503	0.5936682	0.4053231	0.0065461	0.9020655	0.1825879	0.1829778	0.8109766	0.5693246	0.5881796	0.9184552	0.1358643	0.2437416	0.5171220	0.4185254	0.9644245	0.6382637	0.6484813	0.6937773	0.3352535	0.7229974	0.4249073	0.6186427	0.7456455	0.3230599	0.0210667	0.3955139	0.6365435	0.4191402	0.5618314	0.4628696	0.0236484	0.4990572	0.9060689
500	0.0743517	0.3505908	0.4555871	0.0979456	0.4774149	0.0035775	0.0495445	0.0039911	0.3838432	0.7072476	0.1481255	0.0572619	0.0026370	0.1202668	0.8361044	0.3470554	0.5469690	0.8021978	0.5124442	0.8303358	0.4762123	0.6382649	0.9356143	0.5135362	0.9655544	0.6316885	1.1078728	0.4638777	0.5351176	0.1151685	0.4871973	0.1085245	0.5571071	0.8072035	0.1213503	0.9055856	0.3558380	0.7689193	0.1172246	0.0162717	0.7580579	0.3249904	0.0829158	0.0045807	0.8367214	0.5412305	0.4407501	0.7698421	0.8766705	0.2880140	0.0750172	0.3679306	0.9770392	0.0036223	0.7146346	0.3513980	0.7300563	0.2157861	0.5900617	0.4065962	1.0779320	0.0763936	0.6253338	0.2735900	0.7916656	0.5060326	0.9885611	0.5909231	0.3098838	0.0234276	0.7984827	0.1653648	0.1662689	0.8506834	0.5244548	0.7286672	0.8817623	0.1315989	0.2284221	0.5551434	0.4565950	1.0171941	0.5890481	0.7594584	0.7527406	0.3889214	0.6713167	0.4555731	0.6281321	0.7318825	0.4234153	0.0150570	0.4349157	0.6129606	0.3356079	0.4948033	0.5173526	0.0336316	0.4602211	0.9049166
550	0.0701138	0.4187125	0.7071397	0.1215628	0.5684396	0.0018829	0.0257217	0.0111388	0.3993655	0.4396964	0.1453278	0.0780457	0.0030653	0.0888127	0.8381089	0.3457704	0.6216220	0.7783641	0.6340232	0.8679247	0.3285907	0.6176142	0.8402789	0.6114894	0.9478320	0.6266076	0.9834366	0.3390563	0.5807422	0.1304806	0.5279124	0.1377148	0.5289429	0.8471872	0.1707851	0.9276920	0.3421751	0.7066663	0.1860758	0.0086558	0.7379595	0.3471055	0.0849940	0.0256636	0.6520934	0.5501632	0.5402448	0.8042797	0.8888465	0.2975536	0.0712862	0.3376173	1.0355064	0.0234392	0.7313124	0.2777426	0.7478000	0.2362587	0.5188682	0.6419960	1.0025868	0.3074798	0.5258044	0.3042904	0.6309107	0.4759089	1.0801566	0.4697567	0.4250844	0.0255707	0.7763520	0.1845604	0.1715403	0.9149704	0.4161498	0.7084034	0.9561932	0.1791546	0.2414381	0.5864709	0.6293566	1.0319552	0.5118078	0.7331833	0.7873362	0.4342222	0.5767008	0.5127912	0.5162318	0.7102916	0.3999632	0.0194750	0.3958117	0.5906511	0.3656507	0.5267866	0.4651483	0.0280257	0.5115055	0.9602195
600	0.0779594	0.4967661	0.9112114	0.1429405	0.4557373	0.0024492	0.0378596	0.0186989	0.5974386	0.1578033	0.1315362	0.0896910	0.0023376	0.0913767	0.8411915	0.4510684	0.5384761	0.8245615	0.7750885	0.9120953	0.1608447	0.7023781	0.9293424	0.7608145	0.9845964	0.6579412	0.9741082	0.3652713	0.6128775	0.0887902	0.5876594	0.1535003	0.5007847	0.8457192	0.2537453	0.9294819	0.3355712	0.7028200	0.2103377	0.0111903	0.7895727	0.4057980	0.0740748	0.0312445	0.6255608	0.5934257	0.6086456	0.8973614	0.8492888	0.2872885	0.0689851	0.3135893	1.0314766	0.0487428	0.7300854	0.2953942	0.8228257	0.2845698	0.5317503	0.8303565	0.8876206	0.4802270	0.5153223	0.2880766	0.5694342	0.4774726	0.9864344	0.4750897	0.4070104	0.0162865	0.5282706	0.1568805	0.1638151	0.8382536	0.2884450	0.7087423	0.9027127	0.1983901	0.2773975	0.5480467	0.7197144	0.9910226	0.3447391	0.7688215	0.8498669	0.4001516	0.3866307	0.4606774	0.5517488	0.7366581	0.4155983	0.0230390	0.4342142	0.6371371	0.2853822	0.5385560	0.3957100	0.0240471	0.6130651	0.9893393
650	0.0956444	0.5182263	0.9929097	0.1766658	0.4111015	0.0032113	0.0520242	0.0160459	0.7419985	0.0427709	0.1549938	0.0903286	0.0035251	0.1406490	0.8770049	0.4251928	0.6213216	0.8384578	0.8220973	0.8732660	0.1137840	0.6703824	0.9505075	0.8429992	1.0445460	0.5781864	0.9953165	0.2563110	0.5636812	0.0570254	0.4428689	0.2187216	0.5517505	0.8334708	0.2868512	0.9158971	0.2625318	0.8065305	0.2586512	0.0134192	0.8831219	0.4447025	0.1065928	0.0389365	0.7109132	0.5302617	0.5683196	0.8715731	0.8253548	0.2993181	0.0799212	0.3493916	0.8534638	0.0461048	0.7226538	0.2643122	0.7790804	0.2071208	0.4763351	0.9221268	0.8848764	0.4851650	0.4847297	0.2590289	0.5113027	0.5076556	0.9953304	0.5879296	0.4369373	0.0382856	0.4497509	0.2367711	0.2386863	0.8566392	0.1922587	0.6723933	0.9104922	0.2622715	0.2559221	0.6105473	0.6317680	1.0559533	0.2305146	0.7958795	0.9004099	0.4441250	0.2979189	0.3824446	0.6065792	0.7639283	0.4172973	0.0298840	0.3879509	0.6037709	0.2448015	0.5035426	0.3250137	0.0264920	0.6768360	0.9684383
700	0.0751147	0.5915705	1.0674299	0.1668782	0.4285654	0.0029245	0.0438808	0.0195579	0.8917709	0.0420031	0.1185197	0.1081323	0.0065396	0.1112623	0.9586395	0.3979909	0.6017435	0.7975400	0.9014576	0.8783756	0.0753839	0.6123646	1.0659569	0.9031070	0.8689446	0.6462859	0.9382522	0.1677189	0.4169900	0.0333776	0.4230326	0.1587813	0.5882327	0.7582975	0.2177050	0.9596763	0.2593830	0.7754992	0.2685423	0.0155336	0.9406836	0.4672005	0.0721793	0.0672866	0.7778561	0.4679947	0.5670934	0.7575767	0.9162592	0.3044884	0.0968331	0.3924510	0.7417378	0.0166548	0.7894188	0.1926514	0.7716866	0.2343136	0.4156188	0.9975895	0.8548328	0.5141030	0.3930298	0.3084882	0.5717775	0.4771398	1.0615874	0.6570357	0.4294659	0.0580341	0.3726300	0.2263305	0.3089456	0.8131815	0.2519681	0.7693022	0.9278150	0.2033312	0.2826604	0.6968933	0.7815864	1.0644989	0.1770848	0.7890035	0.9555178	0.3356937	0.2411365	0.3666376	0.5877748	0.7693791	0.4265616	0.0700289	0.4392350	0.6951387	0.2263523	0.6142234	0.2916634	0.0295955	0.5765847	0.9319445
750	0.0547045	0.6868828	1.1465599	0.1484906	0.4229415	0.0029548	0.0333088	0.0170459	0.8979648	0.0374002	0.1341145	0.1013928	0.0022011	0.1034173	0.9717285	0.4191886	0.4916369	0.8619607	0.9582169	0.9196207	0.0741672	0.6023674	1.0948256	0.8746566	0.7857002	0.6647553	0.9860134	0.1674272	0.2955538	0.0390745	0.4644518	0.1451844	0.6581844	0.9217151	0.2157940	0.8780324	0.2568898	0.8326262	0.3199074	0.0169773	0.9228783	0.4503995	0.0772998	0.0439288	0.7066436	0.4829621	0.5490659	0.8235891	0.8041307	0.3186021	0.1155231	0.3906484	0.6217089	0.0082344	0.7534673	0.2137653	0.7714419	0.2199423	0.4681062	1.0671732	0.8207127	0.5350673	0.3312983	0.2755695	0.5453039	0.5708613	1.1091509	0.6775205	0.4165644	0.0465464	0.3711520	0.2213012	0.2540615	0.7902371	0.2953428	0.6825065	0.9296829	0.2717174	0.2625063	0.6773265	0.7054129	1.0610431	0.1171702	0.7375498	1.0060959	0.3011714	0.2692190	0.3007863	0.6017594	0.6839096	0.4543217	0.1303616	0.4015284	0.7090239	0.1534210	0.6041253	0.2817082	0.0343869	0.5289064	0.9900130
800	0.0310076	0.7187579	1.0256107	0.1387319	0.4434089	0.0002735	0.0347383	0.0098916	1.0041887	0.0814940	0.1078494	0.0869723	0.0036384	0.1252934	1.0345968	0.3851628	0.5056380	0.9350690	0.9635814	0.8686272	0.0581643	0.6286432	1.0634538	0.9381006	0.8561325	0.6404925	0.9333742	0.0985821	0.3408653	0.0470182	0.4080927	0.0709939	0.7082377	0.8469967	0.2901962	0.9318329	0.2102178	0.8110251	0.3256475	0.0166131	0.9928964	0.4216110	0.0918521	0.0465015	0.7376799	0.6031253	0.5344885	0.8999226	0.7920655	0.2705400	0.1161080	0.3089977	0.5293394	0.0011758	0.6846109	0.3605841	0.7640421	0.1989009	0.4290261	1.1400014	0.7886399	0.4852213	0.3053000	0.3040885	0.5181877	0.5435426	1.0956687	0.6439072	0.3823836	0.0349453	0.3850708	0.2498242	0.2514533	0.8121028	0.3088477	0.6165742	0.9013250	0.1847659	0.2507333	0.6404817	0.8242174	1.0410342	0.1069048	0.7450849	1.0048031	0.3087773	0.2855724	0.2990243	0.7102039	0.7176490	0.5038065	0.1722185	0.3762846	0.5872903	0.1064755	0.5987765	0.2498916	0.0361032	0.5052454	1.0401507
850	0.0335488	0.7012383	0.9795611	0.1529344	0.5472813	0.0034454	0.0464778	0.0129354	1.0229032	0.1224513	0.1060781	0.1091785	0.0004892	0.1195579	0.9398393	0.3835337	0.4303673	0.9714866	0.9407709	0.9209182	0.0729201	0.6686054	1.0492936	0.9674002	0.9435850	0.7768465	0.8517207	0.1272019	0.2315828	0.0222208	0.3932790	0.0478641	0.6414696	0.9115501	0.2670908	0.9460488	0.2810687	0.8115804	0.3122257	0.0322383	1.0074812	0.4563406	0.0765926	0.0570264	0.8033251	0.4779053	0.5701037	0.8463864	0.8149528	0.3515572	0.0856190	0.3452644	0.5509121	0.0022820	0.7392274	0.4440489	0.7698523	0.2340490	0.4349097	1.1016167	0.8500657	0.5602686	0.2351227	0.2775210	0.5293722	0.5344130	1.0230200	0.6571947	0.4344714	0.0189439	0.4025992	0.2799750	0.2510629	0.7826323	0.2710507	0.4912628	0.9757770	0.1220317	0.3030219	0.7442881	0.8372410	1.0275781	0.0904946	0.7915520	0.9996984	0.3113138	0.2593776	0.3268675	0.5106576	0.7424120	0.4336642	0.2514525	0.4123139	0.6112209	0.1105493	0.6829210	0.2177192	0.0310122	0.5374571	1.0214871
900	0.0192953	0.6632499	1.1053493	0.1356480	0.4368190	0.0013554	0.0342311	0.0287802	0.9973917	0.1824525	0.1074500	0.0821216	0.0013239	0.0815707	0.8953866	0.3367643	0.4513981	1.0481817	0.9322226	0.9637463	0.0698596	0.5709378	1.0978713	1.0228485	0.9140864	0.6686684	0.9279307	0.0954383	0.2111743	0.0279058	0.3867571	0.0934295	0.5935133	0.9430734	0.2675806	0.8780484	0.2773730	0.7665496	0.3635709	0.0498790	0.9170773	0.4437598	0.0883221	0.0632541	0.8418757	0.4937152	0.5652538	0.7961574	0.7507622	0.3456334	0.0743255	0.4233613	0.5920019	0.0007092	0.8077689	0.4103965	0.8329606	0.2400387	0.4818431	1.1560724	0.9407086	0.5772938	0.1665354	0.2558465	0.5443257	0.5573333	1.0594236	0.6632301	0.4650629	0.0333235	0.4622955	0.1966414	0.2035926	0.7697671	0.3350753	0.4901455	0.9614855	0.1852167	0.2932597	0.6666952	0.7954798	0.9965406	0.0911706	0.6975745	0.9147108	0.2607047	0.2223528	0.3949112	0.5542164	0.7479111	0.4530932	0.3107834	0.4060495	0.5992830	0.1085796	0.6471950	0.2755877	0.0258308	0.5578747	1.0083023
950	0.0279557	0.6305338	1.0031915	0.1185980	0.5095014	0.0018942	0.0123221	0.0387761	0.9837139	0.2548036	0.1195106	0.0902692	0.0018545	0.1108429	0.8255207	0.4024977	0.3896261	1.0922483	0.8873401	0.9374770	0.0931836	0.6755290	1.0134541	1.0363064	0.8787550	0.7426408	0.9216161	0.1079511	0.1923190	0.0200134	0.3894537	0.1390579	0.6347782	0.8555309	0.2929773	0.7619205	0.3552237	0.6881948	0.3841720	0.0341121	0.9066256	0.4581436	0.1020295	0.0519113	0.7623188	0.5523180	0.4634942	0.8912465	0.8107717	0.3107499	0.0807201	0.3769388	0.6610146	0.0003000	0.7261977	0.4399472	0.8583026	0.2531864	0.3815644	1.0910534	0.7784307	0.5840856	0.1840211	0.3145770	0.4939032	0.4724757	1.0467876	0.6552912	0.4435004	0.0407475	0.4239612	0.1847992	0.1936442	0.8314895	0.3089364	0.3736759	0.9387573	0.1531352	0.2877673	0.7497335	0.7823143	0.9142183	0.1020519	0.5952789	1.0727532	0.2953937	0.1638987	0.4125111	0.6383770	0.8076686	0.5496179	0.3511474	0.4531269	0.5661794	0.1081398	0.5646832	0.2975170	0.0317945	0.4488581	0.9629132
1000	0.0233675	0.6514764	1.0349360	0.1220232	0.4877703	0.0004508	0.0125346	0.0314533	0.9477821	0.2495303	0.1327608	0.0811718	0.0058192	0.1205886	0.7730173	0.4245272	0.4696972	1.1090455	0.8651244	0.8761808	0.0940132	0.6855923	1.0809754	0.9098692	0.9326943	0.6672949	0.9919606	0.1426172	0.2032569	0.0338693	0.4531744	0.1119359	0.6946623	0.9672474	0.3042117	0.8940747	0.3208825	0.7136245	0.4211614	0.0249743	1.0512239	0.4700351	0.0918592	0.0723585	0.7733592	0.5682830	0.5441108	0.9048858	0.7647770	0.3274503	0.1072947	0.3100402	0.8010610	0.0004732	0.6876496	0.4755865	0.8784227	0.2841111	0.4297887	0.9920511	0.8527524	0.5360845	0.2347252	0.3217786	0.4830084	0.5186037	1.0158825	0.7087188	0.4635700	0.0372216	0.4288637	0.1249410	0.2309132	0.8853181	0.3219107	0.3148833	0.8780419	0.1531368	0.2590830	0.7219008	0.8088087	0.9762670	0.1161420	0.5123929	1.1607885	0.3233936	0.1584023	0.4500550	0.6012420	0.7901655	0.4952905	0.3513922	0.4210847	0.5544294	0.1195980	0.5924526	0.2848662	0.0435707	0.4041693	1.0506236

0	0.0094491	0.6355617	1.0459758	0.0876986	0.4170952	0.0015965	0.0357302	0.0201856	0.7842026	0.5482911	0.1482550	0.1067167	0.0074763	0.0795139	0.9263252	0.4386615	0.5117037	1.0187251	0.9869150	0.9112762	0.0675828	0.6396705	0.9879649	0.9056811	1.0249936	0.8053086	0.8415975	0.0956169	0.2807776	0.0361236	0.3476186	0.0945586	0.7647381	0.8073502	0.2691465	0.9854445	0.2644993	0.7761342	0.3511720	0.0142404	0.9503393	0.3956488	0.0912837	0.0721673	0.8039584	0.5632487	0.5721011	0.9104100	0.8750489	0.3877912	0.0490860	0.3690556	1.0040851	0.0016799	0.7496314	0.4296180	0.7445798	0.3138374	0.4763448	0.9977159	0.8917758	0.5763065	0.2317245	0.3844034	0.5377636	0.4876338	1.0898320	0.8135737	0.5024926	0.0491368	0.3912071	0.2335426	0.3169327	0.9297559	0.3112694	0.3637340	0.9584119	0.1589398	0.2670455	0.6498318	0.7931145	1.0351174	0.1402507	0.6535788	1.0095359	0.4184859	0.2245238	0.5131035	0.6073464	0.7854143	0.4606182	0.1309775	0.4648780	0.5528648	0.0723851	0.5781484	0.2784400	0.0363961	0.5378107	0.9932421
50	0.0207901	0.6847876	1.0765610	0.1383769	0.5977864	0.0051616	0.3187242	0.0120491	0.4938681	0.2797989	0.0973196	0.1117127	0.0008700	0.1063530	0.9791978	0.3755549	0.2920506	1.0281636	0.8945268	0.8804344	0.0686920	0.6950653	1.0792739	0.9647662	0.7346674	0.8523843	0.9122103	0.2202423	0.2103973	0.1378614	0.3850084	0.0335984	0.5535136	0.8342303	0.3755037	0.8640410	0.2640909	0.6155554	0.3505759	0.0221839	1.1005354	0.4596447	0.0780016	0.0992805	0.8594454	0.3613743	0.6587187	0.9328681	0.8648570	0.3485193	0.1319514	0.3292421	0.8680910	0.0276733	0.7552512	0.3889624	0.7317710	0.2787815	0.6115223	1.0094171	0.8096822	0.5093506	0.1324771	0.1549531	0.4812654	0.5322672	1.0552630	0.6412197	0.5246514	0.0325980	0.3519417	0.2696544	0.3253194	0.8405827	0.3298401	0.2647106	0.9325201	0.1689388	0.2380266	0.7114110	0.7127677	0.9035313	0.2058606	0.7762709	0.9116358	0.3555932	0.2778184	0.4824666	0.5562896	0.7759102	0.4500540	0.5537195	0.4129259	0.5467037	0.2552304	0.5102672	0.2385017	0.0239352	0.5377258	0.9307497
100	0.0135421	0.7277884	1.0437175	0.1501445	0.7379931	0.0393017	0.5358276	0.0040230	0.2260161	0.2467445	0.1201066	0.1130346	0.0036637	0.1021106	0.9108775	0.3787364	0.1654036	1.0159741	0.8894669	0.8738533	0.0437286	0.5971535	1.1002254	0.8417516	0.6818777	0.9373604	0.8193431	0.4784654	0.2572046	0.2436210	0.5187042	0.0841563	0.4905720	0.8152148	0.4969839	0.6366805	0.1652362	0.6636674	0.3846062	0.0209310	1.0207357	0.5218931	0.0808659	0.0912875	0.7904776	0.2129388	0.7252776	0.9561631	0.9050285	0.3720870	0.2034222	0.3223370	0.8504929	0.2192234	0.7294898	0.3194476	0.7739449	0.2742096	0.5673210	0.9787099	0.8571517	0.4601975	0.2454471	0.0607207	0.4848055	0.6113351	1.0254257	0.5295594	0.6696161	0.0928036	0.3113683	0.2921513	0.4659572	0.7331961	0.2651015	0.3100876	0.9055603	0.2018935	0.2150661	0.7293171	0.7624006	0.8807995	0.3737764	0.8136101	0.7832804	0.3825008	0.1706668	0.4971645	0.3127739	0.8865456	0.4494566	0.8060058	0.4198707	0.5516487	0.3862676	0.6184600	0.2497386	0.0334296	0.5792470	0.8767370
150	0.0120893	0.7288128	0.9915679	0.1903619	0.8090540	0.1276483	0.5322679	0.0219613	0.1168163	0.1979014	0.1618617	0.1062413	0.0076630	0.0922458	0.8392189	0.4019379	0.1316256	1.0209678	0.9367314	0.8286450	0.0398577	0.5759316	0.9729762	0.6474874	0.8192792	1.0478316	0.9658877	0.5751452	0.2987963	0.2727474	0.5260613	0.1549466	0.4996035	0.6939887	0.6283746	0.5138998	0.1173121	0.7413611	0.4045145	0.0154316	0.9353403	0.4298829	0.0895630	0.0761879	0.8253314	0.1468258	0.6358551	0.9647940	0.9331208	0.3786057	0.2083267	0.2891975	0.8316368	0.4605170	0.7838132	0.2942580	0.7042709	0.2945618	0.5137880	1.0132900	0.9384484	0.5639033	0.4348299	0.0281405	0.5015644	0.5347983	0.9669526	0.4266446	0.6914907	0.0931033	0.3673913	0.3063487	0.5873014	0.6636004	0.2714276	0.5197211	0.9084344	0.1655845	0.1930385	0.7764953	0.7346453	0.9822546	0.4656204	0.7718614	0.7404266	0.3822860	0.1544486	0.5282103	0.2607902	0.8701481	0.4118489	0.8130017	0.4529862	0.5437595	0.4740342	0.5489892	0.2993557	0.0897637	0.5652241	0.9151162
200	0.0074103	0.7022574	1.0082073	0.1469683	0.6350305	0.1535064	0.6065700	0.0253320	0.0480068	0.1617928	0.2045290	0.0999052	0.0126601	0.1098742	0.7209620	0.4347764	0.1440567	0.9784954	0.8444534	0.7769182	0.0406856	0.6954961	0.9432218	0.5227249	0.7466441	1.0777807	0.9364785	0.6939702	0.2797111	0.3039592	0.5296863	0.1729413	0.4696092	0.7252993	0.7141557	0.3431461	0.0904535	0.7779103	0.4714901	0.0422988	1.0228458	0.4738544	0.1013608	0.0496221	0.8854245	0.1308172	0.6240252	0.9659893	0.9842815	0.3361985	0.2654036	0.3352604	0.8614928	0.5731299	0.8142480	0.2853557	0.7308450	0.2826740	0.4050691	1.0624445	0.9391188	0.5473768	0.6028771	0.0174510	0.5612281	0.4076777	0.9434060	0.3458514	0.8233848	0.1628224	0.3066411	0.4570126	0.6044079	0.5702779	0.2268076	0.5832754	0.8636668	0.1514781	0.1602596	0.7085457	0.6680471	0.7955890	0.4827798	0.7811523	0.7369566	0.3678157	0.1579404	0.4267669	0.2570887	0.8432946	0.3883583	0.8534425	0.4251049	0.5610025	0.5052466	0.5935008	0.3324605	0.2403444	0.5792837	0.9313252
250	0.0135125	0.6616155	0.9947640	0.1799716	0.7252377	0.1501427	0.5934958	0.0213092	0.0261082	0.1754710	0.2183593	0.1131742	0.0450345	0.1267781	0.7223032	0.4422756	0.1525796	0.9556399	0.7174389	0.8194509	0.0190340	0.6174681	0.9522563	0.4001043	0.7207143	1.0246579	0.9859401	0.6569909	0.2917723	0.3332598	0.6303965	0.2268637	0.4717461	0.7828244	0.7330976	0.1948026	0.0446765	0.7368970	0.4384252	0.0192804	0.9680885	0.4490938	0.1091309	0.0330470	0.8742428	0.1343538	0.6273033	1.0495430	1.0223022	0.3017819	0.2800514	0.4192018	0.6725514	0.5926020	0.8445935	0.2074913	0.7234404	0.2480375	0.5117722	1.0182158	0.8742765	0.5346672	0.7048728	0.0062777	0.5249924	0.3509497	0.8768522	0.3528683	0.8085483	0.2342769	0.3576929	0.6290552	0.6471560	0.5255103	0.2087803	0.5174217	0.8164436	0.1069295	0.1268042	0.6376677	0.6602161	0.7723934	0.5300904	0.9174616	0.7184522	0.3736712	0.2068553	0.3910101	0.2776621	0.9303571	0.3780518	0.9071440	0.4489904	0.6166713	0.5152597	0.6943086	0.3638083	0.2261319	0.5836047	1.0001939
300	0.0100581	0.6782460	1.0891750	0.1466608	0.6903400	0.1342945	0.6453505	0.0112866	0.0106642	0.1289263	0.2769542	0.0917742	0.0642336	0.1311377	0.7579210	0.3921186	0.1409744	1.0066290	0.7275975	0.8467672	0.0195322	0.6853220	0.8615398	0.3715451	0.8035122	1.0057434	1.0394206	0.7160466	0.3104291	0.3460286	0.6756024	0.2438725	0.4718180	0.7864098	0.8340449	0.1673641	0.0454801	0.7138421	0.4919401	0.0290501	0.9691929	0.4152770	0.0958924	0.0280257	0.8331026	0.1304830	0.7507472	0.9722006	1.0289908	0.2777658	0.2653060	0.3525122	0.5666500	0.6739397	0.7855194	0.1874672	0.6468544	0.3315331	0.4649615	0.9606936	0.7932165	0.4739158	0.8040457	0.0216626	0.5378369	0.4040217	0.8247870	0.3378007	0.7767777	0.2701764	0.3726216	0.6151199	0.7697212	0.5769437	0.1790791	0.6447311	0.8889754	0.0810747	0.1152763	0.6708193	0.5759876	0.7690086	0.4800891	0.7445764	0.6550952	0.4252089	0.1685213	0.3864558	0.3335268	0.8371924	0.3722932	0.8532247	0.4374968	0.6267208	0.6050180	0.7495310	0.3862934	0.2047549	0.5500536	0.8501255
350	0.0093023	0.6554046	0.9352959	0.2234991	0.5742058	0.1737882	0.5991818	0.0304997	0.0052326	0.1389117	0.2536401	0.0977911	0.0570987	0.1139261	0.6723412	0.3173135	0.1637335	0.8791239	0.6557992	0.8707360	0.0074217	0.7408225	0.8086612	0.3548264	0.7134430	0.9444264	1.0858054	0.7039301	0.3056989	0.3202779	0.6826854	0.2269505	0.5088562	0.7949455	0.9231345	0.1199423	0.0368809	0.7002530	0.4610444	0.0533520	1.0783433	0.4352055	0.0954157	0.0367967	0.7570579	0.1179725	0.7181156	0.9610667	0.9801102	0.2663791	0.3276670	0.4789853	0.4760018	0.5856333	0.7671789	0.1226654	0.6610513	0.3330253	0.4676634	0.9990955	0.7219096	0.5478864	0.8758650	0.0404662	0.5106361	0.3322676	0.8792040	0.2965155	0.7700822	0.2387605	0.3331782	0.5377608	0.8223377	0.5482541	0.1538573	0.6346584	0.8671331	0.1290776	0.1076641	0.7112465	0.5566817	0.7659539	0.4865980	0.8102766	0.6455337	0.4639513	0.1415762	0.3594121	0.3575209	0.7831119	0.4818780	0.8129829	0.4717272	0.6099448	0.5739748	0.8073843	0.5227176	0.2444970	0.5323672	0.8083911
400	0.0021898	0.6137656	1.1176285	0.1905154	0.6214789	0.1918591	0.6767484	0.0451320	0.0058925	0.1637724	0.3393877	0.0973634	0.0774786	0.1823657	0.6334543	0.3687967	0.1393112	0.8793251	0.6961403	0.8330882	0.0094659	0.6872365	0.7961870	0.3457259	0.7808485	1.0320545	0.9565746	0.6878950	0.3801714	0.2824229	0.6990816	0.2229101	0.3915758	0.7518788	0.8933318	0.1196691	0.0326774	0.7228336	0.4632038	0.0491710	1.0099594	0.5097583	0.0987114	0.0184433	0.8740676	0.1309105	0.7656517	0.9881472	0.8470994	0.2748777	0.3712487	0.4375632	0.4989435	0.6077483	0.8654527	0.1738158	0.7084646	0.3045728	0.4531785	0.9034214	0.6551384	0.5696478	0.9497712	0.0132130	0.4551607	0.2205386	0.8959165	0.3665967	0.7660527	0.3077845	0.2858237	0.4857328	0.8762241	0.6093937	0.1397302	0.7157735	0.8559125	0.1190859	0.1317819	0.7024568	0.6154741	0.8248530	0.5017105	0.8906029	0.6438061	0.5347668	0.1372659	0.3878066	0.5794458	0.8101326	0.5135259	0.8974356	0.3852154	0.7022804	0.5677854	0.8468140	0.5632808	0.2340765	0.4473591	0.7898074
450	0.0094189	0.6457000	1.0511743	0.1888384	0.5227173	0.1640045	0.5907687	0.0304375	0.0030753	0.1475325	0.3726888	0.1066300	0.1127995	0.1350343	0.6971266	0.3749520	0.0824859	1.0184714	0.6672086	0.8769092	0.0013387	0.7684675	0.9068012	0.3133801	0.8436167	0.8883408	1.0549637	0.6352775	0.3360519	0.3342591	0.6312497	0.2539492	0.3754702	0.7516832	0.8418888	0.0831209	0.0455392	0.7910003	0.5139502	0.0358495	0.9744104	0.4381774	0.0932599	0.0258080	0.9233154	0.0897871	0.7590630	0.9551367	0.8357480	0.2950037	0.3304416	0.4157439	0.5390011	0.6078293	0.8318437	0.2001133	0.6684580	0.2998601	0.4344848	0.9247049	0.7146279	0.5348865	1.0108240	0.0150880	0.4950950	0.1897274	0.8319149	0.3633997	0.8385009	0.3583388	0.2506478	0.5421825	0.8202412	0.6397006	0.1108874	0.7094059	0.7947145	0.1123392	0.1053482	0.6999484	0.4911259	0.7442810	0.4926983	0.9594595	0.6280061	0.4710332	0.1834851	0.4308514	0.6406913	0.7924354	0.4641069	0.9697182	0.3329852	0.6325059	0.5102760	0.9668217	0.5329693	0.3025913	0.3845646	0.6795151
500	0.0063225	0.5560461	1.0695248	0.1431584	0.5932381	0.1632860	0.5793719	0.0459983	0.0055396	0.1383624	0.3550398	0.1189702	0.0643453	0.1374342	0.7175444	0.3270478	0.1048992	0.9594348	0.7033936	0.7895072	0.0144867	0.7400100	0.8213852	0.3652102	0.8173305	0.8553990	1.0156182	0.5940338	0.3012717	0.3657205	0.6961154	0.2971236	0.4720639	0.7540526	0.9131713	0.1108289	0.0191401	0.7820131	0.4539975	0.0206191	0.9858845	0.4610287	0.0851324	0.0276751	1.0057678	0.1367320	0.6744676	0.9219764	0.9327940	0.2318787	0.2882367	0.4194926	0.4634310	0.6124655	0.7994801	0.2088621	0.6152626	0.3757083	0.4289267	0.9671538	0.6284206	0.5930565	0.9570757	0.0294318	0.4586953	0.1890859	0.7600023	0.3969838	0.7581947	0.3321853	0.2370283	0.5256619	0.8694101	0.6553208	0.0937825	0.6025134	0.8209890	0.1204602	0.0909829	0.7027653	0.5425663	0.8734476	0.5093904	0.9081883	0.7053671	0.5894308	0.1545202	0.4367598	0.5684146	0.7030996	0.5179931	0.9692989	0.3308876	0.6818832	0.4925167	0.9030533	0.4717583	0.3873590	0.4084507	0.6335384
550	0.0179773	0.6032734	1.0593082	0.0850772	0.5154927	0.1553524	0.4340801	0.0345535	0.2609010	0.2516357	0.2588518	0.1183353	0.0784883	0.1312638	0.8160966	0.3536422	0.2873273	1.0040717	0.7239658	0.8508367	0.0360244	0.6503907	0.9034764	0.3745178	0.8616917	0.8411384	0.9881595	0.4200692	0.3489229	0.2465775	0.7055353	0.2608811	0.6066748	0.8321528	0.8248019	0.2491602	0.0443578	0.7809799	0.6246588	0.0092597	0.9927170	0.4686235	0.0696537	0.0366765	0.9824938	0.3126803	0.6741722	0.8254289	0.9875739	0.2612373	0.2016612	0.4099620	0.4285171	0.6977865	0.7158402	0.1541231	0.6778543	0.3371148	0.4401246	0.9031882	0.6405029	0.6024497	0.9279866	0.1748434	0.4603974	0.1676299	0.5201164	0.5148439	0.7300089	0.3330332	0.2453757	0.3989918	0.7887011	0.7822740	0.1292391	0.6198929	0.8006203	0.1882506	0.0795117	0.6393033	0.5486471	0.9019436	0.4104217	0.7665844	0.8433195	0.5952445	0.2333742	0.3356450	0.5386689	0.6021115	0.6397657	0.7970894	0.3731219	0.6535694	0.3662301	0.8612520	0.5484390	0.3441314	0.4193120	0.7499794
600	0.0190243	0.6446967	1.0615913	0.0806969	0.2641929	0.1116481	0.1419180	0.0355526	0.5821412	0.3747868	0.1598202	0.1040739	0.0466116	0.1419790	0.8255213	0.4051355	0.4102286	0.9311197	0.8024170	0.8556356	0.0534429	0.5950509	0.9905732	0.5805134	0.9202656	0.7309643	0.9557597	0.2761974	0.5300173	0.1354234	0.6196370	0.1931896	0.7371733	0.8981546	0.7438594	0.4732445	0.1083428	0.8836043	0.5855125	0.0241095	1.0676424	0.4245531	0.0688514	0.0463236	0.8734636	0.4242793	0.4735653	0.5665462	0.9638904	0.1936040	0.1431210	0.4236940	0.4500310	0.6086700	0.7226088	0.1206334	0.7846127	0.3039133	0.4518223	0.8749971	0.5367987	0.5720266	0.7224393	0.2455171	0.4419257	0.2662714	0.5705363	0.6750812	0.5773251	0.3460486	0.2889640	0.2237476	0.6778966	0.8935803	0.1706095	0.6096171	0.8110713	0.3234091	0.1445902	0.5724178	0.6155998	1.0438310	0.3006861	0.6565327	0.8758481	0.5712476	0.3006670	0.4143314	0.4978110	0.5485283	0.6941723	0.5374233	0.4110711	0.6573771	0.2267266	0.9006425	0.5565240	0.2336138	0.3826707	0.8770023
650	0.0317205	0.5957154	0.9782373	0.0745509	0.2629421	0.0520866	0.0835978	0.0241663	0.7068740	0.3834879	0.1371865	0.0940199	0.0490319	0.0990497	0.8693962	0.4420539	0.5190980	0.8620367	0.9159796	0.8414093	0.0620994	0.6510048	0.9865944	0.7796673	0.9863476	0.6302475	1.1037380	0.1873411	0.6324123	0.0742710	0.5660579	0.1180372	0.7636646	0.9613674	0.6931305	0.6795318	0.2100431	0.7979507	0.4902630	0.0219129	1.0083316	0.3827587	0.0611405	0.0409810	0.8112802	0.5516052	0.3604900	0.6099385	0.8414082	0.2685970	0.0834293	0.3983845	0.4997881	0.4240525	0.6794760	0.1560491	0.8059486	0.2372549	0.4471597	0.9117856	0.4796163	0.5979880	0.5579194	0.2895829	0.4867217	0.3198399	0.7986251	0.7611459	0.5111923	0.3453911	0.3138048	0.2985488	0.6740920	0.9204710	0.2755147	0.6857780	0.7874349	0.2427740	0.2087553	0.7365841	0.6893916	0.9988850	0.2324713	0.6998194	0.9543351	0.4982874	0.3495461	0.4562720	0.5404737	0.6553259	0.5809732	0.3701254	0.4361796	0.5389058	0.1216384	0.8243186	0.4769932	0.1325773	0.4846122	0.9319365
700	0.0540493	0.6167517	0.9799173	0.0901137	0.2546827	0.0228010	0.0638323	0.0166428	0.8206204	0.1906827	0.1142663	0.0808947	0.0323912	0.1332133	0.7221001	0.4898309	0.5667302	0.9514941	0.8725608	0.8262964	0.0410543	0.6400478	0.9411777	0.7981043	0.9128203	0.6200396	1.1588961	0.1520943	0.5227223	0.0535284	0.4815540	0.1032385	0.6545378	0.8956136	0.5208390	0.8570935	0.4126701	0.7680532	0.3882251	0.0115974	1.0139741	0.3907006	0.0876183	0.0648616	0.7480768	0.7714175	0.3845200	0.6973628	0.8037303	0.3235456	0.0756106	0.4045341	0.6219481	0.2161584	0.7463718	0.3228064	0.8737584	0.2444952	0.4245294	0.9368835	0.4413822	0.6446720	0.3474888	0.2578658	0.4676684	0.3724685	0.9718115	0.7192503	0.5124210	0.2872506	0.2977308	0.2316400	0.5985911	0.8368851	0.2237603	0.6893447	0.8071671	0.2561882	0.2504807	0.7070508	0.7792220	0.9740187	0.1753435	0.8187817	0.9663906	0.4057963	0.3893714	0.5911311	0.6052598	0.6762488	0.5442203	0.2801416	0.4000694	0.5751655	0.1018550	0.7425757	0.3921052	0.0661130	0.5338781	0.9897383
750	0.0626985	0.6350328	1.0137198	0.0915765	0.3446947	0.0122128	0.0543167	0.0318716	0.9064879	0.1057289	0.1362980	0.0727093	0.0033427	0.1447389	0.7711986	0.3968811	0.4601120	0.9930213	0.9442570	0.8135613	0.0397975	0.6291187	0.9824209	0.8458451	0.8627725	0.6647370	1.0446921	0.1427091	0.4474030	0.0521737	0.4057541	0.0993268	0.6494741	0.9427209	0.3746854	0.9368449	0.5139435	0.7759855	0.3718812	0.0134479	0.9363891	0.4343398	0.0542404	0.0801557	0.6630231	0.7316600	0.4855364	0.8196652	0.7580984	0.3075125	0.0594116	0.4196292	0.7285735	0.1200560	0.7503248	0.4565795	0.7939330	0.2733402	0.4663522	0.9516215	0.4852487	0.6147527	0.2164689	0.2895212	0.5224031	0.4543254	1.1011077	0.7662066	0.4061655	0.1797261	0.3254994	0.1946269	0.5489452	0.8016313	0.2592336	0.6507782	0.8476442	0.2629654	0.3217659	0.6975068	0.7774479	1.0340637	0.1450330	0.8410274	0.9303005	0.3753437	0.4140817	0.6202882	0.5233618	0.7594975	0.5686982	0.1928637	0.3962994	0.5551963	0.1710944	0.7044994	0.3662177	0.0582843	0.5944664	0.9464711
800	0.0449229	0.6338275	0.9897961	0.1318770	0.4541363	0.0029885	0.0190337	0.0328318	0.9242240	0.0597930	0.1288203	0.0925264	0.0041881	0.1122296	0.8058466	0.3439170	0.4439559	0.9426913	0.9866145	0.7533671	0.0477790	0.5762364	0.9644367	0.9920240	0.8779067	0.7044882	1.0159353	0.1153365	0.3879958	0.0409750	0.3981648	0.0864367	0.5500589	0.9027295	0.2965709	0.8886050	0.4731489	0.7283377	0.3790005	0.0144389	0.9906871	0.4796942	0.0654776	0.1318401	0.5488947	0.6626316	0.5157803	0.8879634	0.8557294	0.3435180	0.0755365	0.3869781	0.6829359	0.0539662	0.7274325	0.4079576	0.7930636	0.2360755	0.4035013	0.8873647	0.6187328	0.5675059	0.2163693	0.2556003	0.4776808	0.5805815	1.0214440	0.6913226	0.3644048	0.1175818	0.3614050	0.1726599	0.4444242	0.7970618	0.2580741	0.6781863	0.8901517	0.4318628	0.3680563	0.7026837	0.8663536	0.9845759	0.1361042	0.7880245	1.0077939	0.3842521	0.3328112	0.5755974	0.5014479	0.6836224	0.5310994	0.1313584	0.3669187	0.5696377	0.1351092	0.6441037	0.2644445	0.0627076	0.5468481	1.0084928
850	0.0460230	0.6671302	0.9997567	0.2128300	0.4307227	0.0001833	0.0226463	0.0212475	1.0375938	0.0851724	0.1726280	0.0799826	0.0053233	0.1541459	0.8269074	0.4568424	0.4293995	1.1164254	1.0516565	0.7645160	0.0384535	0.5971890	0.9594690	0.9137752	0.9281559	0.7365010	1.0397722	0.1312144	0.2298848	0.0394269	0.5041990	0.0864804	0.6006130	0.7790062	0.2850907	0.9025333	0.3964173	0.7511834	0.3825203	0.0172051	0.9364265	0.4330487	0.0626358	0.1153481	0.6592968	0.6254443	0.5387360	0.8683447	0.8893045	0.3326199	0.0766313	0.3502711	0.7133013	0.0393050	0.7433494	0.4915951	0.7933299	0.2324709	0.4326033	0.9636253	0.7322294	0.5685109	0.3037918	0.3226431	0.5578552	0.5122456	1.0793684	0.6337333	0.4100278	0.0489403	0.4019250	0.1348738	0.3932787	0.7965617	0.2743724	0.5807964	0.9937257	0.5114780	0.3593590	0.6180101	0.8909286	1.0947636	0.0990215	0.7024188	0.9140852	0.2913857	0.2998773	0.4773048	0.5239912	0.7455108	0.4471144	0.1661301	0.4041619	0.5155579	0.1124693	0.6205937	0.2709947	0.0433776	0.5674430	0.9692722
900	0.0214146	0.6575703	1.0588872	0.1844428	0.4293829	0.0007770	0.0243742	0.0230387	0.9926329	0.1210614	0.1413709	0.0833988	0.0035762	0.1215792	0.9055396	0.5667693	0.4137086	0.9244508	1.0521959	0.7429497	0.0667629	0.5928542	0.9742598	1.0291872	0.9400975	0.6960850	0.9224078	0.1272868	0.2559631	0.0427625	0.4387944	0.0881168	0.6798517	0.7436091	0.2262816	0.9596891	0.4168455	0.7258603	0.3725123	0.0259209	0.9362246	0.4492149	0.0563445	0.1007914	0.7605260	0.5903898	0.5945478	0.8362470	0.9150014	0.3027811	0.0785616	0.4008907	0.6712175	0.0094170	0.7787364	0.4670825	0.8319255	0.2353567	0.4805706	0.9453924	0.7860409	0.5802640	0.2908527	0.2517714	0.5586789	0.5010913	0.9719132	0.6730008	0.3836407	0.0557912	0.3708052	0.1541221	0.3560885	0.9212547	0.2862409	0.5143358	0.8975067	0.5594463	0.3646438	0.6045419	0.8079056	0.9713821	0.1281508	0.5994171	0.8827328	0.4101567	0.2806287	0.4132147	0.5886113	0.6999120	0.3839087	0.1653843	0.4360381	0.5760946	0.1020792	0.5978102	0.2106491	0.0418018	0.5604609	0.9466926
950	0.0204054	0.6758628	1.0229358	0.1516904	0.4433491	0.0014569	0.0549952	0.0136374	1.0473591	0.2136344	0.1423751	0.0856899	0.0001485	0.1195883	0.9345979	0.4545704	0.4558642	0.8802776	0.9849688	0.7646438	0.0841465	0.5845866	1.0718181	0.9720421	0.9016077	0.7297134	0.8715765	0.1106176	0.2496369	0.0277402	0.3858755	0.1045790	0.6091328	0.8657928	0.2621537	1.0713703	0.3731618	0.7057682	0.3715583	0.0251617	0.9019962	0.5362743	0.0985169	0.1440421	0.7710440	0.4602700	0.6503372	0.9535108	0.9211629	0.3167978	0.0872568	0.4283731	0.7663964	0.0031266	0.8599015	0.4496605	0.7647230	0.2596790	0.5370833	0.8831012	0.6833730	0.5658621	0.2903995	0.2247359	0.5541053	0.5350234	0.9389523	0.6748761	0.3663454	0.0512879	0.3978203	0.2168797	0.3385450	0.9139012	0.3091551	0.5421872	0.9535108	0.4608478	0.3603873	0.6022133	0.8084397	0.9169250	0.1169719	0.6199267	0.9411698	0.3956038	0.2316718	0.4141782	0.5721749	0.7392261	0.3974105	0.2199952	0.4197761	0.5822837	0.1067380	0.5678819	0.2137336	0.0422853	0.5380766	1.0373715
1000	0.0129371	0.6904652	0.9993917	0.1824031	0.5129311	0.0024957	0.0218164	0.0121542	0.9687836	0.3876295	0.1488399	0.0960977	0.0004459	0.1025990	0.9311925	0.4831436	0.5131612	0.9481131	1.0076388	0.8286120	0.1005182	0.6539041	0.9649109	1.0008872	0.9055435	0.7124710	0.8772198	0.1167399	0.2190802	0.0341305	0.3659523	0.0888497	0.6280372	0.7716424	0.2069085	0.8956046	0.2673421	0.7443722	0.3973014	0.0175890	0.9752153	0.4909173	0.0918706	0.0800243	0.7398570	0.4239784	0.6850066	0.9283498	0.8392472	0.2895581	0.0845660	0.3950804	0.8350435	0.0010877	0.8144977	0.4010794	0.7706490	0.2810422	0.5255503	0.9828066	0.6682157	0.5399439	0.3092810	0.2646297	0.5052830	0.5610354	1.0627048	0.6692135	0.3477656	0.0471493	0.3254120	0.2250192	0.2747979	1.0273741	0.2648387	0.4473111	0.9808140	0.2221419	0.2574786	0.6526396	0.7831400	1.0234676	0.1256711	0.7367820	0.9576789	0.3726430	0.2468653	0.4421466	0.4295169	0.7447662	0.5191878	0.3006761	0.4721903	0.5042553	0.1103256	0.5709060	0.2163627	0.0298453	0.5743954	0.9743907

0	0.0094491	0.6355617	1.0459758	0.0876986	0.4170952	0.0015965	0.0357302	0.0201856	0.7842026	0.5482911	0.1482550	0.1067167	0.0074763	0.0795139	0.9263252	0.4386615	0.5117037	1.0187251	0.9869150	0.9112762	0.0675828	0.6396705	0.9879649	0.9056811	1.0249936	0.8053086	0.8415975	0.0956169	0.2807776	0.0361236	0.3476186	0.0945586	0.7647381	0.8073502	0.2691465	0.9854445	0.2644993	0.7761342	0.3511720	0.0142404	0.9503393	0.3956488	0.0912837	0.0721673	0.8039584	0.5632487	0.5721011	0.9104100	0.8750489	0.3877912	0.0490860	0.3690556	1.0040851	0.0016799	0.7496314	0.4296180	0.7445798	0.3138374	0.4763448	0.9977159	0.8917758	0.5763065	0.2317245	0.3844034	0.5377636	0.4876338	1.0898320	0.8135737	0.5024926	0.0491368	0.3912071	0.2335426	0.3169327	0.9297559	0.3112694	0.3637340	0.9584119	0.1589398	0.2670455	0.6498318	0.7931145	1.0351174	0.1402507	0.6535788	1.0095359	0.4184859	0.2245238	0.5131035	0.6073464	0.7854143	0.4606182	0.1309775	0.4648780	0.5528648	0.0723851	0.5781484	0.2784400	0.0363961	0.5378107	0.9932421
50	0.0099534	0.6510836	1.0176206	0.1652229	0.4801931	0.0030746	0.0099340	0.0224061	0.7319636	0.4409852	0.0687117	0.2248054	0.0071151	0.0796745	0.9801110	0.4082217	0.4780597	1.1066378	1.0339223	0.7489711	0.3423954	0.6107733	1.1301920	0.9131777	0.7980429	0.7671039	0.9361025	0.1524173	0.2019689	0.0189806	0.3652151	0.0882332	0.6183141	0.9317409	0.3133865	0.7721203	0.4640485	0.7806081	0.3620935	0.0755321	0.9196063	0.3832779	0.0639000	0.0779020	0.7359192	0.2919464	0.6055822	0.8329847	0.8467032	0.5512433	0.0843042	0.3861755	0.9129124	0.0008101	0.7561796	0.4915528	0.8735566	0.2175036	0.3936105	0.9856556	0.9054511	0.5114794	0.2798232	0.1870122	0.5895053	0.5529388	0.8832051	0.7794625	0.5682217	0.0554782	0.3065884	0.2125836	0.2938057	0.9128305	0.2744525	0.5535121	0.9674343	0.3344960	0.2228772	0.6659949	0.7069397	0.9662678	0.1512672	0.6357624	1.0695866	0.4383979	0.2161389	0.4858313	0.6057791	0.8796601	0.5084745	0.1527464	0.4557136	0.5782784	0.1762433	0.5273004	0.2700118	0.2694888	0.5224840	1.0666583
100	0.0217547	0.6419238	0.9128882	0.1449023	0.4906238	0.0000492	0.0372939	0.0334684	0.6402684	0.4530728	0.0951533	0.3147114	0.0030735	0.1186184	0.9465242	0.3550468	0.4214532	1.0817896	0.9110731	0.4950621	0.5395856	0.7398150	1.0455403	0.8133124	0.8239959	0.8721883	0.8945506	0.1144844	0.1926502	0.0307995	0.3965668	0.0927983	0.6408122	0.8602710	0.2825057	0.6968324	0.6223518	0.8126920	0.4039619	0.1075769	0.9298317	0.3824024	0.0516383	0.0871675	0.8651738	0.0982806	0.6583982	0.9068420	0.8343097	0.7035830	0.0940955	0.3433879	0.9355156	0.0029025	0.6269125	0.4945310	0.8025223	0.2430716	0.5372641	0.9740724	0.9203573	0.5559657	0.1721746	0.0875114	0.6458273	0.6053312	0.9478030	0.7448894	0.6584251	0.0518210	0.2936974	0.1557129	0.3295163	0.8067429	0.3059806	0.5813838	0.9072341	0.3777114	0.1600294	0.5940723	0.6641230	0.8478115	0.1708810	0.6427061	1.0199932	0.4066834	0.2930146	0.5805441	0.5713602	0.8626974	0.4691977	0.2723386	0.4702506	0.6091966	0.2934253	0.5659829	0.2188388	0.5464230	0.3782387	1.0631053
150	0.0120907	0.6077818	0.9525262	0.1282146	0.4713445	0.0006063	0.0228068	0.0358128	0.5909614	0.4604447	0.2079470	0.3641982	0.0003364	0.1032999	0.8732084	0.3736104	0.4326723	1.0771228	0.8683434	0.3210211	0.7629755	0.6323218	1.0058721	0.9172185	0.8635103	0.9493647	0.8664257	0.1225682	0.1903585	0.0330427	0.3385891	0.0953754	0.5769302	0.7788416	0.3881326	0.4189757	0.5899816	0.9011428	0.3945470	0.1460183	0.9712924	0.3083957	0.0535924	0.1026231	0.8902379	0.0594767	0.6636941	0.7507568	0.8687690	0.8284413	0.0877916	0.2820696	1.0091768	0.0080401	0.6521256	0.5479386	0.7936220	0.2134736	0.6296715	1.0235412	0.8815250	0.6484059	0.1812339	0.0381017	0.5527342	0.5908128	0.9349136	0.7102015	0.7281801	0.0865847	0.2801814	0.1121300	0.4989221	0.7407138	0.2763496	0.7194885	0.8917774	0.6094527	0.1230193	0.4958646	0.6851672	0.8383440	0.2372834	0.5651767	0.9582205	0.3664753	0.4085457	0.5251951	0.5406123	0.7197160	0.5366090	0.3016765	0.4640483	0.5934269	0.3431181	0.5711410	0.2069871	0.7865922	0.2052499	1.0210792
200	0.0168522	0.5670429	0.8960100	0.1172155	0.4653860	0.0016205	0.0210017	0.0241166	0.5862146	0.4186893	0.3110522	0.4127081	0.0124111	0.1000349	0.7478154	0.4468785	0.3947989	1.0168572	0.8092287	0.2075652	0.7699685	0.7090540	0.9291373	0.9651681	0.8857016	0.9165904	0.7812366	0.0952738	0.2445199	0.0345206	0.3766107	0.1021029	0.6577645	0.7640509	0.4249014	0.2862036	0.6044457	0.9356794	0.3496728	0.1622616	0.9547853	0.2883839	0.0743549	0.1133574	0.8237431	0.0227934	0.5693066	0.6567544	0.8920643	0.7909078	0.0842213	0.3479305	1.0997349	0.2202422	0.6226899	0.7268316	0.7249094	0.2289956	0.6687588	0.9632931	0.8206787	0.6068394	0.2754779	0.0199901	0.5352859	0.7103525	0.8273616	0.7062599	0.7450106	0.1544890	0.2424058	0.0997770	0.7034033	0.7853635	0.2473286	0.6814933	0.8954646	0.4583183	0.0831243	0.4122596	0.6130181	0.8036481	0.2235744	0.6679519	0.8928371	0.4521386	0.4370290	0.4926115	0.5781160	0.6450414	0.5468266	0.3308474	0.4226229	0.4814340	0.3711764	0.5724189	0.3301077	0.8135814	0.1227454	1.0159473
250	0.0070515	0.6007655	0.8074310	0.0586097	0.4856217	0.0038671	0.0203157	0.0334681	0.5725966	0.4612605	0.3998444	0.4824373	0.0042059	0.1218410	0.7625392	0.3995115	0.4139660	1.0617801	0.9115025	0.1644940	0.7729601	0.7347944	0.8559278	0.9019543	0.8713595	0.9130797	0.6609908	0.1021052	0.2211299	0.0480040	0.4129403	0.0720970	0.5369428	0.8458774	0.6586088	0.2083118	0.6517392	0.9328151	0.3587625	0.1316920	0.9319682	0.2747895	0.0871050	0.0974543	0.9255303	0.0004127	0.4238986	0.5651855	0.9339525	0.8051623	0.0731722	0.3716286	1.1299436	0.4427338	0.6270052	0.8450544	0.7103218	0.3082488	0.7993198	1.0284449	0.7043860	0.6462193	0.2847038	0.0211613	0.5426720	0.6577892	0.7948446	0.6294841	0.7764336	0.2272360	0.2656207	0.0778510	0.7925417	0.7094596	0.3316139	0.7211388	0.8432672	0.3523646	0.0880185	0.3719205	0.6529843	0.7615534	0.2410005	0.7268793	0.8948213	0.5564015	0.4817055	0.5240220	0.7099044	0.4977033	0.5398716	0.2951669	0.4263365	0.3975528	0.3763518	0.6032462	0.4843225	0.9108106	0.0749314	1.0434289
300	0.0152225	0.5712386	0.7993554	0.0689908	0.4532560	0.0027119	0.0348800	0.0272433	0.5041011	0.5039081	0.3963267	0.5032095	0.0128501	0.1247691	0.8235484	0.4311452	0.4079886	1.0495158	0.9801096	0.1254307	0.8020961	0.7701035	0.9823584	1.0025370	0.9065006	0.8946427	0.6077032	0.1057723	0.2753931	0.0465270	0.4141021	0.0636071	0.5911746	0.8969879	0.6288358	0.1472372	0.6901962	0.9781435	0.3995199	0.1304624	0.8849641	0.3193395	0.0969058	0.1297547	1.0349060	0.0035966	0.3214745	0.4803915	0.8169291	0.8225728	0.1107380	0.3865300	1.0888646	0.5131188	0.7116512	0.8913079	0.8247461	0.3824267	0.8059001	0.9363314	0.7361893	0.5572751	0.2784496	0.0286332	0.5199650	0.7082407	0.7922944	0.4595058	0.7816781	0.4058501	0.2957296	0.0570764	0.8532505	0.6308026	0.2385311	0.7049076	0.8338587	0.3278996	0.0753954	0.3460186	0.7171961	0.7486918	0.2719539	0.7707180	1.0263889	0.5281414	0.4681043	0.5900800	0.7361519	0.4826755	0.5473134	0.3877789	0.3121462	0.3613635	0.3015547	0.6097256	0.5606808	1.1128519	0.0436339	1.0982885
350	0.0237939	0.6236257	0.7945261	0.0589476	0.4777889	0.0052745	0.0373828	0.0509962	0.4524353	0.4820651	0.3743570	0.4324467	0.0024489	0.1351083	0.7460029	0.3890322	0.4422907	1.0494224	1.0222538	0.0819971	0.8015427	0.8955787	1.0283661	1.0457693	1.0050037	0.9139608	0.5617866	0.0976134	0.2542360	0.0585499	0.4966356	0.0889482	0.5724656	0.8911002	0.6602706	0.1711115	0.6076519	1.0295968	0.3912829	0.1232359	0.8387782	0.3174954	0.1149333	0.0978966	0.8732103	0.0070935	0.2307835	0.3850471	0.8101938	0.8210986	0.0993267	0.4441841	1.0699330	0.6057548	0.7018776	0.9488305	0.7912034	0.4640559	0.9114157	0.9632985	0.6994389	0.5945488	0.3044414	0.0337610	0.4164097	0.6589733	0.6840411	0.4602127	0.8243418	0.5224868	0.3275379	0.0590895	0.8852725	0.7088993	0.2609835	0.7528717	0.8433154	0.2876543	0.0571944	0.4146704	0.6829718	0.7400416	0.3226733	0.6817191	0.8891702	0.5770611	0.4844149	0.5980500	0.8489670	0.4320672	0.6792300	0.3930854	0.3331268	0.2328456	0.3321731	0.6232313	0.5956183	1.1349372	0.0437087	1.0600782
400	0.0154466	0.5918547	0.8273660	0.0496289	0.4327849	0.0068569	0.0118904	0.0788057	0.4586580	0.4283589	0.4232503	0.4149676	0.0037882	0.1283172	0.8410915	0.3269993	0.4702132	1.0133039	1.0504104	0.1064089	0.8867628	0.8252084	1.0600508	0.9356799	0.9640501	0.9093963	0.5473258	0.1090032	0.3658204	0.0848110	0.5730524	0.0988134	0.5898565	0.9838063	0.7096204	0.1279057	0.5491995	0.8852476	0.4173353	0.1686542	0.9723914	0.3243400	0.0875183	0.1048811	0.8833437	0.0082162	0.1497979	0.3852876	0.8279440	0.8105278	0.1157210	0.4635882	1.1483371	0.6298040	0.6834990	0.9103612	0.6705469	0.5074403	0.8598957	1.0108073	0.7053666	0.5979960	0.2923200	0.0177586	0.4624537	0.5701373	0.7148236	0.4336414	0.8575452	0.5525796	0.3926950	0.0386111	0.9041102	0.7540164	0.2287543	0.8383106	0.8490906	0.2973650	0.0503471	0.4549653	0.6067125	0.7799616	0.3313042	0.6289381	0.8751311	0.6247940	0.5217761	0.6592831	0.8968615	0.4479418	0.5485837	0.3831787	0.3562132	0.1835037	0.3025389	0.6540896	0.6635896	1.0502235	0.0560571	1.0144935
450	0.0189211	0.5334203	0.8146555	0.0420425	0.3893068	0.0027800	0.0219877	0.0707334	0.4806476	0.4933808	0.3911003	0.4023929	0.0036171	0.1437860	0.6381109	0.3647759	0.4545754	0.9702032	0.9135163	0.1172700	0.9159281	0.8524993	0.9717904	0.9654508	0.9529121	0.8919299	0.5424112	0.0976321	0.4461795	0.0599077	0.6761261	0.1230348	0.5635266	0.9853747	0.7805351	0.1700603	0.5999048	0.9467119	0.4525090	0.1394365	0.9765730	0.3439442	0.0811162	0.1092898	0.8699105	0.0233280	0.1324136	0.3725638	0.7891957	0.7884044	0.1248013	0.4199350	0.9914629	0.6322540	0.6672929	0.7657498	0.7092598	0.5255597	0.8863248	1.0529896	0.6546044	0.6751724	0.2200261	0.0216365	0.4933475	0.6441014	0.7539972	0.4078077	0.7949393	0.6015694	0.3991922	0.0130395	0.8608546	0.7848189	0.1985011	0.9102600	0.7653798	0.3621910	0.0453529	0.4744215	0.6002459	0.7452618	0.3197909	0.8065350	0.9329481	0.6486070	0.5983802	0.7290240	0.9087921	0.4944503	0.5702830	0.3662396	0.3235828	0.1676061	0.2710617	0.6859090	0.7537480	1.0345305	0.0529001	1.0097003
500	0.0104123	0.5429216	0.8742302	0.0343800	0.4125024	0.0042643	0.0197218	0.0590355	0.4919015	0.4850068	0.3788881	0.3635573	0.0009081	0.1120860	0.7087981	0.3241272	0.5393707	1.0598984	0.9736359	0.1018982	0.7350821	0.8464217	0.9791268	0.9858728	1.1270809	0.9106346	0.5631137	0.1205419	0.4472720	0.0640348	0.7171882	0.1003450	0.4947392	0.9623989	0.7724969	0.1852474	0.5369878	0.8507076	0.3961121	0.1348295	0.8467940	0.2794690	0.1026119	0.0860622	0.8817670	0.0060251	0.1110744	0.4082211	0.7947239	0.8116019	0.1017920	0.5029459	1.0519184	0.6241652	0.7239015	0.8551538	0.7140091	0.5395410	0.8692305	1.0646655	0.5613487	0.6195681	0.2605520	0.0102795	0.4561928	0.6345829	0.7233551	0.3997255	0.8980421	0.5727295	0.4057666	0.0155444	0.8218308	0.8483686	0.1839402	0.9081982	0.8457093	0.3436170	0.0485135	0.4682588	0.6442258	0.7951025	0.3790492	0.8008562	1.0371611	0.6414718	0.5380521	0.7198749	0.7448844	0.4604971	0.6052145	0.3254199	0.3409599	0.1444107	0.3150502	0.6997642	0.7094168	1.0765334	0.0473523	0.9812499
550	0.0110554	0.5376553	1.0276828	0.0843974	0.4123651	0.0043390	0.0302857	0.0653534	0.5598960	0.4492042	0.3687354	0.2675061	0.0048501	0.0911614	0.6869269	0.3234092	0.5474655	0.9371282	1.0107845	0.3639483	0.4622684	0.8817299	0.9895156	1.0628441	1.0517662	0.8147594	0.5728977	0.1182073	0.5030608	0.0824406	0.6569178	0.1218201	0.4866240	0.9871042	0.8144110	0.2674604	0.3176510	0.8764098	0.4169389	0.0910729	0.7782450	0.3104781	0.0713076	0.1109787	0.7713318	0.5236266	0.0838472	0.3554460	0.7568079	0.6271427	0.1327290	0.5602297	1.0497768	0.5153868	0.7589589	0.7580239	0.7310661	0.5179127	0.8866714	0.8826552	0.5521968	0.5908529	0.2561357	0.1193397	0.4920593	0.6122018	0.8747228	0.3954041	0.7869096	0.5845547	0.3900204	0.0227422	0.8091122	0.8699317	0.1934754	0.7830764	0.8172294	0.3032687	0.0718073	0.4020184	0.6928431	0.7844379	0.3893098	0.8474969	1.0444411	0.6828245	0.4960400	0.7465636	0.8637737	0.4830699	0.5860186	0.4016032	0.3171867	0.1926419	0.2280632	0.7078265	0.6795295	0.8052336	0.0535451	0.9924668
600	0.0399624	0.5788819	1.0701178	0.1074147	0.4671069	0.0060498	0.0417325	0.0400684	0.6532411	0.3471192	0.2623191	0.1540418	0.0088557	0.1413867	0.7572343	0.3636786	0.4708147	0.9163268	0.9453285	0.7075371	0.2674176	0.8320878	1.0085989	0.9923486	0.8607765	0.7631559	0.5979183	0.1183845	0.4974014	0.0945651	0.6275249	0.1853078	0.4399551	1.0239174	0.7829876	0.6363103	0.3168026	0.7871438	0.3885121	0.0551945	0.7766473	0.3538745	0.1253238	0.0810306	0.6809737	0.7930451	0.0973698	0.4077407	0.8238430	0.3922852	0.1001182	0.5446541	0.9961169	0.2678587	0.7283259	0.5187998	0.7579871	0.5110178	0.7964302	0.8426998	0.5061277	0.6557516	0.3666776	0.1795654	0.4625822	0.5790545	0.9521627	0.5377809	0.5988217	0.4628767	0.3545645	0.0810936	0.7674163	0.7607815	0.1597026	0.7443777	0.8114515	0.2773811	0.1287810	0.5021858	0.7883460	0.7873508	0.3445133	0.7842954	0.9282819	0.7297394	0.4429342	0.6854944	0.7528689	0.5663491	0.5201798	0.3595937	0.3264969	0.3666292	0.1339510	0.8294193	0.6337623	0.3849247	0.0650920	0.9988106
650	0.0452755	0.6891393	1.0679445	0.1532176	0.5979074	0.0016941	0.0142616	0.0168572	0.7760284	0.1703332	0.1994231	0.0913770	0.0077354	0.1507840	0.8717228	0.3843786	0.4912036	0.9470783	0.9422945	0.8478074	0.1459320	0.7691317	1.0225371	1.0740096	0.7270521	0.7682418	0.7860217	0.1102994	0.5312566	0.0626464	0.6431450	0.2364562	0.5063479	1.0549897	0.5949752	0.9167151	0.4880952	0.8648371	0.3832558	0.0330713	0.7368684	0.3327183	0.1037267	0.0663114	0.6213345	0.9459539	0.1542517	0.5673273	0.9175922	0.2371868	0.1036532	0.5073157	0.9831629	0.1404409	0.6775675	0.3274641	0.7166153	0.4284407	0.7112653	0.8841541	0.5888163	0.6112667	0.4252661	0.2541109	0.4786975	0.5426227	0.9085184	0.6722899	0.5740353	0.4136963	0.3667563	0.1834487	0.7865951	0.8955694	0.1765183	0.7366834	0.7997817	0.1950671	0.1799875	0.7207688	0.8364189	0.8619494	0.3017060	0.7228214	0.9628458	0.5753938	0.3210611	0.6324582	0.5733630	0.5024822	0.5002188	0.3637801	0.3783476	0.5395851	0.0947612	0.7038147	0.6230974	0.2265497	0.1994984	0.9507602
700	0.0562801	0.6153958	0.9394217	0.2479760	0.4778831	0.0013164	0.0362220	0.0161093	0.8060648	0.1127488	0.1690972	0.1170677	0.0129430	0.1300783	0.9123036	0.4397914	0.5413550	0.9832147	0.9602558	0.9790712	0.1031079	0.7626615	1.0003508	0.9475466	0.7022914	0.6218636	0.8650235	0.1099536	0.4733650	0.0948441	0.6341352	0.2202428	0.5411736	1.0130503	0.5177385	1.0846805	0.6289216	0.7788913	0.3289658	0.0204689	0.7251522	0.3871351	0.1001718	0.0863530	0.5180262	1.0614880	0.2804074	0.7626994	0.8440952	0.2405180	0.1141854	0.4634139	1.0188805	0.0631304	0.7069232	0.1748351	0.7835742	0.4066727	0.5710717	0.9015097	0.6219776	0.4807015	0.4539790	0.2512971	0.5605319	0.5193080	1.0312538	0.7249913	0.5504990	0.2583051	0.3084117	0.2222449	0.6769627	0.8251415	0.1578432	0.8136521	0.8422835	0.2197673	0.3578230	0.7428405	0.8160060	1.0255077	0.2631405	0.6979724	1.0076080	0.4719051	0.1887879	0.4896692	0.5403217	0.6197700	0.5259835	0.3618266	0.3695880	0.5445715	0.1489872	0.6701342	0.4918088	0.1063199	0.3323284	0.9605395
750	0.0336833	0.6356362	0.8725479	0.2953789	0.4438792	0.0001779	0.0441914	0.0072538	0.9581296	0.0960623	0.1852789	0.1114747	0.0047968	0.1142163	0.9387701	0.3818355	0.5410998	1.0462427	1.0776113	0.9717208	0.0831262	0.6943403	0.9393948	1.0447566	0.8142830	0.7326339	0.9692152	0.0980945	0.5542175	0.0831629	0.6221930	0.2309124	0.6328622	1.0082014	0.3997145	1.0559992	0.7378190	0.7807450	0.3334178	0.0208742	0.8219217	0.4553088	0.0654865	0.1042713	0.4346923	0.9061627	0.3995767	0.8418583	0.8616071	0.2440488	0.0949426	0.4711623	0.9862126	0.0724516	0.7289755	0.1699758	0.7485960	0.3317566	0.5424333	0.9265708	0.6392639	0.5513229	0.4086346	0.2923159	0.5283675	0.6022462	1.0960771	0.8147825	0.5152249	0.1276849	0.3917356	0.1748383	0.6138488	0.8163967	0.1721382	0.7885803	0.9102868	0.3943139	0.3950266	0.7330155	0.8502966	0.9774546	0.2200563	0.7667741	0.9423754	0.4559696	0.1115748	0.3903903	0.4415273	0.6127113	0.4182314	0.3325597	0.3467102	0.6160622	0.2599893	0.5886649	0.3990496	0.0461596	0.5087982	0.9016716
800	0.0579326	0.5983313	1.0059336	0.3308715	0.5196950	0.0008235	0.0188296	0.0235567	0.9593890	0.0866264	0.2152606	0.1077724	0.0037794	0.0979116	0.8763026	0.4961551	0.5036014	1.0641200	0.9501828	0.8466340	0.0851701	0.7098232	1.0206792	1.0330209	0.8834940	0.6680911	0.8531477	0.1190030	0.6288052	0.0702410	0.4908920	0.2632880	0.6445301	1.0304167	0.3816796	1.0362777	0.6745710	0.7371327	0.3116676	0.0161444	0.8893925	0.5621605	0.0714044	0.1157217	0.5420201	0.7130452	0.5107871	0.8394025	0.8807511	0.2320838	0.1206663	0.4124974	1.0193210	0.0631496	0.7262143	0.1172274	0.7866957	0.2323379	0.4936138	0.9444749	0.6598117	0.5403878	0.4903669	0.3195323	0.6060758	0.6716761	0.9779036	0.7545882	0.5089406	0.1166785	0.3689941	0.1780966	0.4923259	0.7778031	0.1699184	0.7650923	0.8935623	0.5081519	0.4440952	0.5865135	0.9025258	0.9434887	0.2018473	0.8292915	0.9451077	0.4159675	0.0971683	0.3232039	0.4168885	0.6242731	0.4388668	0.3812013	0.3405370	0.5684737	0.2762028	0.5905093	0.3609365	0.0263213	0.5045673	0.9499136
850	0.0346352	0.5711220	1.0034566	0.2772442	0.5392221	0.0009620	0.0170777	0.0406028	0.9967798	0.0707562	0.2658453	0.1028714	0.0074723	0.0942596	0.8963541	0.5129156	0.4196233	1.0731573	0.9377761	0.9365678	0.0778583	0.6593632	0.9743052	1.0597179	0.8289020	0.6870939	0.9384598	0.1245565	0.5349345	0.0572838	0.4812166	0.1993864	0.6845725	0.9485155	0.3387603	1.0284615	0.5414256	0.7033574	0.3431989	0.0232493	0.8939221	0.5810846	0.0551648	0.1097900	0.5799816	0.7264048	0.5321526	0.8507605	0.8228990	0.2428826	0.1428578	0.4602101	0.8537944	0.0542431	0.7799995	0.1318160	0.7471502	0.2546845	0.4555774	0.9386688	0.6665678	0.5632652	0.4407019	0.3137183	0.5873929	0.6542689	0.9498775	0.7461449	0.5427696	0.0685776	0.3922581	0.1895132	0.4387296	0.8687151	0.1560341	0.8687815	0.8771128	0.6152543	0.4181587	0.7213079	0.8713001	1.0140049	0.1982512	0.8163773	1.0108923	0.4645305	0.0733195	0.3366483	0.5131340	0.5972730	0.4739717	0.3957115	0.3186577	0.6121340	0.2351629	0.6153321	0.3618817	0.0188757	0.5182094	0.9447760
900	0.0651200	0.6538407	1.0620266	0.2646089	0.5529762	0.0015753	0.0287842	0.0581751	1.0125139	0.0740636	0.2114284	0.0902904	0.0024407	0.1068854	0.7885980	0.5749499	0.3985736	0.9492816	0.8872201	0.8420059	0.1053293	0.6718805	1.0070035	0.9625272	0.9433616	0.5842715	0.9724758	0.1468548	0.3827789	0.0367584	0.3935468	0.1934345	0.5666309	0.8868270	0.3249806	1.0200286	0.5054534	0.7443324	0.4077681	0.0218700	1.0765061	0.5153521	0.0503119	0.1156767	0.6738100	0.6229531	0.5203016	0.8797698	0.7527918	0.2202111	0.1141676	0.4520803	0.7920849	0.0236609	0.7055738	0.2431865	0.7858419	0.2889919	0.4251028	1.0128509	0.6159753	0.5314680	0.4720814	0.3550245	0.5480978	0.6809657	1.0216766	0.7121393	0.4537112	0.0511349	0.3792621	0.1762531	0.3752192	0.8604922	0.1891517	0.7395406	0.8584326	0.5937824	0.4324328	0.7658539	0.8066095	0.9361807	0.1282126	0.7235768	0.9834504	0.4907030	0.0884985	0.3122634	0.5745627	0.5815951	0.4186166	0.3594795	0.3148933	0.6171432	0.1976644	0.6784001	0.3909881	0.0259503	0.5585826	0.9205214
950	0.0545947	0.7224833	0.9412477	0.2157418	0.4558353	0.0006919	0.0347712	0.0508864	0.9741913	0.0703800	0.1496219	0.0865840	0.0070599	0.1139982	0.7973352	0.6076357	0.4581372	0.9582430	0.9942345	0.8406580	0.0889782	0.5971335	0.9735952	1.0084571	0.8752733	0.6795337	0.9411200	0.1210351	0.2396799	0.0331246	0.3996659	0.2044457	0.5886574	0.8013237	0.2668166	0.9054558	0.3656089	0.7328631	0.4950855	0.0336927	1.0082523	0.4695114	0.0560857	0.1413063	0.6250587	0.5526909	0.6177167	0.7864104	0.8019633	0.2225698	0.1470855	0.4397953	0.6615745	0.0205401	0.6685972	0.2501817	0.8231617	0.2299230	0.4436713	1.0623042	0.5185355	0.5804834	0.4422059	0.3115810	0.5907327	0.6170632	1.0690151	0.6711556	0.4201971	0.0627405	0.3436128	0.1720120	0.3386745	0.7807226	0.2496849	0.5629005	0.8890914	0.5815968	0.4135274	0.6849662	0.9634884	0.9750198	0.1412130	0.7548692	0.9524800	0.4135383	0.1003428	0.3549971	0.5807753	0.5946649	0.4991555	0.3312415	0.3608081	0.6435682	0.1361364	0.7195863	0.3906028	0.0347318	0.4629524	0.8430956
1000	0.0328687	0.6666086	0.9989697	0.1776425	0.4738742	0.0025823	0.0389989	0.0276809	1.0021248	0.0738982	0.1396707	0.0783267	0.0131081	0.1393471	0.7418011	0.5329759	0.4737556	1.0301874	1.0149586	0.9545591	0.0905744	0.5967703	0.9983478	0.9679242	0.8502092	0.7728540	0.9814337	0.1060704	0.2517290	0.0319949	0.3783320	0.1653370	0.6158799	0.8221338	0.2057220	0.9428993	0.3112870	0.7301748	0.4201806	0.0346595	0.9132621	0.4841574	0.0510518	0.1319713	0.7019233	0.4070093	0.5722202	0.8136407	0.7918066	0.2221576	0.1189840	0.5341568	0.5090127	0.0060332	0.7049256	0.2364388	0.7289655	0.2661267	0.4400584	0.9734385	0.5373780	0.6019485	0.3544387	0.2850547	0.5364741	0.4790298	0.9894319	0.6599663	0.3549805	0.0619533	0.3453906	0.1923258	0.2743459	0.8351293	0.2421342	0.4577699	0.8890936	0.4289804	0.3541464	0.7008810	0.8051327	1.0234531	0.1106377	0.6829090	1.0115184	0.3388779	0.1532064	0.3545923	0.5995815	0.6402723	0.4870612	0.3373617	0.4206392	0.5934207	0.1181151	0.6984536	0.3426502	0.0301667	0.4546155	0.9100577

0	0.0094491	0.6355617	1.0459758	0.0876986	0.4170952	0.0015965	0.0357302	0.0201856	0.7842026	0.5482911	0.1482550	0.1067167	0.0074763	0.0795139	0.9263252	0.4386615	0.5117037	1.0187251	0.9869150	0.9112762	0.0675828	0.6396705	0.9879649	0.9056811	1.0249936	0.8053086	0.8415975	0.0956169	0.2807776	0.0361236	0.3476186	0.0945586	0.7647381	0.8073502	0.2691465	0.9854445	0.2644993	0.7761342	0.3511720	0.0142404	0.9503393	0.3956488	0.0912837	0.0721673	0.8039584	0.5632487	0.5721011	0.9104100	0.8750489	0.3877912	0.0490860	0.3690556	1.0040851	0.0016799	0.7496314	0.4296180	0.7445798	0.3138374	0.4763448	0.9977159	0.8917758	0.5763065	0.2317245	0.3844034	0.5377636	0.4876338	1.0898320	0.8135737	0.5024926	0.0491368	0.3912071	0.2335426	0.3169327	0.9297559	0.3112694	0.3637340	0.9584119	0.1589398	0.2670455	0.6498318	0.7931145	1.0351174	0.1402507	0.6535788	1.0095359	0.4184859	0.2245238	0.5131035	0.6073464	0.7854143	0.4606182	0.1309775	0.4648780	0.5528648	0.0723851	0.5781484	0.2784400	0.0363961	0.5378107	0.9932421
50	0.0214507	0.7093590	1.0181466	0.1221478	0.4530865	0.0020520	0.0255838	0.0137930	0.6975020	0.3398426	0.1066669	0.2892165	0.0032196	0.0934970	0.7963693	0.4380466	0.3718253	1.0434081	0.9009902	0.8925849	0.2697428	0.6490568	0.9020173	0.8545903	0.7840452	0.7229948	0.8950985	0.3623055	0.1946282	0.0199591	0.3661265	0.0659735	0.6328547	0.8301863	0.3064741	0.9114866	0.1920921	0.6295544	0.2896993	0.0344727	0.9701077	0.4524321	0.2418250	0.0638286	0.7909908	0.4241268	0.6101352	0.8319017	0.7676214	0.3473525	0.0909849	0.4483463	0.9914122	0.0001464	0.7436839	0.5050819	0.7444759	0.3009090	0.4778366	0.9908191	0.7163452	0.5282722	0.1970903	0.1867887	0.5419616	0.5380722	0.9074674	0.8185991	0.4447245	0.0397592	0.3082552	0.1618794	0.2857627	0.8519426	0.3241196	0.2775685	0.8822142	0.2616313	0.3034862	0.6115611	0.7015780	1.0257350	0.0827454	0.6674404	0.9945156	0.3324968	0.2925072	0.5428053	0.3698363	0.7714298	0.4662984	0.2394165	0.3611796	0.5044899	0.1351576	0.5955609	0.2496010	0.1062715	0.6589448	1.0446897
100	0.0189468	0.7558825	0.9428180	0.1991429	0.4260043	0.0026839	0.0431549	0.0052186	0.6312694	0.2262541	0.1235694	0.4616378	0.0035166	0.0971578	0.8498354	0.4601565	0.3892500	0.9771057	0.8650764	0.8851000	0.4277505	0.7280555	0.9814997	0.7390387	0.5833812	0.6979158	0.9877268	0.5730012	0.1907638	0.0077253	0.3477555	0.0446838	0.7185658	0.9138228	0.2854301	0.8874545	0.2007785	0.4326744	0.1906011	0.0818386	0.9596764	0.3683354	0.4608085	0.0616083	0.7368860	0.5015628	0.4669287	0.8390518	0.7530671	0.3142773	0.0939428	0.4259799	0.9484853	0.0000224	0.7138755	0.4911407	0.7228760	0.3831918	0.6666155	1.0527389	0.7566905	0.3336395	0.0794961	0.0490303	0.4864993	0.5194820	0.8923304	0.8162102	0.4390265	0.0241191	0.2008940	0.1696791	0.2977038	0.8218179	0.2834951	0.1622269	0.9544791	0.1413958	0.4290793	0.5781571	0.5368266	1.0365387	0.1211842	0.5509198	1.0432429	0.2458076	0.3596464	0.4738793	0.2567768	0.7968922	0.4490044	0.3089296	0.2475324	0.5045093	0.3523225	0.5635252	0.2011100	0.2717843	0.7154931	1.0567687
150	0.0137981	0.6908774	0.9974068	0.3079557	0.4705187	0.0068368	0.0363821	0.0169111	0.6375184	0.1668519	0.1117865	0.5628608	0.0065566	0.1156170	0.8311444	0.4640188	0.4849736	0.9117915	0.8826016	0.9159496	0.5409638	0.7961437	0.9787893	0.4733644	0.4933277	0.6835645	0.9634673	0.7166414	0.1528706	0.0124798	0.3941024	0.0391193	0.5939732	0.8791418	0.2845422	0.8431173	0.2691980	0.4010233	0.2033684	0.3645361	1.0204274	0.2669261	0.5616835	0.0290283	0.6749733	0.6216198	0.6051409	0.8093761	0.6532874	0.3040772	0.0970730	0.4729345	0.7877578	0.0003125	0.7570861	0.5649759	0.7366999	0.4231969	0.7681886	0.9963322	0.8341478	0.2502134	0.0829132	0.0387273	0.5784575	0.3907853	1.0388083	0.7403905	0.4351798	0.0069495	0.1280555	0.2099162	0.3397884	1.0177723	0.2086297	0.0861318	1.0113646	0.0699503	0.5453933	0.5931386	0.5667615	0.9973700	0.1891098	0.5513198	0.9783709	0.1892269	0.3106025	0.3489633	0.1978587	0.8958169	0.4467442	0.3289403	0.2562779	0.5205744	0.4860171	0.5714382	0.2963041	0.3475480	0.7128499	1.0253723
200	0.0227990	0.7143907	0.9892425	0.3508779	0.4874911	0.0131727	0.0337626	0.0202501	0.6478470	0.1259063	0.0910993	0.5833287	0.0096908	0.0968475	0.9254133	0.4860479	0.5436139	0.9534850	0.9362481	0.9159951	0.5416613	0.7195088	0.8826597	0.3019604	0.4751569	0.7064364	1.0066297	0.7232124	0.1400715	0.0150597	0.3644866	0.0682422	0.5181214	0.8311895	0.3823191	0.9748200	0.3350383	0.3057147	0.1325203	0.5730895	0.8089954	0.2349954	0.6323491	0.0138307	0.6952613	0.5719552	0.6521689	0.8116976	0.6950845	0.2546690	0.1281269	0.4892110	0.7513389	0.0005786	0.7322392	0.6127312	0.8085366	0.4572026	0.7832506	0.9856283	0.8318742	0.2719257	0.0778769	0.0395643	0.5988931	0.2742665	0.9764205	0.7595707	0.5097193	0.0167514	0.1081087	0.1911198	0.3263871	0.9718523	0.1691225	0.1105728	0.9871861	0.1084206	0.5958231	0.6140375	0.5611569	0.9431099	0.1420489	0.4669445	0.9346453	0.1521894	0.2294422	0.3317790	0.2751284	0.9238150	0.4550295	0.3042634	0.2535971	0.5914289	0.6167967	0.5019083	0.3667353	0.3720902	0.7214255	1.0115358
250	0.0194687	0.6996738	1.1218934	0.3339158	0.4482807	0.0067063	0.0319451	0.0065627	0.6764265	0.1335662	0.0902668	0.6447245	0.0048465	0.0785939	0.8987510	0.6104394	0.5290649	0.9688693	0.7935115	0.9263883	0.5613705	0.7464350	0.8443971	0.2153335	0.4733441	0.6155574	0.9817718	0.8492572	0.0936098	0.0024077	0.3286785	0.0736738	0.5160609	0.8658137	0.3469117	0.9230955	0.3028148	0.3317559	0.1749159	0.7913495	0.6344978	0.2722898	0.6337291	0.0065982	0.6860005	0.5106685	0.5527717	0.8473333	0.6413843	0.2363700	0.1181883	0.4881118	0.6666609	0.0024597	0.7532195	0.6188934	0.8043687	0.4426250	0.8668172	1.0484543	0.8205686	0.2150903	0.1040945	0.0120510	0.5305040	0.2185153	1.0725077	0.7504055	0.5375973	0.0151638	0.1187466	0.1222653	0.3503944	0.9413699	0.2082608	0.0620806	0.9064882	0.1175857	0.6351471	0.6520447	0.5090566	0.9359440	0.1351712	0.4446055	0.9351311	0.1625254	0.1213905	0.2809205	0.1970886	0.9176067	0.4263368	0.3725094	0.2872562	0.5442505	0.6458757	0.5429989	0.3851665	0.3403402	0.7024892	0.9968594
300	0.0389262	0.6301962	1.0772256	0.3253288	0.4247298	0.0030355	0.0121382	0.0181497	0.7243081	0.1301531	0.0856010	0.6208150	0.0035440	0.1075022	0.8369067	0.6596574	0.5421131	0.9675985	0.6188231	0.8911592	0.5128576	0.6864983	0.7547315	0.1795299	0.4569953	0.6744979	1.0410411	0.7539672	0.0431588	0.0088946	0.3871563	0.0867624	0.4702294	0.8033905	0.2911653	0.7693763	0.2406242	0.3326889	0.1081427	0.8464080	0.6143003	0.3414861	0.6722423	0.0052242	0.7217190	0.5116905	0.5959715	0.8725465	0.6999558	0.2200557	0.1152535	0.4318480	0.5849453	0.0008290	0.7267996	0.6468689	0.7819502	0.4917628	0.7679100	0.9987389	0.9075931	0.1707731	0.1052348	0.0169338	0.6108434	0.1416992	1.0217398	0.7517302	0.4808754	0.0326265	0.1265489	0.1500604	0.3421200	1.0235519	0.2065005	0.0136636	0.8873060	0.1488912	0.6296103	0.6879394	0.4687836	0.9261879	0.1405021	0.2965379	0.9963398	0.1537966	0.1167338	0.2277506	0.1781556	0.9422870	0.4024043	0.4428577	0.3397754	0.5615782	0.7913521	0.5058429	0.3304295	0.3449131	0.6077491	0.9994325
350	0.0212677	0.6109035	1.0627785	0.4225214	0.4270968	0.0014871	0.0573233	0.0182208	0.7255016	0.0772703	0.0962638	0.5397397	0.0073629	0.1343920	0.7304982	0.6746321	0.5836569	0.8954981	0.6062431	0.8708869	0.5414828	0.7318873	0.8253167	0.2059882	0.4564067	0.7158297	1.0426863	0.7614976	0.0230165	0.0069421	0.3614537	0.1034013	0.5226323	0.8360018	0.2632964	0.9100656	0.2449747	0.3446596	0.1167184	0.8397769	0.7208658	0.3030622	0.6461098	0.0128022	0.7169018	0.4836168	0.6187825	0.8396463	0.6383783	0.2161866	0.1090904	0.5429547	0.4834324	0.0050831	0.7569821	0.5285112	0.7543422	0.4268672	0.7857739	0.9589011	0.8852687	0.1373360	0.1228300	0.0330086	0.5697719	0.1538209	1.0492778	0.8085437	0.4433815	0.0215411	0.1040324	0.1234313	0.3047050	1.0042525	0.2143545	0.0082535	0.9125283	0.1036117	0.6148117	0.6054449	0.3971362	0.9372780	0.1634835	0.2457312	0.9731267	0.1407965	0.1042480	0.1893985	0.1938333	0.9310601	0.3670232	0.3980883	0.3804493	0.5486191	0.9289432	0.5398838	0.3501540	0.3618553	0.5753930	1.0540050
400	0.0197988	0.6160375	0.8640487	0.3769743	0.4136949	0.0016924	0.0455101	0.0353940	0.7682232	0.0902964	0.0462087	0.6005245	0.0040838	0.1050822	0.6671487	0.6235081	0.4799543	0.8588145	0.5674208	0.8696586	0.5994355	0.7347097	0.8886436	0.2581107	0.4237404	0.7165566	1.0345272	0.7807963	0.0210390	0.0119236	0.4122849	0.1141928	0.5037113	0.8659698	0.2129819	0.9019693	0.2313071	0.4097781	0.1010605	0.8973068	0.7732762	0.3052534	0.6410972	0.0089521	0.7382206	0.4209788	0.5928565	0.8391026	0.5800986	0.1972073	0.1147595	0.5396283	0.4153765	0.0004319	0.6931670	0.5670471	0.7304216	0.4166798	0.7741492	1.0576551	0.9601474	0.1765727	0.0822317	0.0297256	0.5670079	0.1595554	1.0058674	0.8696456	0.3516528	0.0233887	0.0870852	0.1113710	0.3514122	0.9937564	0.2135179	0.0169328	0.9489959	0.1071251	0.6455945	0.6226933	0.4609808	0.9292232	0.1651640	0.2290655	0.9436937	0.0992360	0.1096601	0.1833471	0.1302515	0.9643456	0.2835785	0.4310172	0.3055699	0.5723721	0.8863883	0.4751718	0.3468059	0.3263056	0.5164976	0.9723362
450	0.0275596	0.5816898	0.8928230	0.3651236	0.4569014	0.0038214	0.0293019	0.0255811	0.6991233	0.0843228	0.0729168	0.6634433	0.0152934	0.1364153	0.7127105	0.6216973	0.4121518	0.9235669	0.6202360	0.9019213	0.5824894	0.7131823	0.9147072	0.2371990	0.4407041	0.7310768	0.9705944	0.8272892	0.0123098	0.0080377	0.4042802	0.1302309	0.5166676	0.8138545	0.2594727	0.9959605	0.2020646	0.3696836	0.1533005	0.8240982	0.7682935	0.2966159	0.6762267	0.0086369	0.7707065	0.4139106	0.6126543	0.7666723	0.6476700	0.2277108	0.0994092	0.5033556	0.3903514	0.0010856	0.7282081	0.5016098	0.8102828	0.4829518	0.7260922	1.0094839	0.9466934	0.1680505	0.0846244	0.0251707	0.6658976	0.1549456	0.9705290	0.8413477	0.2863591	0.0111840	0.0885527	0.1244287	0.2757353	0.9468202	0.1801827	0.0351859	0.9282118	0.0988048	0.6628860	0.6269148	0.5028477	1.0050749	0.1431656	0.1972769	0.9049994	0.1201917	0.1110606	0.1662244	0.1518707	0.8503991	0.2706210	0.3935703	0.2773587	0.6601300	0.9659030	0.5424374	0.3660084	0.3653772	0.5100315	1.0080992
500	0.0288494	0.6022886	1.0025839	0.3339046	0.4040415	0.0036378	0.0348817	0.0266270	0.7499334	0.0722052	0.0754538	0.6569843	0.0075505	0.1250742	0.7593928	0.6589349	0.4454467	0.8994858	0.6663017	0.8456577	0.5597370	0.7118054	0.8999577	0.1967215	0.4995442	0.7330367	0.9156996	0.7853530	0.0040944	0.0117500	0.3732397	0.1192540	0.4662017	0.8823269	0.2714066	0.8593822	0.1959723	0.3278156	0.1017436	0.8381207	0.8112873	0.2979201	0.6565300	0.0010051	0.7651165	0.5038200	0.5226013	0.8131376	0.6632632	0.2380105	0.1387776	0.5418709	0.3523499	0.0000604	0.7562517	0.5327334	0.8130165	0.3955181	0.8025571	0.9394322	0.8987587	0.1464676	0.0562243	0.0337161	0.5990048	0.1583047	1.1040676	0.8279493	0.3446494	0.0140959	0.0884360	0.1553258	0.2733142	1.0240536	0.2003629	0.0132433	0.9578656	0.0772142	0.6010560	0.6457177	0.4074689	0.9554933	0.1118109	0.1826143	0.9917925	0.1345805	0.1305644	0.1197359	0.1711138	0.8103229	0.3331172	0.4254760	0.2669611	0.7416296	0.9519370	0.4955117	0.4028194	0.3692765	0.5737449	0.9729947
550	0.0299547	0.5867227	0.9671535	0.3953860	0.4221240	0.0036428	0.0253438	0.0204184	0.8120523	0.0567037	0.1019886	0.3732140	0.0064564	0.1467400	0.7282667	0.6156558	0.4869425	0.9259736	0.6783134	0.8523661	0.3565135	0.6787958	0.9106618	0.2511120	0.5930529	0.7480498	0.8638958	0.6385497	0.0049719	0.0180112	0.4599312	0.1660362	0.5541923	0.8785215	0.3032802	0.8950168	0.3064418	0.3867822	0.2150325	0.7888172	0.8158836	0.3437933	0.4212890	0.0291971	0.7403304	0.5788981	0.5629136	0.8392334	0.6825296	0.2795727	0.1538687	0.5404622	0.3205809	0.0000168	0.8273359	0.4332465	0.7952908	0.3744599	0.7670845	0.9209282	0.9496439	0.2334494	0.1955995	0.1182619	0.5786569	0.1732314	0.9549113	0.8128692	0.2974781	0.0252340	0.1653224	0.1663145	0.2556469	0.9940755	0.1500682	0.0711013	0.9233047	0.0706441	0.4887112	0.6545506	0.5879767	0.8937576	0.1136243	0.2524573	1.0012275	0.1199910	0.1169645	0.1838088	0.4030336	0.8765912	0.2790982	0.4316566	0.3895755	0.7423484	0.8790544	0.5553054	0.3708662	0.2479275	0.4040037	0.9909760
600	0.0162717	0.6383686	1.0410996	0.3205011	0.4942068	0.0011517	0.0210300	0.0358611	0.8593764	0.0922803	0.0969121	0.2317308	0.0035996	0.1490993	0.7719745	0.5723506	0.4609890	0.9888692	0.7714643	0.8457627	0.1720906	0.7247181	0.9445580	0.4199864	0.6890548	0.6101635	1.0310612	0.3716560	0.0134464	0.0229850	0.4089338	0.1374014	0.5644176	0.8209869	0.2865250	0.9140224	0.3306017	0.6604208	0.3015416	0.4817951	0.8843561	0.3869165	0.2417938	0.0671137	0.6314612	0.6198215	0.6284778	0.8940122	0.6320007	0.2758225	0.1701137	0.4742359	0.3680620	0.0013017	0.8110503	0.4134861	0.7726747	0.4117904	0.5870956	0.9746876	0.9033474	0.2876631	0.2961807	0.2934090	0.5830835	0.3036514	1.0292045	0.7612131	0.3058287	0.0498120	0.2656770	0.1784077	0.2928785	0.9562554	0.2131408	0.0793069	0.8692256	0.1026514	0.4287508	0.6304648	0.7537334	1.0583089	0.1156624	0.2417964	0.9983415	0.1452690	0.1033956	0.2002557	0.5275639	0.8148525	0.2674806	0.4083099	0.4496458	0.7419541	0.7615046	0.5322288	0.3091974	0.1524213	0.2526285	1.0551356
650	0.0148907	0.5968413	1.0034044	0.3125319	0.4341683	0.0040180	0.0184165	0.0215933	0.8113849	0.2267645	0.1075015	0.1303249	0.0013027	0.1178028	0.7595836	0.4011018	0.4477108	1.0551448	0.9296889	0.7866297	0.1237654	0.6448120	0.9383578	0.6300950	0.7712361	0.6161474	1.0241522	0.1925862	0.0388074	0.0223698	0.4084624	0.1893418	0.5982191	0.7810260	0.3413820	0.8984278	0.2951222	0.7373025	0.3045342	0.1755733	0.9507648	0.4709855	0.1329930	0.1147376	0.6271797	0.4537441	0.6086448	0.8234698	0.6674363	0.2643590	0.0951344	0.4613605	0.5071270	0.0006880	0.8073417	0.4686529	0.8513802	0.3548215	0.5950370	0.8693528	0.8562074	0.4178559	0.3642325	0.3195345	0.5868307	0.4460013	0.9706211	0.7168394	0.4040486	0.0242706	0.3481931	0.1508187	0.3771025	1.0181414	0.2337564	0.1243227	0.9427988	0.1244559	0.3298383	0.6137000	0.7937142	1.0856178	0.1201167	0.3385282	0.9941167	0.1631690	0.1451533	0.2574051	0.5380962	0.7403334	0.3473556	0.3872816	0.4410528	0.6419700	0.7444877	0.5336459	0.2619578	0.0882493	0.1374265	0.9442414
700	0.0111302	0.5800588	0.8943766	0.2307070	0.4832853	0.0014514	0.0419629	0.0233145	0.9036903	0.3742593	0.1633256	0.0856632	0.0017709	0.0912862	0.7881235	0.3540236	0.4471536	0.9967580	0.8616687	0.8242155	0.0962909	0.5967611	0.9719483	0.8973258	0.8513374	0.5986077	0.9833944	0.1455473	0.1053199	0.0386587	0.4415904	0.1442770	0.5464918	0.8066897	0.3590730	1.0027898	0.3092028	0.7322908	0.3419146	0.0355544	1.0400408	0.5171984	0.0861983	0.0667390	0.6301282	0.5419724	0.6574719	0.8288286	0.6956417	0.3216818	0.0767239	0.3842584	0.6392032	0.0027961	0.7282407	0.4035593	0.8648764	0.3022064	0.5525933	0.9794051	0.8730822	0.5300802	0.2758777	0.2973865	0.5799478	0.4895913	1.0179377	0.7350477	0.4247735	0.0738071	0.3136474	0.1524853	0.4079077	0.9553738	0.2654501	0.2096664	0.8937267	0.1215851	0.2786429	0.6284454	0.8729451	1.0072883	0.0967011	0.3713084	1.0419459	0.2226968	0.2206730	0.3723833	0.5680520	0.6841134	0.4021230	0.3869090	0.4948170	0.6883969	0.4861589	0.5906132	0.3335107	0.0608920	0.1228553	0.9501390
750	0.0083607	0.5253626	0.9221593	0.2281083	0.5594973	0.0010823	0.0330728	0.0202484	0.9281224	0.3995260	0.1647019	0.0735735	0.0043649	0.0993440	0.8394565	0.4281391	0.4745731	0.9667028	0.8248447	0.8824896	0.0863480	0.6801073	1.0987860	1.0007193	0.9339543	0.6285977	1.0416501	0.1216991	0.1979908	0.0372970	0.3590135	0.1299156	0.7263853	0.7354520	0.2711064	1.0523769	0.2345354	0.6618816	0.3639157	0.0436144	1.0490107	0.4738360	0.0826264	0.0390063	0.6395713	0.4607441	0.7208519	0.9044092	0.7568282	0.2613980	0.0564927	0.3702737	0.7582340	0.0020685	0.7846189	0.3633705	0.7726614	0.3342489	0.4323442	0.9589511	0.8612262	0.4433138	0.3768984	0.2743360	0.5036785	0.5100825	1.0089562	0.6955350	0.5131477	0.0501684	0.3194724	0.1440738	0.4231159	0.8303060	0.2801548	0.2007936	0.8207068	0.1483808	0.2463052	0.6485793	0.8004324	0.9630572	0.1343002	0.4577795	0.9489758	0.2994302	0.2240935	0.4438497	0.6031386	0.6972783	0.4634661	0.3863063	0.4393654	0.6421186	0.3736366	0.6700342	0.3223322	0.0455736	0.2232773	0.9541768
800	0.0268888	0.5806901	0.9433155	0.2470075	0.4769203	0.0000483	0.0256694	0.0218009	0.8189608	0.3922453	0.1879665	0.0689330	0.0033513	0.0936164	0.8397739	0.4100136	0.4796247	0.9636928	0.8067197	0.8750594	0.0658493	0.7648821	1.1392124	0.8694718	0.9706362	0.7100705	0.9574822	0.1134223	0.2329477	0.0381919	0.4760480	0.1377401	0.6742766	0.6825175	0.2691770	0.8650532	0.1712474	0.7482946	0.4252052	0.0307500	0.9440814	0.5082742	0.0899848	0.0431185	0.6720279	0.3617948	0.6420599	0.8091888	0.7357223	0.2567217	0.0603123	0.3371279	0.9776742	0.0019023	0.7622201	0.3640589	0.7361501	0.2769370	0.4945450	0.9774888	0.7482007	0.5746118	0.3664461	0.3129173	0.5387557	0.5826388	1.0231042	0.7076226	0.4883052	0.0312908	0.3435820	0.1485950	0.3561559	0.9234711	0.2069977	0.2660980	0.9059960	0.1373580	0.2177377	0.6136575	0.7489548	1.0588840	0.1044582	0.5001786	0.9774870	0.4226988	0.2528033	0.5474690	0.5362550	0.6527410	0.5607543	0.3684435	0.3996411	0.5935138	0.2803495	0.6213696	0.3625530	0.0382086	0.3064605	0.9652675
850	0.0236473	0.5409973	1.0427209	0.2130066	0.4813225	0.0001210	0.0485394	0.0230533	0.8268973	0.3515523	0.1798870	0.0847397	0.0035927	0.1000311	0.9816259	0.4135261	0.5067011	1.0069617	0.8743569	0.8397333	0.0750495	0.6917744	1.1349735	0.9606685	1.0833660	0.6813875	0.8302177	0.1427468	0.2607968	0.0344491	0.4023079	0.0981751	0.6635934	0.6843634	0.2659158	0.8434667	0.1272573	0.7515539	0.4581277	0.0297030	1.0129158	0.5311665	0.0826440	0.0636184	0.7577585	0.4568843	0.5446438	0.8629682	0.8953875	0.2670695	0.0720632	0.3541281	1.0183634	0.0025532	0.7818814	0.3878452	0.7234570	0.2796644	0.4538679	0.9544204	0.8177926	0.5527029	0.4539157	0.2974823	0.5739181	0.5225226	0.9520575	0.7358232	0.4520915	0.0420563	0.3396522	0.1692339	0.3460688	0.9307214	0.1852262	0.3387778	0.8681388	0.1129177	0.2507048	0.5303764	0.8691306	1.0836947	0.0813281	0.5525439	0.9600008	0.4975952	0.2661760	0.5484861	0.6161138	0.6946647	0.5323595	0.3406682	0.3633378	0.5447305	0.2562543	0.7165697	0.3307001	0.0245670	0.4081488	0.9190129
900	0.0401408	0.5315380	1.0400299	0.1250270	0.4204729	0.0032152	0.0171880	0.0239329	0.8852402	0.2832980	0.1509554	0.0834406	0.0027858	0.1266089	0.9839814	0.4425185	0.5789765	0.8839492	0.9054875	0.8899241	0.0865768	0.5950562	1.0212137	0.9988959	0.9974344	0.6962927	0.8273416	0.1584833	0.3091445	0.0281147	0.3967422	0.1110764	0.6534333	0.7829083	0.2709138	0.8080812	0.1477023	0.7359708	0.3611385	0.0457595	0.9026917	0.4950332	0.0967185	0.0676351	0.7650013	0.4524783	0.6286268	0.9025851	0.8842116	0.3319075	0.0653116	0.3589483	0.8784564	0.0021658	0.7179154	0.4331895	0.7132085	0.2888345	0.4929635	0.9627525	0.6992236	0.5920566	0.4274541	0.3446922	0.5800821	0.5209976	0.8368784	0.6497709	0.4442908	0.0393528	0.3611218	0.2368274	0.3190038	0.8863287	0.1695172	0.3664180	0.9180437	0.1356885	0.2161858	0.5105425	0.8729482	0.9730659	0.1033430	0.5988808	0.9861126	0.4709240	0.3130041	0.4574029	0.5634379	0.5879822	0.5209885	0.3024651	0.4105158	0.4767777	0.1999742	0.6631871	0.3208517	0.0256452	0.4769113	0.9997483
950	0.0258361	0.5578633	1.0817229	0.0986039	0.4630124	0.0016240	0.0206380	0.0219027	0.9215389	0.2160849	0.1251952	0.0969179	0.0025848	0.0886376	0.9318443	0.4690523	0.5102842	0.8963400	0.9887057	0.8357738	0.0848784	0.6525008	1.0475021	0.9626619	0.9113775	0.6576575	0.9309857	0.1061918	0.2873614	0.0491249	0.3300510	0.1249413	0.6358297	0.8323086	0.3036191	0.8892399	0.1980436	0.7184624	0.3451785	0.0356262	0.9332707	0.4447687	0.0702300	0.0682105	0.7872698	0.4089720	0.6527223	0.8784496	0.8656172	0.2918841	0.0895154	0.3449213	0.6838523	0.0088974	0.7215536	0.4552672	0.7732128	0.3115037	0.4437342	0.9655256	0.6186473	0.6404560	0.3971177	0.3235811	0.5388956	0.5411578	0.8290089	0.6252328	0.3664995	0.0506963	0.3415522	0.1956779	0.3378249	0.8054567	0.2133963	0.4350517	0.8950879	0.2112986	0.2354053	0.5307947	0.8979723	0.9213194	0.1325025	0.6748055	0.9471642	0.4258198	0.3781843	0.4323367	0.6301100	0.6372033	0.4323972	0.3160654	0.4015091	0.4480639	0.1046410	0.7112922	0.3134617	0.0254604	0.5248663	1.0048720
1000	0.0120975	0.5980814	0.9794668	0.1074136	0.4833985	0.0039634	0.0469316	0.0153611	0.9506453	0.3359864	0.1275718	0.1171625	0.0077893	0.1090478	0.8556334	0.5150635	0.5479523	1.0472698	1.0155764	0.8475520	0.0780883	0.6099554	0.9684400	0.9474991	0.9623687	0.6582246	0.8518412	0.1224528	0.2623832	0.0274928	0.3969865	0.0903079	0.6572877	0.8089478	0.2414731	0.8865775	0.1916916	0.8288716	0.2619513	0.0386665	1.0468078	0.4749573	0.0694410	0.0220988	0.8848939	0.3392437	0.5844838	0.8201529	0.8752414	0.3819761	0.0874805	0.3060666	0.6957997	0.0037115	0.8062795	0.4039806	0.7840432	0.2960997	0.4195575	0.8762195	0.6593944	0.5162276	0.2789446	0.2866131	0.5036735	0.5310721	0.9166478	0.6941082	0.3898486	0.0455145	0.3190091	0.2009791	0.2679381	0.9661471	0.2493195	0.4740425	0.8983318	0.2849412	0.2677509	0.6025281	0.7363204	1.0589856	0.1150748	0.6889287	0.9471281	0.3637379	0.3753772	0.4638392	0.5068483	0.6239502	0.4444311	0.3390965	0.4167795	0.5561506	0.0740576	0.6222970	0.2837377	0.0278606	0.5366780	1.0366501

0	0.0094491	0.6355617	1.0459758	0.0876986	0.4170952	0.0015965	0.0357302	0.0201856	0.7842026	0.5482911	0.1482550	0.1067167	0.0074763	0.0795139	0.9263252	0.4386615	0.5117037	1.0187251	0.9869150	0.9112762	0.0675828	0.6396705	0.9879649	0.9056811	1.0249936	0.8053086	0.8415975	0.0956169	0.2807776	0.0361236	0.3476186	0.0945586	0.7647381	0.8073502	0.2691465	0.9854445	0.2644993	0.7761342	0.3511720	0.0142404	0.9503393	0.3956488	0.0912837	0.0721673	0.8039584	0.5632487	0.5721011	0.9104100	0.8750489	0.3877912	0.0490860	0.3690556	1.0040851	0.0016799	0.7496314	0.4296180	0.7445798	0.3138374	0.4763448	0.9977159	0.8917758	0.5763065	0.2317245	0.3844034	0.5377636	0.4876338	1.0898320	0.8135737	0.5024926	0.0491368	0.3912071	0.2335426	0.3169327	0.9297559	0.3112694	0.3637340	0.9584119	0.1589398	0.2670455	0.6498318	0.7931145	1.0351174	0.1402507	0.6535788	1.0095359	0.4184859	0.2245238	0.5131035	0.6073464	0.7854143	0.4606182	0.1309775	0.4648780	0.5528648	0.0723851	0.5781484	0.2784400	0.0363961	0.5378107	0.9932421
50	0.0185507	0.5425820	0.8235665	0.1114695	0.2602013	0.0010114	0.0382572	0.0121661	0.8065831	0.5732674	0.0977871	0.1109693	0.0107818	0.1029745	0.8916807	0.4030346	0.5141749	1.0177566	0.8957680	0.8078191	0.0684992	0.6162982	1.0064299	0.9933449	0.9429533	0.8400088	0.8411544	0.0994334	0.2493003	0.0294707	0.4451612	0.0737895	0.6252983	0.7641142	0.2716145	0.8977259	0.5498222	0.7196129	0.3700238	0.2951461	1.0180527	0.4659981	0.0656390	0.1390144	0.7175582	0.3797977	0.7411754	0.9579815	0.9158403	0.3477251	0.1813896	0.4388116	0.8554802	0.0136537	0.7031350	0.4861648	0.7912032	0.1662431	0.4275715	0.9684300	0.7838522	0.5825101	0.2444970	0.3223126	0.5572488	0.5759922	1.0018708	0.8317076	0.4829790	0.1436924	0.3420669	0.2835591	0.2344851	0.9073118	0.2794338	0.3998390	0.9133308	0.5326714	0.2424360	0.5477350	0.7306743	0.9424109	0.1266219	0.6185744	0.9313133	0.3431354	0.2306332	0.6896658	0.5850630	0.8083553	0.5745082	0.2294800	0.4981132	0.5564574	0.0632202	0.5953342	0.2431334	0.0283417	0.4449849	0.9930982
100	0.0135702	0.5768250	0.7499213	0.0951984	0.1712405	0.0013649	0.0448676	0.0197955	0.6874490	0.7652774	0.1565569	0.1048728	0.0075101	0.0968397	0.9472320	0.4592173	0.5507778	0.9684506	0.9492532	0.7005812	0.0747966	0.5946602	1.0158166	0.9529683	0.9963970	0.9979968	0.9277564	0.1114583	0.2372957	0.0330724	0.6521772	0.0998352	0.6171054	0.7839696	0.2522899	0.7547478	0.7520284	0.7295120	0.3259737	0.5733623	1.0416248	0.4157339	0.0907354	0.1776395	0.7184600	0.3815990	0.7678716	0.9084324	0.9377507	0.3148319	0.3553705	0.3932819	0.8795364	0.0056614	0.6485770	0.5210081	0.7315889	0.1273195	0.4373982	0.8072519	0.7042915	0.5731645	0.2302133	0.2393004	0.4561305	0.6810919	1.0491004	0.7255755	0.4774728	0.3135669	0.3782404	0.2261669	0.2749318	0.7695862	0.3135694	0.4139268	0.9338361	0.8001872	0.2008497	0.4884997	0.8114144	0.9921553	0.1248660	0.6911069	0.9714689	0.3770244	0.2329456	0.7306209	0.6889598	0.7539139	0.5802029	0.4307193	0.4310918	0.5681743	0.0869576	0.8869985	0.2143894	0.0299452	0.2531636	0.8733916
150	0.0126050	0.5281129	0.6304152	0.0895164	0.1457765	0.0006801	0.0416609	0.0197686	0.5851366	0.8149115	0.1533091	0.1108691	0.0132620	0.0844441	0.9206888	0.4734665	0.4966503	1.0715026	1.0085102	0.7518103	0.1159924	0.5492970	0.9767434	0.9651261	0.9950350	1.0639409	0.8981278	0.0993759	0.2139355	0.0423939	0.6238122	0.0747588	0.6823815	0.7383960	0.2346330	0.6242805	0.7775508	0.7875997	0.3596188	0.6080884	0.9184336	0.3831558	0.1183114	0.2866365	0.8355247	0.2974557	0.8273513	0.8595433	0.8833919	0.2880484	0.4755928	0.4307911	0.8840912	0.0038986	0.6854023	0.5461196	0.7420391	0.0758953	0.4789929	0.8120125	0.7206167	0.5434605	0.2506695	0.2870025	0.4142773	0.7012576	1.0149863	0.7000838	0.4901940	0.4695895	0.3161242	0.2045605	0.3247989	0.7130737	0.3144258	0.4963470	0.9297206	0.7672447	0.2527971	0.5163324	0.7208370	0.9415133	0.1107120	0.8012560	1.0436016	0.4040347	0.2165573	0.7285098	0.6116580	0.7872637	0.5491959	0.4740397	0.4031124	0.5715190	0.0950339	0.8634175	0.2046338	0.0191697	0.1114220	0.8342208
200	0.0158849	0.5708816	0.6174282	0.0906396	0.1311260	0.0000600	0.0159577	0.0230824	0.4538946	0.8308081	0.1666176	0.1011251	0.0047607	0.1063279	0.8500136	0.4324162	0.3903989	1.0386615	0.9640240	0.7950278	0.0799053	0.5865837	1.0245252	1.0638036	0.9806226	0.9810302	0.9363093	0.1117422	0.1425481	0.0361365	0.6642452	0.0730941	0.6766763	0.7601640	0.3022383	0.5821232	0.7024631	0.7183554	0.3363803	0.6918738	0.9273151	0.3784315	0.2606461	0.3973286	0.8047729	0.3253318	0.8062137	0.7418371	0.8550351	0.2884212	0.5042359	0.4106282	0.8074657	0.0035967	0.6960071	0.5527809	0.6964181	0.0799647	0.4368569	0.8877920	0.6759500	0.5131291	0.3642126	0.3015762	0.3934330	0.6937282	1.0155399	0.6624216	0.5717081	0.4992420	0.3392895	0.2812654	0.2954793	0.7814370	0.3301298	0.3456783	0.9027263	0.8324338	0.1941770	0.5288490	0.6202481	1.0354715	0.1541274	0.7662564	1.0397182	0.4302740	0.2276556	0.7114267	0.6350178	0.9156379	0.5870623	0.5589493	0.3818944	0.5199923	0.1656254	0.9834339	0.2341298	0.0295197	0.0569747	0.7752526
250	0.0087860	0.4849850	0.6941774	0.0928688	0.1889162	0.0008920	0.0419853	0.0230532	0.4429805	0.9072174	0.1492728	0.1013399	0.0105366	0.1184158	0.9021462	0.4177194	0.4765732	1.0701510	0.9475823	0.8063417	0.1043493	0.6515409	1.0013355	1.0253090	1.0184229	0.9833243	0.9927870	0.0925758	0.1277712	0.0554550	0.6445220	0.0818377	0.6934079	0.7536144	0.3736538	0.6011858	0.7543864	0.6977542	0.3411157	0.6825261	0.8617667	0.2914045	0.5028728	0.3778784	0.8842939	0.3352433	0.7016907	0.6960687	0.7843927	0.2629387	0.5500339	0.4337608	0.8977904	0.0056147	0.7539745	0.5180249	0.6771609	0.1393679	0.4372458	0.9934308	0.6730235	0.5121891	0.3995523	0.2710675	0.5143016	0.7502908	1.0019040	0.6478900	0.7148492	0.5328123	0.2617252	0.2053031	0.3782761	0.7449631	0.2676531	0.2457815	0.9035382	0.8575528	0.1528916	0.6005995	0.6151600	0.9957087	0.1712812	0.7033011	1.0297959	0.4778569	0.2049365	0.7056974	0.5352797	1.0631717	0.6522423	0.6343411	0.4251591	0.5391574	0.2951625	0.9414010	0.2741095	0.0248554	0.0233498	0.6557891
300	0.0117309	0.4939664	0.6194357	0.0815430	0.1674838	0.0012804	0.0324438	0.0268308	0.4556057	0.9488371	0.1515637	0.0827706	0.0029324	0.0716702	0.9355908	0.4110703	0.4682949	0.9822656	0.9001295	0.8069869	0.1182902	0.6745309	1.0634139	0.9384540	0.9238813	1.0099203	1.0220425	0.0811607	0.2143882	0.0370872	0.6459351	0.0770414	0.7269877	0.7200927	0.4018683	0.5697847	0.8411684	0.7143223	0.3565275	0.8002631	0.7467897	0.2430620	0.5432685	0.3438891	0.7814881	0.3435911	0.6789878	0.6114465	0.7889782	0.2834167	0.5546144	0.3886452	0.8477231	0.0020508	0.8490385	0.5456756	0.7028721	0.1430277	0.4851883	0.9711161	0.5909943	0.3876356	0.3173886	0.2658849	0.5331166	0.6021051	0.8613201	0.6790197	0.8526308	0.4628142	0.3001230	0.2217446	0.3898673	0.8387972	0.2872541	0.2265836	0.9038855	0.8377770	0.1540170	0.5639831	0.6029797	0.8682212	0.2225874	0.6024397	1.0649157	0.4664452	0.2078370	0.6316042	0.6288483	1.0033607	0.6246699	0.6010736	0.4258318	0.5493108	0.4538378	0.9110303	0.3123438	0.0301703	0.0112337	0.6936317
350	0.0057865	0.4972554	0.5966380	0.0636975	0.1676658	0.0031550	0.0530619	0.0183669	0.3444626	0.8453781	0.2115964	0.1220464	0.0029779	0.1199394	0.9176089	0.4126075	0.4258696	0.8832423	0.8792694	0.7595794	0.1206590	0.6475915	1.0355169	0.9740860	0.8889800	0.9614447	0.8954226	0.0833090	0.1701829	0.0417259	0.7096536	0.0857412	0.7087935	0.6990276	0.4090757	0.6381811	0.7755141	0.6853715	0.3942531	0.8790143	0.5791302	0.1934131	0.5370144	0.3426297	0.7232433	0.3849397	0.7297310	0.6306089	0.8540861	0.3568798	0.5404426	0.3649481	0.8710451	0.0000451	0.7387762	0.5348330	0.7135372	0.2245756	0.5284004	0.9271344	0.6387569	0.3460364	0.3305206	0.2863951	0.5149593	0.5524016	1.0271342	0.7138496	0.9861070	0.4657797	0.3462358	0.1804077	0.4067091	0.7876981	0.2527184	0.3309427	0.8506738	0.8034983	0.1583313	0.5904205	0.7107927	1.0036919	0.2155904	0.5502446	1.0784746	0.4021456	0.1987658	0.6748862	0.5508555	1.0110528	0.6488346	0.6239791	0.4650029	0.5964560	0.5259946	1.0654436	0.3287246	0.0518031	0.0055280	0.7240831
400	0.0187746	0.5011645	0.5864434	0.1062886	0.1126298	0.0004937	0.0354525	0.0172328	0.3370352	0.8873962	0.2303660	0.0985328	0.0039259	0.1288037	0.8795197	0.5356398	0.4486352	0.8836584	0.9211626	0.7476415	0.1065370	0.5817268	0.9772365	1.0238580	0.9697756	0.9963334	0.7806628	0.0744259	0.1833999	0.0485189	0.7383390	0.0628128	0.6391931	0.7889382	0.4642013	0.6983702	0.7077221	0.7666483	0.4017814	0.8281961	0.3963675	0.2076433	0.5592176	0.3289408	0.6333685	0.3322977	0.8090544	0.6437405	0.9149305	0.3085703	0.5892846	0.3868659	0.8508487	0.0040030	0.8079546	0.4954080	0.8001328	0.2431030	0.5527773	0.8724168	0.6453196	0.3193167	0.5135347	0.3332961	0.5242612	0.4685362	1.1206549	0.7396369	0.9254098	0.5457862	0.3328034	0.2924746	0.4225839	0.7362611	0.2283746	0.3830497	0.7702855	0.8938805	0.1557112	0.5020915	0.6663161	0.9412962	0.2169166	0.4458226	1.0571562	0.5033176	0.1777968	0.6245466	0.6720722	1.0597048	0.5223163	0.6779521	0.4651958	0.5511729	0.5920137	1.0471198	0.3873510	0.0353318	0.0029360	0.6754356
450	0.0086296	0.4943771	0.5439848	0.1304936	0.1566871	0.0015675	0.0322923	0.0252144	0.3470179	0.9462229	0.2621221	0.0960027	0.0041376	0.1285771	0.7836436	0.5441302	0.4800339	0.9479720	0.9087704	0.8248589	0.0770669	0.7415485	0.9355871	0.9650699	0.9458820	1.0234795	0.7534078	0.0455382	0.1648040	0.0323149	0.6813440	0.0678963	0.7002002	0.8001556	0.4381265	0.7310134	0.6781305	0.8095344	0.3615731	0.9234291	0.2804361	0.1909173	0.6090227	0.3262870	0.6023641	0.3367226	0.8854545	0.7224834	0.9423156	0.3173828	0.5213305	0.3629361	0.8044698	0.0040274	0.6886743	0.5034946	0.7029131	0.2774069	0.5667154	0.9004441	0.5220898	0.3124913	0.7774546	0.3275782	0.4742819	0.4894016	1.0353571	0.6698755	0.8879342	0.6340304	0.2874717	0.2437192	0.5191135	0.8247085	0.2283260	0.4272004	0.7647025	0.8527811	0.1734828	0.5038795	0.7703276	0.9697601	0.3109330	0.4141024	0.9683392	0.5656131	0.1539709	0.5450798	0.5547214	1.0587129	0.5651895	0.6476704	0.5382070	0.5783784	0.6352073	0.9693184	0.3778348	0.0199691	0.0018384	0.6789572
500	0.0010192	0.4987513	0.5512121	0.1397997	0.1051511	0.0030957	0.0240207	0.0308674	0.3768750	0.9442594	0.2662673	0.0931417	0.0019114	0.1016922	0.8295642	0.5671835	0.5031551	0.9669461	0.7490964	0.8682418	0.1228334	0.6769018	0.9737474	1.0238888	0.8903854	0.9940364	0.7738684	0.0726359	0.1111673	0.0359449	0.6129785	0.0943127	0.5674596	0.7488989	0.4326763	0.6393591	0.6971767	0.7774941	0.3552524	0.9440887	0.2259909	0.1622272	0.5663990	0.3285644	0.6317643	0.2549027	0.7857509	0.7964190	0.8886110	0.3456618	0.5346835	0.4274841	0.7264131	0.0016184	0.7112755	0.5350659	0.6445244	0.2152892	0.5133903	0.9123121	0.4950633	0.2996775	0.7207893	0.3397095	0.5365809	0.4090814	1.0270578	0.6771110	0.7590253	0.5580928	0.2936898	0.2465496	0.5359598	0.7986599	0.2020618	0.2999354	0.7235963	0.9453953	0.1334517	0.5579099	0.7298562	0.9658788	0.2791130	0.3298276	0.9026287	0.5467424	0.1381621	0.4749541	0.5880107	1.0895548	0.6209594	0.7300811	0.5481405	0.4944524	0.7481897	0.9597730	0.3151598	0.0238313	0.0018732	0.6907727
550	0.0045091	0.5313042	0.6694862	0.1308269	0.2470836	0.0025056	0.0575298	0.0192576	0.3787992	0.8533856	0.2129362	0.0999302	0.0026276	0.0924580	0.7413674	0.4735427	0.4697858	1.0286255	0.9218558	0.7625047	0.1502420	0.7105115	1.0056762	0.8647857	0.8268622	0.9946766	0.7837594	0.0886444	0.1088422	0.0229903	0.4253026	0.1367708	0.5550502	0.7531079	0.4729488	0.6108598	0.3280057	0.7206345	0.3293686	0.8738821	0.1712803	0.1673784	0.5750482	0.3015224	0.6220188	0.3613608	0.8011235	0.7444459	0.9013272	0.3414043	0.4612398	0.5252952	0.7478938	0.0018395	0.7350720	0.5134448	0.6825474	0.3728079	0.5425375	1.0027116	0.4862185	0.3710733	0.6042217	0.3701703	0.5219443	0.3562624	1.0276554	0.7466261	0.6887397	0.4273014	0.2695503	0.2195819	0.4967279	0.7594180	0.1560759	0.2713775	0.6642074	0.5081590	0.1170500	0.5179330	0.7362668	0.9714665	0.3025920	0.1998261	0.9418703	0.5649965	0.2263984	0.4110044	0.5783269	1.0145175	0.5493701	0.7124910	0.4794850	0.5364008	0.8989606	0.8916688	0.3065664	0.0392086	0.0163258	0.6465877
600	0.0083024	0.4556319	0.9350747	0.2109222	0.4143703	0.0031353	0.0293806	0.0190454	0.4835785	0.7049995	0.2010537	0.0872578	0.0121082	0.0840748	0.7749115	0.4340270	0.4836032	1.0393172	0.9456938	0.8631885	0.1527655	0.6340585	1.0197937	0.9984087	0.9022041	0.9435289	0.8072388	0.0823386	0.0842847	0.0396686	0.3272795	0.1581689	0.5092528	0.7387459	0.4318223	0.7019373	0.1195052	0.7415683	0.3586778	0.6476359	0.1399672	0.2183659	0.4212147	0.2095562	0.6270110	0.3559418	0.5914172	0.7812750	0.8490956	0.2968087	0.2935792	0.4148505	0.8717725	0.0001313	0.6723527	0.4696504	0.7213962	0.4288458	0.4608988	0.9675368	0.6221408	0.3596638	0.7171713	0.3677751	0.5362397	0.2321009	0.9989050	0.7246668	0.6755262	0.2479377	0.3066426	0.2255741	0.5531195	0.8487728	0.1706824	0.2266206	0.6494896	0.2676283	0.1783859	0.4744910	0.7899252	0.9870640	0.2442538	0.1677016	0.7877696	0.6043027	0.2566484	0.3205159	0.5709553	0.9762262	0.4418241	0.6726639	0.4784567	0.4949502	0.9432143	0.7168465	0.2426146	0.0299457	0.0251150	0.7087428
650	0.0141589	0.5407207	0.8782740	0.2882604	0.3850954	0.0003072	0.0218072	0.0194015	0.5384562	0.5436556	0.2178274	0.1046212	0.0039826	0.1241461	0.7608271	0.5010025	0.3760381	1.0173659	0.8550384	0.8483429	0.1097555	0.6331033	0.9710702	0.9842937	0.8859169	0.8217604	0.7954808	0.0597353	0.0515736	0.0509284	0.4035221	0.2032550	0.5867910	0.8140897	0.3737944	0.6550892	0.0869255	0.7665934	0.3975922	0.4306734	0.3005381	0.3060381	0.2959543	0.1188623	0.7367611	0.4369513	0.5225696	0.6276570	0.8610289	0.2741159	0.2078611	0.4403897	0.9240019	0.0004490	0.7319809	0.4295733	0.6877904	0.4847703	0.4988926	0.8837684	0.6446124	0.3876271	0.7139661	0.4335609	0.6048323	0.3533101	0.7921818	0.6752936	0.5696590	0.1565890	0.3350542	0.2576089	0.5055579	0.9067556	0.2290634	0.1268041	0.6433390	0.1195101	0.1568119	0.4692384	0.7665323	0.9728325	0.1867488	0.1425192	0.8112364	0.5138398	0.2816930	0.2102567	0.5302081	0.9579473	0.3943622	0.6192940	0.4580465	0.5506994	0.9317296	0.6102448	0.2968743	0.0183978	0.0216660	0.7950846
700	0.0120145	0.5298301	0.9398370	0.2681150	0.4292846	0.0036448	0.0026539	0.0274712	0.5374727	0.5350945	0.1852535	0.0993117	0.0074039	0.1026992	0.9529190	0.5626871	0.4443023	0.9524577	0.8941001	0.8796499	0.0695585	0.6460262	0.9751397	1.0546950	0.8985673	0.6602322	0.7627661	0.0755685	0.1269066	0.0479814	0.4760819	0.1697715	0.6318583	0.9484667	0.3106605	0.8543093	0.1915419	0.7837517	0.4352540	0.2338002	0.5431990	0.4120793	0.1958427	0.0665905	0.6714907	0.6360382	0.3897053	0.7588331	0.8744326	0.2147037	0.1941122	0.3539485	0.8518587	0.0000000	0.6659407	0.2936015	0.7048223	0.4969673	0.4751498	0.9132046	0.6148269	0.4387754	0.6537531	0.3350566	0.5707058	0.4050921	0.8677496	0.7208557	0.5836794	0.1020778	0.3497072	0.1935287	0.4726124	0.9297664	0.2337216	0.1576860	0.6445956	0.1102597	0.2013892	0.6009638	0.6523912	0.9658674	0.1499297	0.1473009	0.9101654	0.5525702	0.2414813	0.1677688	0.5434009	0.9607546	0.4423907	0.6242124	0.4585467	0.5666321	0.7709211	0.6139180	0.3894583	0.0277320	0.0291387	0.9314082
750	0.0192730	0.5281049	1.0540616	0.2971235	0.5077410	0.0013176	0.0254654	0.0251758	0.6456685	0.5118257	0.1815897	0.0857178	0.0081946	0.0950357	0.7915649	0.5781607	0.5286539	0.9501426	0.9442281	0.8863487	0.0731781	0.7480602	1.0251510	1.0762620	0.9121338	0.7284967	0.8836705	0.0737718	0.2277952	0.0615745	0.3755344	0.1508825	0.5976591	0.9496248	0.2681282	0.7904992	0.3293134	0.7149568	0.4218857	0.0825801	0.7045402	0.4697980	0.1213772	0.0832723	0.7165665	0.6589766	0.4420305	0.7986009	0.8792584	0.2627607	0.1495362	0.4261711	0.8986097	0.0034451	0.6911936	0.2648823	0.8068090	0.3573060	0.4522740	0.9866384	0.6000481	0.4887661	0.6346140	0.3572408	0.5711500	0.5277197	0.9198504	0.7712691	0.5316682	0.0642409	0.3974930	0.1209245	0.3774594	1.0505159	0.2783965	0.3136264	0.6984272	0.0858924	0.3122283	0.7107179	0.7020159	0.9687959	0.1510832	0.2744751	0.9796456	0.4699264	0.2241478	0.1427313	0.5633284	0.8624018	0.5130105	0.5817898	0.3966845	0.5874858	0.5587532	0.5841148	0.3538218	0.0234554	0.0288654	1.0135104
800	0.0245062	0.5731444	0.9915112	0.2223582	0.4852790	0.0007026	0.0416746	0.0262845	0.7192453	0.4459468	0.1523437	0.1155695	0.0041155	0.1254663	0.9594759	0.4651829	0.5390981	0.9925961	0.9323543	0.8380792	0.0875370	0.5661937	1.0046330	1.0750032	0.9282696	0.8359215	0.9410690	0.0887271	0.3044364	0.0597069	0.4442515	0.1222960	0.5757254	0.9735689	0.3193055	0.9388781	0.4225150	0.6633603	0.3656670	0.0482818	0.7858688	0.5058451	0.0862590	0.0810116	0.7032605	0.7230811	0.4895848	0.7991008	0.8892674	0.2824440	0.1140966	0.4439175	1.0207938	0.0000000	0.6661905	0.2592807	0.9161974	0.4087095	0.4152312	1.0088615	0.5327751	0.6383253	0.5442458	0.3059384	0.6109496	0.4922005	1.1335065	0.7796503	0.5272230	0.0470903	0.4884521	0.1545125	0.3495209	0.9182246	0.2352448	0.4086210	0.8346019	0.1816434	0.2724254	0.7170091	0.8227614	0.9773936	0.1630047	0.4266907	0.9849769	0.5276123	0.1755277	0.1780913	0.4942628	0.7304527	0.4475086	0.4996797	0.3907182	0.6128836	0.4335518	0.6042371	0.3528261	0.0310112	0.0959436	0.9983003
850	0.0281944	0.6205284	1.0481124	0.2005084	0.5552889	0.0009278	0.0298755	0.0165466	0.7148532	0.2973906	0.1500391	0.0961728	0.0128895	0.0851976	0.7861997	0.4605428	0.4756244	1.0219280	1.0238015	0.8769889	0.0774139	0.6749267	1.0401708	0.9231078	0.9378268	0.6883517	0.8979740	0.0877830	0.3205502	0.0375661	0.3893982	0.1390954	0.6158827	0.9456187	0.3181376	0.9018561	0.4713915	0.7237939	0.3725902	0.0276272	0.8841815	0.5419808	0.0809250	0.0976664	0.6214619	0.6885747	0.5475244	0.8841425	0.8764711	0.3210364	0.0885558	0.3809155	0.9571061	0.0025398	0.7137376	0.3330676	0.8659994	0.3496966	0.5281515	1.0435519	0.6523117	0.6221307	0.4953259	0.2944955	0.6412826	0.5546322	1.0002833	0.7833496	0.4936614	0.0410039	0.4260374	0.1690648	0.3603949	0.8958528	0.2913847	0.5605975	0.8782570	0.2338937	0.2671689	0.8276136	0.7651019	0.9471997	0.1479729	0.6112500	1.0243206	0.4498551	0.1434054	0.2500116	0.5799758	0.7217120	0.4056391	0.3971816	0.3375270	0.5418341	0.3077295	0.6452968	0.2900786	0.0241871	0.2593733	1.0230484
900	0.0148534	0.6879472	0.9685605	0.1596258	0.5082089	0.0015816	0.0294296	0.0138425	0.8280759	0.2999161	0.1891567	0.1165482	0.0058723	0.1108934	0.8580370	0.4412318	0.4844511	1.0185883	0.9278808	0.8305834	0.0907216	0.6824924	0.9970316	1.0462803	0.9657425	0.6987625	0.9525016	0.0881215	0.3303118	0.0276664	0.4481574	0.1317759	0.5768604	0.8702209	0.3639398	1.0426784	0.3895820	0.6612797	0.3303248	0.0199204	1.0009797	0.5393153	0.0670863	0.1101540	0.7466970	0.6394297	0.5799189	0.8793834	0.8730610	0.3396244	0.0759711	0.3897305	0.9601229	0.0018470	0.7189379	0.3257969	0.7723374	0.2801801	0.5213995	1.1157306	0.5632100	0.5801365	0.3794103	0.2664409	0.6065004	0.5657203	1.0213257	0.8205741	0.5147436	0.0549958	0.4189479	0.1726633	0.3948182	0.9592034	0.2505726	0.5299770	0.8724985	0.2709398	0.3364628	0.7479792	0.7587297	0.9353086	0.1460559	0.6793668	1.0882163	0.4598476	0.0891903	0.3962567	0.4240053	0.6992771	0.4239041	0.2806076	0.3682091	0.5406809	0.2272625	0.6058924	0.3194147	0.0237117	0.3375471	1.0173728
950	0.0159598	0.6843938	1.0054459	0.1893867	0.4889154	0.0003894	0.0218478	0.0093815	0.9553249	0.3751955	0.1191376	0.1163078	0.0009634	0.1063567	0.8566298	0.4697981	0.5660127	0.9098354	0.9405556	0.8562564	0.0884132	0.6402114	1.0772541	1.1034275	0.9809551	0.6763320	0.9566310	0.1053403	0.2898351	0.0220657	0.3433633	0.1064999	0.5806585	0.9003172	0.2908625	1.0053526	0.4277509	0.7199716	0.3543393	0.0259405	0.9620650	0.5149467	0.0680441	0.0999189	0.6546366	0.4746336	0.5684820	0.8609655	0.8337137	0.3413860	0.0662092	0.5049355	0.8727623	0.0010279	0.7340618	0.4429617	0.6996168	0.2744443	0.4941463	1.1241073	0.7049186	0.5387005	0.3851369	0.2960782	0.5561381	0.5255911	0.9406044	0.7759679	0.4407948	0.0273926	0.4460682	0.2298905	0.4417652	0.9768022	0.2614207	0.4982066	0.8934454	0.3163120	0.3192109	0.8395914	0.8039679	1.0049305	0.1132556	0.6461367	1.0422352	0.4822163	0.0919952	0.4386436	0.6062804	0.6610701	0.4697848	0.2013841	0.4209211	0.4757545	0.1285054	0.7059256	0.3803411	0.0305209	0.3702056	0.9695730
1000	0.0309292	0.6853983	1.0450142	0.1335981	0.5287712	0.0032686	0.0333387	0.0144292	0.9047928	0.4559264	0.1701304	0.0990098	0.0087033	0.0999427	0.9701441	0.4370170	0.4697188	0.9722628	0.9129201	0.8543105	0.0732142	0.6678007	1.0334661	1.1136805	0.9623091	0.6671399	0.8537571	0.1036900	0.2576905	0.0235233	0.3663013	0.1378182	0.5836217	0.7430524	0.2798877	0.9264188	0.3309599	0.7456841	0.3918229	0.0207491	1.0127662	0.5034339	0.0794356	0.0941882	0.6602667	0.5368763	0.6091588	0.8550934	0.8089346	0.3512176	0.0710298	0.4091111	0.9567978	0.0000000	0.7415795	0.4061100	0.7420818	0.2097978	0.4704136	0.9481014	0.7885849	0.5555476	0.3592312	0.2796423	0.6172801	0.5391200	0.9619671	0.7707876	0.4565713	0.0372506	0.4085480	0.2445734	0.3410429	0.9026166	0.2457779	0.3877448	0.8276100	0.3733214	0.2660454	0.7181278	0.7663303	0.9939536	0.1261847	0.6188973	0.9388752	0.4431215	0.1555132	0.4316152	0.4923999	0.6399953	0.4186098	0.2433651	0.4244592	0.5937377	0.0988115	0.6829790	0.2767091	0.0385049	0.3872008	0.9738533

0	0.0094491	0.6355617	1.0459758	0.0876986	0.4170952	0.0015965	0.0357302	0.0201856	0.7842026	0.5482911	0.1482550	0.1067167	0.0074763	0.0795139	0.9263252	0.4386615	0.5117037	1.0187251	0.9869150	0.9112762	0.0675828	0.6396705	0.9879649	0.9056811	1.0249936	0.8053086	0.8415975	0.0956169	0.2807776	0.0361236	0.3476186	0.0945586	0.7647381	0.8073502	0.2691465	0.9854445	0.2644993	0.7761342	0.3511720	0.0142404	0.9503393	0.3956488	0.0912837	0.0721673	0.8039584	0.5632487	0.5721011	0.9104100	0.8750489	0.3877912	0.0490860	0.3690556	1.0040851	0.0016799	0.7496314	0.4296180	0.7445798	0.3138374	0.4763448	0.9977159	0.8917758	0.5763065	0.2317245	0.3844034	0.5377636	0.4876338	1.0898320	0.8135737	0.5024926	0.0491368	0.3912071	0.2335426	0.3169327	0.9297559	0.3112694	0.3637340	0.9584119	0.1589398	0.2670455	0.6498318	0.7931145	1.0351174	0.1402507	0.6535788	1.0095359	0.4184859	0.2245238	0.5131035	0.6073464	0.7854143	0.4606182	0.1309775	0.4648780	0.5528648	0.0723851	0.5781484	0.2784400	0.0363961	0.5378107	0.9932421
50	0.0155484	0.7509021	1.0093131	0.1193367	0.4681529	0.0078344	0.4045078	0.0257888	0.7706237	0.3902350	0.1543429	0.1027407	0.0916398	0.0664814	0.8904887	0.4850135	0.3639532	0.9799424	0.9905939	0.8941055	0.0779456	0.5769308	0.9324768	0.9427017	0.9701233	0.7311379	1.0509399	0.2488528	0.2644294	0.0332259	0.3576594	0.0502393	0.6959648	0.7789546	0.3235554	0.9049295	0.4368115	0.7405071	0.3115269	0.0303485	0.9907993	0.4704527	0.0568098	0.1178449	0.8476720	0.3870290	0.7769081	0.8595975	0.7481107	0.3708892	0.0637452	0.4305240	1.0876555	0.0018973	0.8177406	0.3679388	0.7953673	0.2952865	0.5112726	0.9652500	0.7297144	0.5986812	0.3064991	0.1635837	0.5028169	0.4126549	1.0038194	0.8138878	0.4629466	0.0240176	0.3037362	0.2749788	0.3110676	0.8997758	0.2952312	0.4108132	0.9013003	0.3430982	0.2833847	0.6506826	0.7159725	0.9341626	0.2508275	0.6654323	0.9320218	0.4379138	0.2523559	0.4216581	0.5436180	0.7118000	0.5016620	0.1234358	0.5308477	0.5783215	0.0914379	0.6372098	0.2647859	0.0312956	0.5288765	1.0204549
100	0.0232056	0.8216845	0.9761395	0.1157463	0.3776879	0.0570922	0.6299776	0.0138367	0.6199951	0.3895994	0.1090004	0.1069344	0.1663444	0.0469725	0.7823985	0.5102461	0.2393586	1.0250956	1.0511385	0.9199975	0.0939430	0.6794251	1.0331810	0.9685618	0.9096398	0.7289920	1.0564567	0.3870827	0.3466463	0.0358154	0.3419842	0.0414906	0.7623832	0.6933852	0.2685620	0.7950096	0.4640573	0.7985531	0.3479036	0.0356116	0.9838677	0.5527870	0.0744141	0.1413196	0.8797500	0.2204335	0.8106986	0.8920140	0.8187447	0.3343040	0.0378429	0.3983137	1.0995724	0.0020427	0.7456132	0.3130742	0.7900125	0.2330936	0.4562561	1.0366896	0.7498987	0.5658029	0.3428451	0.0861702	0.5017958	0.2292495	0.9946778	0.7521009	0.4829030	0.0071416	0.3187437	0.2789423	0.2951950	0.8969097	0.2650728	0.5235222	0.8601259	0.3248746	0.2704809	0.6139539	0.6957055	0.6721657	0.3838564	0.6896994	0.9686986	0.3430884	0.3418330	0.4332343	0.5268885	0.7202585	0.5002169	0.1891942	0.7667100	0.5462252	0.1069835	0.6844784	0.3364781	0.0590043	0.5725058	0.9280623
150	0.0171527	0.9324089	1.0584316	0.0979425	0.3121642	0.1162979	0.8067895	0.0109427	0.5799981	0.3860898	0.1441452	0.0762203	0.1461604	0.0325859	0.7040805	0.4945388	0.2296362	1.0190662	1.1134917	0.8776193	0.0693960	0.5837745	0.9220482	0.7869193	0.8658443	0.7408685	0.9808793	0.5094487	0.3677146	0.0293093	0.3243664	0.0327329	0.8830555	0.5945283	0.2661570	0.4517773	0.4705326	0.7966065	0.5177240	0.0328230	1.0091514	0.4607943	0.0693029	0.1204441	0.8790813	0.1509781	0.8424311	0.9132824	0.7786052	0.3255029	0.0205820	0.4416845	1.0797309	0.0066464	0.7889955	0.3234374	0.6397156	0.2252686	0.5240954	1.0962908	0.7475067	0.5425944	0.3369708	0.0338678	0.5093477	0.1768324	1.0091274	0.8325280	0.4319417	0.0164582	0.3748812	0.2435064	0.2793248	0.8027250	0.3239736	0.6259752	0.8458809	0.2987686	0.2205754	0.4699942	0.6909685	0.5902473	0.4375061	0.7071805	0.9431952	0.3185040	0.3552854	0.5106102	0.5104746	0.7907958	0.5010403	0.2002843	0.8309760	0.4849658	0.0882412	0.7042834	0.3692207	0.0719773	0.6263931	1.0096661
200	0.0215791	0.8730076	0.9029229	0.1037740	0.1915122	0.1744392	0.8294947	0.0197807	0.5844232	0.4365279	0.1941630	0.0846763	0.2083525	0.0273208	0.6449275	0.4446303	0.2155962	0.9671397	1.0865393	0.8073513	0.0863757	0.6480707	0.9641505	0.6385736	0.8399075	0.6970295	0.9799325	0.5891084	0.3546616	0.0131513	0.3170183	0.0444752	0.8412312	0.5268510	0.3516317	0.3525903	0.4282692	0.6902179	0.5896780	0.0329395	1.0999459	0.4611025	0.0584974	0.1433036	0.9301912	0.1431528	0.9171252	0.8874200	0.8210309	0.3178551	0.0065019	0.3758403	0.9573752	0.0040831	0.8227474	0.3856600	0.6475659	0.2070731	0.5383794	0.9684542	0.6421694	0.5764749	0.2373406	0.0170270	0.5433039	0.0913045	0.9673769	0.8034964	0.4505507	0.0213871	0.3501206	0.1866309	0.2847275	0.8514438	0.3082445	0.7654078	0.8068072	0.3265728	0.1523383	0.5341523	0.6409581	0.5249991	0.4423199	0.8168740	0.9526890	0.3057602	0.4371486	0.5188265	0.5211557	0.7006369	0.5029411	0.2551952	0.9408199	0.5006295	0.0730266	0.6935681	0.3145462	0.0904942	0.7144361	1.0173154
250	0.0175970	0.9018589	1.0270340	0.0814542	0.1012085	0.1696015	0.8064582	0.0309250	0.5660545	0.5025026	0.3129018	0.0945632	0.1894352	0.0376511	0.6118056	0.4945771	0.2345551	1.1009420	1.0232646	0.7359227	0.1097806	0.7355520	0.9177091	0.4608501	0.8908768	0.7811209	1.0111570	0.6400924	0.3232822	0.0245830	0.2993287	0.0637267	0.8057070	0.5729398	0.4616708	0.2319726	0.4427752	0.7259126	0.5440114	0.0208534	1.0450385	0.4536303	0.0683757	0.1330864	0.9063193	0.0871455	0.9350641	0.9901982	0.8236399	0.3347006	0.0162477	0.4385876	0.9666333	0.0113382	0.7810539	0.4691986	0.6159827	0.3195346	0.5717469	0.9272267	0.4056442	0.5087747	0.2214167	0.0053469	0.4787494	0.0597149	0.9737724	0.8189849	0.5242643	0.0420500	0.3226216	0.1492864	0.3900679	0.8704327	0.2550203	0.6407408	0.8502131	0.3803371	0.1110517	0.4896486	0.5978701	0.4562793	0.4814779	0.8082585	0.9222526	0.3842322	0.4910263	0.5677671	0.5964104	0.6440604	0.5475053	0.3532636	1.0402021	0.5820195	0.0526495	0.7176289	0.3388840	0.0911131	0.6823265	1.0517729
300	0.0179313	0.8971530	0.9900999	0.0754318	0.0801896	0.2236827	0.8145631	0.0268236	0.4454035	0.5113251	0.4039313	0.1029944	0.2739987	0.0292633	0.5027184	0.5331221	0.2241203	1.0350011	1.0446341	0.7791234	0.1209749	0.8140611	0.8581867	0.3081036	0.9104433	0.8977547	0.9482980	0.6570050	0.3050381	0.0154910	0.2950169	0.0505466	0.8077064	0.5040898	0.5959754	0.1260987	0.4204100	0.7797233	0.5171498	0.0202151	1.0483796	0.4627995	0.0628542	0.0908776	0.9578910	0.0935959	0.8512064	1.0238480	0.9384187	0.3164058	0.0121847	0.4447240	0.9950722	0.0093469	0.7458384	0.5036724	0.5737661	0.3157187	0.4107504	0.8733246	0.2644131	0.5697379	0.2727094	0.0058665	0.4917089	0.0290395	0.9881861	0.7609856	0.4897435	0.1287657	0.3385183	0.1052476	0.5408838	0.8669616	0.2282307	0.6396959	0.8300244	0.3504217	0.0899319	0.4718123	0.5502269	0.4002142	0.4808704	0.8514436	0.8379344	0.4478302	0.5224275	0.6153212	0.6799136	0.6318602	0.6950227	0.3746922	0.9908805	0.5791392	0.0262420	0.7372279	0.3338228	0.0970744	0.6063587	0.9475495
350	0.0244984	0.8736922	0.9745213	0.0520997	0.0495079	0.1910768	0.9730738	0.0280557	0.4661836	0.5346821	0.3767631	0.1132335	0.2972592	0.0326675	0.6175041	0.4825871	0.2559129	1.0112226	0.8822367	0.8582469	0.1091096	0.8125998	0.8435104	0.3642525	0.9649785	1.0608170	0.9842064	0.6292656	0.3467621	0.0209844	0.2426893	0.0522742	0.7831366	0.4850887	0.6422566	0.0885482	0.4969949	0.7683720	0.5814491	0.0303457	1.0667406	0.5045672	0.0428099	0.0971590	0.9080544	0.0960476	0.8601140	0.8861664	0.8323768	0.2811152	0.0386515	0.5567146	0.9628307	0.0068294	0.7247656	0.5373166	0.5918767	0.3398416	0.4499361	0.9726093	0.1581449	0.6633267	0.2747705	0.0027784	0.4976362	0.0237647	1.1098433	0.8433918	0.4735342	0.2604574	0.2477402	0.0673428	0.5426632	0.7873811	0.1827433	0.6922548	0.7291409	0.5278145	0.0584264	0.4427235	0.7151251	0.4037410	0.4754224	0.8410850	0.9382497	0.5785557	0.5270804	0.6731523	0.6785614	0.4836497	0.6755000	0.3918450	0.9327187	0.5328390	0.0154961	0.7661342	0.3469714	0.0834815	0.6510784	1.0040718
400	0.0301336	0.7773727	0.9994426	0.0582376	0.0671438	0.1858049	0.8226550	0.0482437	0.5000836	0.3911937	0.4007556	0.1474501	0.2759910	0.0348987	0.5409802	0.4737882	0.1995143	1.0225301	0.9585603	0.7977565	0.0993933	0.8509155	0.8121108	0.3983691	0.9210588	1.0665623	0.9744330	0.6541474	0.3048120	0.0098556	0.2738174	0.0403347	0.7162557	0.5158578	0.7637644	0.1015655	0.5421199	0.8091530	0.6441004	0.0060689	0.9866197	0.4614725	0.0573514	0.1403366	0.8630724	0.0737872	0.8547429	0.9515495	0.7792581	0.3108525	0.0652631	0.5143429	0.9739577	0.0086799	0.7320173	0.6418313	0.5853727	0.3717534	0.4394603	0.9347793	0.0768644	0.6342629	0.2560806	0.0062438	0.5332102	0.0370826	0.9668301	0.8506148	0.4645544	0.2901916	0.2294739	0.0348723	0.6552661	0.6829845	0.1618508	0.6836495	0.7079846	0.6831632	0.0725356	0.4167304	0.5731627	0.3736312	0.5221537	0.8596378	0.9315617	0.6908701	0.6193021	0.7431231	0.8321402	0.4535588	0.6898980	0.3587592	0.8720803	0.5014493	0.0154087	0.8236667	0.3111282	0.1244590	0.6535965	1.0195909
450	0.0060620	0.8831791	0.9778091	0.0744320	0.0586189	0.1723552	0.8597053	0.0210348	0.5215565	0.4684854	0.4029380	0.1656255	0.3025502	0.0176579	0.4894276	0.4599848	0.2267981	1.0316302	0.9613001	0.8088787	0.1211608	0.8741509	0.7988604	0.3714559	0.8477789	0.9966003	0.9705240	0.6067011	0.3066506	0.0089382	0.2701791	0.0319714	0.7459418	0.5372668	0.7939288	0.0597557	0.5008317	0.8242815	0.6173673	0.0199758	0.9785764	0.4299839	0.0876550	0.1583736	0.9329885	0.1112305	0.8654078	0.8877028	0.7396212	0.3403364	0.0765666	0.5424510	0.8924311	0.0084109	0.7044208	0.5695216	0.6112522	0.3648058	0.4635654	0.9962262	0.0936566	0.6088832	0.2669045	0.0164379	0.5115657	0.0190955	0.9493754	0.8939582	0.5193380	0.2866785	0.2689389	0.0288004	0.6166468	0.8204018	0.1420173	0.6526943	0.7967430	0.5722510	0.0739315	0.4389515	0.6269876	0.3797768	0.4948287	0.6779154	0.9179942	0.5970857	0.6230266	0.6851337	0.8041285	0.4425007	0.6479344	0.3706151	0.9111942	0.5059630	0.0129375	0.8032696	0.3268940	0.1176598	0.6950683	0.9857840
500	0.0145786	0.9003501	0.9959456	0.0715394	0.0423459	0.2130710	0.8256100	0.0158199	0.4933080	0.5110338	0.3459233	0.1655473	0.2109524	0.0471939	0.4932545	0.4149882	0.2167086	0.9818681	1.0074820	0.8693968	0.0748034	0.7569447	0.7472095	0.4129492	0.9441204	1.0262032	0.9411112	0.5726327	0.2823302	0.0098173	0.2708352	0.0712096	0.8411254	0.4752733	0.7779392	0.1005170	0.5026797	0.7948726	0.5669500	0.0208892	0.9555629	0.4064670	0.0690178	0.1174350	0.8715733	0.1192291	0.8827842	0.8004430	0.7763088	0.3288348	0.0749323	0.4648925	0.9025188	0.0106372	0.7685974	0.5779659	0.6901358	0.3681582	0.4769916	0.9517472	0.0762793	0.6682344	0.2413290	0.0025856	0.5431427	0.0291100	0.9243169	0.9025102	0.5834004	0.4213270	0.2382349	0.0081124	0.6104094	0.8085161	0.1281835	0.6683145	0.7606630	0.3795566	0.0834682	0.3838758	0.6067056	0.5398477	0.5206585	0.7448787	0.9713020	0.6184736	0.5751393	0.6777641	0.8232748	0.4330145	0.5990801	0.3385755	0.8759585	0.5532206	0.0163472	0.8013439	0.3023698	0.0930597	0.7145150	1.0070094
550	0.0122608	0.7595395	1.0189789	0.0509827	0.0342620	0.2653974	0.4418308	0.0173667	0.5567074	0.4409161	0.2383478	0.1385465	0.2351145	0.1247898	0.5764325	0.4370070	0.2973835	0.9822927	0.9136912	0.7783004	0.0819168	0.7849070	0.7978688	0.4067708	1.0112283	0.8766382	1.0378251	0.4251359	0.2044606	0.0147965	0.2858306	0.0647033	0.7768428	0.5796194	0.7812111	0.1523322	0.3181002	0.7666575	0.5687923	0.0121003	0.7874218	0.4282834	0.1037060	0.0902050	0.8864125	0.2676973	0.7645457	0.7078219	0.8851274	0.3129031	0.0869804	0.4181166	0.8663921	0.0049926	0.8112069	0.6109244	0.7055873	0.3945540	0.4177422	0.9532272	0.0857633	0.6771879	0.2909041	0.0840088	0.5139237	0.0499224	0.9441064	0.9187290	0.4912330	0.6064416	0.2100345	0.0234804	0.6505070	0.8011780	0.1746189	0.6916470	0.7092394	0.2692978	0.1030437	0.4231225	0.6885390	0.6216523	0.4244361	0.7072340	1.0391371	0.6181266	0.5483915	0.6088369	0.9419392	0.4927036	0.6118065	0.3551311	0.7521008	0.5366463	0.0176134	0.7749413	0.2673726	0.0912959	0.6381252	0.9574329
600	0.0104372	0.6764301	1.0071629	0.0328419	0.0597279	0.1758028	0.1677982	0.0134961	0.6825578	0.4224883	0.1840316	0.1290825	0.1353845	0.1899577	0.7656538	0.4619713	0.4586826	1.0470542	0.9188536	0.7730636	0.0705858	0.7015680	0.7980023	0.5917818	1.0802075	0.9545338	0.9378834	0.2207130	0.2279478	0.0059660	0.3065828	0.0470127	0.6795314	0.6630270	0.8097825	0.4178065	0.1748392	0.7985442	0.4835259	0.0109734	0.7882847	0.4293186	0.0890730	0.0694262	0.8823665	0.3742026	0.4955050	0.5202055	0.8110703	0.3149157	0.0707164	0.3604479	0.9123953	0.0031868	0.8277024	0.6396976	0.7443444	0.3656645	0.4720292	0.9873406	0.1204332	0.5651406	0.2852468	0.1715521	0.5106308	0.0477747	1.1325673	0.8949956	0.4342938	0.7466514	0.2623150	0.0823241	0.6454586	0.9219453	0.2270998	0.4615353	0.7007294	0.2394492	0.1163557	0.4624997	0.6437683	0.7645100	0.3130916	0.6334472	0.8920304	0.5953264	0.5790393	0.6713802	0.7835674	0.5490023	0.6573969	0.4043353	0.5341883	0.6538181	0.0397919	0.6919265	0.2706530	0.0904520	0.5992967	0.9088510
650	0.0228147	0.6775822	1.0556312	0.0510566	0.0663125	0.0921552	0.0679362	0.0248035	0.8228521	0.4292815	0.1223082	0.1124678	0.0768009	0.1194570	0.7644594	0.4625165	0.4904727	0.9983030	0.8944655	0.8256153	0.0579356	0.5747292	0.7871305	0.7600838	1.0136141	0.9895823	0.9662354	0.1401455	0.1919087	0.0172135	0.3575310	0.0789120	0.7473911	0.7428046	0.6529252	0.5860363	0.1257971	0.7887027	0.3856390	0.0152901	0.9332452	0.3695896	0.1042445	0.0669865	0.8264786	0.5361381	0.2944641	0.5799566	0.7879074	0.3174763	0.0591110	0.3725884	0.8294689	0.0003282	0.7490283	0.5671062	0.7130127	0.2839665	0.4230496	0.8835645	0.1454194	0.5090679	0.2148915	0.2108641	0.5251620	0.1826117	0.9777830	0.8982504	0.4358389	0.6827391	0.2756008	0.1931456	0.6533346	0.9952121	0.3028694	0.3493681	0.6893904	0.1636096	0.1349689	0.5643481	0.6837944	0.8988733	0.2251350	0.4766847	0.9382655	0.4599414	0.5695629	0.6892229	0.6764782	0.6492210	0.6513355	0.3141443	0.4677389	0.5706891	0.0357111	0.5874633	0.2782725	0.0475447	0.6012897	0.9956798
700	0.0191531	0.6959272	1.0173116	0.0650093	0.1803892	0.0291676	0.0392273	0.0138707	0.7961578	0.3663858	0.1042956	0.0924322	0.0486498	0.1061739	0.7525954	0.4321774	0.4555282	1.0745131	0.8972589	0.8446948	0.0618465	0.5329925	0.8878516	0.9277130	0.9891049	0.8736985	0.9355881	0.1028956	0.1864203	0.0316340	0.4168827	0.0526578	0.6802340	0.8373819	0.6082889	0.8155602	0.3345863	0.7660470	0.3406953	0.0311553	0.9371777	0.4469817	0.1015947	0.0645684	0.7159830	0.7967526	0.3883857	0.7452667	0.8064450	0.2667289	0.0706854	0.4015868	0.7868523	0.0001778	0.7508265	0.5759336	0.7962601	0.2292491	0.4181010	0.9980134	0.1598880	0.5545777	0.1545334	0.2366339	0.4689645	0.2957999	0.9169189	0.8255518	0.4270092	0.5723556	0.3395266	0.1926179	0.6274479	0.9946295	0.3720176	0.3250775	0.7455309	0.1231314	0.1800718	0.5841697	0.7588170	0.9753534	0.1606390	0.5867859	1.0127494	0.4052345	0.5616147	0.7372938	0.6358648	0.7322928	0.6050283	0.2486073	0.4030536	0.5434233	0.0457752	0.6071030	0.3465775	0.0209660	0.6103855	1.0456799
750	0.0318263	0.6629294	1.0322066	0.1080422	0.3684465	0.0090474	0.0310850	0.0108705	0.8554026	0.2922893	0.1435912	0.0892912	0.0214275	0.1302737	0.8155167	0.3605981	0.4997188	1.0445180	0.8976863	0.8057366	0.0412076	0.5301149	0.8720153	1.0924578	0.9201203	0.7447313	1.0120276	0.1143490	0.2031266	0.0420823	0.3966252	0.0512906	0.6708285	0.9344041	0.3810157	0.8416281	0.5020937	0.7522349	0.3441198	0.0198130	0.9068355	0.4014193	0.0836033	0.0807063	0.6480651	0.8070271	0.4748918	0.8010919	0.8332134	0.2802377	0.0797051	0.3508244	0.7983955	0.0037503	0.7811271	0.5952103	0.7938628	0.2428486	0.4545481	0.9559435	0.3427407	0.4844844	0.1609962	0.2317201	0.4188408	0.4103245	1.0186445	0.8645702	0.4681487	0.3572905	0.3689178	0.2800304	0.5235909	0.8888014	0.3556355	0.3124803	0.7706455	0.2186841	0.2885199	0.6965003	0.8868098	1.0125482	0.1404438	0.6215774	1.0850910	0.3257263	0.4202456	0.7534783	0.6251141	0.6591649	0.4666788	0.2838710	0.4320412	0.5447227	0.0791641	0.5769401	0.2986103	0.0251718	0.6779600	0.9602085
800	0.0244359	0.5469534	0.9346610	0.1935159	0.4117583	0.0003049	0.0411068	0.0058195	0.8513222	0.2348164	0.1365991	0.0627393	0.0083203	0.0889815	0.8847184	0.4064739	0.4483270	1.0647442	0.9810457	0.8287363	0.0618465	0.6973316	0.9081379	0.9917076	0.8927880	0.7484499	0.9618941	0.1169201	0.1856338	0.0379582	0.4050439	0.0659673	0.6439421	0.9497618	0.3137931	1.0103419	0.5974545	0.6415663	0.3130720	0.0193386	0.9126234	0.4430633	0.0682587	0.1041323	0.5555586	0.7507844	0.5292421	0.9091825	0.8460278	0.3598736	0.0658936	0.3326092	0.8418125	0.0014222	0.8417608	0.5711072	0.8233691	0.2686622	0.4159300	0.9671769	0.4742696	0.4771831	0.1884942	0.3084880	0.4848536	0.5050873	1.0220702	0.8075844	0.4762271	0.1993284	0.3612014	0.2110757	0.3504016	0.8466530	0.3509289	0.3601396	0.8158513	0.2435768	0.4031929	0.7293857	0.8911642	1.0394524	0.1026257	0.7180132	1.0166952	0.3276681	0.3412906	0.5987155	0.5349758	0.7067414	0.4839544	0.1955151	0.4027854	0.5375433	0.1181232	0.6269797	0.2635586	0.0117953	0.6378282	0.9157030
850	0.0112339	0.5572008	1.1135626	0.1897430	0.4506860	0.0024797	0.0364253	0.0148636	0.9295351	0.2938935	0.1631566	0.0672009	0.0069866	0.0751527	0.8429167	0.4378563	0.4030315	1.1003560	0.9278673	0.8715027	0.0775004	0.7038797	1.0572923	0.9295044	0.8717426	0.6838055	0.9659897	0.1046916	0.1982098	0.0443656	0.3977233	0.1222551	0.4947639	0.8761906	0.3247466	0.9760841	0.4554928	0.6901539	0.3202153	0.0218763	0.9583737	0.4955235	0.0620921	0.1158722	0.5475135	0.5777169	0.5873719	0.8195032	0.8108360	0.3016139	0.0596224	0.4125329	0.9084340	0.0105847	0.8094726	0.5828039	0.8220424	0.1794211	0.4896545	0.9981883	0.6571072	0.5203239	0.2996201	0.2775910	0.4982482	0.5347264	0.9478606	0.7427691	0.4935314	0.0845740	0.4380423	0.2854133	0.3759118	0.8146045	0.2867215	0.3272446	0.8557799	0.4753595	0.5208008	0.7284005	0.9431773	0.9965691	0.1257881	0.7357219	1.1493494	0.3460113	0.2428398	0.5781709	0.4729275	0.7045172	0.4597646	0.2363998	0.4053530	0.5788882	0.1233633	0.6650888	0.2359966	0.0387466	0.5431656	0.9020185
900	0.0134878	0.6765409	1.2066354	0.1904115	0.4923018	0.0002261	0.0291592	0.0435018	0.9057874	0.4366450	0.1978019	0.1035430	0.0084568	0.1051049	0.8055425	0.4527214	0.4492847	0.9645334	0.7921718	0.7810084	0.0786510	0.6741865	1.0887944	0.9009454	0.8576387	0.7253717	0.9698216	0.1216548	0.1957165	0.0484708	0.3421976	0.1859275	0.5915508	0.8687038	0.2888930	0.9084955	0.2699266	0.7202328	0.4368410	0.0156131	0.9357877	0.4769207	0.0929482	0.1159732	0.6320644	0.5274421	0.6024358	0.8189024	0.7737125	0.2991591	0.0927825	0.3969899	0.8844436	0.0040568	0.7400840	0.5313529	0.6984878	0.2147307	0.4335209	0.9294137	0.6898276	0.5157147	0.3245525	0.2769378	0.4779446	0.4592530	1.0325912	0.6505272	0.4569605	0.0665805	0.3804027	0.2206656	0.3441059	0.8744858	0.2189387	0.3585071	0.8726898	0.4381711	0.3795434	0.7376347	0.9584506	1.0004311	0.1610310	0.6627414	1.0684807	0.3723529	0.2038235	0.5063790	0.4639036	0.6891327	0.4569300	0.2836092	0.3549821	0.6134320	0.1336148	0.6651630	0.2847311	0.0216664	0.5397545	0.9456592
950	0.0055572	0.7474902	1.2061470	0.1795671	0.4770146	0.0000000	0.0440731	0.0324384	0.7965790	0.4867290	0.1691426	0.1082679	0.0060037	0.1338137	0.9262284	0.4877346	0.5205748	0.9678016	0.8819943	0.8427387	0.0678598	0.6135864	0.9742464	1.0124608	0.9627340	0.7576905	0.9640018	0.1075852	0.2205212	0.0216237	0.3713684	0.1866848	0.6001298	0.7706325	0.3077540	0.8316863	0.2389408	0.6408677	0.4747574	0.0129280	0.8702383	0.4292435	0.0823106	0.0883708	0.6928051	0.5046323	0.6138371	0.8496334	0.8428943	0.2872205	0.1075361	0.3911934	0.8832760	0.0065458	0.6981053	0.3629834	0.7529931	0.2814412	0.4018525	0.8790257	0.6344635	0.5246334	0.3157652	0.3329676	0.4978141	0.4382084	0.9721020	0.6841626	0.4742147	0.0512808	0.3675159	0.2785601	0.3410689	0.8303238	0.2319397	0.3176128	0.8757146	0.2436170	0.2793130	0.6974451	0.8331071	1.1050786	0.1978112	0.6904521	1.0453129	0.4149562	0.1923214	0.4603186	0.5909894	0.6960417	0.3976461	0.2090681	0.3826108	0.5651882	0.1283724	0.7017912	0.3348579	0.0279778	0.5142096	0.9666042
1000	0.0197750	0.7163346	0.9659360	0.1803148	0.4681859	0.0000000	0.0334473	0.0258942	0.7537823	0.4620449	0.1986739	0.1048902	0.0020980	0.0957573	0.9367262	0.5259212	0.5166910	1.0184028	0.8563793	0.8515991	0.0817361	0.6849690	1.0645213	1.0247141	0.9400220	0.6981402	0.9189234	0.1131104	0.1855951	0.0127292	0.3258288	0.1430127	0.5342051	0.8196107	0.2974348	0.8824444	0.2448214	0.7185598	0.4302156	0.0246029	0.9827506	0.4753516	0.0778110	0.0804034	0.7251564	0.4287461	0.6696110	0.8584101	0.8558473	0.2862181	0.1224330	0.3751932	0.9162716	0.0001977	0.6847792	0.3257816	0.7827179	0.3633857	0.4232659	0.9179688	0.6790265	0.5370870	0.3925293	0.2784973	0.5273328	0.4665291	1.0001856	0.7730541	0.4219175	0.0874762	0.3643114	0.2648819	0.4046775	0.9316208	0.2132591	0.3099195	0.8599735	0.1912872	0.2605184	0.7127881	0.7963667	1.0944703	0.1825497	0.6159934	1.0196644	0.4599888	0.2260030	0.4298454	0.6446946	0.7106059	0.4354121	0.1866738	0.3920728	0.5691552	0.0991280	0.6378279	0.3073479	0.0109491	0.5355448	1.0108126

0	0.0094491	0.6355617	1.0459758	0.0876986	0.4170952	0.0015965	0.0357302	0.0201856	0.7842026	0.5482911	0.1482550	0.1067167	0.0074763	0.0795139	0.9263252	0.4386615	0.5117037	1.0187251	0.9869150	0.9112762	0.0675828	0.6396705	0.9879649	0.9056811	1.0249936	0.8053086	0.8415975	0.0956169	0.2807776	0.0361236	0.3476186	0.0945586	0.7647381	0.8073502	0.2691465	0.9854445	0.2644993	0.7761342	0.3511720	0.0142404	0.9503393	0.3956488	0.0912837	0.0721673	0.8039584	0.5632487	0.5721011	0.9104100	0.8750489	0.3877912	0.0490860	0.3690556	1.0040851	0.0016799	0.7496314	0.4296180	0.7445798	0.3138374	0.4763448	0.9977159	0.8917758	0.5763065	0.2317245	0.3844034	0.5377636	0.4876338	1.0898320	0.8135737	0.5024926	0.0491368	0.3912071	0.2335426	0.3169327	0.9297559	0.3112694	0.3637340	0.9584119	0.1589398	0.2670455	0.6498318	0.7931145	1.0351174	0.1402507	0.6535788	1.0095359	0.4184859	0.2245238	0.5131035	0.6073464	0.7854143	0.4606182	0.1309775	0.4648780	0.5528648	0.0723851	0.5781484	0.2784400	0.0363961	0.5378107	0.9932421
50	0.0079546	0.6164975	0.9490917	0.1363972	0.4481513	0.0020107	0.0400247	0.0628929	0.6273272	0.4667954	0.1042799	0.4659711	0.0000604	0.0910581	0.8610702	0.4136796	0.4304810	0.9652498	0.8006504	0.6777663	0.0717782	0.6486156	1.0227698	0.9795546	0.8195278	0.6471792	0.9376197	0.1442230	0.2026555	0.1025009	0.3621740	0.0521458	0.5815668	0.7191617	0.2872108	0.8459514	0.2176022	0.6505519	0.2434159	0.0440135	0.9029854	0.4270961	0.0788882	0.0581338	0.7739478	0.3350310	0.6406503	0.9083595	0.9290829	0.3343205	0.0689077	0.3606443	0.9770907	0.0086916	0.7711580	0.6063831	0.8468231	0.3559103	0.3724180	0.9826426	0.8804037	0.5577042	0.2548503	0.2454645	0.6083395	0.4377479	0.9148449	0.7074178	0.4601557	0.0452063	0.3778565	0.3951526	0.2181183	0.8666558	0.3492720	0.3407733	0.8671871	0.1655954	0.1867354	0.7107406	0.7312629	0.9313695	0.1998617	0.5836218	0.9427393	0.3854850	0.3170398	0.5742258	0.4702600	0.7101506	0.6091972	0.2427981	0.3642774	0.5621188	0.1500537	0.5519570	0.2013055	0.0121069	0.5094353	0.9403193
100	0.0097611	0.5284795	1.0261442	0.1127348	0.4544850	0.0010345	0.0361469	0.1716365	0.5904028	0.3743351	0.0777151	0.6901100	0.0026655	0.0852612	1.0396577	0.3407048	0.4578460	0.9335963	0.6505876	0.3800223	0.0645314	0.6470696	1.0020532	0.9594554	0.9140563	0.6227537	0.8625015	0.2652769	0.4660837	0.1771024	0.4287188	0.0355062	0.5042280	0.6383535	0.2342273	0.8055267	0.1421007	0.7057009	0.1554434	0.0288516	0.9400199	0.4604641	0.0806814	0.0433771	0.8330500	0.3507282	0.6886373	0.9135670	0.8422851	0.4220372	0.0746087	0.3763944	0.9874385	0.0892304	0.6709221	0.5860724	0.8016692	0.2881361	0.4114503	0.9289564	0.9282121	0.5425452	0.2162862	0.2726431	0.5246003	0.4289906	0.9609557	0.7270097	0.4823713	0.0525796	0.3578715	0.4581962	0.2541612	0.7816341	0.3791842	0.4692367	0.8911110	0.1927436	0.1388710	0.6250561	0.7501102	0.9413561	0.3203097	0.6441602	0.9572167	0.3641675	0.2983295	0.5267215	0.3306433	0.6972219	0.5253799	0.2233700	0.4016187	0.5926384	0.1571308	0.5230082	0.2228398	0.0266218	0.4288505	0.8580083
150	0.0432857	0.5639849	1.0120989	0.0818415	0.4870189	0.0004913	0.0538270	0.1829302	0.5402055	0.3617060	0.0785809	0.7444894	0.0012835	0.1078327	0.8278923	0.3418346	0.5273834	0.9413128	0.5583863	0.2523303	0.0838150	0.5889712	1.0249761	0.9212173	0.8914294	0.6811806	0.8739126	0.3330032	0.6279905	0.2226800	0.4798113	0.0471294	0.4623799	0.6911522	0.2887101	0.7016329	0.1621243	0.7701081	0.0693171	0.0286236	0.8710080	0.4322875	0.0821623	0.0238258	0.8973455	0.3575072	0.7996568	0.9038575	0.8468399	0.5263152	0.0664798	0.3069708	0.9663684	0.2316923	0.6881579	0.4701827	0.7648907	0.2810372	0.4996886	1.0041400	0.9131504	0.5793864	0.1621186	0.2975385	0.4695595	0.3896277	0.9822853	0.5799289	0.5617925	0.0344700	0.4487941	0.4142702	0.2216370	0.8395040	0.2797930	0.6318877	0.9158627	0.1417774	0.1359038	0.6019670	0.6679762	0.8686632	0.3879841	0.7161688	0.9670719	0.3446656	0.3171261	0.5688268	0.2216264	0.7258487	0.6041528	0.1969936	0.4201657	0.5679165	0.1756656	0.5890577	0.2049733	0.0555856	0.4009952	0.8898334
200	0.0472679	0.5714110	0.9698090	0.0796418	0.5266159	0.0021779	0.0519645	0.2420951	0.5186711	0.2878419	0.0796115	0.8055332	0.0028483	0.1645888	0.8393614	0.3131700	0.4768533	0.9651017	0.4812345	0.1550861	0.0713728	0.6820281	0.9348277	0.8312346	0.8972074	0.6830050	0.9072286	0.3896190	0.7210335	0.2674334	0.5054159	0.0459039	0.4699587	0.6586623	0.3140704	0.6623655	0.1136103	0.7108497	0.0245975	0.0301971	0.8451492	0.4806787	0.0715095	0.0160050	0.9100145	0.2520487	0.8370878	0.8284903	0.9529977	0.4912891	0.0588057	0.3351200	0.9548765	0.4383297	0.6798047	0.4081058	0.6927940	0.2832619	0.3991208	1.0019444	0.9209183	0.5607265	0.2048645	0.2916836	0.4206169	0.4587898	0.9136979	0.4960922	0.5809034	0.1466305	0.3175483	0.4538308	0.2659624	0.8906674	0.2404851	0.6895365	0.9280038	0.2086501	0.1312419	0.5751595	0.7188527	0.6627862	0.4007079	0.7199044	0.9640528	0.2915975	0.3716351	0.6013681	0.3161948	0.7360943	0.6130820	0.2030188	0.4526782	0.4882464	0.2764188	0.6881590	0.2406552	0.2176608	0.4112727	0.8922920
250	0.0890036	0.6178860	1.0582844	0.0653488	0.6089026	0.0014902	0.0581678	0.1925483	0.5918017	0.1491001	0.0694730	0.8077445	0.0050639	0.1403927	0.8247190	0.3788980	0.4921577	0.9097676	0.4075013	0.1464095	0.0594064	0.6632915	0.9358516	0.8063872	0.9710360	0.5988378	0.8500249	0.3838322	0.7325405	0.2809915	0.5132737	0.0338468	0.4612521	0.6375114	0.3426976	0.6056057	0.1029831	0.6676395	0.0223626	0.0172460	0.8894021	0.4737369	0.0890449	0.0134632	0.9000337	0.2733682	0.8191741	0.8435118	0.8747855	0.5336126	0.0345222	0.4044323	0.8592462	0.5409409	0.6672766	0.3837961	0.7431217	0.2935943	0.3764223	0.9136260	0.8993758	0.5509209	0.1847260	0.2529709	0.3666407	0.4370747	0.8383783	0.4451154	0.5548976	0.2027715	0.3829786	0.4967895	0.2868353	0.8477057	0.2401858	0.6205006	0.9507814	0.1415309	0.1341375	0.5031282	0.6687963	0.6143189	0.4177287	0.8860665	0.9621700	0.2855855	0.4041102	0.5904311	0.4037832	0.7846454	0.6421757	0.1644736	0.4025286	0.3616189	0.3402271	0.7118985	0.2897093	0.2957593	0.4801038	0.9734146
300	0.1315892	0.6275546	1.0240564	0.0555112	0.5686015	0.0003565	0.0638811	0.1606930	0.6348501	0.0516943	0.1020399	0.8136629	0.0017972	0.1073873	0.8151292	0.3636922	0.4915380	0.8509678	0.4163695	0.1145143	0.0695496	0.6739060	0.9252876	0.7497968	0.9362457	0.6184421	0.7656333	0.3567120	0.7816919	0.2990847	0.6952880	0.0353014	0.4260971	0.7197131	0.4604933	0.4871630	0.0627556	0.7485032	0.0318239	0.0210609	0.9589472	0.4724028	0.0780414	0.0206313	0.9370951	0.2452219	0.6874992	0.7077271	0.9101356	0.5020672	0.0213392	0.4589363	0.6830478	0.6088495	0.6660361	0.3056369	0.7800749	0.2614423	0.3377198	0.8287491	0.9217275	0.5773417	0.2263247	0.2564548	0.4170927	0.4121750	0.5976796	0.4757004	0.5059068	0.2159946	0.4594219	0.4676578	0.3164854	0.8161064	0.2193760	0.6094857	1.0497094	0.1020274	0.1186949	0.4852481	0.6879130	0.7171675	0.4374788	0.8535221	0.9249010	0.2643508	0.4476160	0.5308231	0.4052009	0.7165926	0.5715558	0.1045657	0.3596130	0.3129441	0.3596800	0.7181472	0.2987933	0.4256170	0.4486607	0.9454410
350	0.1276907	0.5925017	0.9899071	0.0478149	0.6119531	0.0017784	0.1257891	0.1960449	0.6933320	0.0300349	0.0883604	0.8358947	0.0056267	0.1481547	0.8642376	0.4725625	0.5259738	0.6597785	0.3455035	0.1577882	0.0622573	0.5625431	0.9498006	0.7760951	1.0172246	0.6975593	0.7793501	0.3196511	0.7340640	0.2994789	0.7151792	0.0470096	0.3895021	0.7258775	0.4348988	0.3996897	0.0910477	0.7482870	0.0066662	0.0347792	0.8836645	0.4798360	0.0792027	0.0133161	0.8531992	0.2561819	0.6245163	0.6536263	0.8754452	0.4827057	0.0203385	0.5326261	0.6212263	0.6813255	0.7405991	0.3017562	0.7344179	0.2685813	0.4079359	0.8954309	0.9044076	0.5872668	0.1659659	0.2511670	0.4438545	0.4085086	0.5402346	0.5202262	0.5069802	0.2343116	0.4437842	0.4933575	0.3746806	0.8827254	0.2949855	0.6660812	0.9757624	0.1142814	0.1108603	0.4652143	0.7186070	0.7316804	0.4194622	0.8712767	0.9742930	0.2576773	0.5038515	0.6080544	0.3519950	0.6546221	0.5551711	0.1128718	0.3235071	0.3183761	0.3399925	0.7806277	0.4072874	0.4232350	0.4689304	1.0220395
400	0.1360196	0.4927449	0.9663359	0.0786929	0.6039443	0.0007855	0.0490384	0.2378748	0.6793446	0.0271556	0.0536069	0.7950856	0.0062272	0.1344947	0.9600704	0.4790410	0.7146821	0.6939965	0.2775869	0.1497188	0.0430156	0.5884825	0.9482337	0.7794160	1.0143008	0.7277397	0.7623050	0.3781335	0.7267284	0.2681829	0.6343799	0.0568283	0.4033134	0.7166108	0.4561614	0.4158326	0.0609799	0.8239000	0.0114591	0.0227577	0.9323950	0.4449831	0.0695736	0.0054335	0.8117549	0.2727583	0.5312577	0.5700659	0.9505491	0.4467471	0.0266663	0.5148987	0.4809843	0.6221250	0.7550851	0.3114564	0.8226443	0.3323753	0.3461607	0.9231959	0.8760844	0.5415501	0.1744266	0.2331334	0.4110704	0.4810066	0.5250313	0.5259636	0.4131113	0.2719700	0.3711509	0.4641850	0.3504163	0.8915898	0.3186744	0.6052920	0.9412431	0.1091401	0.0798811	0.4747007	0.6377384	0.7472656	0.4014083	0.8677957	0.9449656	0.3000910	0.4963287	0.5384895	0.3662391	0.6832503	0.6234710	0.1833804	0.3426792	0.3487255	0.4052710	0.7164534	0.5016773	0.3956344	0.4777626	1.0105720
450	0.1985846	0.5839366	1.0198835	0.0665363	0.6888541	0.0029119	0.0839884	0.2219541	0.6631196	0.0152989	0.0377389	0.8667666	0.0014724	0.0938431	0.8383666	0.5585864	0.6476181	0.5604893	0.1850458	0.1235999	0.0576896	0.6689465	0.9634117	0.7168300	0.9432584	0.6500236	0.8340018	0.4064087	0.7268996	0.2911763	0.6803220	0.0653148	0.4685154	0.8174181	0.5470334	0.5375249	0.0734804	0.7812911	0.0063653	0.0392325	0.9285526	0.4734336	0.0900381	0.0014525	0.8511594	0.3427344	0.4152872	0.5505809	0.9936073	0.4523182	0.0234946	0.6495473	0.5118146	0.6749488	0.7170069	0.3566168	0.6895384	0.3156161	0.3680840	0.8538227	0.9220614	0.6068196	0.1517018	0.2482240	0.4834756	0.4517620	0.4281206	0.4570474	0.3743400	0.2609292	0.4073952	0.5660500	0.3987590	0.8849591	0.3929376	0.6083329	0.8391867	0.0699140	0.1070185	0.4957501	0.6552654	0.6894467	0.4374401	0.7750704	1.0063809	0.2050794	0.4404540	0.5200881	0.3586886	0.6765744	0.6376181	0.1754995	0.3921841	0.3616825	0.3697910	0.6399366	0.4747853	0.3606736	0.4250149	0.9814916
500	0.2162163	0.6009902	1.0775086	0.0774211	0.6731204	0.0070658	0.0830301	0.2686978	0.6635150	0.0035376	0.0650196	0.7755049	0.0058500	0.1028675	0.8602810	0.5460926	0.7638323	0.4882352	0.1122688	0.1488898	0.0748407	0.6510402	1.0557029	0.6050421	1.0018941	0.6602148	0.8548323	0.4283932	0.7854251	0.2729631	0.6747114	0.0448853	0.4875406	0.8876070	0.4687788	0.6567377	0.1916559	0.7681870	0.0036031	0.0283715	0.8754363	0.4419280	0.0955960	0.0033432	0.8338124	0.6147574	0.4261783	0.6394520	1.0094952	0.4624855	0.0161487	0.7227875	0.5070736	0.5612112	0.7803818	0.2790498	0.7084049	0.2721157	0.4260703	0.7910285	0.9786765	0.6036370	0.2033638	0.2254496	0.4978438	0.4240036	0.5873103	0.4708853	0.3194404	0.3201023	0.4320446	0.5026944	0.4001524	0.8718696	0.3744939	0.6069521	0.8941247	0.0262660	0.1096032	0.5928165	0.7335497	0.8367429	0.4343330	0.8524333	1.0964191	0.1715961	0.3352130	0.5687404	0.4415451	0.6724315	0.6133219	0.2227312	0.4393917	0.3600784	0.3699012	0.6290872	0.4882921	0.4193174	0.3934570	1.0190364
550	0.1912442	0.7073950	1.0964363	0.0997422	0.5729281	0.0041932	0.0734789	0.1409677	0.7537787	0.0111581	0.0756212	0.5630243	0.0070266	0.0949363	0.8004733	0.5254336	0.8482099	0.3568974	0.4330681	0.3261071	0.0522507	0.6200677	1.0647551	0.6857770	1.0402324	0.7088725	0.9077367	0.2847403	0.9204121	0.1946932	0.5987444	0.0717017	0.5416352	0.9384866	0.3990068	0.8454412	0.3052624	0.7337755	0.0760004	0.0244649	0.9380213	0.4348803	0.0828943	0.0425515	0.8592479	0.6481042	0.4681443	0.6688365	0.9543182	0.3914972	0.0098629	0.6701861	0.4362694	0.5932135	0.7743584	0.2153729	0.7664441	0.3077176	0.3179342	0.9242222	1.0098240	0.5575272	0.1281989	0.2744360	0.4241503	0.4906700	0.8039425	0.5021868	0.3044552	0.2663174	0.4658464	0.4819110	0.4733806	0.9132948	0.3775953	0.7645156	0.9548930	0.0482347	0.2143368	0.6677150	0.8329920	0.8261602	0.3328789	0.8160576	1.0554811	0.2690250	0.2401538	0.4589952	0.4923940	0.7326477	0.5631727	0.2056324	0.4628157	0.3863238	0.3853776	0.6915745	0.4960545	0.3362688	0.4052656	0.9565856
600	0.1623304	0.5961690	0.9620462	0.1464531	0.5331855	0.0078567	0.0769575	0.0978359	0.8315061	0.0211700	0.0816107	0.2811364	0.0062449	0.1015064	0.8326570	0.4063372	0.8410776	0.5026757	0.7790351	0.6364649	0.0444323	0.5975376	1.0902220	0.8079076	0.9990599	0.6651235	0.8996980	0.1783896	0.8676934	0.1154387	0.6275181	0.1363829	0.6259292	0.9741444	0.3402580	0.8761587	0.3438986	0.6686389	0.1203647	0.0190962	0.9033779	0.5289696	0.0920096	0.0742151	0.7754989	0.6275107	0.4143357	0.8427898	0.9282177	0.3975671	0.0206252	0.5486278	0.4586906	0.5821296	0.8007761	0.1962768	0.7710933	0.2710605	0.3623880	0.9263108	1.0372648	0.6019964	0.1313956	0.2778751	0.4633614	0.5820290	0.8817077	0.5462140	0.3402053	0.1486632	0.4739544	0.3196925	0.6214365	0.9640255	0.3711411	0.7258876	0.9437897	0.0930161	0.2633417	0.6864355	0.7797689	0.9054088	0.2187199	0.8267424	1.0230771	0.2533396	0.1522337	0.3892321	0.4821371	0.8535443	0.5500942	0.1725388	0.5069422	0.4459082	0.3705889	0.6201812	0.4043304	0.2786313	0.4321914	1.0568123
650	0.1403334	0.7025333	0.9767518	0.1521314	0.4969547	0.0035644	0.0510017	0.0541942	0.9782655	0.0216879	0.1546081	0.1175812	0.0116331	0.1114222	0.8423832	0.3679978	0.7086835	0.7569809	0.9151482	0.7477525	0.0655726	0.6434537	1.1300312	1.0206019	0.9924341	0.6102598	1.0182071	0.1711518	0.8272211	0.0690259	0.6315857	0.0926178	0.6425118	0.8935489	0.3175511	0.8833097	0.4222147	0.6818565	0.1977075	0.0260231	0.9446146	0.4324448	0.0754861	0.0601613	0.6642961	0.6597184	0.4922412	0.8132608	1.0252654	0.3088407	0.0322812	0.4386581	0.4262213	0.3769961	0.7426471	0.2232485	0.7759580	0.2879706	0.4760788	0.9332896	0.9661126	0.5313125	0.1865456	0.2756140	0.4823507	0.5443217	0.8936044	0.6113749	0.4027564	0.0644745	0.4410000	0.3456553	0.5305260	0.8554204	0.2633747	0.8074344	0.8724299	0.2276877	0.3329119	0.6710457	0.7071882	0.8993919	0.1793761	0.7924315	0.9360596	0.2476908	0.1349859	0.3637759	0.4442963	0.7884683	0.4771825	0.1777859	0.4609456	0.5723992	0.2655041	0.6781105	0.3222642	0.1558662	0.4912479	1.0180771
700	0.1264352	0.6635831	1.0523082	0.1869093	0.4908157	0.0023142	0.0258562	0.0344971	1.0953544	0.0243062	0.1398817	0.1039042	0.0018130	0.1100055	0.9136271	0.4379936	0.6033597	0.8989229	0.9449907	0.8246808	0.0552377	0.6660252	1.0463643	1.0035065	0.8967472	0.6153720	0.9373712	0.1189087	0.6314187	0.0639254	0.4709261	0.0836683	0.6140796	0.8157991	0.2901175	0.9701584	0.4546633	0.7106619	0.1993190	0.0180687	0.8557733	0.4579521	0.0805565	0.0894707	0.6362258	0.5220390	0.5038111	0.8973185	0.9947042	0.2478032	0.0502465	0.4040289	0.4982139	0.2369727	0.7068383	0.2949842	0.8844533	0.2447236	0.4984424	1.0077676	0.9333916	0.5889013	0.2625233	0.2789111	0.5012872	0.5231917	0.9810376	0.6502132	0.3756985	0.0635650	0.4956106	0.3124554	0.4421726	0.8476305	0.2292815	0.7974589	0.9188828	0.3686597	0.3372999	0.6685552	0.7549252	0.9035546	0.1698672	0.8191894	1.0154638	0.3502172	0.1190645	0.3651116	0.4946922	0.7397957	0.5008263	0.2217488	0.4218311	0.5211179	0.1840736	0.6798643	0.3139650	0.0769819	0.4762690	0.8987058
750	0.1398920	0.6915232	1.0532465	0.1786553	0.4594571	0.0010748	0.0486911	0.0167446	1.1266598	0.0418020	0.1586768	0.0977607	0.0023657	0.0921122	0.9057256	0.4694762	0.5264606	0.8257162	0.8510448	0.8350545	0.0763015	0.6476283	1.0759522	0.9203927	0.9220208	0.6729081	0.9730614	0.1310812	0.5300841	0.0575405	0.4423174	0.0862255	0.6464992	0.8576114	0.2983360	0.8930265	0.3907748	0.7132665	0.2435866	0.0349682	0.9833659	0.4892235	0.0799867	0.0990458	0.7532012	0.4765351	0.5728165	0.8599464	0.9453288	0.3138447	0.0618977	0.4283638	0.5308198	0.1261145	0.7422755	0.3058168	0.8467216	0.2361342	0.4561552	0.9890240	0.8581987	0.6391992	0.3297176	0.2856413	0.5862216	0.5064973	0.8785311	0.6819317	0.4435903	0.0671505	0.4379253	0.2379819	0.4223650	0.8869721	0.2359082	0.7229341	0.9068976	0.3145882	0.2798143	0.7482114	0.7857074	0.9544740	0.1573636	0.9315120	1.0765667	0.3748189	0.1487059	0.3529525	0.5263421	0.6923873	0.4936233	0.2768182	0.4386078	0.5748825	0.1871543	0.6770446	0.2711713	0.0496286	0.5524725	0.9471238
800	0.1066188	0.6944972	0.9222524	0.1457831	0.5029036	0.0019169	0.0356194	0.0087062	1.0883423	0.0572023	0.1318353	0.1139406	0.0055217	0.0882358	0.9567881	0.4326300	0.5335523	0.9155546	0.9438897	0.8964674	0.0640920	0.6098333	1.0023181	0.9929907	0.9952301	0.6822218	0.9674172	0.0926966	0.5162263	0.0739134	0.5395995	0.0830310	0.6339249	0.8152024	0.2465735	0.8435085	0.3337406	0.6718897	0.2630667	0.0451245	0.8983958	0.5272008	0.0818630	0.0892230	0.7462960	0.5435959	0.5689988	0.9173414	0.8885784	0.3834369	0.0900714	0.3808971	0.5013562	0.0591445	0.7774313	0.3830087	0.7975482	0.2321949	0.4640181	0.9928931	0.8308818	0.6790004	0.3839551	0.2923270	0.5529296	0.4373087	0.9164574	0.7587263	0.4840038	0.0563495	0.3345112	0.2224151	0.4330761	0.8772705	0.2765819	0.7576637	0.9513988	0.2824575	0.2981982	0.7775274	0.7983155	0.9647421	0.1546612	0.8790106	1.0110089	0.3591979	0.1763125	0.3319232	0.5498780	0.6387289	0.5212755	0.3271269	0.3806664	0.6334257	0.2060774	0.6527534	0.2498576	0.0412482	0.5972106	0.8659765
850	0.0654871	0.6380088	0.9001137	0.1285029	0.5206833	0.0016315	0.0241303	0.0252832	1.0337309	0.0471297	0.1079113	0.0930391	0.0100287	0.1212902	0.8568735	0.4437144	0.5215601	0.9385499	1.0210314	0.8004815	0.0550116	0.6793883	0.9891640	1.1072965	0.8424302	0.6627362	0.8887022	0.0993958	0.4224228	0.0457387	0.4072537	0.1092468	0.6567195	0.7994063	0.2697884	0.9555890	0.3185332	0.7530085	0.2824562	0.0208483	0.9135584	0.5252980	0.0617103	0.0703469	0.7791156	0.5233566	0.6736789	0.8861044	0.8884329	0.3857784	0.0769880	0.3917148	0.5186855	0.0415296	0.8194969	0.4829392	0.7434668	0.2472548	0.4867229	1.0026257	0.8392501	0.6746940	0.2492433	0.2568471	0.5174411	0.4908807	1.0199410	0.6393471	0.4462961	0.0309714	0.2822683	0.2345984	0.4036613	0.8939814	0.2795600	0.6622219	0.9187078	0.2976449	0.2758675	0.6149041	0.7676794	0.9055890	0.1245898	0.7868886	1.1025840	0.3668337	0.1823234	0.3461507	0.4550821	0.7722218	0.4278305	0.3566282	0.4167838	0.5931164	0.1627960	0.6542514	0.2416900	0.0449753	0.5063072	0.9744181
900	0.0431046	0.6391145	0.9555571	0.1042632	0.4179216	0.0024713	0.0383878	0.0307248	0.9846023	0.0408125	0.1239204	0.0983421	0.0061904	0.0976396	0.9047873	0.3984075	0.4714287	0.9321795	0.9539905	0.8765241	0.0375080	0.6603753	1.0109748	1.1230215	0.8717436	0.6440385	0.8767341	0.0894433	0.3339714	0.0413140	0.4992375	0.0817212	0.6565166	0.7488021	0.2469698	0.8136550	0.2446645	0.6791092	0.3411895	0.0188845	0.8878364	0.5181164	0.0515770	0.1012681	0.7785407	0.4030956	0.6723495	0.8649955	0.8976374	0.3292121	0.0859669	0.3989338	0.4032375	0.0306722	0.7780453	0.4360473	0.8443759	0.2191219	0.5315984	0.9580822	0.8438578	0.6281204	0.1673991	0.2510375	0.4958834	0.5178574	1.0432516	0.7398567	0.4259650	0.0262524	0.3335435	0.2246065	0.3716524	0.7867312	0.3114609	0.6487049	0.9057015	0.4315197	0.2808846	0.5793828	0.7213188	1.0307479	0.0941030	0.9217849	1.1210476	0.3312824	0.2434779	0.3301751	0.4805158	0.8199091	0.4896565	0.2859890	0.4331684	0.6495277	0.1204471	0.7250137	0.2413057	0.0373903	0.5796807	1.0441720
950	0.0230652	0.6359926	1.0821805	0.0863376	0.4218636	0.0036520	0.0236590	0.0337923	1.0123567	0.1591861	0.1011693	0.0724721	0.0039488	0.0753788	1.0796256	0.4001098	0.5424924	0.9023163	0.9026066	0.8827148	0.0569523	0.6374153	1.0552663	0.9443549	0.8815873	0.6969154	0.8553573	0.1060390	0.2954432	0.0549718	0.3702286	0.0751923	0.7440996	0.8777909	0.2565680	0.8452784	0.1779760	0.7372603	0.3451590	0.0158647	0.9998609	0.5034711	0.0684561	0.0907059	0.7895635	0.3805706	0.6236747	0.8190287	0.8115043	0.4164428	0.0929572	0.3339459	0.4467922	0.0084072	0.7333478	0.4346364	0.7982375	0.2814716	0.4668474	0.9200260	0.8558785	0.5669137	0.1355412	0.2684950	0.5673392	0.5340463	0.9320854	0.6997265	0.4049486	0.0469241	0.3956614	0.2269560	0.3216695	0.8760879	0.2731562	0.5943572	0.8495891	0.4781586	0.2427261	0.6097178	0.7287600	0.9741806	0.0815251	0.7534333	1.0584875	0.2739725	0.2836729	0.3795181	0.5028557	0.7604206	0.4906262	0.2898220	0.4515510	0.6379469	0.0952148	0.7299107	0.2835677	0.0575770	0.5641576	1.0126736
1000	0.0348926	0.6247433	0.9202754	0.1132899	0.5064289	0.0063652	0.0339959	0.0149105	0.9790590	0.2211057	0.1316866	0.0985104	0.0037730	0.0540089	0.9324729	0.4536969	0.6162584	0.9069219	0.8873923	0.7254723	0.0597066	0.5616397	0.9262932	0.9059591	0.9545619	0.7080090	0.8627134	0.1021958	0.3554648	0.0555295	0.3888509	0.0727744	0.7343754	0.8247047	0.2637372	0.7952964	0.1671854	0.7129150	0.3361003	0.0202538	0.9859507	0.4934670	0.0924495	0.0664335	0.8064291	0.3823520	0.6599178	0.8597103	0.8693685	0.3999844	0.0908494	0.3545676	0.4626793	0.0021248	0.7511770	0.4938053	0.7310661	0.2751556	0.5252223	1.0270200	0.8114233	0.5554507	0.1162681	0.3032977	0.5086345	0.5294037	0.8248205	0.6689934	0.4786049	0.0408495	0.4139090	0.2110644	0.3549637	0.8968347	0.3117334	0.5106266	0.8753656	0.3697283	0.1825571	0.6252505	0.7161516	0.8798914	0.0816661	0.7737598	0.9544077	0.2918684	0.3001632	0.3776056	0.4626074	0.7694684	0.5046463	0.2710730	0.5150581	0.6131398	0.0862578	0.6618388	0.2058540	0.0246819	0.6128468	0.9717492

0	0.0094491	0.6355617	1.0459758	0.0876986	0.4170952	0.0015965	0.0357302	0.0201856	0.7842026	0.5482911	0.1482550	0.1067167	0.0074763	0.0795139	0.9263252	0.4386615	0.5117037	1.0187251	0.9869150	0.9112762	0.0675828	0.6396705	0.9879649	0.9056811	1.0249936	0.8053086	0.8415975	0.0956169	0.2807776	0.0361236	0.3476186	0.0945586	0.7647381	0.8073502	0.2691465	0.9854445	0.2644993	0.7761342	0.3511720	0.0142404	0.9503393	0.3956488	0.0912837	0.0721673	0.8039584	0.5632487	0.5721011	0.9104100	0.8750489	0.3877912	0.0490860	0.3690556	1.0040851	0.0016799	0.7496314	0.4296180	0.7445798	0.3138374	0.4763448	0.9977159	0.8917758	0.5763065	0.2317245	0.3844034	0.5377636	0.4876338	1.0898320	0.8135737	0.5024926	0.0491368	0.3912071	0.2335426	0.3169327	0.9297559	0.3112694	0.3637340	0.9584119	0.1589398	0.2670455	0.6498318	0.7931145	1.0351174	0.1402507	0.6535788	1.0095359	0.4184859	0.2245238	0.5131035	0.6073464	0.7854143	0.4606182	0.1309775	0.4648780	0.5528648	0.0723851	0.5781484	0.2784400	0.0363961	0.5378107	0.9932421
50	0.0177790	0.7231421	0.6729684	0.1792798	0.4289815	0.0819259	0.0193727	0.0199796	0.5821969	0.5185079	0.1520675	0.0629600	0.0401393	0.0864926	0.5605407	0.4058362	0.2328952	0.9128039	0.9942780	0.6757748	0.0695110	0.6839305	1.0030587	0.9910569	0.9058640	0.7332313	0.8062987	0.0485125	0.1851045	0.1022773	0.4222644	0.0974282	0.6044338	0.6841625	0.2620290	0.9504913	0.2401085	0.7226735	0.3191835	0.4075704	1.0015168	0.4941241	0.0686411	0.0647258	0.6650446	0.4089996	0.5368692	0.8390935	0.9395523	0.4410701	0.0537150	0.2646253	0.9842170	0.0016233	0.7222146	0.5092423	0.7459799	0.2972910	0.4269489	1.0015835	0.7420409	0.5502765	0.3424022	0.2717654	0.5398531	0.5703757	0.9526875	0.6779376	0.4257439	0.0691774	0.4434358	0.4574118	0.2891454	0.9509499	0.2634305	0.3871391	1.0009716	0.3748177	0.2235359	0.4877585	0.8744391	0.9001609	0.1056609	0.7681359	0.9826442	0.4234245	0.3356032	0.5328959	0.5915365	0.7009677	0.4650349	0.3546231	0.3691100	0.5957631	0.0896412	0.6143073	0.2787390	0.0318212	0.4377648	1.0225174
100	0.0083711	0.7798428	0.4068737	0.1461430	0.2826735	0.1589666	0.0158780	0.0190625	0.5183906	0.4746801	0.1362838	0.0896688	0.0503056	0.1708093	0.3483067	0.2985711	0.0927956	0.9891582	0.8794658	0.4391156	0.0821579	0.7046523	1.0117466	0.9478416	0.9255111	0.7235445	0.7184976	0.0547122	0.2435285	0.1862634	0.4959631	0.1166639	0.6289973	0.7419327	0.2781605	0.8220959	0.1677197	0.7008282	0.3229815	0.7784311	1.0238092	0.4644070	0.0597155	0.0672119	0.7974945	0.3329617	0.4752719	0.8374836	0.9702893	0.5649537	0.0598520	0.2051272	0.9481022	0.0291182	0.7373135	0.4761451	0.7413920	0.2867675	0.5138894	0.9950710	0.8393355	0.5609254	0.4388523	0.3097886	0.5133936	0.5530678	0.9244730	0.8764422	0.4309909	0.0869572	0.3893870	0.5490337	0.3885795	0.9240398	0.2273446	0.4631568	1.0206116	0.5235371	0.1988484	0.3000767	0.9779625	0.9422068	0.1349066	0.7589232	0.9485672	0.3367611	0.4963605	0.5077217	0.4591795	0.7073545	0.5167519	0.2977240	0.3711548	0.5396727	0.0795068	0.6464916	0.2868884	0.0773183	0.2725892	1.0060884
150	0.0010754	0.8303483	0.3092434	0.1224677	0.1925947	0.3182709	0.0365875	0.0197608	0.5081700	0.4153920	0.0954467	0.0837142	0.1686825	0.2825722	0.3171460	0.2376041	0.0493961	0.8909271	0.9962373	0.2326766	0.0850502	0.7648416	1.0096138	1.0008035	0.8695068	0.6956748	0.7014358	0.0413946	0.1658990	0.3036680	0.6288150	0.0819865	0.6801844	0.7891218	0.3079728	0.9033981	0.1344205	0.7578870	0.3071179	0.8483026	1.0108579	0.4661914	0.0514543	0.0521020	0.9041910	0.3248727	0.5687695	0.9748144	1.0334584	0.6965232	0.0520044	0.1916121	0.9328722	0.0800862	0.7689344	0.3812488	0.7562415	0.3458842	0.3968667	1.0393076	0.7389058	0.5083896	0.4601872	0.3269706	0.5681637	0.4935340	0.8754032	0.8930730	0.5125333	0.1661173	0.3683744	0.6973944	0.5500330	0.9537169	0.2218397	0.3559786	0.9909174	0.6569246	0.1691740	0.2187872	0.8673331	0.7345797	0.1467425	0.8353552	0.9876160	0.4292842	0.6819883	0.4840482	0.2351733	0.6544105	0.4690896	0.3151583	0.3897208	0.4923502	0.0904045	0.6048799	0.2150914	0.1861047	0.1275598	1.0476241
200	0.0123933	0.8469460	0.2496807	0.0770291	0.2024078	0.3274200	0.0335884	0.0310985	0.4492070	0.4990748	0.1113184	0.0923682	0.2208909	0.4188537	0.3391184	0.2407092	0.0384770	0.9306066	1.0009107	0.1641364	0.0845708	0.6922267	0.9721087	1.0415558	0.8657829	0.7020560	0.5983590	0.0686002	0.1512147	0.3794352	0.7124900	0.0824331	0.6561600	0.8663320	0.3772350	0.8277483	0.1038694	0.8270173	0.2936095	0.9736401	1.0899856	0.4377330	0.0371680	0.0373006	0.8769608	0.2854125	0.6520159	0.9043585	0.9550877	0.6999779	0.0364210	0.1459676	0.8177062	0.1108464	0.6911869	0.2611313	0.8120233	0.3639591	0.2953275	1.0218196	0.6931473	0.4809035	0.3757921	0.3222096	0.4994045	0.4208968	0.7816156	0.7533308	0.4894262	0.3416175	0.4329241	0.7821995	0.6795210	0.9179462	0.2765940	0.2765008	1.0678525	0.7983042	0.1421242	0.2214982	0.8335360	0.7595967	0.1336121	0.7641753	0.9061754	0.3573184	0.8339262	0.4751606	0.1613551	0.7673509	0.5926783	0.3566358	0.3991219	0.3735957	0.0614645	0.5898141	0.1834789	0.2984421	0.0933372	1.0620213
250	0.0097807	0.8400422	0.2535838	0.0595731	0.2301790	0.2927022	0.0172646	0.0162931	0.4190555	0.4871556	0.1088665	0.0912164	0.2670577	0.5323082	0.3334989	0.2006560	0.0272886	0.9914969	1.0320607	0.1397661	0.0865368	0.7357185	0.9781880	0.9578601	0.8928534	0.7122644	0.5132901	0.0190590	0.1257653	0.3896290	0.6591015	0.0664569	0.6354095	0.8202089	0.3143107	0.8038848	0.0821215	0.7842993	0.3681787	0.9935818	0.9734011	0.4561594	0.0618803	0.0480275	0.8850944	0.2280139	0.6862756	0.9244843	1.0323383	0.7903442	0.0428312	0.1222169	0.7565894	0.1377769	0.6672071	0.1324909	0.8012439	0.3722229	0.1754156	1.0258200	0.5675097	0.5258896	0.2460545	0.2686742	0.4953207	0.4372661	0.6753551	0.7912883	0.5815203	0.3658991	0.4663744	0.7788230	0.7074123	0.8698098	0.3395465	0.1768143	1.0370973	0.7538850	0.1847313	0.1962109	0.8709108	0.8041657	0.1899138	0.8993587	0.9802433	0.3459316	0.8387128	0.5538686	0.1749122	0.7796873	0.5879651	0.3798510	0.3801027	0.2039436	0.0453256	0.6729284	0.2011309	0.3030725	0.0671566	1.0141014
300	0.0178192	0.8210736	0.2069699	0.0469742	0.2687518	0.3011260	0.0224448	0.0356493	0.4013124	0.4205998	0.1294327	0.0848723	0.2630984	0.5152887	0.2994991	0.2174586	0.0201508	0.9708942	1.0819258	0.1208303	0.0692421	0.7492766	0.9656614	1.0098774	0.9365228	0.6720336	0.4622647	0.0412484	0.0987266	0.4047030	0.6869973	0.0658063	0.7170470	0.7439811	0.3175591	0.7318104	0.0941047	0.7883822	0.3339747	0.9740773	0.9711777	0.4567611	0.0697946	0.0519852	0.8698226	0.1881623	0.7761187	1.0503237	0.9542869	0.8612167	0.0353543	0.1022221	0.6341249	0.1247344	0.7121731	0.1580956	0.7724537	0.3958679	0.1096565	0.9965971	0.5347368	0.4919227	0.2276578	0.2602029	0.5026985	0.5340916	0.4637298	0.7900977	0.5387279	0.3711770	0.4912177	0.7485678	0.6905410	1.0107800	0.3019484	0.1477352	1.0562718	0.8364000	0.1670937	0.1783460	0.9390817	0.8092912	0.2546148	0.8810799	1.0135638	0.3974182	0.8546227	0.5930522	0.1439746	0.7563207	0.6114845	0.3768683	0.3756865	0.1531144	0.0835300	0.6450102	0.2317604	0.2158720	0.0615126	0.9515420
350	0.0224329	0.7393840	0.2099214	0.0434481	0.2177695	0.2710723	0.0399451	0.0377965	0.3999270	0.4819990	0.1796891	0.0974517	0.3026109	0.5752912	0.2654292	0.1969609	0.0423867	0.9073513	1.1466115	0.1256201	0.0336314	0.6974686	0.9724911	0.9472538	0.9546921	0.6586156	0.5212210	0.0348560	0.0916000	0.3485909	0.7552329	0.0529586	0.6342848	0.7093519	0.3198695	0.7713649	0.0486871	0.8212215	0.3434880	0.9843369	0.9237735	0.4501214	0.0672213	0.0368198	0.8433935	0.1217504	0.7489074	0.9772646	1.0829394	0.8553012	0.0327838	0.1101287	0.5614514	0.1744144	0.7442874	0.1751575	0.8310620	0.4079671	0.0707230	1.0224257	0.4798109	0.6093943	0.2324640	0.3122086	0.4262662	0.5705902	0.3761871	0.7821020	0.5414380	0.3857215	0.4974771	0.7132267	0.7506830	0.9731247	0.3332324	0.1238071	1.0955254	0.7588303	0.1159341	0.1266172	0.8957904	0.8270460	0.2980181	0.7947039	1.0663707	0.3503963	0.9278163	0.6561291	0.1240723	0.7452885	0.6107054	0.3828982	0.3469229	0.1410067	0.0557157	0.7066931	0.1848737	0.1995093	0.0566077	1.0220382
400	0.0079884	0.7913323	0.2019111	0.0303319	0.2776421	0.2734139	0.0508283	0.0177915	0.3765064	0.3839664	0.2590921	0.0958652	0.3338771	0.6042935	0.2914233	0.2173338	0.0497135	0.9070760	1.0399753	0.1036545	0.0585893	0.6942350	0.9129976	0.8444211	0.9609795	0.6177166	0.4770080	0.0408465	0.1278922	0.3628771	0.6712212	0.0660515	0.7312845	0.7256875	0.3231125	0.7090652	0.0510853	0.7840367	0.3303484	1.0147947	0.8468443	0.4335226	0.0781231	0.0218789	0.8909856	0.0910355	0.7122310	0.9886421	1.0616516	0.8768306	0.0275264	0.1360661	0.5489749	0.1374568	0.8237910	0.2616806	0.7495309	0.4962821	0.0806514	0.9995511	0.4210065	0.5723414	0.3722869	0.2554711	0.5209939	0.5540933	0.3166582	0.8606545	0.5329656	0.3974649	0.4759851	0.7614406	0.7606564	0.9025117	0.2384750	0.1167011	1.0594024	0.5900012	0.0665804	0.0896786	0.9017666	0.7804642	0.2397181	0.8183492	1.0963567	0.4628000	1.0013244	0.6427638	0.2499752	0.7330471	0.5672710	0.3872216	0.3088383	0.1268968	0.0305517	0.7246488	0.1914179	0.1792317	0.0421910	0.9951334
450	0.0158688	0.7816621	0.2130185	0.0520091	0.2334958	0.2840119	0.0625974	0.0059332	0.3721169	0.3768764	0.3125799	0.1070498	0.3633159	0.5932599	0.3309672	0.2113269	0.0253971	0.9637803	0.9746405	0.0936912	0.0523789	0.7240671	0.8624862	1.1301787	0.9195560	0.7253164	0.4975517	0.0474641	0.1184648	0.3422789	0.6197861	0.0646667	0.7366960	0.7191376	0.3569112	0.7255271	0.0430300	0.7507369	0.3697317	0.8163661	0.9104120	0.4701269	0.0938939	0.0229214	0.9163527	0.1244016	0.7848770	0.9867267	0.9898972	0.8673593	0.0318223	0.1538297	0.5272567	0.1843713	0.8102578	0.4230883	0.6774725	0.5182862	0.0893113	1.0269193	0.4514947	0.6122054	0.5699535	0.2699183	0.5385549	0.6678473	0.2932045	0.8247783	0.5053123	0.4151925	0.4524552	0.7849456	0.7474161	0.9380876	0.2690323	0.1196693	1.0129953	0.5618900	0.0798963	0.1060008	0.8655899	0.7244004	0.2191031	0.8135269	0.9730227	0.4602037	0.9122497	0.5988805	0.4487316	0.6172514	0.6674056	0.4797465	0.3593269	0.0989187	0.0255614	0.6966557	0.1851825	0.1709149	0.0280919	1.0107918
500	0.0216846	0.8891237	0.1965994	0.0301980	0.1931360	0.2896613	0.0372692	0.0208905	0.3917168	0.4292714	0.3242878	0.1213161	0.3656056	0.5677963	0.2801984	0.2126559	0.0389161	0.9018514	0.9751515	0.0826555	0.0517388	0.8290634	0.8884882	0.9960472	0.9178809	0.6965917	0.5319335	0.0234605	0.1265396	0.3888677	0.6547795	0.0466428	0.7700592	0.7373009	0.3722240	0.6456240	0.0481421	0.7653682	0.4013024	0.9494171	1.0451855	0.4148644	0.0652704	0.0427490	0.8723164	0.1482331	0.7823879	0.9752486	0.9025629	0.8480047	0.0212319	0.1425207	0.4746741	0.1932284	0.7920263	0.3998642	0.7926323	0.5545400	0.1137715	0.9768940	0.4669875	0.6122229	0.5971534	0.2502218	0.4987987	0.5358423	0.2474390	0.8407847	0.5226204	0.4214332	0.4821251	0.7909076	0.7124587	1.0380013	0.2757495	0.1383942	0.9983136	0.5058284	0.0790858	0.0919568	0.8126427	0.7897683	0.2190588	0.8031958	1.0072339	0.4897677	0.9436597	0.6654338	0.5446938	0.4989899	0.6457356	0.4413286	0.3700777	0.0739860	0.0133767	0.6950790	0.2519260	0.1620906	0.0364442	1.0174473
550	0.0242930	0.7595148	0.5252287	0.0286940	0.2367760	0.2047216	0.0551942	0.0253452	0.4912357	0.3967760	0.2918664	0.1513259	0.2861866	0.5582542	0.4815200	0.2655833	0.3008356	0.9852391	1.0022175	0.2750586	0.0651699	0.8508728	0.8038656	1.0704871	0.9438842	0.6946159	0.4880472	0.0451325	0.1647242	0.2724910	0.6638446	0.0464448	0.7386867	0.6794169	0.4743258	0.4797019	0.0405613	0.7655532	0.4866992	0.5180094	0.9932303	0.4015530	0.0737993	0.0227417	0.9043018	0.2600230	0.6594041	0.7713720	0.9013994	0.6856702	0.0728524	0.3382246	0.4965822	0.3274246	0.7702467	0.3678822	0.7095900	0.5147644	0.1776220	1.0356441	0.3516920	0.5742915	0.6748737	0.2762559	0.4460264	0.3760148	0.1597219	0.7076214	0.5495239	0.4608427	0.4273379	0.5064871	0.7854180	1.0032359	0.2398850	0.1610944	0.9520119	0.5094358	0.0781686	0.1404339	0.6941511	0.7699036	0.2793763	0.6817234	0.9922527	0.4986297	0.8829550	0.6443939	0.5127488	0.5562016	0.6630642	0.4348078	0.3351707	0.0695006	0.0102707	0.6169779	0.2754308	0.2339377	0.0343476	0.9241244
600	0.0220108	0.5761749	0.9001998	0.0613417	0.2177655	0.0791967	0.0331523	0.0260525	0.7342915	0.3865313	0.1860317	0.1412448	0.1379075	0.3290327	0.7529873	0.3930946	0.4256984	0.9702862	0.9144960	0.4985861	0.0641261	0.5956993	0.8144012	0.9681618	0.8596592	0.7112048	0.5080537	0.0603849	0.3080607	0.1638286	0.6235606	0.0696188	0.6806833	0.7960307	0.4823753	0.4982179	0.0666465	0.8052198	0.4406450	0.1921036	0.9267513	0.4307594	0.0792804	0.0374472	0.8783419	0.3192715	0.5627529	0.6549591	0.8362446	0.5640415	0.0993539	0.3827914	0.4581376	0.4445115	0.8116228	0.2632420	0.7427864	0.5078896	0.1954921	1.0688176	0.3054456	0.6032375	0.5583033	0.3251658	0.5110797	0.2849261	0.3194709	0.6533354	0.5758060	0.3747035	0.4104474	0.3030827	0.8128188	0.9006013	0.2360822	0.2833845	0.8796132	0.3131936	0.0881151	0.2272903	0.7042034	0.7286750	0.1969989	0.5967108	1.1100983	0.5332080	0.6892960	0.6157801	0.5418644	0.5104262	0.7263282	0.4791941	0.3669911	0.3202229	0.0110218	0.6279710	0.3155880	0.2269230	0.0564323	0.8729730
650	0.0199186	0.5347238	0.9129141	0.0752188	0.2620242	0.0357665	0.0355292	0.0260679	0.8822219	0.4561211	0.1484214	0.1101648	0.0671249	0.1509086	0.8195512	0.4921648	0.4936812	0.8839702	0.8681825	0.6580975	0.0553231	0.6163071	0.9938431	1.0151935	0.7601707	0.7224777	0.5445547	0.1086706	0.5127941	0.1018834	0.5836376	0.0649535	0.6357863	0.8776452	0.4182217	0.6194111	0.0955112	0.8139863	0.3953745	0.0624892	0.9616266	0.4341869	0.1038103	0.0446182	0.8765015	0.4338166	0.4415405	0.6187043	0.8160039	0.4066730	0.1200331	0.3742486	0.3523878	0.4280430	0.7909078	0.2623426	0.7299858	0.4858880	0.3076187	1.0417953	0.3375235	0.5568737	0.4340148	0.2843706	0.4140894	0.3883854	0.4836218	0.6467121	0.4731665	0.3176029	0.3905229	0.2718009	0.7343809	0.8930444	0.3060744	0.4579008	0.8206706	0.2135530	0.1406063	0.3624045	0.6823197	0.8324341	0.1797845	0.6024091	1.1092398	0.5096614	0.6054557	0.5998761	0.6395359	0.5762237	0.7089905	0.4059945	0.3440888	0.4890822	0.0242434	0.6697005	0.3430940	0.1451025	0.0495327	0.9793598
700	0.0259491	0.5942998	0.9432806	0.0601211	0.4034407	0.0234223	0.0285216	0.0301398	0.8626822	0.4365813	0.1257089	0.0970150	0.0327560	0.1450245	0.7076878	0.4522949	0.5066824	0.9009446	0.9729372	0.6954527	0.0477186	0.6100536	0.9779756	0.9696995	0.6116628	0.7054092	0.7225541	0.1160746	0.6295391	0.0968800	0.5538145	0.0642691	0.6384400	0.9495812	0.3393177	0.7146636	0.1766718	0.8435836	0.3564164	0.0311183	0.9140170	0.4019285	0.0918854	0.0417679	0.7425170	0.6905415	0.4143127	0.6956594	0.8060560	0.4382884	0.0974811	0.3874097	0.4076512	0.2295573	0.7203356	0.3236783	0.7306627	0.4422294	0.3566938	1.0065655	0.3799177	0.6391934	0.2651116	0.2885439	0.4953281	0.4917163	0.6668636	0.6563919	0.4316319	0.2780082	0.3745949	0.2077796	0.6898784	0.9651366	0.3842030	0.5808167	0.8308139	0.1427751	0.1680911	0.5738135	0.6725205	0.9293102	0.1227356	0.6739568	1.0511388	0.4539843	0.4871030	0.6031156	0.5479490	0.6246981	0.6434063	0.4279070	0.3483348	0.5300374	0.0468205	0.7121369	0.2689354	0.0964966	0.1494163	0.9514289
750	0.0526248	0.5874903	0.9302778	0.1342761	0.4794650	0.0061863	0.0249334	0.0373663	0.8197342	0.2236489	0.0977381	0.0853143	0.0190459	0.1373670	0.9080490	0.4184372	0.5078899	0.8852831	0.9689767	0.8253912	0.0512870	0.6324158	0.9450863	0.9695603	0.6584346	0.6962889	0.7925445	0.1781124	0.6506106	0.0723307	0.5093481	0.0844060	0.6029620	0.9653505	0.3461330	0.8255178	0.4115221	0.8433030	0.2889725	0.0111036	0.9972336	0.3898984	0.0733397	0.0425514	0.7001682	0.7330063	0.5168457	0.8492012	0.9702681	0.3695571	0.0879556	0.4115111	0.5747040	0.1385282	0.7298947	0.2963190	0.7035793	0.3962648	0.4282648	0.9375499	0.4986189	0.6295705	0.1959047	0.2878944	0.4940549	0.4825139	0.9407439	0.6783961	0.4303992	0.1462659	0.3878892	0.2025561	0.5238183	1.0142562	0.3097163	0.6799883	0.8398104	0.1799499	0.2295826	0.7136243	0.7828924	0.9855054	0.1511243	0.6923493	0.8773372	0.4004232	0.3828489	0.5763416	0.5066676	0.7089859	0.4332054	0.3557205	0.4156951	0.5916069	0.0707683	0.7082354	0.3073481	0.0620642	0.2804392	0.9697983
800	0.0831162	0.5833376	0.9777808	0.1869724	0.5059756	0.0019749	0.0205998	0.0365091	0.9052011	0.0924072	0.1188329	0.0996195	0.0208102	0.1326369	0.8912482	0.3940613	0.4817152	0.9128686	0.9087059	0.8397221	0.0424392	0.6115385	1.0043693	0.9328630	0.6359298	0.7155363	0.8687474	0.1799548	0.4957554	0.0486642	0.4373936	0.0894831	0.6288472	0.8181799	0.3016209	0.9950827	0.4540236	0.7690224	0.3739869	0.0192210	0.9527312	0.3919772	0.0867453	0.0762384	0.5993020	0.7341359	0.6165124	0.8303400	0.8865970	0.3575564	0.1288295	0.3308230	0.6410859	0.0898869	0.6821716	0.3621724	0.6876691	0.3424391	0.4032919	0.9909565	0.6155937	0.6185453	0.2184801	0.3120063	0.4845614	0.5202844	1.0945262	0.7709514	0.5172560	0.0792104	0.3985169	0.1834995	0.5082336	0.9006923	0.2996661	0.7000842	0.8846307	0.2553827	0.3436345	0.7332823	0.7634957	0.9937120	0.1292655	0.7508072	1.0515477	0.3869748	0.2726200	0.5395815	0.5215431	0.7742027	0.4014885	0.2569058	0.4425984	0.5519314	0.0912399	0.7347264	0.2926339	0.0718856	0.3874538	1.0106580
850	0.0452628	0.5588527	0.9083771	0.2201462	0.4493486	0.0003758	0.0365535	0.0245737	0.9085348	0.0386002	0.1117839	0.0830694	0.0037534	0.1011578	0.8452050	0.3989919	0.4826157	0.8986225	1.0796199	0.8992020	0.0463240	0.5826011	1.0276861	0.9822021	0.8072879	0.7443909	0.9364882	0.1575187	0.3439501	0.0248129	0.3529771	0.1147539	0.6308701	0.8007610	0.2760612	0.9572118	0.4342415	0.6840811	0.3722265	0.0109602	0.9796326	0.4788894	0.0725397	0.1100498	0.5854818	0.4726112	0.6549124	0.8963192	0.8089687	0.3197780	0.0740594	0.3298401	0.7253972	0.0448783	0.6469869	0.4720062	0.7401559	0.3205296	0.4573944	0.9496903	0.7523201	0.5792588	0.2758735	0.3054843	0.4734814	0.5085198	1.0529145	0.6885151	0.5268205	0.0441346	0.4641182	0.1820663	0.4263084	0.8130045	0.3431890	0.7392686	0.9679019	0.2504490	0.3529309	0.6581095	0.8838255	0.8773810	0.1576397	0.8275423	1.0706882	0.4034740	0.1938583	0.4392098	0.5483779	0.6777227	0.4578714	0.2691773	0.4456837	0.5824911	0.1611546	0.6202892	0.2698546	0.0616254	0.4188424	0.9547167
900	0.0403820	0.5880765	0.9190286	0.2113941	0.4606643	0.0002475	0.0198266	0.0232444	0.9356705	0.0570414	0.1342686	0.0847582	0.0011409	0.1021895	1.0133494	0.4054849	0.4934525	0.8807596	1.0032662	0.8702698	0.0587216	0.6329269	1.0695509	0.9844794	0.8971527	0.7327414	0.9602161	0.1769035	0.2931634	0.0269773	0.3351955	0.1211681	0.6027439	0.7852758	0.2437085	0.8375517	0.2501602	0.7408665	0.2877878	0.0122871	1.0110194	0.5375730	0.0618764	0.0881091	0.6333308	0.4528451	0.6664890	0.8694357	0.8649513	0.3074400	0.0700844	0.3419720	0.6615364	0.0093212	0.6393159	0.5619074	0.8101432	0.2400474	0.4351105	0.9601565	0.7584295	0.6579615	0.2042376	0.3211628	0.4987757	0.4870688	1.0545607	0.7023870	0.4578461	0.0271435	0.4345962	0.2573893	0.3231553	0.7986352	0.2986216	0.5412937	0.8966554	0.3465983	0.2689715	0.7197588	0.8476431	0.9959706	0.1836313	0.7349816	1.0027608	0.3170068	0.1943392	0.3758920	0.5375150	0.7239848	0.3926985	0.1776709	0.4245387	0.5780816	0.1558329	0.6779120	0.2232402	0.0463901	0.4498438	0.9143984
950	0.0385124	0.6067062	0.9613287	0.1701974	0.4155394	0.0004319	0.0456673	0.0118694	0.9060094	0.1034294	0.1734447	0.0999041	0.0061975	0.0902467	0.8617626	0.4355705	0.5055511	0.9626939	0.9719112	0.9134849	0.0739976	0.6632285	1.0198435	1.0030173	0.8938106	0.7737513	0.9482825	0.1347558	0.1835874	0.0406663	0.3953424	0.1272423	0.5617859	0.7520936	0.2645052	0.8432987	0.1828165	0.6932266	0.2850667	0.0112619	1.1425169	0.4525456	0.0727055	0.0752412	0.6729923	0.5188491	0.5366802	0.8305314	0.8719717	0.3027355	0.0970581	0.3211266	0.4933909	0.0118015	0.7065215	0.4786864	0.7210513	0.2723062	0.4821319	0.9667249	0.7795200	0.4942884	0.2709870	0.3738051	0.5138155	0.4915922	1.0255646	0.7967731	0.4387978	0.0393794	0.3550978	0.1931287	0.2723415	0.8307985	0.2475367	0.3912530	0.8765234	0.3625807	0.2528863	0.6502292	0.8571228	1.0071409	0.1320495	0.6359646	0.9150633	0.2849127	0.2420976	0.3754252	0.5885658	0.8024781	0.4056871	0.1138384	0.3881121	0.5870820	0.1297917	0.5705435	0.2336656	0.0408351	0.5295901	0.9500636
1000	0.0271506	0.7134509	0.9970325	0.1726271	0.4720420	0.0017184	0.0455442	0.0110578	1.0645805	0.1357937	0.1311390	0.0718434	0.0010310	0.1272827	0.8339528	0.5255549	0.5339447	0.9385823	1.0089208	0.7740546	0.0811742	0.6802207	0.9566242	0.9022667	0.9062849	0.6952094	0.9464527	0.1640120	0.1672618	0.0357109	0.3300327	0.1273004	0.6981636	0.7175012	0.2880758	0.8300713	0.2604991	0.7589703	0.3037386	0.0310960	1.0299279	0.4306729	0.1100725	0.0551786	0.7714915	0.5639458	0.6462349	0.8037782	0.8729365	0.3101521	0.1238804	0.3574958	0.5193936	0.0067646	0.7859555	0.4220467	0.7036536	0.2443021	0.4982740	0.9659702	0.8569892	0.5139477	0.3378956	0.3219070	0.4723209	0.4624156	1.0188077	0.7682600	0.3765689	0.0317686	0.4034250	0.1872563	0.2273901	0.8563472	0.2547254	0.2621049	0.8424163	0.2321818	0.1748811	0.6349280	0.7619619	1.0371670	0.1172773	0.5906108	0.9459554	0.2740519	0.2507455	0.3890361	0.5681316	0.7347154	0.4529291	0.1154308	0.4020229	0.6026511	0.0879816	0.5861769	0.2451255	0.0471606	0.5322837	0.9207745

0	0.0094491	0.6355617	1.0459758	0.0876986	0.4170952	0.0015965	0.0357302	0.0201856	0.7842026	0.5482911	0.1482550	0.1067167	0.0074763	0.0795139	0.9263252	0.4386615	0.5117037	1.0187251	0.9869150	0.9112762	0.0675828	0.6396705	0.9879649	0.9056811	1.0249936	0.8053086	0.8415975	0.0956169	0.2807776	0.0361236	0.3476186	0.0945586	0.7647381	0.8073502	0.2691465	0.9854445	0.2644993	0.7761342	0.3511720	0.0142404	0.9503393	0.3956488	0.0912837	0.0721673	0.8039584	0.5632487	0.5721011	0.9104100	0.8750489	0.3877912	0.0490860	0.3690556	1.0040851	0.0016799	0.7496314	0.4296180	0.7445798	0.3138374	0.4763448	0.9977159	0.8917758	0.5763065	0.2317245	0.3844034	0.5377636	0.4876338	1.0898320	0.8135737	0.5024926	0.0491368	0.3912071	0.2335426	0.3169327	0.9297559	0.3112694	0.3637340	0.9584119	0.1589398	0.2670455	0.6498318	0.7931145	1.0351174	0.1402507	0.6535788	1.0095359	0.4184859	0.2245238	0.5131035	0.6073464	0.7854143	0.4606182	0.1309775	0.4648780	0.5528648	0.0723851	0.5781484	0.2784400	0.0363961	0.5378107	0.9932421
50	0.0310828	0.7982475	1.0945909	0.1349857	0.2869846	0.0015754	0.0130176	0.0886064	0.7976131	0.3572287	0.1534430	0.0780169	0.0094534	0.0593885	0.7110818	0.4162797	0.3986983	0.9943664	0.9852757	0.8373575	0.0538106	0.8753726	1.0505434	0.9624905	0.9231662	0.9609584	0.9104021	0.0905359	0.2090022	0.0299424	0.3578374	0.0690673	0.6515869	0.8189020	0.3540081	0.8435086	0.2185668	0.7910162	0.2701219	0.0322538	0.9092963	0.4462362	0.1886060	0.0611652	0.7491398	0.3976121	0.7954946	1.0066602	0.8896688	0.3811795	0.0791812	0.3621810	1.0529018	0.0066808	0.6938003	0.5040513	0.8189812	0.4031054	0.5397243	0.9890556	0.8157027	0.5161835	0.4110759	0.3147407	0.6156385	0.4298024	1.0467721	0.7686303	0.4145360	0.0382012	0.3821220	0.2667468	0.3052219	0.8363894	0.3266900	0.4257843	0.8813427	0.2363878	0.2323304	0.5838870	0.8436429	0.7819335	0.1394207	0.5682362	0.9578003	0.3965146	0.2913596	0.4582224	0.2899465	0.7650805	0.5924655	0.1758833	0.4174180	0.4883422	0.2459675	0.5846216	0.3018725	0.3453252	0.5572894	0.9785779
100	0.0203230	0.8417754	0.9781218	0.0974419	0.1904783	0.0069042	0.0528963	0.1607672	0.8700400	0.3439576	0.1351873	0.0874927	0.0009233	0.0553333	0.6291747	0.3454234	0.4732309	0.9709135	0.8350512	0.8487774	0.0793276	0.9538638	1.0585270	0.9932560	0.9557958	0.9635133	0.9919249	0.1093130	0.1874648	0.0246198	0.4140250	0.0237874	0.5954757	0.7121140	0.4220211	0.7479660	0.1511848	0.8589393	0.1577725	0.0548695	0.9574995	0.3752380	0.3082333	0.0708820	0.7781580	0.3403405	0.8255617	0.9849467	0.7526740	0.3447886	0.0707134	0.4607161	1.0550498	0.0059029	0.7136569	0.5680952	0.7476076	0.5338472	0.4279200	0.9743036	0.7094950	0.5039226	0.4212341	0.4286702	0.7625880	0.4529387	0.9152135	0.7164218	0.2362220	0.0899107	0.3475716	0.4819505	0.3912110	0.8803547	0.2076108	0.2760536	0.8511163	0.1473823	0.1499141	0.5681604	0.7234560	0.6148687	0.1160864	0.6102201	0.8751418	0.2840952	0.4403732	0.4992758	0.1561366	0.8670700	0.5051828	0.2499190	0.3962194	0.4072548	0.3021949	0.5717821	0.2752275	0.6209659	0.4852718	1.0359450
150	0.0155989	0.9051787	0.9177349	0.0797708	0.1869070	0.0017635	0.0480567	0.2091856	0.9403447	0.3629348	0.1986623	0.0992035	0.0085806	0.0615431	0.5359757	0.3236997	0.5037473	1.0229673	0.8205513	0.8262054	0.0720074	1.0051176	0.9905263	1.0669318	0.9142111	1.0709275	0.9191332	0.0720079	0.1945648	0.0334132	0.3536264	0.0249578	0.5228866	0.6655901	0.4488832	0.6174205	0.0891208	0.8237715	0.1154936	0.1259624	0.9454442	0.3177786	0.3478672	0.0688212	0.8663870	0.2924725	0.9081703	0.9704390	0.7290831	0.3432008	0.0575264	0.4178322	0.8924325	0.0039364	0.7259508	0.5760415	0.6924367	0.6136508	0.4708669	0.9754425	0.6564212	0.4614417	0.3369555	0.5276454	0.7697124	0.4538982	0.8944044	0.9031991	0.1590952	0.1904336	0.3482757	0.6853316	0.4758734	0.9152209	0.1919948	0.1888470	0.8642498	0.0803614	0.1176836	0.5899927	0.7477021	0.5284580	0.1218389	0.6358183	0.9991658	0.2718057	0.4604791	0.4907300	0.1169043	0.8871531	0.4917694	0.2842317	0.4822731	0.3785217	0.3902250	0.5934878	0.2554156	0.7920256	0.4061121	1.0290260
200	0.0200833	0.9253566	0.9426428	0.0400073	0.2102794	0.0022782	0.0680201	0.2493388	0.8801929	0.4148771	0.1418495	0.0767813	0.0219827	0.0695619	0.5256838	0.3453340	0.5577729	0.9287471	0.8528853	0.8956136	0.1021486	0.9479525	1.0174936	1.0440903	0.9046387	1.0153089	0.8867351	0.0767672	0.2100268	0.0177835	0.3223505	0.0431923	0.6239786	0.5881385	0.4676162	0.5920574	0.0673475	0.7639532	0.0813345	0.2119418	0.9416973	0.2767767	0.3828040	0.0437227	0.8270493	0.3293522	0.9669532	1.0165735	0.6813871	0.2991519	0.0643878	0.4518898	0.7422880	0.0002329	0.7907932	0.5674658	0.7994849	0.6675603	0.4351403	0.9046582	0.5502362	0.4478298	0.2966891	0.4971269	0.8361902	0.4404759	0.7458425	0.9008524	0.1209116	0.2087662	0.3721912	0.6322670	0.5226487	0.9088040	0.1691216	0.1274981	0.9317573	0.0544215	0.1399118	0.5780945	0.7072857	0.5633552	0.1202100	0.5890101	1.0109930	0.2650642	0.4829144	0.4733309	0.1476063	0.9697122	0.5939879	0.3538486	0.4593053	0.3044267	0.4143936	0.6138114	0.2905934	0.8928477	0.2426957	1.0456641
250	0.0246019	0.8989179	0.8981350	0.0487672	0.1860146	0.0029433	0.0796957	0.2221669	0.8609393	0.4367755	0.1026412	0.0779648	0.0167260	0.0664221	0.5255807	0.3012540	0.6057072	0.8338011	0.8622631	0.8872011	0.0860139	1.0497540	1.0411711	1.0231153	0.8966139	1.0555545	0.8562008	0.0387098	0.2212158	0.0158465	0.2913215	0.0266275	0.5542275	0.5903818	0.4714227	0.5136802	0.0913719	0.7586051	0.0502148	0.2037092	0.7834470	0.3111963	0.3850282	0.0407536	0.8435936	0.2383606	0.9903622	1.0230057	0.6780463	0.2919109	0.0832392	0.4832435	0.6385920	0.0000000	0.7494634	0.5792669	0.8303487	0.6598546	0.4869760	0.9154145	0.4948443	0.4309469	0.1744389	0.5048740	0.9531283	0.3549935	0.6181186	0.8355237	0.1167802	0.1761059	0.3742844	0.6134258	0.6149868	0.9203338	0.2198425	0.1910327	0.9483537	0.0348647	0.1622714	0.5686990	0.6529367	0.5254637	0.1207233	0.6378625	0.9684757	0.2947702	0.5133941	0.4911989	0.1091102	0.9060424	0.5887028	0.3677915	0.4793521	0.3302628	0.3875838	0.5852112	0.2866206	0.9507114	0.1539412	0.9926432
300	0.0183395	0.9062494	0.9113189	0.0409900	0.2049638	0.0000000	0.0794406	0.2114594	0.7887972	0.3923974	0.1282406	0.0839881	0.0146082	0.1024036	0.5031220	0.2641214	0.5861805	0.9134684	0.9333388	0.8788209	0.0624444	0.9505347	0.9504164	1.0185448	0.9496193	0.9635354	0.7450053	0.0485981	0.2154857	0.0203162	0.3243620	0.0319356	0.5553469	0.6968915	0.6046946	0.3831613	0.0551612	0.8339313	0.0509429	0.3113100	0.8144557	0.2882065	0.3774681	0.0538507	0.8533783	0.2250017	0.9521503	1.0847230	0.7329144	0.3006251	0.0804624	0.4699001	0.5625579	0.0008342	0.7168657	0.5520869	0.7138836	0.7431200	0.5014550	0.9140023	0.5259925	0.3491715	0.1261573	0.4819996	0.8557009	0.3275547	0.5547040	0.8137264	0.1183093	0.2388110	0.3995298	0.6047568	0.6168844	0.9648720	0.2299642	0.1448087	0.8929811	0.0409733	0.1462916	0.5121246	0.6826375	0.5307994	0.1141020	0.6012338	0.9740241	0.2808839	0.4909190	0.6474223	0.0687656	0.9166982	0.5851160	0.3670447	0.4503775	0.3572213	0.3451439	0.5565175	0.2605597	1.0413374	0.1235714	1.0844566
350	0.0131322	0.9145892	0.9505969	0.0112452	0.2293904	0.0029902	0.0455228	0.1963667	0.8274848	0.3904389	0.1444086	0.1010020	0.0388287	0.1235532	0.5193576	0.3223285	0.5761151	0.8811904	0.8434235	0.9502018	0.0640731	0.9239189	0.9887375	0.9396042	0.8945140	1.0140966	0.7120687	0.0458904	0.1656299	0.0185946	0.2935449	0.0495271	0.6423875	0.7631708	0.6222437	0.3607050	0.0569278	0.8616158	0.0621458	0.3402084	0.8745259	0.2660724	0.4476605	0.0405744	0.9251991	0.2347320	1.0282632	1.0056986	0.7386254	0.3465934	0.0678125	0.4312422	0.5695998	0.0055148	0.7079974	0.5951234	0.7506664	0.7319484	0.4927010	0.8924771	0.5039244	0.4256688	0.1161523	0.5501679	0.8304391	0.3620009	0.4940571	0.8107129	0.1012769	0.3348726	0.3397872	0.6828203	0.6575740	0.9613307	0.2110266	0.1303545	0.7704220	0.0285087	0.1098675	0.4883433	0.6469297	0.6012901	0.1088001	0.6411414	0.9829820	0.3252239	0.4245046	0.6101978	0.0752100	0.9466938	0.6868450	0.3551092	0.4555725	0.3433347	0.3751445	0.6008899	0.2055879	0.9720651	0.0824635	1.0095980
400	0.0122816	0.9708859	0.9497183	0.0084906	0.1438353	0.0005864	0.0600526	0.1756757	0.9566148	0.3657189	0.1073139	0.0715808	0.0158391	0.0874346	0.5251016	0.3377368	0.4996852	0.8589355	0.8225895	0.8403167	0.0671334	0.8747387	1.0859955	1.0195523	0.8756568	0.9754392	0.7079188	0.0515023	0.1346848	0.0119079	0.2547949	0.0324294	0.6630355	0.7059516	0.6862355	0.3335060	0.0545629	0.8954590	0.0455082	0.3102116	0.8946076	0.1936742	0.4751981	0.0527697	0.9738144	0.2312686	0.9845995	0.9982544	0.7444748	0.3344413	0.0972451	0.3765976	0.4996532	0.0042007	0.7602328	0.6045173	0.7318040	0.8032930	0.4648467	0.9010137	0.4324208	0.4192154	0.0759516	0.4755227	0.8500925	0.3524312	0.4998172	0.7153890	0.0929479	0.3339166	0.3123322	0.5784318	0.6671897	0.9780019	0.1848851	0.1118822	0.8834321	0.0293786	0.1130803	0.5156385	0.6614239	0.5862146	0.1315773	0.6044510	0.9335389	0.3114127	0.3925381	0.7168000	0.0893051	0.9231128	0.7405664	0.4099809	0.5461563	0.3323437	0.4050106	0.5644572	0.2933535	1.0347007	0.0790635	1.0424687
450	0.0131389	0.9161411	1.0884999	0.0101033	0.1759851	0.0015394	0.0567683	0.1741003	0.9138424	0.3765523	0.0826809	0.0973411	0.0160226	0.0928141	0.5715426	0.3213433	0.4907439	0.8446128	0.8266226	0.7780129	0.0570994	0.8602245	1.1147828	1.0148355	0.7795545	0.9705374	0.7823712	0.0395555	0.1383680	0.0068364	0.2737860	0.0192192	0.6219315	0.6773425	0.7463221	0.4068935	0.0558983	0.8698030	0.0412206	0.3622551	0.7585514	0.2122264	0.4866463	0.0562993	0.8687104	0.1937833	1.0025231	0.9909445	0.6941418	0.3369236	0.0865995	0.4910144	0.4271840	0.0013600	0.6707706	0.6344741	0.7549280	0.8353189	0.4944636	0.8879819	0.4407619	0.3970929	0.0729068	0.5165268	0.7866715	0.3286280	0.4727738	0.7712362	0.0485371	0.4003763	0.3801988	0.5849116	0.6124829	0.9621823	0.2401310	0.0264757	0.9009020	0.0459331	0.1196782	0.5205146	0.6219382	0.6735236	0.1179005	0.5150902	0.9420891	0.2635868	0.3567786	0.7919737	0.0738629	0.9538439	0.7383805	0.4177063	0.5797575	0.2990067	0.3114567	0.6113305	0.2483945	0.9432078	0.0775357	0.9841779
500	0.0218056	1.0062985	0.9884209	0.0131971	0.2154641	0.0000988	0.0372335	0.1835883	0.8947261	0.4033746	0.1314662	0.0667719	0.0274318	0.0883734	0.5261552	0.2920789	0.5038491	1.0043843	0.8609367	0.7286850	0.0414547	0.8034888	1.0972495	1.0155794	0.6612298	1.1134581	0.6381762	0.0598236	0.1107713	0.0070154	0.2546419	0.0142332	0.6436716	0.6371710	0.6200246	0.3754963	0.0552660	0.9062214	0.0353802	0.3827229	0.7285130	0.1871640	0.4317505	0.0594155	0.7174430	0.2457550	0.9122273	0.9534136	0.7354446	0.2933770	0.0490456	0.4724454	0.4614418	0.0007437	0.6808372	0.5809280	0.6392259	0.8171258	0.4451505	0.9154678	0.4449610	0.3899425	0.0390056	0.4804023	0.7202833	0.2789680	0.5240852	0.8254405	0.0817297	0.4265020	0.4124499	0.6197470	0.6824590	0.8677722	0.2408531	0.0293185	0.7932382	0.0577983	0.1127158	0.5786050	0.6219658	0.5355442	0.1082851	0.5630457	0.9424830	0.2234810	0.3520525	0.7564199	0.0934047	0.9360105	0.6294068	0.3253265	0.5796530	0.3135574	0.3169021	0.5269578	0.2428912	0.8918167	0.0793925	0.9987570
550	0.0236474	0.8244462	1.0654701	0.0694082	0.2950058	0.0032817	0.0630130	0.1272317	0.9014856	0.3525107	0.1257653	0.0858014	0.0079915	0.1767024	0.6277424	0.3263266	0.5115999	1.0193034	0.8605638	0.7260821	0.0449000	0.7502296	1.0618773	0.9475733	0.6450261	0.9008552	0.6237168	0.0749165	0.1441167	0.0130010	0.2528128	0.0274601	0.6409923	0.6455070	0.6494304	0.3620480	0.0529517	0.8936021	0.1737984	0.4311208	0.5604289	0.2181094	0.3453019	0.0280200	0.6763935	0.2291503	0.8602728	0.8679190	0.8716113	0.3160799	0.0319121	0.3919975	0.4313690	0.0003738	0.7604373	0.5551411	0.6787137	0.6811744	0.4386990	0.9767926	0.4324523	0.4576490	0.0574498	0.3472952	0.6732950	0.2827963	0.4152675	0.8052307	0.1622694	0.3911174	0.4296918	0.3897464	0.6536402	0.8608478	0.2831223	0.0678989	0.7791433	0.0411447	0.1454829	0.5519887	0.6912684	0.7813681	0.0801138	0.4765189	1.0079491	0.2769970	0.3501171	0.7276726	0.3042249	0.9057209	0.5582800	0.3427467	0.5524296	0.4028063	0.2892782	0.4698459	0.2098935	0.6125949	0.0910795	0.9435556
600	0.0078225	0.8040071	1.0562547	0.0893591	0.4682249	0.0028162	0.0421047	0.0973550	0.8944792	0.3810547	0.1544857	0.0902065	0.0210106	0.1939896	0.7675633	0.3528279	0.4470343	0.9533612	0.7793685	0.8409380	0.0638731	0.6670221	0.9759352	0.9466946	0.5888176	0.7448405	0.6575306	0.0702884	0.1102734	0.0238000	0.3280066	0.0636621	0.6415738	0.6539616	0.6142466	0.3784456	0.0443207	0.7940193	0.2056695	0.2085018	0.4508868	0.2628841	0.2163502	0.0404396	0.7556543	0.2877886	0.5963306	0.7126603	0.8672360	0.2656595	0.0613141	0.3647432	0.4657451	0.0007163	0.7338994	0.5874185	0.7029138	0.5871005	0.4032397	0.9474102	0.5369495	0.5216779	0.1103334	0.3159432	0.6248393	0.4284367	0.4159643	0.8274964	0.3259549	0.3285887	0.4083353	0.2765054	0.5990762	0.9476991	0.3478321	0.0894601	0.8280751	0.0323645	0.1060972	0.5456934	0.6766097	0.7923573	0.1066041	0.3816978	0.9424724	0.3299907	0.4316092	0.4995471	0.4392185	0.9390125	0.4869498	0.4288462	0.4808583	0.4598487	0.2391433	0.4802213	0.2371078	0.3135713	0.0643996	0.9483709
650	0.0067275	0.7355506	0.9679430	0.0934572	0.4334424	0.0004498	0.0471189	0.0512948	0.8921974	0.3644772	0.1080002	0.0763749	0.0186649	0.0845777	0.8934693	0.4018864	0.4735575	1.0193260	0.8173605	0.7976444	0.0632981	0.6408919	1.0679875	1.1120841	0.6909207	0.7116229	0.6692815	0.0680622	0.1686934	0.0256291	0.3758617	0.0868674	0.6681161	0.7642514	0.5856754	0.4957856	0.0903495	0.8123872	0.2986855	0.0897424	0.5595114	0.3454057	0.1089631	0.0332038	0.7334087	0.4337014	0.4843445	0.6006085	0.8009859	0.3548618	0.0747464	0.2977573	0.4342163	0.0005018	0.7561507	0.5931043	0.6777538	0.4507972	0.4938542	0.9144868	0.6387856	0.5143771	0.1833275	0.2945878	0.5155128	0.4153236	0.4900929	0.8531417	0.4038522	0.2741563	0.3726062	0.2091033	0.5684734	0.9742666	0.3607743	0.0989844	0.7069746	0.0388575	0.1155796	0.5076948	0.6608142	0.9007770	0.0928245	0.3021459	0.9827923	0.2898218	0.4654369	0.3933080	0.5128080	0.9367549	0.5284724	0.4928115	0.5098595	0.6317484	0.2723595	0.5132914	0.2782427	0.1773924	0.0771128	0.8963143
700	0.0032707	0.6925350	1.0448716	0.1249108	0.4744017	0.0034033	0.0298450	0.0370848	0.8852715	0.3703229	0.1381719	0.0647388	0.0050390	0.0993694	0.8704849	0.4386078	0.4725929	1.0025862	0.8452903	0.8734794	0.0721782	0.6467043	0.9496645	1.0126298	0.6766444	0.6882896	0.7165169	0.0731369	0.2202710	0.0319604	0.4618050	0.0936570	0.6211954	0.9098386	0.4820416	0.6415924	0.1905021	0.8825085	0.3998565	0.0325410	0.6689863	0.3680225	0.1148380	0.0274282	0.6886258	0.6034458	0.3709654	0.6577493	0.8135938	0.3518161	0.0835915	0.3582338	0.5121278	0.0005274	0.7534128	0.5290544	0.7304187	0.3686160	0.4638985	1.0284581	0.6549018	0.5595375	0.2391351	0.2684485	0.5523960	0.4386650	0.5836378	0.8156765	0.3769410	0.2135370	0.3591728	0.1957618	0.6579468	0.9208302	0.3595716	0.2403507	0.8327799	0.0394706	0.1651316	0.5848199	0.7491129	1.0579351	0.0680460	0.2911491	0.9880745	0.2531002	0.4687211	0.2864477	0.4655451	0.8545284	0.4946921	0.5054052	0.4398559	0.6393544	0.2410960	0.5046411	0.3613928	0.1083258	0.1743638	0.9610246
750	0.0064416	0.6172385	0.9613015	0.1763949	0.4760653	0.0058023	0.0186319	0.0160341	0.9092404	0.4372814	0.1850033	0.0895417	0.0072120	0.1258931	0.8011256	0.3813765	0.5212898	0.9402740	0.8635168	0.8968117	0.1035418	0.5995665	0.8032052	0.9566251	0.6874882	0.6682337	0.8354348	0.0903924	0.2154979	0.0436379	0.4317761	0.1134330	0.6145723	0.9216123	0.3915035	0.8571355	0.3308205	0.9399305	0.4625536	0.0377240	0.7106377	0.4153934	0.1269666	0.0372908	0.7299493	0.7850194	0.4099141	0.6969634	0.8771298	0.2649202	0.0977673	0.3120541	0.7112883	0.0015764	0.7619015	0.5230146	0.7710119	0.3699442	0.4551836	1.0102747	0.6232308	0.5925097	0.1995191	0.3003481	0.4762101	0.5173306	0.7577895	0.8044679	0.4062815	0.1156745	0.3614549	0.1727180	0.4707796	0.9224322	0.3378008	0.3958839	0.8266496	0.0832029	0.2430506	0.6638364	0.7866831	0.8529190	0.0883328	0.4081940	1.0197518	0.2915937	0.3566866	0.2955810	0.5751998	0.8547838	0.4344955	0.4841095	0.3611458	0.6605372	0.2550337	0.6208535	0.3156705	0.0715152	0.3205515	1.0026786
800	0.0069294	0.5854923	0.9624844	0.2482141	0.4346538	0.0018210	0.0202702	0.0067193	0.8881201	0.3841284	0.1349506	0.0794464	0.0187883	0.0818495	0.8837143	0.3967613	0.5435857	0.8949313	0.8992881	0.9254726	0.0788309	0.6056437	0.8819012	0.9158211	0.8156619	0.6292378	0.7983676	0.1285268	0.2328890	0.0397886	0.4642571	0.1232003	0.6627310	0.8353310	0.3165477	0.8793657	0.4817858	0.8206192	0.3823498	0.0306774	0.8196118	0.4053650	0.1061514	0.0593526	0.6660645	0.7064557	0.5110298	0.8255106	0.8864916	0.2716650	0.0974902	0.3634489	0.7135590	0.0049970	0.8106508	0.5001104	0.8149999	0.3473226	0.4896357	1.0861114	0.6474506	0.5318449	0.3316215	0.2892303	0.5315823	0.4938129	0.8876146	0.8244019	0.4497375	0.0893906	0.3231795	0.2019805	0.4171756	0.9139566	0.3003273	0.4702079	0.8094293	0.1358173	0.3327674	0.7450447	0.7490625	0.9927522	0.1237056	0.6276395	1.0238497	0.3602083	0.2492578	0.3985564	0.6304771	0.8901854	0.4726550	0.4631088	0.4347227	0.6334368	0.2586894	0.5828413	0.3548491	0.0423081	0.3642982	1.1101572
850	0.0211139	0.5567820	0.9284169	0.2445514	0.4345956	0.0013651	0.0404747	0.0073132	0.8877549	0.4032810	0.1573819	0.0980312	0.0011329	0.1268288	0.8959670	0.4512602	0.4759642	0.9534732	0.9961833	0.9050010	0.0813933	0.6086516	0.9485392	0.8276966	0.8813003	0.7205166	0.8691634	0.1066655	0.2532227	0.0588352	0.3861298	0.1428748	0.6344779	0.8232412	0.2825536	0.9647084	0.5044455	0.7316462	0.3407440	0.0186087	0.9288483	0.4671202	0.0794822	0.0860253	0.6268114	0.6890457	0.5947929	0.8918095	0.7758105	0.2996730	0.1090893	0.3959636	0.8851170	0.0027333	0.7725703	0.4413497	0.7052929	0.3238306	0.4566309	0.9483126	0.8054965	0.4930608	0.3989835	0.3667758	0.5181486	0.5200749	0.9279003	0.7513962	0.4439146	0.0569611	0.3589555	0.1794083	0.2948263	0.9652921	0.2799710	0.4453826	0.8640960	0.2415427	0.2928865	0.7401663	0.8934299	1.0182623	0.1109732	0.5765682	0.9785812	0.3864061	0.1669306	0.3414743	0.6077671	0.7802234	0.5125847	0.4259507	0.3635471	0.6133664	0.3205920	0.5227408	0.2945765	0.0444680	0.3888024	1.0204899
900	0.0227274	0.5998099	0.9427522	0.2235936	0.4837554	0.0005912	0.0295569	0.0293502	0.8627063	0.4041600	0.1652838	0.1045119	0.0070964	0.1315441	0.9184144	0.4477635	0.5396114	0.9648021	1.0420251	0.9253114	0.0861761	0.6168651	0.9182377	0.9924152	0.9827079	0.6980622	0.9833993	0.0976920	0.3167754	0.0673284	0.3794401	0.1446880	0.5632419	0.8390978	0.2405427	0.9006119	0.5272794	0.7739245	0.3537720	0.0210457	0.9204705	0.5152075	0.0652801	0.1261110	0.6247765	0.5944337	0.5590671	0.8310259	0.7294568	0.3547836	0.1012991	0.3262562	1.0273339	0.0041897	0.7636154	0.3983082	0.7113274	0.3433088	0.4518176	0.9437376	0.8143897	0.4868382	0.4218855	0.3261693	0.5763366	0.5248161	1.0097232	0.7212827	0.3937127	0.0369047	0.3949833	0.1795140	0.2444004	0.9191334	0.2952034	0.3837029	0.8956091	0.2704169	0.3116871	0.6321690	0.8862360	0.9274785	0.1335163	0.6734695	0.9682972	0.3954025	0.1723963	0.4209053	0.4620043	0.6770588	0.4704905	0.3458967	0.4115778	0.5848999	0.2466014	0.5771142	0.2579037	0.0388191	0.4041398	0.9625680
950	0.0070442	0.7278791	0.8914337	0.2494492	0.4550412	0.0009958	0.0255323	0.0241647	0.8466178	0.4657626	0.1598879	0.1172074	0.0073277	0.1133939	0.8166255	0.5039167	0.5122706	1.0235285	0.9980164	0.8706781	0.0979040	0.6073066	0.9553035	1.1026276	1.0728187	0.6663115	0.9421066	0.1058295	0.3262661	0.0407330	0.4680688	0.1281310	0.6935925	0.8019215	0.2694030	1.0753830	0.3903976	0.8654419	0.3269838	0.0124317	0.9348597	0.5163009	0.0595743	0.1088766	0.6313764	0.4922350	0.4779182	0.7950666	0.7871711	0.2959376	0.1103462	0.3596235	1.0139370	0.0045738	0.8034665	0.3113927	0.7786511	0.2919509	0.4734312	0.9305196	0.7715462	0.5110489	0.3807652	0.3219282	0.5083369	0.5741117	0.9498150	0.7490586	0.5081769	0.0506267	0.4249006	0.2240861	0.2171780	0.8959418	0.2663820	0.5162999	0.9201831	0.4548480	0.2644208	0.5479939	0.8786351	0.9529644	0.1348226	0.7075323	0.9944661	0.4108188	0.1487256	0.3658346	0.5459846	0.5942439	0.4258271	0.2521928	0.4274893	0.5562029	0.1504336	0.6214744	0.2928715	0.0392060	0.4121414	0.9127578
1000	0.0085412	0.6612463	0.9862346	0.1939567	0.4219861	0.0015047	0.0161120	0.0327159	0.7650001	0.4163968	0.1265034	0.0881226	0.0026818	0.1051963	0.8456046	0.5128512	0.4623782	1.1676891	0.9029312	0.8843301	0.0837761	0.6180110	1.0257370	0.9846517	0.9861420	0.6626482	0.9867210	0.0966105	0.2989847	0.0333625	0.4367878	0.1101869	0.6749398	0.8808136	0.2986862	0.9830069	0.3363308	0.7967624	0.2748949	0.0099504	0.9839993	0.4903111	0.0436515	0.1020828	0.7541820	0.5894824	0.5757452	0.8473706	0.8753627	0.2962159	0.0853862	0.3511285	0.9926060	0.0013778	0.7090286	0.3472828	0.8147112	0.2481235	0.5212134	0.9237541	0.7700038	0.5027147	0.3351414	0.2810688	0.5341795	0.5542151	1.0968689	0.7356578	0.4454843	0.0266962	0.3844513	0.2204061	0.2260560	0.8412828	0.2635357	0.5405343	0.8504208	0.5300061	0.3249129	0.6072089	0.7595944	0.8725046	0.1028130	0.6973514	0.9560928	0.4224809	0.1531990	0.4691880	0.5455337	0.6934479	0.4675751	0.1712943	0.4101048	0.6011711	0.1056385	0.6682986	0.2574955	0.0351362	0.4692102	0.9054627

0	0.0094491	0.6355617	1.0459758	0.0876986	0.4170952	0.0015965	0.0357302	0.0201856	0.7842026	0.5482911	0.1482550	0.1067167	0.0074763	0.0795139	0.9263252	0.4386615	0.5117037	1.0187251	0.9869150	0.9112762	0.0675828	0.6396705	0.9879649	0.9056811	1.0249936	0.8053086	0.8415975	0.0956169	0.2807776	0.0361236	0.3476186	0.0945586	0.7647381	0.8073502	0.2691465	0.9854445	0.2644993	0.7761342	0.3511720	0.0142404	0.9503393	0.3956488	0.0912837	0.0721673	0.8039584	0.5632487	0.5721011	0.9104100	0.8750489	0.3877912	0.0490860	0.3690556	1.0040851	0.0016799	0.7496314	0.4296180	0.7445798	0.3138374	0.4763448	0.9977159	0.8917758	0.5763065	0.2317245	0.3844034	0.5377636	0.4876338	1.0898320	0.8135737	0.5024926	0.0491368	0.3912071	0.2335426	0.3169327	0.9297559	0.3112694	0.3637340	0.9584119	0.1589398	0.2670455	0.6498318	0.7931145	1.0351174	0.1402507	0.6535788	1.0095359	0.4184859	0.2245238	0.5131035	0.6073464	0.7854143	0.4606182	0.1309775	0.4648780	0.5528648	0.0723851	0.5781484	0.2784400	0.0363961	0.5378107	0.9932421
50	0.0050679	0.7054321	1.0708681	0.1518787	0.4962619	0.0024947	0.0556475	0.0145582	0.7750072	0.3580549	0.1556632	0.0873395	0.0047982	0.0944734	0.6855081	0.4193727	0.3974726	0.9444537	0.8651244	0.8098150	0.2888670	0.5874133	1.0334334	0.9844758	0.9784297	0.6906640	0.9089064	0.0983621	0.2645924	0.0163345	0.4931103	0.0738949	0.6761087	0.6719161	0.2215087	0.8813635	0.2542768	0.7180930	0.3401457	0.0298532	0.9310983	0.3859992	0.0960985	0.0655878	0.6642964	0.3653713	0.7823291	0.8522184	0.8680385	0.5906297	0.0507919	0.3892683	1.0679862	0.0035066	0.7750464	0.4979257	0.7267103	0.2324537	0.5013995	1.0203170	0.6865230	0.5346176	0.2854130	0.3066899	0.5090506	0.5235799	0.9613275	0.7229043	0.5265317	0.0074731	0.3677080	0.4288703	0.3350354	0.9800684	0.2992746	0.5406005	0.8957541	0.1316257	0.2689289	0.5314362	0.7326639	0.9947799	0.0882977	0.7108693	0.8887189	0.4017795	0.2775572	0.4404255	0.6617344	0.8364241	0.4457730	0.3803887	0.4000171	0.5356866	0.0872534	0.6847463	0.2440743	0.0218045	0.5593441	0.9012032
100	0.0037769	0.7100312	1.0514994	0.1637393	0.4277630	0.0013226	0.0226548	0.0231641	0.7828358	0.2593755	0.2207627	0.1136742	0.0029734	0.1309063	0.5725843	0.4207296	0.4138176	0.9726876	0.8831625	0.7718894	0.5061366	0.6383844	0.9918772	1.0480336	0.8684585	0.7205351	0.8417040	0.1122363	0.1922836	0.0342569	0.6289933	0.0895174	0.6390786	0.8065509	0.1933669	0.8273703	0.1758076	0.7530089	0.4214561	0.0329926	0.8336686	0.4557000	0.0956007	0.0283211	0.6825124	0.4408195	0.8358317	0.8456761	0.8656240	0.7083953	0.0520256	0.3491344	0.9533051	0.0070109	0.9326627	0.4391371	0.6879247	0.2861251	0.5840958	0.9441833	0.7546147	0.5820887	0.3803772	0.3391677	0.5424523	0.4210698	1.0470662	0.7570869	0.4697045	0.0148993	0.3761675	0.5298263	0.4473255	0.8122033	0.2866097	0.5445123	0.8669764	0.1699537	0.2375320	0.4802992	0.8277100	0.9604497	0.1302041	0.6340624	0.9158323	0.3695601	0.2666316	0.3955437	0.5430735	0.7746761	0.4929961	0.5906124	0.4125352	0.5366258	0.1378777	0.8226253	0.2989177	0.0117805	0.4924529	0.9794297
150	0.0010242	0.7214437	1.0268349	0.1157754	0.4298113	0.0028049	0.0148232	0.0319444	0.8148042	0.1427559	0.2104953	0.1140384	0.0005071	0.1960204	0.5147156	0.4879949	0.4931753	0.8855109	0.8871710	0.6688811	0.6932307	0.6413248	1.0620121	1.0203023	0.9362735	0.7465484	0.7661461	0.0692144	0.1917143	0.0339145	0.6435030	0.0933660	0.5385416	0.7705167	0.2149537	0.8832579	0.1647734	0.7979451	0.4324084	0.0321409	0.8154954	0.4879766	0.0607658	0.0283277	0.8146335	0.3473655	0.8115239	0.8144576	0.9141092	0.8264476	0.0632474	0.4589421	0.8785149	0.0045814	0.9807709	0.4985084	0.7135660	0.3413378	0.5848562	0.9616181	0.7074575	0.6251421	0.4336676	0.2934802	0.5633486	0.4741787	0.9590709	0.6629606	0.4622413	0.0549082	0.3238757	0.4989045	0.4532016	0.9810831	0.2372591	0.4049139	0.8814603	0.1725422	0.2037346	0.4355501	0.7650453	0.9089317	0.1351841	0.5840242	0.9622723	0.3468209	0.2788925	0.3523257	0.6421530	0.5889356	0.6534865	0.7991770	0.3982514	0.5401770	0.1169820	0.9393590	0.2899330	0.0277746	0.4937973	1.0966604
200	0.0007328	0.7770341	0.9023478	0.1348926	0.4451949	0.0004188	0.0334302	0.0243098	0.8188424	0.1027512	0.2231967	0.0967844	0.0004466	0.2226729	0.4015786	0.4809142	0.5282096	0.9733403	0.8918041	0.5446029	0.7889833	0.6877551	1.0382560	1.0910171	0.8741654	0.6498972	0.6947911	0.0648930	0.1912658	0.0139687	0.7376771	0.0866748	0.5195084	0.7450416	0.2314359	0.9389635	0.1165164	0.7572463	0.4038959	0.0309338	0.7970171	0.4992560	0.0583519	0.0233299	0.7869361	0.2524459	0.9495353	0.8146002	0.8091898	0.8567359	0.0954502	0.5122304	0.6806611	0.0019989	0.9813908	0.4598363	0.6926652	0.3117884	0.5976339	0.9835123	0.6288986	0.6190232	0.4700622	0.3514950	0.5472165	0.4653447	0.9072200	0.5969411	0.4069296	0.0440279	0.3257135	0.4902343	0.5529918	0.9262177	0.2649696	0.4206895	0.8241608	0.2693361	0.1848832	0.4133518	0.7588685	0.8677908	0.1359508	0.6308050	0.9557292	0.3192717	0.3807716	0.2811893	0.6900458	0.5908756	0.6197252	0.8239085	0.4077689	0.5010683	0.0952335	0.8993301	0.3595475	0.0511788	0.5114739	1.0343200
250	0.0047397	0.6805506	0.9878946	0.1115777	0.4780059	0.0008669	0.0480139	0.0295252	0.8967149	0.0958842	0.2254255	0.0928033	0.0037932	0.3229613	0.3399757	0.5370276	0.5561143	0.8701960	0.8594620	0.4935641	0.7383168	0.7069850	1.0091394	1.0368390	0.8621646	0.7085886	0.5987651	0.1157240	0.2036999	0.0326090	0.6117037	0.1289004	0.4420618	0.7033750	0.2755019	0.8423837	0.0955989	0.7856130	0.3931020	0.0185467	0.9017414	0.4670728	0.0539116	0.0220519	0.8063262	0.2214586	0.8494195	0.8506145	0.8137865	0.9228090	0.1297752	0.4823366	0.6142798	0.0006955	0.9023374	0.5125442	0.7246135	0.4129931	0.5415949	0.9721140	0.5922219	0.6377598	0.4849557	0.2295068	0.5317663	0.4537725	0.6698347	0.6215255	0.3882822	0.0230472	0.3399731	0.5229421	0.6688525	0.8560378	0.2957201	0.4132146	0.8288649	0.2916685	0.1437970	0.2855721	0.8112404	0.8691867	0.1414629	0.4680997	0.9866504	0.3462757	0.4034337	0.3209105	0.6726508	0.6449401	0.6475213	0.7853263	0.4586790	0.5287276	0.0630593	0.8631888	0.3960545	0.0375149	0.4762276	0.9083156
300	0.0038272	0.6979984	1.0047352	0.0873516	0.5311428	0.0000692	0.0301898	0.0234476	0.8747666	0.0800545	0.2693740	0.0686615	0.0062311	0.4514206	0.3165883	0.4964960	0.5418718	0.8641408	0.8709928	0.4980282	0.6982662	0.7628983	1.0259427	1.0119996	0.8201745	0.6257114	0.5489070	0.1076426	0.2188422	0.0293851	0.7068024	0.1514312	0.4938788	0.7273292	0.3035547	0.7860852	0.0646088	0.7186034	0.3345310	0.0488655	1.0168211	0.4174984	0.0982093	0.0215012	0.7911904	0.3001540	0.7841478	0.8273274	0.8432273	0.9678677	0.1592862	0.5526460	0.5360741	0.0017310	0.9365031	0.4451449	0.6572645	0.4421880	0.5847297	1.0602964	0.5512431	0.6107033	0.4951487	0.2763149	0.4935469	0.4384274	0.6073017	0.6193009	0.4320385	0.0311110	0.3583077	0.6038724	0.7331549	0.8750294	0.2292630	0.3744925	0.7836700	0.2968215	0.1178594	0.3052066	0.6950787	0.7614043	0.1347757	0.5100865	0.9287974	0.3194938	0.4731862	0.2760622	0.6740954	0.6093164	0.6355096	0.7713590	0.4177921	0.5452523	0.0260097	1.0657202	0.3804667	0.0285982	0.5059749	0.9811151
350	0.0136850	0.5931348	0.9693699	0.1043042	0.4349752	0.0016794	0.0314719	0.0246701	0.8984886	0.0938090	0.2960212	0.0759482	0.0142967	0.4099939	0.4609915	0.4839275	0.5807937	0.8320894	0.8764051	0.5411923	0.7461255	0.6986603	0.9781941	0.9451622	0.6797495	0.7396111	0.5466156	0.0890746	0.2702558	0.0314918	0.6666507	0.1534938	0.4971364	0.7119595	0.2789508	0.7881807	0.0590196	0.7594126	0.2805669	0.0309839	1.0171901	0.3902098	0.1063929	0.0168180	0.8300285	0.2587203	0.7818458	0.8244933	0.9297850	0.9622690	0.1429289	0.4918539	0.4503950	0.0002474	1.0012742	0.4135209	0.7263913	0.4553178	0.6266063	0.9647390	0.5831724	0.6062107	0.3891489	0.2399304	0.5473860	0.4798863	0.5448011	0.6080794	0.3533348	0.0493167	0.3217583	0.6076813	0.8606214	0.8330842	0.1696408	0.3859861	0.8872854	0.1451903	0.1977055	0.2910789	0.7385207	0.8091606	0.1422847	0.5629894	0.8923977	0.3850160	0.5073893	0.3457954	0.7858125	0.5048166	0.6375346	0.8667672	0.3379642	0.5757286	0.0297483	1.0291685	0.4357958	0.0205577	0.4487820	0.9497115
400	0.0206767	0.6146924	1.0741934	0.0641637	0.4765388	0.0009422	0.0402393	0.0241675	0.9930425	0.0916032	0.2483487	0.1046163	0.0118484	0.3664964	0.3806398	0.5260999	0.6235534	0.8330430	0.8390576	0.5133218	0.8390192	0.6980531	1.0818767	0.9415292	0.6314918	0.6616160	0.5579995	0.1262575	0.2889904	0.0373577	0.6976278	0.1813132	0.5833951	0.7013668	0.3864883	0.7339362	0.0417703	0.7507605	0.2844664	0.0256537	0.9784355	0.4004791	0.1131278	0.0018015	0.8450130	0.2645378	0.8637487	0.8515470	0.9375824	1.0013299	0.1194028	0.4797757	0.4438600	0.0014030	1.0335912	0.3904405	0.6555006	0.4717027	0.6802875	0.9924747	0.5805131	0.6505023	0.3807161	0.2227515	0.5565577	0.4708854	0.4993526	0.6760821	0.3453150	0.0345123	0.3250573	0.6057452	0.9124552	0.8453492	0.2082797	0.4473924	0.8668929	0.0918103	0.1431361	0.3631569	0.6743942	0.8271825	0.1644677	0.6554029	0.9778045	0.3647615	0.4636134	0.4159210	0.7152113	0.4683609	0.6792700	0.8880151	0.2971099	0.5731962	0.0225562	1.0140292	0.4113325	0.0286005	0.4340916	0.9954930
450	0.0062463	0.6115392	1.0848580	0.0469074	0.5311878	0.0026921	0.0317465	0.0309818	0.9656014	0.1121105	0.2303139	0.0866920	0.0035038	0.4237330	0.3233950	0.5768795	0.5691883	0.8717614	0.6509775	0.4502702	0.7147451	0.7528505	0.9972642	1.0683487	0.6180627	0.7339523	0.5613716	0.1318917	0.2598524	0.0281143	0.6462147	0.1455858	0.5174120	0.7205305	0.3539437	0.7760703	0.0563379	0.6920189	0.2969619	0.0412604	1.0064389	0.3714734	0.0713788	0.0019127	0.8605703	0.2682523	0.8757889	0.8008882	0.9519835	0.9213095	0.1305591	0.4518331	0.4119628	0.0044499	1.0793048	0.3600864	0.6446108	0.4866544	0.7401098	0.9627898	0.5350559	0.6081190	0.4417493	0.2267828	0.4782358	0.4801892	0.4466536	0.6137580	0.3356994	0.0205973	0.2967202	0.5969767	0.9263768	0.9069500	0.2378787	0.4294883	0.8061669	0.1298424	0.1933631	0.3397737	0.6962109	0.8569388	0.1455006	0.6068184	0.9731060	0.4107901	0.4311601	0.4551666	0.6792132	0.5056606	0.6156783	0.8927747	0.3332865	0.5208242	0.0504993	1.0497529	0.4639705	0.0266196	0.5157221	1.0489038
500	0.0050500	0.5775418	0.9388076	0.0602132	0.5300970	0.0021271	0.0435071	0.0282357	1.0848579	0.0745404	0.2236682	0.0805640	0.0076783	0.4677333	0.3381460	0.5607486	0.5030362	0.8925557	0.6066449	0.4311856	0.6847870	0.7639848	1.0560805	0.8981716	0.6173462	0.6010063	0.5286553	0.1203528	0.2521360	0.0339129	0.6294523	0.1464424	0.4816907	0.8071371	0.3148522	0.7550893	0.0813255	0.7401001	0.2820747	0.0371462	1.0424666	0.3972510	0.1260961	0.0047652	0.9066800	0.3158325	0.9100144	0.8773361	0.8965854	0.9662854	0.1195621	0.4550084	0.4272639	0.0016736	1.0347071	0.3699791	0.7492676	0.4571919	0.7290511	1.0241856	0.4405347	0.5640404	0.4090000	0.2709169	0.4494831	0.5511502	0.4621484	0.5741000	0.3873647	0.0242991	0.3349635	0.5140626	0.9323976	0.9730620	0.2013665	0.4163181	0.8386179	0.1027808	0.1756439	0.3800872	0.7225032	0.7928472	0.1632824	0.5721313	0.8815101	0.4431591	0.4485144	0.5489553	0.7048464	0.5894787	0.6231218	0.8806439	0.3875811	0.5439403	0.0539082	0.9254572	0.4607648	0.0528433	0.4567670	1.0029646
550	0.0106244	0.5344033	0.9934607	0.0487316	0.4907981	0.0004928	0.0350270	0.0167438	0.8931272	0.2005496	0.2506979	0.0937995	0.0258225	0.4021017	0.5037319	0.5678364	0.5615882	0.8632964	0.5993533	0.5104447	0.4582386	0.6358624	1.0505998	0.9015149	0.6528386	0.5832423	0.5922962	0.1381444	0.2081482	0.0228288	0.4440782	0.1596594	0.5351915	0.6578048	0.2329619	0.7209822	0.0592406	0.7835054	0.3155516	0.0248201	1.0085484	0.3799163	0.0866564	0.0228631	0.9776756	0.2901227	0.7793331	0.8298779	0.8211877	0.7149930	0.1143704	0.5151238	0.4176912	0.0028862	0.9265882	0.3746369	0.7373999	0.4797829	0.6634354	0.9919672	0.5319847	0.6040103	0.3730515	0.2786535	0.4289551	0.5554421	0.5714808	0.5619640	0.4481655	0.0374306	0.3148643	0.4517411	0.9135664	1.0250212	0.1501908	0.4348702	0.9547152	0.0800369	0.1873416	0.4011073	0.7451525	0.7622644	0.1806684	0.6801086	0.9944576	0.4403400	0.4007297	0.5549601	0.7425758	0.5583809	0.7082678	0.6907801	0.4126051	0.5356370	0.0649794	0.8423925	0.3762112	0.0444387	0.4156470	1.1011655
600	0.0094396	0.5908559	0.9807842	0.0496400	0.5738896	0.0004518	0.0066899	0.0261820	0.8643368	0.3534359	0.1454988	0.0894901	0.0357921	0.2513624	0.7070129	0.5339789	0.5530544	0.8427313	0.7940283	0.6046136	0.2094277	0.5334312	0.9688555	0.8949415	0.6329611	0.7341232	0.7382787	0.1157980	0.2086724	0.0470196	0.4435545	0.1209020	0.5822276	0.7111387	0.3209868	0.5852724	0.0963482	0.7146268	0.2865357	0.0255601	1.0025432	0.4287514	0.0874936	0.0356760	0.8976858	0.3451063	0.7492817	0.8595004	0.8390374	0.5436930	0.1176700	0.4582822	0.3970072	0.0000000	0.8437202	0.3921799	0.7396837	0.5064540	0.5976929	1.0274985	0.5618572	0.5819935	0.3932033	0.2872830	0.5555796	0.5408941	0.5189132	0.6148699	0.4228669	0.0636038	0.3175008	0.2251934	0.7831064	0.9318779	0.1529179	0.3696799	0.8520460	0.1400820	0.1598336	0.3625089	0.7028792	0.8712558	0.1889802	0.6454675	0.9878794	0.4149136	0.4322411	0.5748155	0.7466331	0.5574389	0.6220740	0.4812798	0.3921040	0.5113961	0.1012973	0.6438946	0.4048824	0.0591850	0.4631574	0.9721041
650	0.0114034	0.5788477	0.9961018	0.0605920	0.5792252	0.0013465	0.0111861	0.0179212	0.8240333	0.3983220	0.1248555	0.0734598	0.0197278	0.1313917	0.7751801	0.5090061	0.4974103	0.8879320	0.8531034	0.7159251	0.1212809	0.5761952	0.9879935	0.9891783	0.6906939	0.6862520	0.8872839	0.1190241	0.2382507	0.0219777	0.4066113	0.0996211	0.6269012	0.7762261	0.3199402	0.7283582	0.1383076	0.7468560	0.3654740	0.0301339	0.9748320	0.3856974	0.0641636	0.0467005	0.7760657	0.4453094	0.6321767	0.7139805	0.9536581	0.3751782	0.1055422	0.4190969	0.4521225	0.0021542	0.8813900	0.4369928	0.7830683	0.3858276	0.5858220	0.9848452	0.6341959	0.5865543	0.2328712	0.2503636	0.4868566	0.4424092	0.6899452	0.6268337	0.4257194	0.0691580	0.3186631	0.0861837	0.6318354	0.8995610	0.2064391	0.3196923	0.8478451	0.1562705	0.1920714	0.4176027	0.7998624	0.8798392	0.1499448	0.6999130	1.0731319	0.4162051	0.4108269	0.5580198	0.6564173	0.6367616	0.6748643	0.3597585	0.4184833	0.5381399	0.0957337	0.5947034	0.3650210	0.0472915	0.4301171	0.9523445
700	0.0189773	0.6077511	0.9791175	0.0542582	0.4469089	0.0008884	0.0394716	0.0078512	0.7920317	0.3832426	0.1587124	0.0988799	0.0018353	0.1142711	0.8441051	0.5343550	0.4899037	0.9026226	0.8918238	0.8227836	0.0876275	0.5306178	0.9333664	1.0096799	0.7462831	0.6894908	0.8833229	0.1227120	0.1914134	0.0216241	0.3350851	0.0920910	0.7004925	0.7775144	0.3598364	0.8504839	0.2084938	0.6779450	0.3744620	0.0327761	0.8893062	0.3952467	0.0472133	0.0317399	0.8443706	0.5170792	0.4820901	0.6968478	0.9148200	0.4027331	0.0973941	0.3594004	0.6793630	0.0026281	0.8622503	0.5122706	0.7686774	0.3468998	0.4619746	0.9170826	0.6496325	0.5685903	0.1791916	0.2369961	0.4472058	0.4762503	0.9144733	0.7172724	0.3498043	0.0681922	0.3839938	0.1435325	0.4477501	0.8161154	0.2101119	0.3075256	0.8440258	0.2496097	0.2139042	0.4595155	0.7164550	0.9117183	0.1349810	0.6339578	1.0692917	0.3802014	0.3857547	0.6268131	0.6620962	0.7226604	0.5601671	0.3764553	0.4105748	0.5657684	0.0865424	0.6129620	0.3510443	0.0320383	0.4332821	1.0226696
750	0.0285558	0.6265327	1.0633049	0.1011892	0.4375984	0.0000859	0.0262316	0.0169559	0.8820000	0.3887316	0.1008509	0.1161136	0.0033182	0.1364360	0.7332083	0.5557128	0.5614951	0.9448277	0.9071367	0.8028085	0.0508425	0.5666657	0.9756542	0.9822824	0.7014238	0.6497583	0.8795275	0.1057540	0.2174835	0.0425468	0.3589364	0.0943415	0.7234729	0.9090046	0.2803655	0.9324915	0.2877291	0.7179905	0.3596349	0.0265615	0.8994474	0.4537264	0.0565911	0.0509867	0.7599308	0.7495208	0.5121522	0.7564532	0.9319337	0.3096582	0.0675315	0.3715777	0.7458816	0.0006294	0.7412802	0.5033249	0.8250728	0.2942814	0.4350154	0.9460194	0.7068353	0.5884597	0.1587545	0.2633783	0.4717279	0.4755647	1.1409566	0.6695367	0.3346640	0.0826086	0.4167728	0.2073783	0.3822420	0.8304813	0.2486464	0.3107908	0.8054183	0.5195453	0.2373437	0.6090933	0.6988122	0.9764092	0.1526834	0.5897013	1.0201556	0.3618518	0.3923431	0.6905352	0.6676971	0.7550772	0.5878675	0.4210063	0.4203076	0.5388342	0.0797478	0.6699465	0.3588667	0.0333674	0.4678271	1.0862335
800	0.0187683	0.6057910	0.9940507	0.1291785	0.4604029	0.0004125	0.0121834	0.0167873	0.7941716	0.2339701	0.1049890	0.1314659	0.0066052	0.1208621	0.9251586	0.5034662	0.5594074	1.0159808	1.0169831	0.7717754	0.0739013	0.7067760	0.9749350	0.9727707	0.7381191	0.6896353	0.8917625	0.1102291	0.2013621	0.0247606	0.3828392	0.0818302	0.6257335	0.9249105	0.2765039	0.9148561	0.4403714	0.6463399	0.3343732	0.0133957	0.8864348	0.4924689	0.0699735	0.0788262	0.7326878	0.6161117	0.5012082	0.8313411	0.8362150	0.3187056	0.0906322	0.3994935	0.9205616	0.0097277	0.7462979	0.4663152	0.8312472	0.2301992	0.4092268	0.9601875	0.6740013	0.5947912	0.1159485	0.2199094	0.5183631	0.4729248	1.0023113	0.7403654	0.3606587	0.0560988	0.3455345	0.2069833	0.3595678	0.9033744	0.2575730	0.3576199	0.8166986	0.5870275	0.2230359	0.6454772	0.7746382	1.0256374	0.1248969	0.5715115	0.9561815	0.3654904	0.3227847	0.6773315	0.5403439	0.7125056	0.4758716	0.3957441	0.4167928	0.6201720	0.1257008	0.6618143	0.3029974	0.0187163	0.5021099	1.0244634
850	0.0115648	0.6251010	1.1046392	0.1360758	0.4879948	0.0005176	0.0248064	0.0241218	0.9227107	0.3037445	0.0907577	0.0946901	0.0137504	0.0835006	0.9531189	0.4845081	0.4324838	1.0077207	0.9388560	0.8327265	0.0774521	0.6521504	0.9669317	0.9664950	0.8308154	0.6683393	0.8583163	0.1421952	0.2982754	0.0420982	0.4042942	0.0759237	0.6984545	0.9705836	0.2448053	0.9355316	0.3876152	0.7218611	0.2574063	0.0208096	0.9507677	0.5429830	0.0748296	0.0841151	0.7591878	0.5828496	0.5818415	0.9306996	0.8549115	0.2850017	0.0692719	0.4740293	0.8734883	0.0034259	0.7069805	0.4753386	0.7460961	0.1976561	0.4381124	0.9705905	0.6131280	0.6463859	0.1387929	0.2517615	0.4886939	0.5276160	0.9599001	0.7104166	0.4057752	0.0660881	0.4052556	0.2062511	0.3175128	0.8830870	0.2074344	0.3779467	0.8778861	0.4386534	0.2297188	0.6359954	0.8305549	0.8914838	0.0829122	0.6551573	0.9456416	0.3330713	0.2472813	0.5957954	0.4119352	0.8260441	0.5239563	0.3497294	0.4086809	0.6296979	0.1593851	0.6869992	0.2473802	0.0389603	0.5371930	0.9657893
900	0.0174580	0.6528097	0.9891293	0.1605630	0.5199516	0.0008601	0.0255380	0.0147651	0.9763730	0.3726743	0.0857611	0.1003439	0.0046789	0.0976135	0.8561926	0.3348430	0.5013734	0.9409739	0.9380637	0.8473739	0.0764530	0.6594592	0.9728020	0.9332105	0.8614501	0.6785398	0.9288970	0.1364859	0.2052444	0.0406629	0.4210976	0.0710165	0.7226751	0.8779730	0.3206446	0.8175792	0.3257358	0.6475267	0.3140060	0.0142070	1.0368229	0.5042549	0.0768511	0.0900295	0.7990515	0.4959965	0.6679032	0.9127993	0.8744582	0.3447884	0.0672838	0.4183601	0.9485836	0.0027089	0.7945267	0.4922824	0.8410091	0.2506518	0.4532488	0.9970409	0.6671350	0.5590194	0.1210989	0.2973853	0.4539570	0.5868546	0.8846447	0.7119567	0.3913617	0.0412934	0.4038173	0.2225272	0.3181894	0.8239133	0.2632381	0.4556464	0.8804518	0.4037925	0.2498188	0.6966909	0.8802148	0.9977450	0.0991021	0.6847597	0.9443953	0.3609225	0.2297062	0.5321583	0.4948871	0.8409771	0.4896843	0.3225757	0.3672845	0.6062444	0.1674939	0.6977146	0.1940542	0.0232589	0.5495042	0.9639193
950	0.0113630	0.7174522	1.0308946	0.1513462	0.4902795	0.0004358	0.0536889	0.0121695	0.9923336	0.4012564	0.1185839	0.0844312	0.0092456	0.1050105	0.8006374	0.3766472	0.5048797	0.9841279	1.0058281	0.8431649	0.0804052	0.5932656	0.9263317	0.8887725	0.9037918	0.6380533	0.8877021	0.1679309	0.1972931	0.0379192	0.4270527	0.0480225	0.8231953	0.8705714	0.3301474	0.7687477	0.3172446	0.6393244	0.3292013	0.0217524	0.9662511	0.4805083	0.0966987	0.1421808	0.7580662	0.4452844	0.7311220	0.8698561	0.8820621	0.3408432	0.0837370	0.2984707	0.9025589	0.0035580	0.7482757	0.5147307	0.8572948	0.2477144	0.5202273	1.0412218	0.6880906	0.5565772	0.1040569	0.3057449	0.4030492	0.5385068	0.9167302	0.7154674	0.4310526	0.0510013	0.3658010	0.2000561	0.3189107	0.9292001	0.2970798	0.3256739	0.9116263	0.4327220	0.2594236	0.6406633	0.8082125	0.8631307	0.1219733	0.6222505	0.9475840	0.3807166	0.1888593	0.5318326	0.5265989	0.8222251	0.4565025	0.2673866	0.3929883	0.6386505	0.1352483	0.6184384	0.2648051	0.0278938	0.6007351	0.9250362
1000	0.0200352	0.6739672	1.0707104	0.1807604	0.5121502	0.0052571	0.0285879	0.0140432	0.8459039	0.4386908	0.1310721	0.0564583	0.0023350	0.0916661	0.9110199	0.3980996	0.5683859	0.9700125	0.9468191	0.8691539	0.0755229	0.6205527	0.9316001	0.9005277	1.0019445	0.5955508	0.9094197	0.1326874	0.2066369	0.0313172	0.3279682	0.0636921	0.7584366	0.7799649	0.2887912	0.8763795	0.1933150	0.6916399	0.3449365	0.0219741	0.9301300	0.4388770	0.0755768	0.0868627	0.7432075	0.4393470	0.7392849	0.8161172	0.8734123	0.2332360	0.0862198	0.3221361	0.9466771	0.0042041	0.6554378	0.4650730	0.7285514	0.2878878	0.5258013	0.9275198	0.8073735	0.5313572	0.2271515	0.3235077	0.3789833	0.5198659	0.9893363	0.7254588	0.3904399	0.0771640	0.3796214	0.1975702	0.3210250	0.8942827	0.3103878	0.3308629	0.9923808	0.2511457	0.2781094	0.7047737	0.7638523	0.9525366	0.0936223	0.6691426	0.9427534	0.3238421	0.1868031	0.5186350	0.6412601	0.7951327	0.4799066	0.2467884	0.4390093	0.6181836	0.1055051	0.6980589	0.2858787	0.0383411	0.6130350	0.8530728

0	0.0094491	0.6355617	1.0459758	0.0876986	0.4170952	0.0015965	0.0357302	0.0201856	0.7842026	0.5482911	0.1482550	0.1067167	0.0074763	0.0795139	0.9263252	0.4386615	0.5117037	1.0187251	0.9869150	0.9112762	0.0675828	0.6396705	0.9879649	0.9056811	1.0249936	0.8053086	0.8415975	0.0956169	0.2807776	0.0361236	0.3476186	0.0945586	0.7647381	0.8073502	0.2691465	0.9854445	0.2644993	0.7761342	0.3511720	0.0142404	0.9503393	0.3956488	0.0912837	0.0721673	0.8039584	0.5632487	0.5721011	0.9104100	0.8750489	0.3877912	0.0490860	0.3690556	1.0040851	0.0016799	0.7496314	0.4296180	0.7445798	0.3138374	0.4763448	0.9977159	0.8917758	0.5763065	0.2317245	0.3844034	0.5377636	0.4876338	1.0898320	0.8135737	0.5024926	0.0491368	0.3912071	0.2335426	0.3169327	0.9297559	0.3112694	0.3637340	0.9584119	0.1589398	0.2670455	0.6498318	0.7931145	1.0351174	0.1402507	0.6535788	1.0095359	0.4184859	0.2245238	0.5131035	0.6073464	0.7854143	0.4606182	0.1309775	0.4648780	0.5528648	0.0723851	0.5781484	0.2784400	0.0363961	0.5378107	0.9932421
50	0.1155366	0.7987728	0.8075371	0.1883364	0.5698812	0.0054328	0.0518872	0.0172096	0.7480402	0.4206076	0.1148329	0.4943018	0.0062949	0.1056266	0.9328446	0.3609478	0.4695148	0.9921185	0.8921299	0.8523389	0.3111152	0.7101149	0.9519600	0.8615249	0.8266615	0.7036621	0.8261620	0.0960825	0.3532322	0.0430629	0.4221663	0.0567104	0.7062151	0.7297561	0.3172967	0.9248562	0.2458859	0.7827084	0.3235755	0.0263359	1.0234469	0.6897642	0.2176681	0.0906841	0.7736957	0.3790304	0.6829992	0.8814169	0.8719711	0.3370248	0.1568679	0.4398346	0.9482120	0.0567206	0.6618901	0.5165253	0.5880998	0.4764771	0.5202675	0.9733932	0.7480698	0.5966484	0.2559953	0.2723381	0.5052153	0.6073342	1.0642544	0.8473900	0.4551037	0.0548105	0.3604144	0.2866673	0.4310460	0.8894228	0.2776743	0.4005940	0.8487158	0.2137281	0.2377782	0.4931134	0.7493980	0.7992970	0.1309608	0.6600086	0.8866177	0.3796257	0.2644039	0.4069595	0.5172694	0.7876433	0.5041410	0.2173868	0.4471512	0.5097788	0.0877537	0.6164407	0.2430870	0.0273805	0.5315027	0.9783855
100	0.2520340	0.7147161	0.5033174	0.2265235	0.5909709	0.0016528	0.0595862	0.0023808	0.8141910	0.1830250	0.0975478	0.7173493	0.0144502	0.1087928	0.8944861	0.3222089	0.4917662	1.0509416	0.9242149	0.8385599	0.4837433	0.9566844	1.0000412	0.9050982	0.6834605	0.6735052	0.8732717	0.1053306	0.3801567	0.0437094	0.4210895	0.0589127	0.4092350	0.7316641	0.3186534	0.8221741	0.1964547	0.7951375	0.3195496	0.0828336	1.0043796	0.7359666	0.3915234	0.0919455	0.7922179	0.3835137	0.6215943	0.8862032	0.9044255	0.3209572	0.3660367	0.5336241	0.8989209	0.1037855	0.7737246	0.5171687	0.4179155	0.5412554	0.5197122	0.8299618	0.8361593	0.5206001	0.2430551	0.2923215	0.5673125	0.8223552	0.9376849	0.7670748	0.4649716	0.0337141	0.4313841	0.2306261	0.5431467	0.9000287	0.2741669	0.4462683	0.8562449	0.1016108	0.1672876	0.5340971	0.8150692	0.5772532	0.1189382	0.6430613	0.8894652	0.2977695	0.2596564	0.4555179	0.4745451	0.8121665	0.4775570	0.2272355	0.4249674	0.5354487	0.2439381	0.6990740	0.2913137	0.0300239	0.4207269	0.9657726
150	0.3452601	0.5515275	0.4258072	0.3450233	0.5897627	0.0025803	0.0450119	0.0122861	0.8539445	0.1231449	0.0834527	0.8966786	0.0057496	0.1343098	0.7651610	0.3000117	0.4128491	0.9740532	0.8766958	0.7504678	0.5637586	0.8960689	0.9765175	0.9447002	0.6424890	0.6029636	0.8298302	0.0976827	0.4246334	0.0513951	0.4716587	0.1877915	0.3173325	0.7506738	0.3874350	0.8235018	0.1630132	0.8255456	0.3673645	0.1365623	0.9876081	0.7530894	0.4417458	0.0443065	0.7964330	0.3833904	0.6218687	0.8427070	0.8412560	0.4187038	0.4934049	0.5161418	0.8230352	0.1453811	0.8227730	0.4796705	0.3242844	0.6711447	0.6924499	0.7002848	0.8200871	0.5429643	0.3151959	0.3216516	0.5507120	0.8580418	0.7855821	0.8165658	0.5042644	0.0559427	0.4578514	0.2264565	0.6570788	0.9692289	0.2197911	0.5339816	0.7991179	0.0779404	0.1907002	0.4903190	0.7134103	0.6230356	0.1207910	0.7060057	0.9321070	0.2450219	0.2350813	0.3469575	0.5009151	0.9584870	0.4428153	0.3284397	0.4379891	0.5490551	0.4041019	0.6906751	0.3292687	0.0078277	0.3380003	0.9678990
200	0.3998499	0.4554768	0.3731421	0.4150387	0.5825574	0.0064243	0.0708786	0.0194235	0.9184664	0.0714088	0.0611623	0.9477251	0.0060289	0.1008592	0.7684861	0.2431124	0.4253745	1.0675411	0.9744687	0.7969843	0.5944734	0.8555625	0.9631429	1.0130420	0.5795933	0.6769412	0.9327988	0.0893173	0.6075566	0.0698904	0.4759921	0.4636356	0.2592266	0.7099059	0.4311032	0.7941637	0.1168530	0.7554822	0.4277361	0.3784330	1.0414851	0.7685480	0.5074400	0.0405502	0.7703728	0.4480171	0.8135333	0.8414770	0.8697761	0.4298743	0.5774271	0.5096340	0.7571275	0.2209542	0.8989290	0.3453335	0.3141015	0.7080049	0.7090037	0.7229337	0.9090912	0.3975418	0.2383128	0.3843962	0.5826432	0.8206842	0.7666951	0.7334779	0.4657683	0.0660003	0.4248803	0.1757677	0.7669347	1.0509973	0.1630831	0.5379208	0.8207061	0.0653140	0.1638711	0.5003733	0.7415660	0.5262996	0.1044132	0.6887152	0.8991562	0.2040608	0.2038188	0.2814825	0.5064818	0.8439688	0.4895867	0.3164133	0.5184382	0.6267674	0.4694758	0.6566883	0.4191287	0.0181280	0.2083501	0.9598941
250	0.4776899	0.3688849	0.3554982	0.3702938	0.6051538	0.0001536	0.1073672	0.0261293	0.9850755	0.0411052	0.0420019	0.9896363	0.0087298	0.0996560	0.7344178	0.2504874	0.4839436	1.1064391	0.9996143	0.8115478	0.6062034	0.9588689	0.9500878	0.9711022	0.6040238	0.7180832	0.8916131	0.1300662	0.5730190	0.0630329	0.5348549	0.6590082	0.1735118	0.6890913	0.4240560	0.8492868	0.1746614	0.8133339	0.3746613	0.5177073	0.9922588	0.8066672	0.4918364	0.0418775	0.8384814	0.3774803	0.6799187	0.8217107	0.8871795	0.3801080	0.5932030	0.5185307	0.6466549	0.1678899	0.8827709	0.2361242	0.3367108	0.7107213	0.7103618	0.8037664	0.9338481	0.3615064	0.1161251	0.3530107	0.5534121	0.8045051	0.7340299	0.7313581	0.4712983	0.0607152	0.4872911	0.2080616	0.7604952	0.9963547	0.1588853	0.5984209	0.7731248	0.0846000	0.1798948	0.5627871	0.7828696	0.5973867	0.1020953	0.8667466	0.9855296	0.1542016	0.2094933	0.2887749	0.5079497	0.7763480	0.4819801	0.3399940	0.5136450	0.6763192	0.5532674	0.7739691	0.4205936	0.0281572	0.1041953	0.9654779
300	0.4916799	0.3304407	0.3346340	0.4315397	0.6820270	0.0017566	0.0977620	0.0198396	0.9368759	0.0318035	0.0809063	0.9644018	0.0061678	0.1158121	0.7097123	0.2512323	0.4233756	1.0375769	0.9077083	0.8048777	0.5794599	0.9736172	0.9413769	1.0103144	0.6261935	0.6336175	0.9494765	0.2182382	0.5408375	0.0576693	0.4450536	0.7302714	0.2075692	0.7007395	0.3808158	0.7624013	0.1663264	0.7146468	0.4028529	0.5090668	0.9652815	0.7791227	0.5057334	0.0605096	0.8622125	0.3779518	0.6579805	0.8256561	0.8366824	0.3784900	0.5816191	0.5485955	0.5752204	0.1937347	0.7780583	0.1126598	0.3451966	0.7351619	0.7217653	0.7457218	0.8187506	0.3848854	0.1018962	0.3709934	0.5550465	0.7070532	0.6677461	0.7440637	0.5478226	0.0879961	0.5611762	0.1982729	0.8497890	0.9725251	0.1008532	0.5637622	0.8805187	0.0655951	0.1851214	0.6256570	0.7793325	0.6666274	0.1220895	0.7747544	0.9956297	0.1105058	0.1425672	0.2356108	0.5349191	0.7842264	0.5129110	0.2930584	0.4567297	0.7712626	0.5808177	0.6779296	0.3913719	0.0244524	0.0450466	1.0233123
350	0.5465465	0.3062931	0.2709908	0.4134795	0.5598920	0.0008157	0.0968794	0.0164319	1.0172567	0.0309247	0.0455902	0.8623869	0.0047107	0.1119797	0.6357688	0.1774833	0.4697478	0.9635960	0.8714378	0.8083822	0.5557979	0.8854597	0.8002437	0.9736274	0.6052630	0.6645680	0.9613048	0.2864764	0.5443557	0.0800513	0.3282907	0.8728309	0.2303557	0.7184704	0.4041514	0.7448790	0.1806280	0.7613778	0.3456763	0.5141345	0.9781275	0.7379296	0.4928343	0.0602101	0.8924942	0.3987237	0.6206104	0.7799565	0.8281618	0.3474259	0.6507258	0.5170863	0.6323492	0.1722297	0.7491485	0.0739387	0.3902574	0.6906468	0.7588184	0.7630244	0.7436449	0.3499072	0.0910735	0.3293437	0.6268812	0.6757980	0.7585349	0.6261107	0.5557209	0.0593256	0.5547566	0.2392773	0.8693653	1.0139336	0.0889033	0.5586413	0.8890711	0.0648310	0.1508930	0.7860714	0.7050031	0.5890344	0.1006590	0.6719506	0.8847608	0.1190786	0.1532158	0.2041065	0.5632613	0.8170199	0.6090146	0.3777087	0.5401220	0.8031918	0.5867320	0.7076950	0.4126262	0.0277392	0.0340121	1.0652387
400	0.5558246	0.3101219	0.2562652	0.4162387	0.5915274	0.0001321	0.0717662	0.0212512	1.0001843	0.0090751	0.0563861	0.8562939	0.0134797	0.1556145	0.6185987	0.1654253	0.4405783	1.0288904	0.8130712	0.9128021	0.5493476	0.9166260	0.9027499	0.8186333	0.5869229	0.5941451	0.9175237	0.3278259	0.5196166	0.0885429	0.3294018	0.9583209	0.2325258	0.7536214	0.4075921	0.7394532	0.1750194	0.7574299	0.4136424	0.6471554	0.9944581	0.7448907	0.5651795	0.0600930	0.9037272	0.4458190	0.5969871	0.7684320	0.8221239	0.3065393	0.5826681	0.4914940	0.6126970	0.2069508	0.7377555	0.0319869	0.3589775	0.7553014	0.7171124	0.6915744	0.7400407	0.3556151	0.1043605	0.3530294	0.5525656	0.7148344	0.7023044	0.5132565	0.6245070	0.0677978	0.5946655	0.2039373	0.8774089	0.9666905	0.1014419	0.5737597	0.8112163	0.0734119	0.1655455	0.7223636	0.6940800	0.5397292	0.0852928	0.7074697	0.8284085	0.1491760	0.1368044	0.2705230	0.4776427	0.8089102	0.6135157	0.3132928	0.5411826	0.9630503	0.6765733	0.6565617	0.4507912	0.0298935	0.0183098	1.0408192
450	0.6122430	0.3187513	0.2940079	0.3994917	0.6010432	0.0001691	0.0674356	0.0084120	0.9916041	0.0201692	0.0703940	0.8421023	0.0147690	0.1768590	0.6367081	0.1621687	0.3989526	1.0362070	0.8530802	0.9026074	0.6433176	0.9292144	0.8707845	0.7223133	0.5585840	0.7158047	0.8617909	0.3901206	0.5122935	0.1395332	0.2584113	0.9355654	0.2219488	0.7330132	0.4131145	0.7189168	0.2316757	0.7501971	0.4000453	0.6374907	1.0518285	0.6887269	0.5684761	0.0501169	0.9166628	0.4137637	0.5439079	0.7762588	0.8011177	0.2739588	0.6088719	0.5839465	0.7360482	0.1772555	0.6718009	0.0114651	0.3455657	0.7549683	0.7324720	0.6167386	0.7305436	0.3245138	0.1033025	0.3988402	0.6955829	0.7229701	0.7732782	0.4889056	0.6788019	0.0860643	0.7121447	0.2340017	0.8167922	0.9740963	0.1138000	0.5401846	0.8090968	0.0677974	0.2129616	0.7229330	0.6727312	0.7190449	0.1028933	0.8333495	0.9475678	0.1113618	0.1144849	0.3101232	0.3876211	0.8619444	0.6832663	0.3567191	0.5419251	1.0352479	0.7052491	0.6624410	0.5184009	0.0247030	0.0176767	1.0795065
500	0.5702284	0.3483893	0.3037207	0.4045496	0.5866735	0.0000444	0.0573623	0.0076191	0.9560595	0.0140452	0.0587395	0.9268530	0.0111359	0.1427132	0.6761994	0.1716334	0.4008336	0.9929794	0.8171686	0.8958785	0.5708440	0.9168705	0.7470285	0.8060653	0.5191625	0.6878757	0.9151265	0.3909924	0.5230929	0.1522915	0.2548532	1.0131711	0.2248872	0.7372959	0.4259541	0.7879853	0.2800182	0.7017041	0.3982034	0.7771257	1.0155803	0.6761358	0.5274417	0.0336928	0.8653347	0.5394194	0.5006939	0.8259808	0.8635824	0.2951002	0.5551595	0.4814917	0.7395477	0.1810871	0.6640316	0.0079333	0.3976700	0.7656842	0.8092125	0.7245477	0.7276601	0.2975842	0.0808689	0.3527013	0.6630116	0.7014175	0.7110046	0.3712976	0.6863726	0.0567294	0.6273771	0.2375917	0.8111076	1.0521624	0.0941642	0.5085691	0.8756551	0.0547529	0.2188328	0.7446249	0.7331109	0.6061851	0.1324680	0.8240695	0.8606720	0.1353710	0.0962852	0.2442709	0.4147598	0.7934368	0.6836331	0.2750303	0.5892450	1.0129773	0.7232756	0.7347604	0.6339868	0.0392500	0.0244364	1.0615852
550	0.4007335	0.3853075	0.6033510	0.3623546	0.5004186	0.0011184	0.0586593	0.0157166	0.9596989	0.0124826	0.0401554	0.5387898	0.0169360	0.1661923	0.7414556	0.2164314	0.4557348	1.0001336	0.9705600	0.8978701	0.3817665	0.6964078	0.7403974	0.7092100	0.7036908	0.7062717	0.9490269	0.3783948	0.4735534	0.1336491	0.1814791	0.8471951	0.4257210	0.8061740	0.4079029	0.8491585	0.3963380	0.7473097	0.3965150	0.6144427	1.0038492	0.5571291	0.4452804	0.0568998	0.8890927	0.4961049	0.4932580	0.7652502	0.8615256	0.2343836	0.4578140	0.3693891	0.7524892	0.2057331	0.6581726	0.0078769	0.5585540	0.6397964	0.7604032	0.8483188	0.6053783	0.2827689	0.0849022	0.4053369	0.6138308	0.4977146	0.8114064	0.3458422	0.7440968	0.0551139	0.5845847	0.2150473	0.7815731	1.0880236	0.1572156	0.6034476	0.8659214	0.1148910	0.2317517	0.7295567	0.7145958	0.7162194	0.1028490	0.7999548	0.8633577	0.0991287	0.0887602	0.2304919	0.3658262	0.8386436	0.5531283	0.3481211	0.6087261	0.9707623	0.7293344	0.6495013	0.5823666	0.0381225	0.0364166	1.0494553
600	0.2719825	0.4059155	0.8166036	0.2694431	0.5291639	0.0001743	0.0627383	0.0174739	0.9435352	0.0174924	0.0294879	0.2406715	0.0135575	0.1462879	0.8358346	0.1948999	0.5054725	0.9676356	0.9592283	0.8844946	0.2284577	0.6353461	0.8317425	0.6690269	0.9149973	0.6868314	0.9380791	0.3567910	0.4491500	0.1077777	0.1932670	0.6523928	0.4904661	0.8904700	0.3728464	0.9010501	0.3067893	0.7021196	0.4308503	0.4976774	0.9535440	0.4293908	0.2800280	0.0869097	0.8984264	0.5396823	0.5609703	0.8031859	0.9804249	0.2347290	0.3155146	0.3570510	0.7264631	0.1451939	0.7065563	0.0025087	0.5810608	0.5259959	0.6946890	0.9680945	0.5983189	0.3391526	0.0473687	0.4185122	0.5856096	0.3934257	0.9473220	0.3887682	0.7545040	0.0949104	0.5459242	0.2877828	0.5812888	1.0576335	0.1560004	0.5363479	0.8627420	0.1663880	0.2498001	0.7235634	0.7275644	0.8592861	0.0815520	0.7508300	0.8446513	0.1408579	0.1267059	0.2228899	0.3704611	0.8298495	0.6324068	0.3483374	0.5447108	1.0216177	0.6731462	0.7037200	0.4693132	0.0338060	0.0351980	0.9598493
650	0.1553671	0.5475595	0.9593496	0.2310567	0.4417287	0.0008688	0.0508608	0.0259090	0.8782067	0.0284361	0.0555063	0.1335418	0.0041096	0.1167870	0.8702675	0.2019954	0.5106537	0.8878885	0.9593617	0.8148784	0.1671965	0.5717473	0.9079905	0.7083698	0.9375270	0.7431331	0.8892502	0.3324888	0.4712388	0.0804347	0.2904045	0.4381101	0.6469350	0.7903140	0.3118688	0.8695954	0.3291180	0.6223239	0.4119994	0.1926577	0.9046987	0.3680300	0.1511870	0.0967752	0.7597429	0.5687327	0.5557303	0.7395617	0.8984885	0.1806848	0.2305121	0.2910392	0.8321185	0.1334032	0.7265059	0.0055368	0.7137405	0.3451797	0.5637370	1.0533989	0.5791432	0.4905083	0.0610002	0.3727707	0.6114005	0.5019809	0.9392015	0.5591891	0.6890403	0.0673427	0.4668801	0.2568278	0.4646512	0.9068021	0.2364705	0.4663464	0.8486289	0.1188970	0.2956361	0.7127710	0.8240834	0.8714589	0.0785229	0.6983773	0.8966868	0.1361938	0.1436094	0.2570995	0.4183640	0.8331148	0.5979278	0.3344956	0.5895506	0.9294908	0.7323722	0.5977595	0.3406906	0.0266365	0.0348491	1.0453983
700	0.0952051	0.6156177	0.9595472	0.1733863	0.4885059	0.0007893	0.0244245	0.0430382	0.9088257	0.0233984	0.1261368	0.1174811	0.0007833	0.0806790	0.9679490	0.1952202	0.5179640	0.9743016	0.9025606	0.8236571	0.1402491	0.5789869	0.9392116	0.8290379	0.9714583	0.6878213	0.9106482	0.2206962	0.4590531	0.0665731	0.4091886	0.2618858	0.6041975	0.7562721	0.2561049	0.9238350	0.3085404	0.6701722	0.3370550	0.0833027	0.8413752	0.4243791	0.1132013	0.0884066	0.6135715	0.5502949	0.5476413	0.7745726	0.7812542	0.1928949	0.1559172	0.2588084	0.7059044	0.0782079	0.7208522	0.0222895	0.7139879	0.2753148	0.5696432	1.0090553	0.6749938	0.5504012	0.0832294	0.2870915	0.5800562	0.5137634	0.9038714	0.7079388	0.6451138	0.0711947	0.4381961	0.2784476	0.3475445	1.0352605	0.2779945	0.5554668	0.7803709	0.0968185	0.2483445	0.8494324	0.7995124	1.0844916	0.0973685	0.7039384	0.9401954	0.1179553	0.1573309	0.2423667	0.4825986	0.7821626	0.4634173	0.3706705	0.5414892	0.7753217	0.6854455	0.5530909	0.2708880	0.0276769	0.0422503	1.0470358
750	0.0769002	0.6036288	0.9757073	0.1890509	0.4866433	0.0005645	0.0194273	0.0223351	0.8557206	0.0323668	0.1201538	0.0975648	0.0032502	0.0872207	0.9465279	0.2326615	0.5422864	1.0193429	0.9402631	0.7948866	0.1039154	0.6618448	0.9057358	0.9224036	0.8860968	0.7164708	0.9618406	0.1568866	0.4579848	0.0562223	0.4171106	0.1438160	0.6275065	0.7954812	0.2929025	0.9193769	0.2775291	0.6814200	0.2728521	0.0325016	0.9216018	0.4167687	0.1065858	0.1121445	0.6758339	0.5141005	0.5930638	0.8545649	0.7567929	0.2107831	0.1223468	0.2497921	0.6342423	0.0388126	0.7451665	0.1080282	0.7940840	0.2632388	0.4950831	1.0055342	0.7139385	0.5877379	0.1878845	0.3030737	0.6058148	0.5484495	1.0182454	0.6983943	0.5183554	0.0549217	0.3992159	0.1866379	0.3137647	0.9383557	0.2874299	0.6830739	0.9001038	0.0853415	0.2608363	0.7627096	0.8536958	1.0850925	0.0817458	0.7388897	0.9938315	0.1780221	0.1597370	0.2648267	0.4929936	0.7840716	0.4647421	0.3008016	0.4145008	0.7235527	0.5026283	0.5694331	0.2495138	0.0220721	0.1444783	0.9483093
800	0.0630859	0.6699146	1.0052450	0.2045310	0.4132719	0.0000074	0.0135256	0.0276531	0.9471462	0.0228786	0.1382240	0.0766966	0.0052738	0.0636419	0.9170136	0.2887226	0.4853084	0.9351067	0.9534539	0.7720560	0.0869478	0.6374740	0.8559274	0.8709929	0.8718800	0.6850321	0.8923791	0.1477654	0.4030512	0.0430229	0.3526046	0.1713499	0.6789351	0.8096145	0.3028271	0.8383784	0.3066212	0.7887057	0.3080142	0.0177743	0.9761452	0.3941658	0.0563576	0.0814771	0.7132849	0.5366061	0.5819981	0.8390755	0.7958683	0.2651229	0.0901808	0.2833694	0.6709207	0.0238046	0.6925589	0.2619960	0.8360909	0.2743353	0.5538729	0.9949414	0.7613286	0.4910414	0.2583139	0.3464431	0.6571804	0.5327662	1.0484621	0.7245180	0.5063725	0.0534000	0.4346277	0.1884583	0.3203298	0.9950912	0.2437221	0.6203320	0.8939051	0.1458481	0.2484235	0.7212351	0.7657380	0.9350150	0.1055454	0.8543767	1.0370716	0.2635365	0.1827142	0.2963577	0.5015336	0.7303590	0.4408432	0.3167240	0.3958722	0.6596988	0.3336774	0.6320435	0.2629932	0.0324930	0.2877489	0.9189605
850	0.0183747	0.6490598	0.9077144	0.1811623	0.4516244	0.0016846	0.0270126	0.0143234	0.9971624	0.0732012	0.1203264	0.0580295	0.0063477	0.0699821	0.9921008	0.3957235	0.4420671	0.9297563	0.9299688	0.8908820	0.0866927	0.6640464	0.9066628	0.8789336	0.8667068	0.6671381	0.9499487	0.1314409	0.3362312	0.0261150	0.3891115	0.1136240	0.6927646	0.8113381	0.3612674	0.8760039	0.2734608	0.7788762	0.3481358	0.0184899	0.9767210	0.4824010	0.0525055	0.0660482	0.7396927	0.5407003	0.6237375	0.8272802	0.7819931	0.2413178	0.0867824	0.2745172	0.5690522	0.0100293	0.7111310	0.3527568	0.8368330	0.2698516	0.5646127	1.0442464	0.9162154	0.5990533	0.3719461	0.3492711	0.6210342	0.4741551	0.9293060	0.6866119	0.4183336	0.0709829	0.3840582	0.1142759	0.3593141	0.9009326	0.2372206	0.7025602	0.9070004	0.4451006	0.2272956	0.6850809	0.7651508	0.9517770	0.1285847	0.7606680	1.0378221	0.3352413	0.2114737	0.3824242	0.4952115	0.6682808	0.4925688	0.3049306	0.3828310	0.6728160	0.2125862	0.6950653	0.2744512	0.0286086	0.3529057	1.0036257
900	0.0184045	0.5685723	0.9068984	0.1303678	0.4440553	0.0000000	0.0249116	0.0134743	0.9687675	0.2130651	0.1256567	0.0771846	0.0000918	0.0757223	0.8785852	0.4452531	0.4595152	0.9174712	0.9152060	0.9297689	0.0949341	0.6327298	0.8995491	0.9949633	0.8981624	0.6660325	1.0301397	0.1423941	0.2294487	0.0390370	0.3628114	0.0983901	0.5673975	0.7887807	0.2726295	0.9143251	0.2519384	0.7136398	0.3333796	0.0134605	1.0059716	0.4742024	0.0792285	0.0704062	0.8032364	0.5305541	0.6339975	0.8581381	0.7572907	0.2866632	0.0840816	0.2623187	0.5443594	0.0029148	0.7979423	0.4020191	0.7702620	0.2455310	0.4741296	0.9974806	0.8398870	0.5970674	0.3376458	0.2747439	0.5949790	0.4537325	0.9236815	0.7713151	0.4204323	0.0480352	0.3625863	0.1377953	0.3685703	0.9583916	0.2808116	0.4974533	0.9153245	0.3405114	0.2667726	0.6750498	0.8655062	1.0464965	0.1286230	0.7617678	0.9881337	0.3369861	0.2267168	0.3790277	0.6085796	0.7411466	0.5079598	0.2897651	0.4101814	0.6431143	0.1749260	0.6778921	0.3199573	0.0311374	0.4498012	0.9536464
950	0.0233129	0.5554201	1.0288099	0.1121071	0.4152039	0.0009489	0.0285436	0.0183114	0.8784059	0.3598338	0.1295750	0.0827855	0.0003931	0.0953157	0.8523817	0.3706013	0.4987973	0.9624644	0.9008714	0.8903172	0.0719745	0.6614703	0.8948837	0.9961834	0.9350041	0.7522521	1.0921755	0.1340170	0.2587198	0.0337878	0.4306076	0.1090069	0.6801070	0.7944840	0.2416617	0.9028000	0.2974529	0.6986972	0.3972539	0.0121583	1.1514976	0.4666516	0.1019999	0.0571348	0.9191505	0.5090307	0.6073703	0.8447464	0.7460762	0.2788778	0.0830241	0.3547156	0.7444586	0.0001435	0.7776825	0.4426750	0.7768807	0.2194752	0.4829704	1.0997803	0.8323005	0.5848510	0.2551607	0.2982401	0.5046217	0.4508447	1.0343718	0.7431769	0.3892291	0.0518460	0.3644087	0.1480752	0.2814685	0.9342050	0.2115753	0.4017898	0.9339719	0.2001536	0.2323179	0.6960571	0.8496263	0.9805369	0.1325309	0.7497675	0.9924341	0.3176099	0.2443371	0.4334144	0.5849712	0.8035737	0.5395365	0.2343702	0.4130599	0.6280185	0.1218247	0.6211875	0.3288431	0.0334764	0.5557185	1.0367554
1000	0.0347478	0.6853844	1.0504483	0.1098531	0.3988891	0.0009187	0.0411327	0.0156532	0.8753886	0.2937447	0.1123313	0.0861469	0.0031157	0.0653212	0.8462101	0.3984111	0.4984276	0.9700901	0.8771084	0.9533966	0.0719470	0.6814736	1.0738423	0.9644754	0.9120768	0.7386199	1.0538513	0.1230849	0.2210891	0.0357809	0.3741666	0.0595741	0.7438406	0.7183287	0.2222221	0.8769671	0.3121161	0.7356147	0.3520271	0.0214634	0.9953681	0.4764589	0.0928692	0.0651371	0.8874917	0.5479148	0.5370551	0.8440878	0.8108755	0.2744693	0.0557018	0.3196289	0.8369352	0.0000682	0.7649005	0.3905158	0.9204302	0.1973887	0.4875293	1.0694977	0.8015127	0.5900525	0.2317253	0.3116640	0.4484852	0.5047857	1.0144520	0.7235785	0.4443505	0.0491234	0.3636361	0.1741842	0.2551534	0.8928475	0.2209432	0.4203777	0.8667789	0.1652853	0.2651233	0.7399337	0.8008186	0.9766787	0.1322204	0.7399916	1.0245992	0.3062125	0.2880435	0.4957047	0.6006179	0.7833287	0.6089744	0.1545616	0.4271212	0.5794003	0.1283712	0.5918464	0.2867200	0.0536361	0.5146752	1.0145818

0	0.0094491	0.6355617	1.0459758	0.0876986	0.4170952	0.0015965	0.0357302	0.0201856	0.7842026	0.5482911	0.1482550	0.1067167	0.0074763	0.0795139	0.9263252	0.4386615	0.5117037	1.0187251	0.9869150	0.9112762	0.0675828	0.6396705	0.9879649	0.9056811	1.0249936	0.8053086	0.8415975	0.0956169	0.2807776	0.0361236	0.3476186	0.0945586	0.7647381	0.8073502	0.2691465	0.9854445	0.2644993	0.7761342	0.3511720	0.0142404	0.9503393	0.3956488	0.0912837	0.0721673	0.8039584	0.5632487	0.5721011	0.9104100	0.8750489	0.3877912	0.0490860	0.3690556	1.0040851	0.0016799	0.7496314	0.4296180	0.7445798	0.3138374	0.4763448	0.9977159	0.8917758	0.5763065	0.2317245	0.3844034	0.5377636	0.4876338	1.0898320	0.8135737	0.5024926	0.0491368	0.3912071	0.2335426	0.3169327	0.9297559	0.3112694	0.3637340	0.9584119	0.1589398	0.2670455	0.6498318	0.7931145	1.0351174	0.1402507	0.6535788	1.0095359	0.4184859	0.2245238	0.5131035	0.6073464	0.7854143	0.4606182	0.1309775	0.4648780	0.5528648	0.0723851	0.5781484	0.2784400	0.0363961	0.5378107	0.9932421
50	0.2292294	0.6342574	1.1246170	0.1447120	0.4173583	0.0018045	0.0174486	0.0269887	0.6558133	0.4981415	0.1256864	0.0939768	0.0044524	0.0578833	1.0309681	0.3577607	0.3920182	1.1007597	0.8980719	0.7829271	0.0901693	0.5742228	0.9866770	1.0422070	0.7722907	0.6832873	0.8961542	0.3257016	0.2247718	0.0324060	0.3721986	0.0628229	0.6088787	0.8377298	0.2912071	0.8205955	0.3123159	0.7883587	0.3722861	0.0291362	1.0677198	0.5082321	0.1304565	0.0808757	0.8060616	0.5298665	0.5237152	0.7853331	0.8042889	0.3754128	0.2508605	0.4087639	1.0766252	0.0035890	0.7010703	0.4843769	0.7376461	0.2406290	0.3835057	0.9728168	0.7812919	0.5805796	0.2704181	0.2918325	0.4855186	0.6369669	1.0113803	0.7345581	0.5020380	0.1323471	0.2814618	0.2862429	0.2859999	0.9712560	0.3052186	0.4097456	1.0003159	0.5488190	0.3056225	0.6252817	0.7246153	1.0724719	0.0913735	0.5156568	1.0378826	0.3020302	0.2715717	0.4826711	0.5325613	0.6555258	0.5020891	0.1570131	0.3599423	0.6133769	0.1752918	0.5812531	0.3789048	0.0346749	0.5999952	1.0191085
100	0.4490113	0.6234288	1.0602180	0.1276860	0.4709907	0.0005547	0.0438583	0.1221074	0.5597749	0.4133481	0.0957825	0.0807242	0.0034108	0.0248117	0.9845353	0.3565112	0.4124366	1.0245501	0.8870872	0.7958399	0.0847745	0.5829946	0.9974777	0.7679280	0.6622661	0.6954697	1.0369540	0.5489127	0.2088167	0.0177418	0.4570590	0.0763236	0.6672151	0.8299244	0.2680589	1.0310555	0.3307716	0.7379919	0.4133357	0.0171060	1.1952206	0.4281732	0.1896585	0.0633225	0.8257169	0.5496526	0.6087779	0.7933474	0.9005882	0.3199132	0.4688642	0.3058035	1.0070545	0.0090938	0.7256839	0.4375415	0.7518666	0.2829639	0.3212151	0.9533533	0.8397606	0.5488296	0.2734226	0.3164291	0.4964057	0.7971016	0.9471419	0.6871590	0.5875223	0.2157263	0.1934469	0.3260313	0.2646931	1.0115974	0.2735370	0.4527644	0.9892733	0.8315559	0.4033795	0.6931422	0.6581321	1.0216728	0.1001792	0.4396815	1.2616961	0.3169989	0.2698279	0.5641389	0.6716182	0.5950704	0.5041516	0.1934897	0.4133200	0.5742353	0.2284693	0.5486177	0.3959154	0.0340067	0.5500046	0.9976037
150	0.6237033	0.5263930	1.0157921	0.1571790	0.4149480	0.0017464	0.0347621	0.1324245	0.6389860	0.4866565	0.0984214	0.0768377	0.0027775	0.0107631	0.9021388	0.3725258	0.4614554	0.9331930	1.0225910	0.8653312	0.0514676	0.6319792	1.0472838	0.5465949	0.6886656	0.6686237	0.9807693	0.6053380	0.1919356	0.0249063	0.4337079	0.0753968	0.7420908	0.7401986	0.2190773	0.9866098	0.3526831	0.7273433	0.3978970	0.0247360	1.0987978	0.4145476	0.2747663	0.0624710	0.7299195	0.5023755	0.6604958	0.8972122	0.8723993	0.3105764	0.6089641	0.3047546	1.0329936	0.0110897	0.6106685	0.3875864	0.8436053	0.2928614	0.3101516	1.0297502	0.8523447	0.4163590	0.1776275	0.2596017	0.5074825	0.9022870	1.0589990	0.7239743	0.5982799	0.1988988	0.1675138	0.3828295	0.2073111	1.0464893	0.3583491	0.3778103	0.9541998	0.8850828	0.4273058	0.6220731	0.7092428	0.9978904	0.1020677	0.3591225	1.1377040	0.3181608	0.2115602	0.5400746	0.5038598	0.7001852	0.4326022	0.1612686	0.4759776	0.6544215	0.2361275	0.6892339	0.4263888	0.0302063	0.5313908	1.0254456
200	0.7774443	0.5028207	0.9083399	0.2084184	0.4222354	0.0010667	0.0641344	0.1453291	0.5955438	0.4346513	0.0883232	0.0827624	0.0023125	0.0052746	0.8979330	0.3620726	0.4915734	0.8991857	1.0060479	0.8334363	0.0595882	0.7433211	1.0114152	0.4152824	0.6325409	0.6993160	1.0091032	0.6967597	0.1753331	0.0191814	0.3443003	0.0846248	0.5931610	0.7555994	0.2380234	0.9727985	0.3012415	0.7226441	0.3745823	0.0753174	0.9705785	0.4419361	0.2726675	0.0656204	0.7185079	0.4102447	0.6307032	0.9135993	0.8605605	0.2992610	0.6056327	0.3236904	0.9697774	0.0106432	0.6132357	0.3857358	0.7837631	0.3545002	0.3819020	1.0501775	0.8020922	0.4446890	0.1523512	0.3177214	0.5640459	0.7901377	1.0654016	0.6931375	0.6813322	0.1949807	0.1674490	0.3553204	0.1698027	0.9890526	0.2507534	0.2629141	0.9732922	0.9685701	0.4486417	0.6780783	0.7567312	0.9396063	0.1166948	0.3262950	1.0798795	0.2373859	0.2685789	0.5985481	0.5188739	0.7712227	0.3867818	0.1543453	0.4623391	0.6190108	0.3816648	0.6036337	0.4903521	0.0241214	0.5236783	1.0335932
250	0.7701041	0.5458643	0.9974967	0.2294708	0.4464716	0.0013465	0.0661512	0.1426301	0.5884366	0.4140887	0.0788658	0.0827305	0.0050882	0.0047190	0.8724786	0.3213551	0.4801983	0.9930635	1.0501178	0.8047537	0.0865441	0.6675345	0.9660632	0.2885593	0.5835651	0.7132381	1.0063070	0.7867956	0.1767606	0.0148124	0.3332214	0.0796154	0.6114370	0.8314908	0.2613863	1.0169979	0.1936772	0.8224491	0.3160026	0.0658453	0.9209150	0.4911447	0.2550341	0.0721450	0.7163407	0.5024243	0.5966246	0.9258093	0.9403405	0.3186360	0.6314132	0.3191902	1.0255237	0.0182731	0.6142510	0.3782025	0.8047748	0.3416288	0.3795805	1.0808816	0.8865943	0.4192311	0.2082691	0.3604437	0.5481474	0.7624530	0.9950321	0.6757076	0.6172385	0.1879435	0.1865829	0.3559749	0.1994874	0.9699858	0.2676962	0.3198785	0.9732782	0.8543989	0.3834552	0.6061758	0.7357847	0.9285149	0.1083726	0.3173277	1.0003103	0.2739243	0.3163191	0.4913691	0.4602686	0.7788590	0.3993211	0.1971206	0.3935962	0.5895530	0.4644241	0.5903466	0.4557655	0.0208796	0.4166083	1.0604246
300	0.8198551	0.5831694	1.0117667	0.2187707	0.4914631	0.0004921	0.0559280	0.0976687	0.5742431	0.4259439	0.1438062	0.0942320	0.0048880	0.0049431	0.9114027	0.3002448	0.4453171	0.9166714	0.9884796	0.8245380	0.0700416	0.5796319	0.9834253	0.2515373	0.5543088	0.5946628	1.0598433	0.7879502	0.2087550	0.0181549	0.3897286	0.0846932	0.7072059	0.8529802	0.2801255	0.9328916	0.1583127	0.7537156	0.3055558	0.0893427	0.9009932	0.5206653	0.3632076	0.0718857	0.8514953	0.4451163	0.6547989	0.9093984	0.9042507	0.2740615	0.6889182	0.2873742	0.9363384	0.0188182	0.5472506	0.3950821	0.7797695	0.3738817	0.3561876	0.9972666	0.9242278	0.3962043	0.3068279	0.2854385	0.5566302	0.8295874	1.0093633	0.6725209	0.6077739	0.2167292	0.2166162	0.4097496	0.2026945	0.9133500	0.2607525	0.3100995	0.8198639	0.9138160	0.4143812	0.5837077	0.7500257	0.9556415	0.0881049	0.3020815	0.9488718	0.2426911	0.3065856	0.4395775	0.4830662	0.7226573	0.3339150	0.3025853	0.4336802	0.6795865	0.5443039	0.5633480	0.4969083	0.0201025	0.3003907	1.0596467
350	0.9121984	0.5748051	0.9524522	0.2263918	0.4504275	0.0002857	0.0453587	0.1287396	0.5524846	0.4553255	0.0815763	0.0754684	0.0137993	0.0075603	0.9157755	0.3136792	0.4411207	0.8805403	0.9366907	0.8089250	0.0525531	0.6660101	0.9510023	0.1897822	0.6209791	0.7230495	1.0165567	0.7482889	0.1788099	0.0170165	0.3774065	0.0742003	0.6445776	0.7894629	0.2351633	0.9847897	0.1430200	0.7528155	0.3712179	0.1315544	0.9710814	0.4476936	0.2651303	0.0696815	0.8134719	0.4272973	0.6584392	0.8774133	0.8537185	0.3044145	0.7045925	0.2988315	1.0307287	0.0158940	0.5827745	0.3759424	0.7428672	0.4038920	0.3730395	0.9467816	0.8531195	0.4359013	0.2999624	0.2570172	0.5960458	0.8590026	0.9767844	0.7500827	0.5849400	0.2083307	0.2059019	0.4898621	0.1827825	1.0940258	0.3205110	0.2982861	0.8036274	0.8330918	0.3452846	0.6299836	0.7241358	0.9056341	0.0692561	0.3486656	0.9524008	0.2444676	0.2282872	0.4172610	0.5322364	0.8393995	0.3331667	0.3552809	0.4790794	0.6359721	0.5859429	0.5306020	0.5680192	0.0478802	0.2101083	1.0115607
400	0.8669178	0.6544219	0.9740812	0.2005930	0.4522313	0.0003008	0.0346532	0.1448728	0.5141315	0.4525260	0.0987428	0.1029744	0.0059997	0.0000000	0.8633545	0.3565936	0.5329056	0.9947413	0.9025937	0.8079621	0.0674720	0.6510177	0.9243842	0.2606077	0.6348482	0.6982264	1.0353699	0.7551475	0.1886092	0.0187742	0.3481883	0.0929708	0.6763319	0.8132540	0.2334579	0.9496923	0.1602570	0.7675590	0.3925867	0.0918248	0.9218186	0.5002430	0.2562225	0.0534326	0.8415315	0.4134305	0.6145254	0.8849531	0.8750376	0.3600076	0.6188107	0.3042782	0.9820301	0.0082224	0.5585392	0.3517655	0.7201364	0.4103895	0.3082437	0.9555114	0.9535313	0.4911494	0.2592586	0.3317991	0.5341849	0.9387120	0.9567785	0.7408109	0.4663119	0.1488489	0.2066689	0.4072595	0.1653359	1.0490963	0.3025224	0.2473013	0.8643089	0.9064495	0.3452423	0.6617283	0.7078217	0.8545395	0.0595150	0.2797398	0.9911825	0.2741669	0.2527045	0.3725177	0.5830554	0.7467017	0.3219514	0.4180273	0.4138656	0.6186805	0.5943048	0.5363069	0.5324166	0.0375797	0.1425106	0.9884621
450	0.8656843	0.5838694	0.9684078	0.1726351	0.3950366	0.0002033	0.0368882	0.1471238	0.5380911	0.4344452	0.1421364	0.0978488	0.0069608	0.0087262	0.8275939	0.3738683	0.4806442	0.9423148	0.8412278	0.8413295	0.0332367	0.6169235	0.8323609	0.2460341	0.6230607	0.6352800	1.0518766	0.7492483	0.1862761	0.0169728	0.4468994	0.0480998	0.6954185	0.8041773	0.2597002	0.8819131	0.1966686	0.8446290	0.3411629	0.0538654	1.0068492	0.5637513	0.2292186	0.0424717	0.8828838	0.5188442	0.6215076	0.8835874	0.8638901	0.3732296	0.5792902	0.2958427	0.9022031	0.0058164	0.6151289	0.3623154	0.6938539	0.3053080	0.2974660	0.8903775	0.9318611	0.5464406	0.3473627	0.3432978	0.4602209	0.8409136	0.9694971	0.7202252	0.4898954	0.1712895	0.2482635	0.3788816	0.1253668	1.0545486	0.2795868	0.2779942	0.9438634	0.9414145	0.4316079	0.5194467	0.7317999	0.8894104	0.0682440	0.3119069	0.9874828	0.2667715	0.2574010	0.4071694	0.5625990	0.6457495	0.3650783	0.4304996	0.4236052	0.6367858	0.5358661	0.6550172	0.4785882	0.0329398	0.0960150	0.9467418
500	0.8539887	0.5867265	0.9492865	0.1836166	0.3863723	0.0019115	0.0462003	0.1045698	0.5622906	0.3811414	0.0929046	0.0666801	0.0062229	0.0006909	0.9650746	0.4027074	0.4522995	1.0369582	0.9364546	0.8296414	0.0619303	0.6014828	0.8243763	0.2638744	0.5371379	0.6256701	0.8797747	0.7355593	0.1972123	0.0288970	0.4637992	0.0508791	0.7558448	0.7928080	0.2422915	0.9149923	0.2345978	0.7716194	0.3263279	0.0334647	1.0228335	0.4965906	0.2841961	0.0373990	0.8614629	0.4514278	0.6602594	0.8337701	0.8065870	0.3768651	0.6303998	0.3599493	0.8847570	0.0165738	0.5940618	0.3685954	0.7822154	0.3018654	0.2469106	1.0283371	0.9711843	0.4939252	0.3796314	0.3161045	0.4731165	0.8378276	0.9705689	0.6920309	0.5009405	0.2309227	0.2236082	0.3439655	0.1352316	0.9680306	0.2807227	0.3165894	0.9047081	0.8760404	0.3579416	0.5613966	0.6295961	1.0208466	0.1072715	0.3123788	1.0497832	0.2815473	0.1985694	0.4901276	0.5162082	0.6423880	0.4219103	0.3273137	0.4298950	0.6358469	0.5141546	0.6914900	0.4431451	0.0487181	0.1940518	0.9320462
550	0.6461679	0.5716270	1.1245781	0.1752833	0.4133319	0.0017432	0.0333918	0.0888109	0.5434526	0.2454416	0.1105283	0.0713540	0.0034918	0.0383733	0.8776260	0.3414603	0.4549269	1.0520423	0.9951729	0.8420088	0.0564349	0.6403980	0.7970775	0.2553663	0.6491599	0.6257368	1.0485119	0.5508774	0.2346231	0.0132935	0.4051601	0.0617220	0.7037239	0.7487729	0.2386642	0.9003129	0.2206468	0.7487626	0.3658003	0.0602439	0.9628735	0.4017808	0.2430862	0.0465147	0.8286834	0.4674883	0.6047182	0.7941603	0.8016112	0.4295375	0.4331763	0.3478475	0.8607345	0.0197087	0.7312696	0.4379183	0.8156714	0.4100653	0.3738372	1.0824944	0.8385539	0.5487975	0.3179319	0.3453098	0.5270552	0.7177924	0.9573495	0.6865284	0.5414043	0.1769602	0.3227992	0.3338005	0.1730148	0.9466690	0.3002251	0.3424149	1.0404770	0.4225776	0.3703365	0.6449745	0.7758327	1.1044003	0.1171260	0.4446164	1.0239626	0.2397951	0.2075524	0.4823042	0.5298543	0.7414807	0.4335485	0.3179886	0.4374885	0.6136758	0.4928388	0.5871111	0.3593162	0.0472479	0.2852542	0.9311079
600	0.3670154	0.6329645	1.0239944	0.2068502	0.4441653	0.0013180	0.0546892	0.0410821	0.6860279	0.1154688	0.1136062	0.1076905	0.0019943	0.0926409	0.8458453	0.3548423	0.5103944	1.0083362	1.0175242	0.8896892	0.0715265	0.5495926	0.7587937	0.3290386	0.7755644	0.6609602	1.1269157	0.4143472	0.1711965	0.0196222	0.3972500	0.0624320	0.6915173	0.7930512	0.2696802	0.8508630	0.2542670	0.6742627	0.3645646	0.0615208	0.8416684	0.4316307	0.1448572	0.0420867	0.7905055	0.4323504	0.6023576	0.8858022	0.8224427	0.3944523	0.2951416	0.2798201	0.8784577	0.0123285	0.7292429	0.5480912	0.7731765	0.3663642	0.4570097	1.0570121	0.9120020	0.5052737	0.2465384	0.3507082	0.5396916	0.5213210	1.0357444	0.6982494	0.5458567	0.0853480	0.3506511	0.2159060	0.1919186	0.8892031	0.2782764	0.3201024	1.0232065	0.1821142	0.3054595	0.5683682	0.8117791	1.0082301	0.0882929	0.5754324	1.0146456	0.2452050	0.2609767	0.5155407	0.5280362	0.6877642	0.4395628	0.3388710	0.5074699	0.6245895	0.4329864	0.5294990	0.2970500	0.0446966	0.3126524	0.9394227
650	0.1668069	0.6391623	0.9591418	0.1605531	0.4228012	0.0019648	0.0452678	0.0312909	0.8257507	0.0515213	0.1173797	0.1057409	0.0027160	0.0819918	0.8724416	0.3523043	0.4953731	1.0437405	1.0213656	0.8327761	0.0590652	0.5317791	0.7466380	0.5117575	0.9040967	0.5840128	0.9623207	0.2507759	0.1430946	0.0144203	0.3139828	0.0695266	0.7147139	0.8483287	0.2688502	0.9031251	0.2635014	0.6975337	0.3939367	0.0359982	0.8749981	0.4129555	0.1146733	0.0460999	0.7783968	0.5029905	0.5662236	0.7897524	0.7904616	0.3409393	0.1374835	0.2666058	0.8103747	0.0152285	0.7133698	0.5482882	0.8198799	0.3504870	0.4695121	0.9336813	0.8383123	0.5401547	0.2155286	0.3210684	0.5128555	0.5109343	0.9338966	0.7465373	0.4954722	0.0580154	0.4369031	0.2615011	0.1801109	0.8973129	0.3288758	0.2531659	0.9675674	0.1462440	0.2620168	0.6018823	0.7423811	1.0726553	0.0631935	0.5985495	0.9938823	0.2754116	0.2662212	0.4280079	0.5417679	0.7241833	0.5263592	0.3756062	0.4073934	0.6416088	0.3678754	0.5723063	0.2720855	0.0317973	0.3067875	1.0102522
700	0.0727675	0.6507441	0.9548922	0.1680160	0.4031368	0.0000940	0.0385576	0.0468794	0.9254938	0.0249353	0.1470845	0.0793979	0.0090170	0.0792596	0.9365891	0.3942810	0.4988919	0.9209546	0.9667951	0.8489245	0.0900299	0.6282400	0.8688164	0.7885547	0.8695517	0.6644434	0.9548263	0.1267504	0.1676262	0.0306522	0.3401037	0.0548279	0.6210333	0.9328246	0.3146890	0.8773170	0.2566146	0.7052639	0.3676792	0.0192587	0.8352972	0.4457968	0.0997390	0.0598032	0.7886979	0.5452351	0.6093110	0.7944365	0.7900748	0.3250611	0.1010783	0.2838656	0.6011738	0.0023522	0.7394982	0.5681084	0.8521280	0.2957920	0.5071199	0.8217369	0.8800067	0.5080133	0.3449120	0.3214185	0.5505777	0.5472472	0.9244872	0.6835529	0.4775821	0.0571974	0.3838741	0.2061328	0.2097181	0.8664575	0.3720961	0.2426454	0.8822388	0.1064564	0.2469872	0.6140610	0.8227744	0.9713068	0.0969675	0.6003908	1.0189710	0.3000438	0.2729978	0.3618108	0.5722695	0.7363592	0.5794653	0.3707566	0.4173876	0.5774776	0.2648378	0.5402705	0.2673003	0.0456515	0.4054289	0.9144387
750	0.0512562	0.5915763	1.0467504	0.1579909	0.4029133	0.0015879	0.0393492	0.0306719	0.9795143	0.0400091	0.1394052	0.0864188	0.0099201	0.1327598	0.9033935	0.4133277	0.4643673	0.9957756	0.9815985	0.8458734	0.1073069	0.6758108	0.9515232	1.0443901	0.9138511	0.7298489	0.9748668	0.1183813	0.1967129	0.0117471	0.3237598	0.0579053	0.6633750	0.8108867	0.2844278	0.8267499	0.3189715	0.7747134	0.3821567	0.0133662	0.9051442	0.4467725	0.0639758	0.0729400	0.6918652	0.5882833	0.5651801	0.7916053	0.8106225	0.3200000	0.0739742	0.3581905	0.5025687	0.0063501	0.7711381	0.5409151	0.8110597	0.2403635	0.4950354	0.9430703	0.8801241	0.4250080	0.2953605	0.2858021	0.4898998	0.4755597	0.9475070	0.7030476	0.4241448	0.0444074	0.3800832	0.1560639	0.2811411	0.8749173	0.3237831	0.3112656	0.9199745	0.1526737	0.2369273	0.6121689	0.7522477	1.0129776	0.1302133	0.5227457	0.9521686	0.2929166	0.2719478	0.3406550	0.5846093	0.7709544	0.5988912	0.2930990	0.4045734	0.5077855	0.1571959	0.6047982	0.3250851	0.0385161	0.4821025	0.9811147
800	0.0168439	0.5767364	1.0517735	0.1386446	0.4240682	0.0006177	0.0291858	0.0327791	0.9972113	0.1089643	0.1327998	0.0799612	0.0038317	0.1290757	0.8546170	0.4179514	0.4130121	1.0354898	0.9705026	0.8599754	0.0915260	0.5658061	0.9450599	1.0834546	0.9461692	0.6285357	1.0135104	0.0894678	0.2080695	0.0425670	0.3995727	0.0739587	0.6188595	0.8217477	0.3346548	0.7591923	0.3138321	0.7094244	0.3809812	0.0215429	0.9584313	0.4523759	0.0694129	0.0713075	0.6659881	0.5545496	0.5847509	0.7390883	0.8576820	0.3201813	0.0820393	0.3190607	0.4694063	0.0022018	0.8517071	0.5696538	0.7630674	0.2474579	0.4822069	0.9738357	0.8199746	0.5059411	0.2762834	0.2473609	0.5397836	0.4235251	1.0040908	0.7310594	0.4155084	0.0482591	0.3991100	0.2140712	0.3966821	0.8933426	0.3098292	0.2999519	0.9447489	0.3109966	0.2162578	0.6148620	0.8403339	0.9404572	0.1287300	0.5629127	1.0678869	0.3126150	0.2947903	0.3549419	0.5329934	0.7004988	0.5022056	0.2435062	0.4346740	0.5488081	0.1155374	0.5734585	0.2157449	0.0271570	0.5061202	0.9293229
850	0.0163667	0.5603198	1.0163135	0.1696037	0.4800596	0.0019274	0.0248545	0.0393146	1.0460237	0.3138439	0.1199917	0.0913140	0.0049570	0.1558465	0.9027313	0.5017925	0.4197238	0.9909542	0.9200432	0.9328507	0.0722413	0.6009675	0.9035849	1.1021590	1.0032465	0.7267032	1.0465840	0.1207419	0.2321718	0.0491631	0.4112300	0.0806611	0.5556000	0.8259080	0.2851516	0.8029690	0.3165163	0.7385650	0.4014421	0.0292662	0.9895393	0.4186705	0.0950408	0.0684045	0.7320475	0.4498039	0.5798773	0.8059143	0.7833217	0.3535705	0.0630335	0.3265490	0.5994685	0.0117630	0.8261577	0.4879219	0.7411024	0.2012364	0.3985564	0.8827593	0.7610236	0.5315698	0.2419369	0.3088064	0.4777396	0.4279232	0.9857280	0.7468212	0.3750660	0.0644044	0.3960705	0.2295717	0.3586809	0.9581442	0.2990569	0.3736702	0.9143327	0.2541278	0.3073378	0.6187882	0.7331917	0.9852689	0.1040619	0.5911576	1.1773744	0.3136386	0.2440068	0.4115915	0.5120897	0.7322185	0.4485812	0.2896558	0.4462730	0.5527539	0.1129836	0.5713852	0.2488060	0.0448861	0.5775279	0.9714547
900	0.0172152	0.6010941	1.0436020	0.1614137	0.4193123	0.0001870	0.0261958	0.0226256	0.9889664	0.3977164	0.1267218	0.1057090	0.0081669	0.0974323	0.8724289	0.4505539	0.4283450	0.9941224	0.9228434	0.9406189	0.0853791	0.5653018	0.9642185	0.9578735	0.9496414	0.6287114	0.9959149	0.1290541	0.3308605	0.0355818	0.3724833	0.1109028	0.6419804	0.8204701	0.2844708	0.9140307	0.2828930	0.7197047	0.3375455	0.0249081	0.9046037	0.3817744	0.0726720	0.0678363	0.7703607	0.4939175	0.5877576	0.8312030	0.8726470	0.3016008	0.0552632	0.3358416	0.6939714	0.0023678	0.7306768	0.5583216	0.7340059	0.1979544	0.4467268	1.0783942	0.8212864	0.5852686	0.2478790	0.2477170	0.5621027	0.4819628	0.9442669	0.6893682	0.3966006	0.0581163	0.3477499	0.1694817	0.3611688	0.9329983	0.2901677	0.4979900	0.8819911	0.2209031	0.2619860	0.6564216	0.7476211	0.9837064	0.0872699	0.5880304	1.0075077	0.3493908	0.2810259	0.4190578	0.5708037	0.8251485	0.5192641	0.3123459	0.4128340	0.6261614	0.1721335	0.6550618	0.2782939	0.0414200	0.5191939	1.0297406
950	0.0194305	0.6808620	0.9053272	0.1390730	0.4094846	0.0033012	0.0333073	0.0120541	0.9666312	0.4114067	0.1230660	0.1112978	0.0058038	0.1031410	0.8432982	0.4532114	0.4223979	1.0100490	0.9625437	0.9202860	0.0640456	0.6798948	1.0021730	0.9936055	0.8492151	0.7210101	0.9748266	0.1185761	0.2760018	0.0471970	0.3879249	0.1190223	0.5990965	0.7757171	0.2862279	0.8905165	0.3309410	0.7664135	0.3853656	0.0145059	0.8421795	0.4359014	0.0753286	0.0813810	0.7525210	0.5724269	0.6136015	0.8547483	0.8711324	0.2835897	0.0587566	0.3474889	0.8026324	0.0051320	0.7281733	0.5295800	0.7465434	0.2504890	0.4438000	1.1248501	0.8305952	0.5721076	0.2904225	0.2345181	0.5826067	0.4657840	1.0989291	0.7125000	0.4430061	0.0642923	0.2653227	0.2414690	0.3089553	0.8714468	0.3405962	0.4168836	0.8654633	0.3386750	0.2690836	0.6154173	0.6804483	0.9453121	0.0993446	0.7520637	1.0669071	0.3690315	0.3180849	0.4327919	0.6019217	0.7411507	0.4934409	0.3496065	0.3367398	0.5713287	0.1198249	0.5824940	0.2612218	0.0474975	0.4799496	0.9563474
1000	0.0065163	0.6724640	0.9715793	0.1314715	0.4923394	0.0010831	0.0504862	0.0119047	0.8172836	0.4631857	0.0963526	0.0955750	0.0093749	0.0887820	0.8499068	0.4322618	0.4527711	1.0238390	0.9277777	0.9032906	0.0687879	0.5908317	1.0710554	0.9853972	0.8637353	0.6565020	0.9220408	0.1427511	0.2042330	0.0314371	0.4394655	0.1103195	0.5933820	0.7334305	0.3107402	0.9989828	0.4123853	0.7304881	0.3501335	0.0239133	0.8945225	0.4190416	0.0676237	0.0483746	0.7587241	0.5148680	0.6547682	0.9110681	0.9665177	0.2916841	0.0698684	0.3598669	0.9392105	0.0033984	0.6905195	0.4485988	0.7844121	0.2409523	0.4972097	1.1438820	0.8653104	0.5767660	0.2457230	0.2502336	0.5395688	0.4865078	1.0771757	0.7379739	0.4235712	0.0664585	0.2904054	0.2085560	0.2717330	0.8589250	0.2976033	0.4218117	0.8872992	0.3233065	0.3073379	0.6598067	0.7309208	1.0149046	0.0788358	0.6892881	0.9309885	0.3365646	0.3322971	0.4266423	0.6440260	0.7318573	0.5458333	0.3016483	0.3721146	0.5844228	0.1188078	0.6681638	0.3136882	0.0580991	0.5416431	0.9713961

0	0.0094491	0.6355617	1.0459758	0.0876986	0.4170952	0.0015965	0.0357302	0.0201856	0.7842026	0.5482911	0.1482550	0.1067167	0.0074763	0.0795139	0.9263252	0.4386615	0.5117037	1.0187251	0.9869150	0.9112762	0.0675828	0.6396705	0.9879649	0.9056811	1.0249936	0.8053086	0.8415975	0.0956169	0.2807776	0.0361236	0.3476186	0.0945586	0.7647381	0.8073502	0.2691465	0.9854445	0.2644993	0.7761342	0.3511720	0.0142404	0.9503393	0.3956488	0.0912837	0.0721673	0.8039584	0.5632487	0.5721011	0.9104100	0.8750489	0.3877912	0.0490860	0.3690556	1.0040851	0.0016799	0.7496314	0.4296180	0.7445798	0.3138374	0.4763448	0.9977159	0.8917758	0.5763065	0.2317245	0.3844034	0.5377636	0.4876338	1.0898320	0.8135737	0.5024926	0.0491368	0.3912071	0.2335426	0.3169327	0.9297559	0.3112694	0.3637340	0.9584119	0.1589398	0.2670455	0.6498318	0.7931145	1.0351174	0.1402507	0.6535788	1.0095359	0.4184859	0.2245238	0.5131035	0.6073464	0.7854143	0.4606182	0.1309775	0.4648780	0.5528648	0.0723851	0.5781484	0.2784400	0.0363961	0.5378107	0.9932421
50	0.0120606	0.7660749	0.7598674	0.1124993	0.6051040	0.0894524	0.0294474	0.0164314	0.7714124	0.4415653	0.1276058	0.0649867	0.2105559	0.0946064	0.9416257	0.3298153	0.4929987	1.0525295	0.9717387	0.6657526	0.0954077	0.7274256	0.9799331	0.9737882	0.8952970	0.6881019	0.8701154	0.2468692	0.1874088	0.0324822	0.3657957	0.0754636	0.7077203	0.7926411	0.2533391	0.9488261	0.2272223	0.7408790	0.2967264	0.0189549	0.8391504	0.4524373	0.0635985	0.1195358	0.7483565	0.5231412	0.5894910	0.8342380	0.8513154	0.3397184	0.0621426	0.3196821	0.8794839	0.0002815	0.8943089	0.5334964	0.8062194	0.2535245	0.5688567	0.9752397	0.7825952	0.6007332	0.1877972	0.2876605	0.5570547	0.4673926	0.9363732	0.7193697	0.5443385	0.0331049	0.3447642	0.2050440	0.2949047	0.9374422	0.2651236	0.4124526	0.8574694	0.5140958	0.1746603	0.6983628	0.7114690	0.9348720	0.2020256	0.4837821	0.9657222	0.2859101	0.3422389	0.4916612	0.5331750	0.8714644	0.4095037	0.1660305	0.3878371	0.5595106	0.0499942	0.6354593	0.2287022	0.0211017	0.5784456	0.8531521
100	0.0164642	0.7950334	0.6586385	0.1089103	0.6166260	0.1745059	0.0294254	0.0113715	0.7633356	0.4696554	0.1244110	0.0881532	0.3186404	0.0833701	0.9444495	0.2177766	0.4803449	0.9746918	0.9844536	0.3942498	0.0888938	0.6839613	1.0138546	0.7752410	0.9294904	0.5918415	1.0410547	0.4314023	0.2337737	0.0341934	0.3745436	0.0906778	0.7244894	0.7648136	0.3345536	0.8946887	0.1925691	0.7296862	0.3082244	0.0092737	0.9036849	0.4653134	0.0920479	0.0848813	0.6650352	0.4929723	0.6700064	0.9190992	0.8613103	0.3384438	0.1031509	0.3253165	0.9611258	0.0026841	0.8802449	0.5276766	0.8800356	0.2707956	0.6679249	0.8130254	0.8735647	0.5534418	0.1993987	0.2628573	0.5520881	0.3471148	1.0348250	0.7926753	0.6568100	0.0526964	0.3501823	0.2247052	0.3799903	0.9181170	0.2656283	0.3571757	0.9065312	0.7301821	0.2545279	0.5570404	0.8201288	0.7815999	0.3920592	0.4654456	1.0876957	0.3603874	0.5118780	0.5376510	0.5684606	0.9596014	0.3321137	0.1464868	0.4149249	0.5377731	0.0672870	0.5940841	0.2603248	0.0294327	0.5067322	0.8965615
150	0.0160290	0.7192580	0.5725548	0.1862403	0.5998765	0.2329574	0.0319482	0.0079553	0.7033736	0.4577690	0.1107176	0.1179365	0.3751281	0.0924056	0.9888403	0.1130409	0.5399861	0.8757564	0.9396314	0.2116515	0.0970166	0.7142489	1.0387974	0.6844274	0.9489346	0.6808221	0.9989665	0.5104033	0.2816922	0.0604828	0.3952337	0.0690089	0.6855822	0.7176733	0.3506472	0.8053161	0.2385400	0.6618975	0.3223358	0.0179851	0.9577514	0.4906783	0.0706194	0.0653769	0.7550026	0.4568456	0.6718526	0.9207944	0.7997153	0.3875420	0.1148488	0.2893365	0.9527878	0.0016555	0.7845543	0.5148554	0.8135803	0.2521862	0.7068176	0.7153936	0.9841948	0.5482837	0.2181313	0.3326359	0.4746747	0.2725201	1.0519040	0.6660576	0.8757228	0.0976402	0.4074037	0.2313654	0.5634593	0.9687086	0.2781347	0.4878912	0.8626430	0.7859275	0.2388400	0.5965631	0.7966931	0.6743716	0.4657085	0.3902165	1.0354390	0.3791757	0.5372142	0.5011617	0.5706804	0.8631793	0.3060906	0.1606617	0.4312060	0.4675919	0.0491695	0.5805886	0.2327383	0.0626077	0.5295379	0.9893212
200	0.0163059	0.7578884	0.5850938	0.1376627	0.4976953	0.2325409	0.0676094	0.0016946	0.7373215	0.5299644	0.1067288	0.1655225	0.4435811	0.1333628	0.9467132	0.0742893	0.5296552	0.8533981	0.9363487	0.1161859	0.1200668	0.5791880	1.0310175	0.6151688	1.0182750	0.7030441	1.0620693	0.4602075	0.2612449	0.0625041	0.4409164	0.0843330	0.6680250	0.8386701	0.2790307	0.7608307	0.1962045	0.7478981	0.3024586	0.0243776	1.0007025	0.4625305	0.0600886	0.0635849	0.8124727	0.4171654	0.6862264	0.7887962	0.8371679	0.3426282	0.0699059	0.2798898	0.9021275	0.0113420	0.8021859	0.4955359	0.8603858	0.2097916	0.8165312	0.7344991	0.9843646	0.5316983	0.2833808	0.3007818	0.4266143	0.2069448	1.1281472	0.5502324	0.9737689	0.1470270	0.4517935	0.2678575	0.6465884	0.9542016	0.2550140	0.5433982	0.8519457	0.8348154	0.2449096	0.5613106	0.7882325	0.5445627	0.5164010	0.3548718	1.0099634	0.3649224	0.5770098	0.5533887	0.5322030	0.7311940	0.3740175	0.2068395	0.4547526	0.4223683	0.0682680	0.6131977	0.2344287	0.1526290	0.5579441	0.9267955
250	0.0105734	0.7692409	0.5718470	0.1512017	0.4626599	0.2527886	0.0450671	0.0029664	0.6320608	0.4622714	0.0905517	0.2488678	0.4286401	0.1204802	0.8270639	0.0602360	0.6098334	0.9399925	1.0185778	0.0711711	0.0986956	0.5570982	0.9800419	0.6192713	0.9870400	0.6507214	1.0277453	0.5123745	0.3645121	0.0844986	0.4184683	0.0656742	0.6032217	0.7725427	0.2749244	0.8130085	0.2008927	0.6681076	0.2896211	0.0193902	1.0025178	0.4826389	0.0725863	0.0745250	0.7845963	0.4404880	0.6098130	0.7787064	0.8204301	0.3569105	0.1210334	0.2828417	0.8976425	0.0181131	0.8115996	0.4455056	0.8416461	0.1821166	0.7362688	0.7453663	0.9766927	0.5397064	0.2719640	0.2669477	0.4733576	0.1053709	1.0788427	0.4945262	0.9341848	0.1803579	0.4797253	0.2509330	0.6662809	0.9469564	0.2876566	0.4421515	0.8988398	0.8791162	0.2226743	0.5670727	0.8212144	0.3896282	0.5679962	0.5473784	1.0574442	0.4156150	0.6669368	0.5100382	0.5755239	0.8681360	0.4057165	0.2522069	0.4285675	0.2827873	0.0568350	0.5856037	0.2147320	0.2674423	0.4785735	0.9895843
300	0.0246035	0.7515069	0.5735562	0.1324083	0.4499120	0.2632170	0.0707963	0.0048275	0.7480956	0.3829632	0.1079778	0.2314873	0.4408745	0.0953190	0.9099790	0.0607923	0.5697414	0.9104464	0.9108957	0.0384020	0.0984960	0.5994709	0.9282398	0.5897718	0.9292203	0.6417125	0.9084866	0.4496690	0.4924159	0.0658501	0.4419529	0.0779131	0.6541650	0.8560834	0.2285203	0.7850232	0.1959429	0.6809352	0.2833075	0.0286288	0.9362467	0.5108244	0.0909855	0.0541679	0.7662507	0.5138915	0.4865295	0.7778006	0.7821788	0.3850416	0.0651158	0.2945959	0.9369309	0.0648211	0.7133960	0.4250035	0.8569173	0.2090992	0.6450550	0.7165777	0.9795117	0.5573604	0.1819354	0.2656564	0.5572440	0.1148937	1.0594200	0.5018561	0.9524047	0.2793044	0.4109274	0.2731574	0.6662925	0.9756738	0.2589879	0.6661871	0.8668288	0.9345571	0.2331826	0.5547329	0.7665528	0.4023448	0.5862733	0.5886142	1.0267841	0.3971083	0.6787480	0.4780447	0.4784423	0.8837604	0.3081172	0.2765774	0.4047291	0.1881138	0.0536424	0.6236578	0.2343308	0.3043830	0.5082364	1.0068458
350	0.0227303	0.7217127	0.6265317	0.1467093	0.4341037	0.2839162	0.0422280	0.0184616	0.8711492	0.4247997	0.1104054	0.2052364	0.4855350	0.0968686	0.9022901	0.0444903	0.5344442	1.0383904	0.9899703	0.0348658	0.0468177	0.5835242	0.9532015	0.5996207	0.9529996	0.6685667	1.0803448	0.4669403	0.6371382	0.0937843	0.4481188	0.0641964	0.6997398	0.8460314	0.2755718	0.8810832	0.3031271	0.6717918	0.3202527	0.0310445	0.9231928	0.4605201	0.0809473	0.0674363	0.7115195	0.5924035	0.5345749	0.7803052	0.8384744	0.3458200	0.0467537	0.2868317	0.8474831	0.0503577	0.7563127	0.5382577	0.8184057	0.2134900	0.7154536	0.7021845	0.8058649	0.6814419	0.1779613	0.2528412	0.5043167	0.1297099	0.9717501	0.4683925	0.9155206	0.4374213	0.4548729	0.2577203	0.6159001	0.8217117	0.2933664	0.7214864	0.9340169	0.7786205	0.2835883	0.5927517	0.7858519	0.5249380	0.5306819	0.5028054	1.0669853	0.3278518	0.7124036	0.4531015	0.5829002	0.9918908	0.2936884	0.2726531	0.4156031	0.0803854	0.0734260	0.6434231	0.2752250	0.3328913	0.5032758	0.9630567
400	0.0470100	0.7996209	0.6564394	0.1836105	0.4894858	0.2631795	0.0296954	0.0179674	0.8494481	0.3015574	0.1437321	0.1963737	0.4980587	0.1020721	0.9315190	0.0357807	0.4622296	1.0197689	1.0291602	0.0431119	0.0483404	0.6011291	0.9660434	0.5686899	0.9562761	0.7559567	1.0269664	0.4851812	0.6432824	0.0822859	0.4517612	0.1021611	0.6252556	0.8089002	0.2533234	0.9438653	0.3273113	0.7001226	0.3609382	0.0275228	0.8353801	0.4143528	0.0982888	0.0705846	0.6855147	0.5214088	0.5690518	0.7855994	0.9067696	0.3235490	0.0725672	0.3121951	0.8029946	0.0923823	0.6754027	0.3994257	0.8235015	0.2267485	0.7358425	0.6285670	0.8897631	0.6679295	0.2000793	0.2690073	0.5369109	0.0827959	1.0992122	0.5055957	0.9914990	0.4309114	0.4591837	0.2790577	0.6340455	0.9124445	0.3314255	0.7670830	1.0184214	0.8080535	0.2929673	0.6080152	0.8638012	0.4748658	0.5277519	0.4865307	1.0006051	0.3088745	0.6754316	0.3979082	0.5050412	0.8030385	0.3194096	0.2941133	0.4224449	0.0605213	0.0986805	0.7206052	0.2434107	0.3893463	0.5087167	0.9728467
450	0.0581008	0.8496446	0.5780978	0.1937385	0.4091722	0.2382207	0.0364242	0.0176252	0.8636431	0.1881408	0.1261439	0.2232644	0.5428926	0.1336398	0.9934881	0.0372863	0.4470382	0.9322363	0.9212402	0.0292226	0.0607891	0.6831362	0.9031860	0.6121828	0.9955348	0.6254753	0.9444151	0.4766331	0.6019261	0.0981785	0.4120499	0.0943112	0.5829497	0.8516178	0.2228073	0.8479404	0.3154705	0.7758124	0.3667069	0.0294951	0.8308981	0.4230720	0.1085687	0.0878205	0.7219959	0.5770037	0.4576972	0.8518758	0.9247405	0.2429099	0.0793780	0.2989140	0.8027013	0.1963389	0.5070819	0.3677737	0.8616300	0.2960222	0.7166330	0.6879195	0.8411759	0.6226476	0.3036370	0.3089600	0.5068437	0.0580301	0.9752703	0.4259659	0.9986589	0.3551657	0.5278459	0.2275489	0.6202885	0.8258038	0.3022371	0.7123194	1.0208729	0.8822621	0.2554305	0.5241588	0.8286438	0.4035005	0.5901396	0.5308642	0.9977583	0.3309438	0.6461527	0.4757696	0.4903816	0.8244247	0.2890315	0.2770828	0.3980266	0.0499089	0.1292539	0.6671129	0.2340006	0.3457840	0.4593227	0.9419819
500	0.0802589	0.9049507	0.5810258	0.1994967	0.4437308	0.2573043	0.0573646	0.0105076	0.9449302	0.1010512	0.0952409	0.1886951	0.5281032	0.1386195	0.9448954	0.0150429	0.5491024	1.0577555	0.9642358	0.0165467	0.0659919	0.6204294	0.8787995	0.6434393	0.9964268	0.6308847	0.9190546	0.4503789	0.6375097	0.1045912	0.4221153	0.1252184	0.6457038	0.8622894	0.2945364	0.8897725	0.3394206	0.7369890	0.3748815	0.0245210	0.8611139	0.4575562	0.1020872	0.0866916	0.7187937	0.6496940	0.5252714	0.7941138	0.8995950	0.2927439	0.0816056	0.2875896	0.8824335	0.2284441	0.3728007	0.3763312	0.9325690	0.2770210	0.7028016	0.7485170	0.9391483	0.5462767	0.2777503	0.3237159	0.5595075	0.0697691	0.9409114	0.4898629	1.0129987	0.3327125	0.4460593	0.2206757	0.7241773	0.8951732	0.2991211	0.7132748	1.0303717	0.7940521	0.2459087	0.5148195	0.7241056	0.4899847	0.4872606	0.5250078	0.9639361	0.2886503	0.6706280	0.4202101	0.3936404	0.7722995	0.2884591	0.4053516	0.3836586	0.0404159	0.1440085	0.6326504	0.2752040	0.3385348	0.5052645	0.9357974
550	0.0435969	0.7026444	0.7625422	0.1625759	0.2732007	0.1893444	0.0297887	0.0182798	0.9573763	0.0581493	0.0728724	0.2413311	0.3056618	0.1270502	0.8971101	0.0741159	0.4302016	1.1094109	1.0261175	0.2231255	0.0712109	0.6336122	0.9892079	0.5899143	0.9706842	0.6928781	0.8942087	0.3168754	0.6087204	0.0950122	0.4169297	0.1365814	0.6147396	0.8767039	0.3014264	0.9015541	0.3345521	0.7249791	0.4255847	0.0419547	0.9987605	0.3811072	0.0698441	0.0915225	0.6767905	0.5584520	0.5658159	0.7781912	0.8946108	0.2624962	0.0776113	0.3051054	0.7640452	0.3051264	0.2247821	0.2561754	0.7766656	0.3307203	0.6465299	0.7890299	0.8855351	0.4945798	0.2260553	0.2666417	0.5401346	0.1033097	1.0265352	0.5928694	0.9565342	0.3269985	0.4880599	0.2578827	0.7180827	0.8538794	0.3479417	0.6449401	0.9762201	0.5443652	0.2779077	0.5562168	0.6813552	0.6555051	0.3332963	0.7464288	0.9846706	0.2986934	0.4900461	0.3621367	0.4298134	0.7902276	0.3540049	0.3608721	0.4157972	0.0785708	0.1726643	0.6370664	0.2731187	0.3082511	0.4832748	0.9471868
600	0.0301644	0.6145384	0.9095644	0.1622224	0.1620043	0.0836371	0.0471294	0.0162884	0.9442614	0.1049350	0.1272442	0.1823562	0.0972125	0.1430302	0.8894780	0.1690905	0.3952553	1.1175404	1.0012789	0.4541142	0.0721539	0.6680334	0.8705972	0.7543243	1.0330138	0.6362379	0.9127540	0.1756068	0.5059722	0.0755116	0.4834748	0.1380768	0.6640679	0.8226126	0.2349682	0.8802590	0.3016049	0.6827132	0.4194376	0.0357571	1.0648404	0.4644387	0.1027880	0.0679799	0.6891540	0.5106582	0.5081374	0.7742191	0.8879759	0.3002236	0.0861260	0.2412930	0.7306839	0.2293177	0.3943445	0.3113678	0.7638276	0.2689929	0.5701911	0.8367002	0.8362152	0.5330019	0.1721521	0.3143050	0.5976271	0.1819880	0.9868425	0.5769478	0.8990799	0.2540701	0.4588638	0.2545026	0.6678821	0.8230176	0.3445888	0.6668902	1.0257963	0.3309659	0.2718212	0.6474628	0.8489058	0.8015276	0.2355617	0.7879272	0.9121747	0.2839669	0.4516115	0.3938048	0.4710566	0.7447179	0.4452178	0.2729105	0.3886418	0.2594886	0.2000048	0.5919905	0.2173202	0.2866634	0.4819089	1.0168900
650	0.0322552	0.6811725	0.9761495	0.1242228	0.2221478	0.0363382	0.0457378	0.0040570	1.0311227	0.2228636	0.1305983	0.1071268	0.0596313	0.0900428	0.8650160	0.2571342	0.3648108	1.0735998	0.9040360	0.6779636	0.0668699	0.6565722	0.8711833	0.8986566	0.9119477	0.7116124	0.8421260	0.1243783	0.4946134	0.0471223	0.3916894	0.1473402	0.6474195	0.9070884	0.3267365	1.0211906	0.2621766	0.7331645	0.4176675	0.0210127	1.0349953	0.4637085	0.0757058	0.0795979	0.6507325	0.5357433	0.4812178	0.8632169	0.7924832	0.2675906	0.0868436	0.2580060	0.6747852	0.1093768	0.6195860	0.3224051	0.7053516	0.2444845	0.5301515	0.9060025	0.7729505	0.5509614	0.1948702	0.3199617	0.5300171	0.3211719	0.9903943	0.5986342	0.7532199	0.2771350	0.4426311	0.2260275	0.6569150	0.9606337	0.2904685	0.7672376	0.9922142	0.1976054	0.2823834	0.6024526	0.8187634	0.9202219	0.1588025	0.8049534	0.9905963	0.2817606	0.4259772	0.4164019	0.3846795	0.6977915	0.4638799	0.2914351	0.4403411	0.4489160	0.1659095	0.6622230	0.1968057	0.1974098	0.5040481	1.0765672
700	0.0276302	0.6263892	0.9305867	0.1476010	0.3244820	0.0084807	0.0373824	0.0150070	1.0318584	0.1640838	0.1313982	0.1102343	0.0238200	0.1229951	0.8867313	0.3572508	0.3631973	1.0006711	0.9327537	0.7608728	0.0482483	0.6194673	0.8565691	0.9169604	0.8874490	0.6629438	0.9246193	0.1051019	0.3627913	0.0538552	0.4154060	0.1398990	0.6472858	0.7621564	0.2468632	0.9090685	0.2495617	0.7724275	0.4665131	0.0146141	1.0560718	0.4155594	0.0785403	0.0576053	0.6823768	0.6088735	0.5184056	0.8865366	0.7967994	0.2806240	0.0754083	0.2687293	0.7243162	0.0641752	0.7577183	0.3151425	0.7279433	0.2395950	0.5286201	0.9601164	0.7249388	0.5713225	0.2266941	0.2419644	0.5156650	0.4009762	0.9309916	0.6572768	0.6715117	0.2090225	0.3564712	0.2422418	0.5585745	0.9372626	0.2939730	0.7164317	1.0230344	0.2398799	0.2315332	0.6854477	0.7531094	1.0502473	0.1240239	0.8137470	0.9916129	0.3039846	0.4291057	0.4244586	0.4741392	0.6631626	0.4608774	0.2406038	0.4154570	0.4683845	0.1103870	0.6090740	0.2208606	0.1052778	0.5483140	0.9954019
750	0.0301491	0.5561742	0.8501856	0.2335976	0.4237353	0.0029932	0.0140498	0.0186386	0.9730469	0.2089819	0.1297492	0.0602025	0.0046148	0.0894418	0.9157701	0.4105895	0.4380118	1.0347976	0.8742235	0.7946360	0.0690584	0.5608664	0.9641664	1.0326002	0.9129610	0.6531195	0.9613266	0.1046728	0.3174818	0.0429168	0.4468432	0.1184470	0.6195976	0.7500560	0.2159622	1.0523241	0.3187918	0.7271752	0.4250124	0.0369553	0.9760845	0.4059737	0.0942732	0.0887393	0.6723468	0.6176908	0.5410902	0.7913050	0.8382124	0.2658923	0.0610887	0.3131921	0.7905207	0.0334563	0.8012912	0.3719666	0.7212664	0.2281207	0.5371434	0.9625499	0.6843774	0.4763016	0.2559366	0.2775922	0.4984486	0.5230944	1.0017383	0.6428855	0.5593218	0.1425619	0.3377197	0.2462687	0.4117569	0.8626366	0.2523627	0.7471405	1.0051385	0.2161102	0.3352667	0.6093608	0.8491050	1.1472529	0.1237667	0.8390751	1.0437207	0.2877805	0.4312319	0.4273922	0.5437146	0.7244629	0.4567437	0.2353061	0.3858292	0.5366421	0.0928217	0.5726490	0.1974061	0.0729731	0.5123111	0.8587602
800	0.0279396	0.6760638	0.9828380	0.1790601	0.4466668	0.0009281	0.0471955	0.0227633	0.9829401	0.2005222	0.0961912	0.0647985	0.0022193	0.0907330	0.8485511	0.3771311	0.4431710	0.9576768	0.8598835	0.9108991	0.0672996	0.5956737	0.8778898	1.0185794	0.9582134	0.7251183	0.8945928	0.1091137	0.2274709	0.0488095	0.5049885	0.1061079	0.6492727	0.8521695	0.2372269	0.8985031	0.3111776	0.7394330	0.3732283	0.0319115	0.9125280	0.4517722	0.0642315	0.0804450	0.6782754	0.5156924	0.6250037	0.9001695	0.9050395	0.2773530	0.0596083	0.3246690	0.7787374	0.0222339	0.7416717	0.3933986	0.6723750	0.2240683	0.4540206	1.0000732	0.8164798	0.6081464	0.2396479	0.2743999	0.5514129	0.4960905	0.9742951	0.7022840	0.5239769	0.0761350	0.3773769	0.2114635	0.3020635	0.8680176	0.2846778	0.5114482	1.0250758	0.2570826	0.3115912	0.5842518	0.6974781	0.9503549	0.1012514	0.6930062	1.0257645	0.2849933	0.3205092	0.4501393	0.5691110	0.6955174	0.4637560	0.2853108	0.3912465	0.5339884	0.1402024	0.5543490	0.2405110	0.0369339	0.4873811	0.7707903
850	0.0155603	0.6969404	1.0956641	0.1569767	0.4997560	0.0022291	0.0324159	0.0287654	1.0012585	0.2665759	0.1164837	0.0956356	0.0072230	0.1047557	0.9110600	0.3831561	0.4620129	0.8871479	0.8852285	0.8502318	0.0693104	0.5620086	0.9059735	0.9790694	0.9468500	0.7078243	0.8868328	0.1126694	0.2714492	0.0428949	0.4989152	0.0822288	0.5534039	0.8399694	0.2065322	0.9629540	0.2674671	0.7017167	0.3787739	0.0147309	0.9154087	0.5010680	0.0682322	0.0832256	0.7373323	0.5167695	0.6248500	0.8514520	0.8598325	0.2587529	0.0800163	0.3279278	0.7940982	0.0083406	0.7459713	0.4266147	0.7136423	0.2175496	0.4885815	1.0363211	0.7604916	0.5621497	0.2061025	0.3087670	0.5602528	0.5249734	0.9827193	0.6526649	0.4589613	0.0600252	0.3545684	0.2126609	0.2229583	0.9063674	0.3117876	0.4839881	0.8960714	0.2792838	0.2998746	0.6755574	0.7739919	1.0013247	0.1082780	0.7117895	0.9088107	0.3033315	0.2580900	0.4970693	0.5293217	0.7721227	0.4524161	0.3459521	0.4275910	0.5469706	0.2000725	0.5844356	0.2506235	0.0384436	0.4293846	0.8734810
900	0.0291506	0.6865455	1.0659979	0.1463536	0.5014103	0.0017851	0.0220846	0.0384429	0.9830015	0.3544187	0.1283836	0.0683430	0.0074488	0.0967522	0.9607325	0.3830795	0.4080812	0.9196557	0.9928160	0.8352393	0.0506638	0.6228129	0.9752146	0.8472511	0.8538412	0.6982239	0.8713128	0.1033509	0.2374990	0.0443710	0.3775924	0.0972849	0.6164316	0.7530525	0.1868427	0.9257066	0.2452606	0.7047075	0.3565043	0.0152345	0.8874327	0.4919181	0.0687059	0.0740741	0.7862389	0.5065274	0.6697930	0.9059204	0.8886715	0.2529106	0.0776622	0.2990382	0.8201967	0.0158480	0.8026356	0.4325233	0.7131100	0.2358484	0.4767878	0.9060037	0.8391362	0.5243777	0.2119277	0.2677158	0.5679195	0.4997837	0.9524208	0.7009075	0.4533237	0.0435154	0.3597136	0.2210628	0.1576989	1.0006579	0.2925595	0.4499615	0.9435220	0.3062789	0.2935817	0.5979086	0.7110180	1.0040410	0.0891720	0.7141125	1.0386049	0.3129558	0.2185858	0.4707730	0.4825649	0.7041917	0.4661298	0.2941430	0.4307107	0.5637717	0.1335016	0.5841397	0.2159170	0.0291690	0.5419686	0.9845821
950	0.0211922	0.5731480	1.1210081	0.1391879	0.4505545	0.0001684	0.0677936	0.0169818	0.9060068	0.3400612	0.1197368	0.0849552	0.0034678	0.1177529	0.9636880	0.4252738	0.4760012	0.9624127	0.9770143	0.8374648	0.0565768	0.6257562	0.9263193	0.9577517	0.8132817	0.6905635	0.8564764	0.0874038	0.2285569	0.0481610	0.3464156	0.1049312	0.6209462	0.8101079	0.2383747	0.9193530	0.2283538	0.6775934	0.3406120	0.0112772	0.9625437	0.4513944	0.1001579	0.0472206	0.7634748	0.4305428	0.6520165	0.8430704	0.8706658	0.2813315	0.0865405	0.2977175	0.8261314	0.0069449	0.6557010	0.4487887	0.6656162	0.2938215	0.4577156	1.1179957	0.8208073	0.5921289	0.2209017	0.3038510	0.5257741	0.5048346	0.9980372	0.6668678	0.4772887	0.0325625	0.3571894	0.2120685	0.2097656	0.9623782	0.2364071	0.3898592	0.9656768	0.2766372	0.2565095	0.6107962	0.7648821	1.0271961	0.0801413	0.6381913	0.9085448	0.3485404	0.2500095	0.4696528	0.4974100	0.7011739	0.4818552	0.1975095	0.4545498	0.5645173	0.1370123	0.6520585	0.2547361	0.0330727	0.5081018	0.9329095
1000	0.0199282	0.5928705	0.9733074	0.1191452	0.4216359	0.0001985	0.0336912	0.0123113	0.9441024	0.3613869	0.1324858	0.1032281	0.0093282	0.1051232	0.9448660	0.3778691	0.4415607	1.1670187	0.9594466	0.8711615	0.0407792	0.6105151	1.0897833	0.9335095	0.8729188	0.6618029	0.8465603	0.1675344	0.2808541	0.0352672	0.3199926	0.0957480	0.6499753	0.7584277	0.2343996	0.9051697	0.1880751	0.6550257	0.3830233	0.0245422	0.8978764	0.4107695	0.1039476	0.0494807	0.8266352	0.4725918	0.6221280	0.9010835	0.7683343	0.2996376	0.1161676	0.3883830	0.8859277	0.0037540	0.7496956	0.5082740	0.6936782	0.3005311	0.5108327	0.9038939	0.7918561	0.5273282	0.1585538	0.2683025	0.4384182	0.4906429	1.0372958	0.7033962	0.4614275	0.0617388	0.3261771	0.1787359	0.2369694	0.9884385	0.2344553	0.3697190	0.9644066	0.1689783	0.2283969	0.6677006	0.8506501	1.0315671	0.1073251	0.6103460	0.9161631	0.3559410	0.3105891	0.4862214	0.5288113	0.7908996	0.5135805	0.1932946	0.4163559	0.5709809	0.1231713	0.6295602	0.2064312	0.0377559	0.5568615	0.8980944

0	0.0094491	0.6355617	1.0459758	0.0876986	0.4170952	0.0015965	0.0357302	0.0201856	0.7842026	0.5482911	0.1482550	0.1067167	0.0074763	0.0795139	0.9263252	0.4386615	0.5117037	1.0187251	0.9869150	0.9112762	0.0675828	0.6396705	0.9879649	0.9056811	1.0249936	0.8053086	0.8415975	0.0956169	0.2807776	0.0361236	0.3476186	0.0945586	0.7647381	0.8073502	0.2691465	0.9854445	0.2644993	0.7761342	0.3511720	0.0142404	0.9503393	0.3956488	0.0912837	0.0721673	0.8039584	0.5632487	0.5721011	0.9104100	0.8750489	0.3877912	0.0490860	0.3690556	1.0040851	0.0016799	0.7496314	0.4296180	0.7445798	0.3138374	0.4763448	0.9977159	0.8917758	0.5763065	0.2317245	0.3844034	0.5377636	0.4876338	1.0898320	0.8135737	0.5024926	0.0491368	0.3912071	0.2335426	0.3169327	0.9297559	0.3112694	0.3637340	0.9584119	0.1589398	0.2670455	0.6498318	0.7931145	1.0351174	0.1402507	0.6535788	1.0095359	0.4184859	0.2245238	0.5131035	0.6073464	0.7854143	0.4606182	0.1309775	0.4648780	0.5528648	0.0723851	0.5781484	0.2784400	0.0363961	0.5378107	0.9932421
50	0.0293652	0.6452003	1.0791803	0.2231510	0.6199654	0.0030063	0.2631599	0.0247913	0.8338452	0.3901245	0.0945809	0.1061763	0.0027407	0.0629716	0.8009531	0.2967159	0.2448205	0.9425389	0.9478946	0.8596560	0.0518602	0.5612048	1.0716779	1.0470906	0.9402907	0.6771311	0.9978658	0.1236804	0.1916360	0.0418637	0.3786402	0.0501163	0.7599291	0.7606262	0.2740499	0.8105705	0.2625500	0.6722899	0.3813756	0.2314757	0.9312929	0.4222502	0.1290242	0.0817171	0.7800379	0.2387583	0.8693195	0.9293488	0.8867536	0.5446241	0.0837379	0.3076342	0.9452465	0.0017341	0.7200178	0.4907126	0.8626526	0.3038313	0.4752284	1.0175616	0.8962398	0.6834055	0.2998538	0.2814129	0.5326616	0.5593591	1.0419295	0.7719069	0.4200745	0.0407453	0.3939684	0.2478075	0.2662509	0.7959101	0.3365108	0.3184162	0.8182605	0.1580256	0.2004786	0.5098194	0.5891078	0.9875434	0.2760165	0.5242622	1.0099372	0.4242785	0.3234079	0.5376323	0.5733596	0.6029492	0.3368142	0.1571947	0.4916850	0.5694954	0.0732557	0.6119360	0.2313210	0.0462375	0.4246166	0.9844446
100	0.0134342	0.6175121	1.0713772	0.2920845	0.6929002	0.0255520	0.4339928	0.0260530	0.8831041	0.4011209	0.1294772	0.1077634	0.0020287	0.0587014	0.8445540	0.2622102	0.2205911	0.9927227	0.9761194	0.8201870	0.0665000	0.6378553	1.0352697	0.9828264	1.0426716	0.6080921	0.9656865	0.1108302	0.1454866	0.0285187	0.2948356	0.0358856	0.7031897	0.7180270	0.2405795	0.5927506	0.1228179	0.4943354	0.5514232	0.3569430	0.9036592	0.4350356	0.2390633	0.0670842	0.9591723	0.1147609	0.8300464	0.8612763	0.9416363	0.8076542	0.0729121	0.2779383	0.8843216	0.0007524	0.7601533	0.4992753	0.9782115	0.2764390	0.4414967	1.0053250	0.9590269	0.6278750	0.3416404	0.3156329	0.6283015	0.5311806	0.9825138	0.7108321	0.4791631	0.0343400	0.3910627	0.3056656	0.2154099	0.6940310	0.3372851	0.2704257	0.8869741	0.1043134	0.1899389	0.4377729	0.4323025	0.9801560	0.4585106	0.4765011	0.9629756	0.4504576	0.3414993	0.4697778	0.5482823	0.5410070	0.1652924	0.1889595	0.5373951	0.5594315	0.1913155	0.5381499	0.2407269	0.0531508	0.3172697	0.9856197
150	0.0107193	0.6153859	1.0606309	0.3647990	0.7912170	0.0290783	0.4732153	0.0126137	0.9283287	0.4130393	0.2896631	0.0699631	0.0012845	0.0164252	0.7729624	0.2350707	0.2574755	0.9692459	0.7179923	0.7761610	0.0655595	0.6670575	1.1042389	1.0275746	0.9657882	0.7462476	0.9337651	0.1151906	0.0943386	0.0353069	0.3389842	0.0374265	0.7324005	0.6628857	0.3914928	0.3243371	0.0618588	0.4360169	0.5640575	0.4503825	0.9357806	0.4714272	0.2946217	0.0604117	1.0286990	0.0340888	0.7423992	0.8311848	0.8228948	0.9730473	0.0712061	0.2834942	0.8721157	0.0241690	0.7892166	0.6998718	0.8625459	0.3461867	0.4047179	0.9925488	0.8741655	0.6837866	0.3477863	0.2863552	0.6521030	0.5079804	0.7756578	0.8114959	0.4805447	0.0293163	0.4409099	0.3086392	0.1357128	0.5944865	0.3205384	0.1771753	0.8341831	0.0836661	0.1208677	0.3273108	0.3262001	0.8543707	0.5474646	0.4600678	0.9588649	0.3797807	0.3767048	0.4066464	0.6307233	0.5848585	0.2134382	0.2542336	0.4583046	0.4819543	0.3252142	0.5562121	0.3317858	0.0859337	0.1874851	0.9778977
200	0.0114429	0.5924610	0.9845215	0.3116760	0.7669440	0.0610463	0.4726350	0.0350912	0.8777095	0.3981106	0.3745262	0.0715735	0.0073217	0.0294793	0.8381167	0.2778982	0.2792488	0.9126105	0.6804925	0.8543167	0.0577615	0.7944043	1.0996790	0.9534259	0.8976218	0.6445384	0.7821395	0.1087796	0.0779760	0.0192567	0.3367302	0.0563408	0.7494400	0.6954428	0.5865272	0.2040562	0.0450420	0.4380384	0.5952551	0.4975286	1.0658982	0.4518360	0.3122277	0.0449506	0.9937801	0.0301125	0.6253357	0.7056725	0.8152419	0.9297547	0.0915597	0.2910204	0.8087708	0.1346952	0.8475388	0.7789486	0.8972702	0.3797801	0.4363342	0.9156385	0.9199013	0.6141131	0.4970538	0.3671827	0.6583910	0.4826007	0.6573852	0.7268683	0.4827821	0.0458997	0.3312396	0.1754176	0.1775836	0.5861296	0.2627564	0.1676379	0.8530505	0.0600531	0.0939963	0.2727997	0.2441894	0.7183141	0.5985633	0.4359358	1.0615074	0.4562919	0.4504801	0.3419947	0.6884138	0.5534266	0.3080427	0.2900927	0.4189620	0.5315554	0.3612296	0.6612117	0.4642773	0.0947866	0.1189425	0.9699727
250	0.0196323	0.6436514	0.9506508	0.2989996	0.7110456	0.0951378	0.5509354	0.0750667	0.7893285	0.3808252	0.4946491	0.1145120	0.0127314	0.0043504	0.6901358	0.2445087	0.2302211	0.9742127	0.6669087	0.8696751	0.1029626	0.8200231	0.9735494	1.0107364	0.7823002	0.6373926	0.7658884	0.1070054	0.0445212	0.0236157	0.3564708	0.0575328	0.7922244	0.7641661	0.6930184	0.1869730	0.0490829	0.4227845	0.5247715	0.4769632	1.0020612	0.4774646	0.2978889	0.0591360	0.9716698	0.0416515	0.4430341	0.5662700	0.7698317	0.9246091	0.1022268	0.3393926	0.6765928	0.2697760	0.7743831	0.8320223	0.9200801	0.4508897	0.4829518	0.8793329	0.7713177	0.5038873	0.5281249	0.4062384	0.6371776	0.5055489	0.6268378	0.7298200	0.5499789	0.1245747	0.3422945	0.1330325	0.2504870	0.5927779	0.2656006	0.1488382	0.8218395	0.0512836	0.0727514	0.2549812	0.2614622	0.7485320	0.7047765	0.4156366	1.0131402	0.5107763	0.4260671	0.3733531	0.7782245	0.5451652	0.3600627	0.3465777	0.3903822	0.5725194	0.3748404	0.6254869	0.5834489	0.0559357	0.1011451	1.0513351
300	0.0084749	0.5643915	0.9835046	0.2983093	0.6592786	0.0988702	0.5389035	0.1192310	0.7290744	0.4648085	0.4733858	0.1397102	0.0242310	0.0208553	0.6085221	0.2403617	0.2391645	0.9994281	0.7427644	0.8997696	0.1602739	0.9239989	0.9723612	1.0368896	0.7350105	0.6945594	0.8833554	0.1098348	0.0394284	0.0510823	0.4418600	0.0384664	0.7778754	0.8038991	0.6417552	0.1092796	0.0400849	0.4102631	0.5536324	0.5495200	0.9674460	0.3954645	0.2845486	0.0709615	0.8300616	0.0558966	0.3627772	0.5012246	0.7482744	1.0401912	0.1058311	0.3660655	0.6294948	0.2804935	0.8011334	0.8408216	0.9537377	0.5062706	0.4862848	0.8726200	0.7319609	0.5621209	0.5605853	0.3259164	0.6261038	0.3624534	0.6699132	0.8114624	0.5109133	0.1703595	0.3391121	0.1054414	0.3067778	0.6635592	0.2447172	0.2168638	0.8349813	0.0443859	0.1040688	0.2492817	0.2902040	0.6823937	0.7314524	0.3602001	1.0004045	0.5401927	0.4059193	0.3606531	0.9334323	0.6319894	0.3000425	0.3620575	0.4347364	0.5683511	0.3317493	0.5380165	0.6135140	0.0687281	0.0736988	1.0144663
350	0.0170962	0.6087418	0.9626448	0.3050101	0.4964918	0.1005589	0.5741563	0.1058749	0.7294507	0.4617368	0.4717787	0.1099444	0.0331956	0.0233093	0.6617034	0.2309096	0.2352609	0.9728678	0.7250015	1.0045877	0.1559235	0.8218789	1.0115833	0.9690354	0.8268265	0.7313765	0.8801660	0.0988474	0.0642350	0.0508853	0.4940080	0.0393922	0.8641599	0.9271570	0.6890123	0.1374701	0.0587224	0.4371261	0.5841397	0.5537846	0.8654483	0.4029844	0.2990238	0.0561320	1.0242374	0.0826691	0.2834598	0.4492081	0.6199004	1.0008286	0.1124907	0.5320976	0.6034878	0.1672926	0.7839507	0.8407432	0.8523165	0.5194074	0.4130010	0.8993467	0.6948292	0.5798247	0.5887163	0.3482871	0.6757051	0.2303860	0.5749819	0.8375406	0.5608201	0.2136427	0.3624640	0.0523173	0.3609662	0.6087771	0.2158179	0.2295442	0.7852094	0.0518913	0.0567885	0.2931478	0.3095427	0.8151994	0.7176423	0.4404925	0.9711354	0.6381348	0.3668614	0.3648086	0.8809559	0.6414303	0.2788007	0.4003615	0.4086729	0.6009975	0.3547716	0.5658149	0.7142322	0.0750972	0.0580612	0.9970932
400	0.0318376	0.6934193	1.0065085	0.3084882	0.4424988	0.1431910	0.5883262	0.1333271	0.7077833	0.4486967	0.3377901	0.1322741	0.0267552	0.0184688	0.5451817	0.2487010	0.2025984	0.9231800	0.7342174	1.0023875	0.1125774	0.8532043	0.9592574	0.9644438	0.8361363	0.7614276	0.8657865	0.1052854	0.1055700	0.0748804	0.4990827	0.0360358	0.8386237	0.9199531	0.7004909	0.1547509	0.0539846	0.4920484	0.5978677	0.4492566	0.8955219	0.4094986	0.2865235	0.0419230	1.0439856	0.1104504	0.2114707	0.5089619	0.6755063	0.9527159	0.1014123	0.4819936	0.6278095	0.0818898	0.8024224	0.7926869	0.8683082	0.4378029	0.3885066	0.9851419	0.7000391	0.6499367	0.5057865	0.3500502	0.7220270	0.1789009	0.5846584	0.9308105	0.5704774	0.2449768	0.3287899	0.0358754	0.3207259	0.5323789	0.1997503	0.2385954	0.7999013	0.0750608	0.0959251	0.2854016	0.3051115	0.8617453	0.7337453	0.3731743	0.9662647	0.5904123	0.4196365	0.3702941	0.9042920	0.5766697	0.3448027	0.4771597	0.3678383	0.6930669	0.3572914	0.6384231	0.7769816	0.0542179	0.0504489	0.9458079
450	0.0162733	0.6725373	1.0023793	0.2483712	0.4381284	0.1206185	0.6017664	0.0846093	0.8406889	0.4223814	0.3680184	0.0995751	0.0417941	0.0342726	0.6254645	0.2270937	0.2650219	0.9257523	0.8100764	0.9952654	0.1381705	0.9359841	0.9566866	0.9588554	0.8641085	0.7339903	0.9097235	0.1162488	0.1032162	0.0522968	0.5875657	0.0520049	0.7759421	0.9480633	0.6561192	0.2140758	0.0328826	0.4964502	0.6509246	0.4909334	0.9132845	0.3687796	0.3194359	0.0352315	0.9182410	0.1165739	0.2261514	0.4991695	0.7037522	0.9993917	0.0800817	0.5403322	0.6260424	0.0723005	0.8125980	0.8099794	0.8002542	0.4452974	0.3839874	0.9202017	0.7217456	0.6121780	0.5325925	0.3871537	0.7001224	0.1481233	0.5210230	0.9611691	0.5276857	0.2665178	0.3767174	0.0572936	0.3441424	0.5439353	0.2250489	0.2855859	0.7889631	0.0597331	0.0841001	0.3304231	0.3043720	0.9016555	0.7039806	0.3766665	1.0243400	0.5700965	0.4017345	0.3506089	0.9206666	0.5396035	0.2931806	0.5046809	0.4140349	0.6624086	0.3311619	0.5380378	0.8231258	0.0352104	0.0527833	0.9590183
500	0.0147714	0.5932285	1.0211227	0.3352673	0.4615879	0.1394501	0.5207636	0.0584821	0.8726721	0.4321671	0.3056880	0.1179208	0.0368792	0.0325664	0.6974637	0.2257281	0.2205072	0.9774539	0.7541111	1.0093367	0.1263882	0.7921495	0.9532717	0.9941421	0.8661550	0.6781106	0.8573449	0.1230330	0.0992609	0.0630240	0.5152999	0.0537814	0.8068641	0.9591525	0.7009205	0.1894882	0.0339703	0.4961770	0.5584385	0.5303043	0.8709733	0.3932022	0.3407259	0.0356382	0.8783951	0.0929966	0.2054719	0.5018840	0.8041572	1.0175932	0.1173168	0.5521939	0.6061234	0.0381099	0.9291848	0.7347270	0.8380718	0.4319124	0.3778917	0.9817963	0.6626844	0.5776434	0.5491545	0.2856082	0.6839765	0.1510505	0.5719540	0.8622325	0.5104824	0.2186858	0.4316618	0.0578832	0.3245794	0.5856818	0.2007527	0.2842049	0.8161730	0.0447354	0.0719598	0.3846514	0.3782096	0.8215627	0.6553967	0.4374303	1.0730897	0.5754996	0.3962984	0.3507229	0.9231037	0.6501664	0.2886523	0.4713954	0.4398589	0.6244092	0.3302615	0.6442650	0.6983815	0.0794093	0.0628544	0.9336912
550	0.0085443	0.6512449	0.9786776	0.1962404	0.2863099	0.1384258	0.3835417	0.0495967	0.8482795	0.4597265	0.3023121	0.1313870	0.0284625	0.1102603	0.7303381	0.3024614	0.3721403	1.0577419	0.6737402	0.9959507	0.1045101	0.7934803	0.9616705	0.9519975	0.8910750	0.5832378	0.7694280	0.1287559	0.1726253	0.0943218	0.6202006	0.0556710	0.7549891	0.9014182	0.7546854	0.2546239	0.0387001	0.5839652	0.6249002	0.3567678	0.8732571	0.4119490	0.2323522	0.0360688	0.9023594	0.4288549	0.2048896	0.4358965	0.7883251	0.8320717	0.0785731	0.5111516	0.5816913	0.0292869	0.8941142	0.7221485	0.9448760	0.4632527	0.3908247	0.9226820	0.6886320	0.4756072	0.5831772	0.2955918	0.6486511	0.1481438	0.5532133	0.8878806	0.4481926	0.2304104	0.3918552	0.0717453	0.3938602	0.6675584	0.1775736	0.2246654	0.8231238	0.0575567	0.0875540	0.4712734	0.5494555	0.8914065	0.4792308	0.3826068	1.0521757	0.6343621	0.3608231	0.2974293	0.8600836	0.7572287	0.3718209	0.5065054	0.3921774	0.5393527	0.3515985	0.5896914	0.6554215	0.0883777	0.0507970	0.9082115
600	0.0114770	0.6480668	0.9983123	0.1298924	0.1599787	0.0959855	0.1733773	0.0283471	0.8291185	0.4579464	0.1828216	0.1314289	0.0475382	0.1636687	0.8039248	0.3675965	0.3816007	0.9847493	0.8013141	0.9682796	0.0958963	0.6298665	0.9671971	0.9042751	0.7644143	0.6962042	0.9273606	0.0985954	0.3214023	0.0818468	0.5763096	0.0738698	0.6779337	0.9351604	0.7793487	0.6732247	0.2254941	0.7057469	0.5103670	0.1557969	0.8179833	0.4446041	0.1669670	0.0240218	0.7365748	0.7341091	0.2045723	0.4248744	0.7327672	0.5312171	0.0491892	0.4495429	0.6025353	0.0390260	0.8385458	0.5587418	0.7557912	0.4513604	0.3945464	1.0251898	0.6444962	0.5010023	0.5032748	0.3302453	0.5287408	0.2436272	0.6705516	0.9634152	0.4987756	0.4293150	0.3788330	0.1231369	0.5138269	0.7739894	0.1878966	0.3606929	0.7877531	0.0482525	0.1422467	0.5018861	0.7448181	0.9631617	0.3333936	0.4829325	1.1015035	0.5738134	0.4303080	0.2931140	0.7543301	0.8465479	0.5302945	0.4869864	0.3927501	0.5124590	0.2772576	0.5644773	0.5982276	0.0822779	0.0748970	0.8950581
650	0.0158791	0.6375052	1.0063758	0.1459768	0.1948093	0.0576975	0.0896262	0.0103734	0.7853251	0.3853273	0.1575615	0.0917722	0.0290636	0.1323870	0.8945273	0.5066439	0.4609589	0.9290394	0.9018093	1.0411947	0.1009741	0.6880743	0.9113013	1.0003458	0.8040574	0.7225605	0.8872920	0.1312125	0.4067144	0.0724179	0.5251127	0.0597304	0.6882164	0.9627419	0.5314884	0.7863176	0.5596707	0.7498250	0.4571286	0.0819243	0.9047274	0.3821958	0.0909794	0.0565811	0.6403579	0.8865234	0.2112693	0.6519136	0.7891914	0.4357656	0.0798219	0.4241350	0.7175114	0.0588886	0.7165978	0.4205408	0.8040839	0.4102288	0.4422610	1.0141505	0.4694977	0.4767779	0.4275560	0.3229967	0.4947211	0.3562333	0.8098117	0.8291732	0.4930335	0.4213584	0.4183605	0.2703685	0.5378675	0.9366142	0.2619396	0.5108534	0.8642361	0.1145533	0.2376413	0.6223405	0.8729993	1.0359776	0.2235715	0.6706426	1.0321606	0.4729203	0.4812193	0.4287364	0.6630875	0.7437988	0.5091382	0.4207904	0.4070692	0.5003876	0.2597489	0.5843095	0.5018912	0.0606520	0.0871215	0.8481060
700	0.0063220	0.6587200	0.9466953	0.1822121	0.2981861	0.0145779	0.0634258	0.0204659	0.7796400	0.4410499	0.1282565	0.0957118	0.0242535	0.0938354	0.8842190	0.4947262	0.4798012	0.9247161	0.8646790	0.9105163	0.0899204	0.5828418	0.9390763	1.0085710	0.8543520	0.6770418	0.9682579	0.1279118	0.4448518	0.0528785	0.4668363	0.0682552	0.6842758	0.9954628	0.3800246	0.8617263	0.6664084	0.7160185	0.3507564	0.0279717	0.9049370	0.4302928	0.0858846	0.0806661	0.6004837	0.9462981	0.3281646	0.7572794	0.9221566	0.3816731	0.0758769	0.3743423	0.7223396	0.0593069	0.7303181	0.4535883	0.8437298	0.4229031	0.5100318	0.9698764	0.3922614	0.4667072	0.3922000	0.3144645	0.5053497	0.4822688	0.9050571	0.8858228	0.5694107	0.2842073	0.4039960	0.2514859	0.4682127	0.8441430	0.2433142	0.7164432	0.8226354	0.2112596	0.3447801	0.7268257	0.8233759	1.0274537	0.1929883	0.7762758	1.0344297	0.4762641	0.4190249	0.4488753	0.5959087	0.8553489	0.4828122	0.3779089	0.3683450	0.5196018	0.2478332	0.5741299	0.3758682	0.0412466	0.1366896	1.0160871
750	0.0185806	0.6761885	1.0193903	0.1879087	0.4283643	0.0017478	0.0419744	0.0222030	0.8144193	0.3490029	0.1604279	0.1047645	0.0171428	0.1035052	0.8244142	0.5574922	0.4978924	0.9658622	0.9386812	0.9124939	0.0737941	0.5752510	0.9540632	1.0065265	0.8722077	0.7014713	0.9294975	0.1339128	0.4025028	0.0621637	0.4224362	0.0832956	0.6298811	1.0619119	0.3320615	0.9101195	0.7335251	0.7135870	0.4088834	0.0273168	0.9153129	0.4268342	0.0824918	0.1221410	0.5540142	0.7447754	0.3798449	0.7475413	0.8352293	0.3177010	0.0678105	0.3323711	0.8099934	0.0356248	0.7480685	0.4748704	0.8251872	0.2936191	0.5148280	1.0519994	0.5212072	0.4885579	0.3690127	0.2670768	0.5447450	0.5994604	0.9211340	0.8145968	0.5276234	0.1670394	0.3498039	0.2436969	0.4215984	0.8364027	0.2810820	0.6701697	0.9163309	0.3057569	0.3515103	0.7031041	0.8316813	1.0174510	0.1296617	0.7991661	0.9303015	0.4055238	0.3358133	0.4213443	0.6337994	0.7387864	0.4301867	0.3289717	0.3533517	0.5282637	0.2486339	0.6581193	0.2658552	0.0303502	0.2763632	0.9633677
800	0.0256467	0.7127175	0.9669806	0.2395742	0.4655765	0.0000000	0.0347641	0.0221100	0.8013810	0.3149145	0.2044830	0.1030784	0.0051911	0.0957888	0.7756672	0.5042058	0.3991832	1.0370418	0.8983991	0.8135324	0.1017881	0.7132214	0.9319848	0.9500209	0.9767288	0.7168101	1.0006143	0.1437631	0.4252083	0.0768884	0.4968118	0.1273645	0.5981278	0.9562804	0.3109618	1.0285063	0.6694345	0.6902187	0.4159675	0.0364694	0.9659742	0.3952049	0.0593797	0.1596743	0.5846557	0.8381112	0.4232497	0.9181868	0.8241831	0.3149289	0.0650837	0.4672529	0.8585876	0.0398192	0.8525152	0.4680424	0.8672554	0.2930467	0.5327904	1.0289209	0.6218763	0.5361459	0.4496459	0.3039603	0.5168857	0.6455954	1.0603023	0.7893217	0.5066525	0.0983951	0.3641788	0.2358820	0.3818595	0.8611825	0.2470034	0.6547909	0.9668956	0.4512540	0.3955522	0.7324213	0.8878288	0.9755917	0.1412480	0.8431574	0.9800368	0.3782760	0.2108379	0.4095114	0.6080433	0.6711781	0.4380874	0.3034380	0.3660244	0.5870796	0.3040372	0.5867363	0.2839799	0.0258959	0.4101097	0.9352722
850	0.0263011	0.7328525	1.0298375	0.2323474	0.4375807	0.0001869	0.0415582	0.0184697	0.9224759	0.2691957	0.1904288	0.0928188	0.0039984	0.1114006	0.8435038	0.4908796	0.3909262	0.9860710	0.9204960	0.9095492	0.1208054	0.6377757	0.9359395	0.9496049	0.9782082	0.7151731	0.9416697	0.1113597	0.4115608	0.0892807	0.3790912	0.1415477	0.6029329	0.8487114	0.2950114	0.8958150	0.5894391	0.6980944	0.4040357	0.0259375	0.9127259	0.4595140	0.0924410	0.1517721	0.5442340	0.7230575	0.6828533	0.9008052	0.8438971	0.2603435	0.1063311	0.4569808	0.9201626	0.0337450	0.8170883	0.3838576	0.8340176	0.2930186	0.4992587	0.9787631	0.6083281	0.5049437	0.4918533	0.3154643	0.5576781	0.6253226	0.9736558	0.8424632	0.5254112	0.0896060	0.3391050	0.2568028	0.3687973	0.9358586	0.2054626	0.7347382	0.9084209	0.4366998	0.4150195	0.7166763	0.8354833	0.9411770	0.1301873	0.7377434	0.9620511	0.3760872	0.1629999	0.3885139	0.4356963	0.5496476	0.4763898	0.2740420	0.3644831	0.5618893	0.2194659	0.5803382	0.2942488	0.0332480	0.4476450	0.9296050
900	0.0222656	0.6597916	0.9993970	0.2574177	0.4316482	0.0006457	0.0287686	0.0124841	0.8591595	0.3148629	0.1744827	0.0750957	0.0026296	0.1191648	0.8155175	0.5230140	0.4046966	0.9902117	1.0429651	0.8246273	0.1230270	0.6352826	0.9540613	0.9648945	0.9479449	0.7373436	0.9877862	0.0818318	0.4757853	0.0480066	0.4635069	0.1433824	0.5684561	0.8472068	0.2918471	1.0081037	0.4257965	0.6865273	0.3740169	0.0228903	0.9330999	0.4827785	0.0821500	0.1806769	0.6564875	0.4820537	0.7111152	0.8173219	0.9982993	0.2710070	0.1021276	0.4503572	0.9647848	0.0377397	0.7902139	0.3159416	0.7522275	0.2691651	0.4395529	0.9935223	0.6263526	0.5436970	0.4641498	0.3509061	0.5415733	0.6535906	0.9671880	0.7848122	0.5170626	0.0428615	0.3624838	0.2329649	0.3079010	0.8222825	0.2019513	0.6500689	0.8943910	0.3640202	0.4016281	0.6373893	0.8171216	0.9399783	0.1474639	0.7530971	1.0038342	0.3761337	0.1623210	0.4495735	0.4294241	0.6224027	0.4528810	0.2909958	0.3538333	0.4834935	0.2395568	0.6202528	0.3205635	0.0445573	0.5022031	0.8792883
950	0.0389134	0.6422167	0.9982597	0.2242117	0.4496645	0.0007570	0.0252491	0.0322985	0.8542958	0.3502255	0.1514423	0.0669130	0.0018226	0.0968987	0.8271506	0.5442407	0.4821860	0.9895806	1.0261581	0.9071208	0.1040346	0.6582617	0.9015167	1.0573719	0.9490868	0.7138077	0.9947371	0.0761775	0.4170121	0.0406814	0.4490280	0.1401711	0.5836781	0.7386623	0.2802225	0.9035381	0.3128804	0.7214715	0.3567201	0.0188341	0.9711322	0.5461248	0.0977347	0.1363838	0.7106245	0.4604732	0.6318473	0.8219461	0.9222321	0.2684618	0.0917956	0.4500746	0.9534917	0.0315310	0.8475186	0.3081706	0.7412441	0.3292920	0.4539276	0.9980222	0.5753481	0.5646722	0.4373648	0.3509601	0.5637729	0.5763631	0.9413851	0.6866437	0.4533356	0.0294348	0.3638842	0.2300596	0.2621189	0.8895637	0.2480242	0.6590386	0.9254925	0.2395189	0.2960966	0.7400696	0.6968336	0.9392543	0.1630824	0.7702103	1.0144267	0.4092886	0.2141037	0.4122505	0.4351557	0.5581551	0.4533494	0.2059811	0.3499653	0.5608785	0.2198057	0.6261817	0.3148717	0.0416313	0.5343023	0.9966358
1000	0.0209910	0.6248136	1.1813877	0.2111300	0.4810953	0.0006516	0.0168428	0.0273330	0.8985343	0.3424858	0.1331286	0.0750748	0.0074354	0.1237170	0.8933329	0.5191700	0.4678469	1.0169905	1.0000502	0.8576991	0.1019455	0.6222044	0.9275474	1.0844425	0.8948297	0.7614119	0.9390165	0.0796195	0.2744189	0.0394594	0.3992878	0.1550828	0.5898184	0.7814990	0.2868381	0.7925113	0.2542221	0.7095640	0.3887017	0.0126584	1.0311294	0.5403889	0.0893825	0.1040840	0.7155405	0.5003594	0.5925212	0.9421315	0.8703593	0.3469066	0.0620987	0.4775934	1.0031459	0.0250646	0.7418895	0.3710172	0.7458373	0.2272669	0.4250590	0.9502588	0.6634771	0.5913466	0.4059855	0.3480637	0.5589179	0.5532859	0.9913219	0.6456157	0.3991245	0.0581965	0.3337935	0.1775196	0.2529874	0.8233513	0.2190267	0.5662551	0.8911656	0.2262176	0.2634945	0.6696695	0.7210629	0.9408174	0.1200899	0.8196572	1.0621558	0.3926740	0.2273710	0.4285252	0.4908747	0.6403047	0.4962642	0.1910470	0.3884074	0.5630742	0.2009963	0.6635782	0.2446192	0.0330750	0.5739579	1.0568295

0	0.0094491	0.6355617	1.0459758	0.0876986	0.4170952	0.0015965	0.0357302	0.0201856	0.7842026	0.5482911	0.1482550	0.1067167	0.0074763	0.0795139	0.9263252	0.4386615	0.5117037	1.0187251	0.9869150	0.9112762	0.0675828	0.6396705	0.9879649	0.9056811	1.0249936	0.8053086	0.8415975	0.0956169	0.2807776	0.0361236	0.3476186	0.0945586	0.7647381	0.8073502	0.2691465	0.9854445	0.2644993	0.7761342	0.3511720	0.0142404	0.9503393	0.3956488	0.0912837	0.0721673	0.8039584	0.5632487	0.5721011	0.9104100	0.8750489	0.3877912	0.0490860	0.3690556	1.0040851	0.0016799	0.7496314	0.4296180	0.7445798	0.3138374	0.4763448	0.9977159	0.8917758	0.5763065	0.2317245	0.3844034	0.5377636	0.4876338	1.0898320	0.8135737	0.5024926	0.0491368	0.3912071	0.2335426	0.3169327	0.9297559	0.3112694	0.3637340	0.9584119	0.1589398	0.2670455	0.6498318	0.7931145	1.0351174	0.1402507	0.6535788	1.0095359	0.4184859	0.2245238	0.5131035	0.6073464	0.7854143	0.4606182	0.1309775	0.4648780	0.5528648	0.0723851	0.5781484	0.2784400	0.0363961	0.5378107	0.9932421
50	0.0073926	0.6467184	0.6693771	0.1158102	0.4333339	0.1164001	0.3236296	0.1906495	0.5623903	0.4821780	0.0979373	0.1043040	0.0046988	0.1063913	0.8580602	0.3654470	0.4721388	1.0955168	0.9454936	0.6890292	0.0481695	0.6418201	0.9378326	0.9048312	0.5925188	0.7586319	0.8640283	0.1191723	0.2349601	0.0170533	0.3687743	0.0645814	0.6479501	0.7871190	0.3313798	0.9579389	0.2495476	0.7465124	0.4241000	0.0224622	0.9405514	0.5848981	0.0942937	0.0491221	0.7272068	0.3698831	0.6399575	0.7737521	0.7807351	0.2735318	0.0402067	0.4249761	1.0282048	0.0007209	0.7912536	0.5479867	0.8986155	0.3156285	0.4621390	0.9864736	0.7936554	0.6692976	0.2282864	0.2303107	0.5498934	0.5082919	0.9655329	0.7669688	0.4896872	0.0745168	0.4346219	0.2638243	0.2340107	0.9003536	0.3946564	0.2846682	0.8063054	0.3022020	0.2388897	0.6704096	0.8055650	0.9615764	0.2380659	0.6557026	0.8314269	0.4162471	0.2262996	0.5988367	0.6313608	0.8337553	0.5552171	0.1905793	0.3767471	0.6059329	0.0613506	0.6993886	0.2542595	0.2870967	0.4899097	1.1054592
100	0.0111382	0.5981046	0.2544439	0.0854833	0.2557462	0.3327714	0.5706184	0.3400245	0.2847379	0.5112431	0.1123568	0.0999943	0.0650337	0.1147969	0.8150886	0.4016496	0.4313072	1.1384621	0.9209714	0.4500846	0.0439047	0.5788777	0.8814321	0.7968299	0.4049803	0.5613174	0.8201882	0.1491524	0.2054864	0.0372546	0.3711491	0.0271361	0.7695694	0.7469614	0.3393223	0.8286887	0.2427948	0.7403616	0.3933003	0.0208383	0.9745333	0.8342211	0.0716853	0.0263420	0.9088817	0.4381202	0.6922204	0.8403837	0.8344376	0.3831183	0.0237396	0.3838494	1.0112722	0.0024575	0.7349379	0.5475986	0.9629923	0.2868179	0.5477329	0.9150581	0.8326634	0.6937498	0.1570133	0.2792379	0.5442497	0.4646856	1.1022381	0.7742173	0.5299445	0.1087638	0.5339469	0.2282308	0.2479951	0.9429301	0.5548907	0.1980126	0.7234843	0.3076700	0.1832435	0.7193927	0.9102033	1.0006530	0.3820303	0.6778325	0.7459094	0.4092000	0.2643086	0.5143941	0.5857178	0.9900695	0.6580164	0.1320249	0.4172045	0.8034423	0.0655062	0.7872791	0.2514371	0.6279918	0.3848708	1.0274372
150	0.0123278	0.4220348	0.0952311	0.0556191	0.1334718	0.3867728	0.7223105	0.3864107	0.1881651	0.4970567	0.0525664	0.0720912	0.1951209	0.1344642	0.7191529	0.3526966	0.4069745	1.1006212	1.0187360	0.2346146	0.0621767	0.6406339	0.8378765	0.8362221	0.2800583	0.7307495	0.7810685	0.1632575	0.2562610	0.0689113	0.3856830	0.0037573	0.7555208	0.7946731	0.2609605	0.8391760	0.2000433	0.7133916	0.3820260	0.0271585	1.0021826	0.8037933	0.0642190	0.0194637	0.9311216	0.4771602	0.5633713	0.8068675	0.6707095	0.5044732	0.0015189	0.3294983	0.9183724	0.0017282	0.7762464	0.5666611	0.9977635	0.2949134	0.5214814	0.9479357	0.7777921	0.7651929	0.1408835	0.2725651	0.5344678	0.2344087	1.1008870	0.6815388	0.4845095	0.1675090	0.5619948	0.2355291	0.2973681	0.9914511	0.6186014	0.2384123	0.5726739	0.3105712	0.1883712	0.6143945	0.9886929	0.7813659	0.4607408	0.7521814	0.7577736	0.3556212	0.3054623	0.5729852	0.5182432	0.9398756	0.6598063	0.1113727	0.4572644	0.8304340	0.0823366	0.9577013	0.2232398	0.7898703	0.3276212	0.9895688
200	0.0102145	0.3648645	0.0274092	0.0688547	0.0568315	0.4424436	0.7454961	0.4428900	0.1545377	0.5052477	0.0822471	0.0831299	0.2649979	0.1770740	0.6460602	0.3943078	0.4403292	1.0568676	1.0023055	0.1310348	0.0657209	0.6735510	0.8611625	0.7361765	0.2963605	0.8690435	0.7664872	0.1407594	0.3539554	0.1035762	0.4667752	0.0028603	0.7492567	0.8609963	0.2636916	0.9896299	0.2971099	0.8425629	0.4028471	0.0419967	0.9766951	0.7962731	0.0573134	0.0130112	0.9413421	0.5491482	0.4995211	0.7108438	0.6899060	0.4973504	0.0036527	0.2698772	0.8356334	0.0000570	0.7761504	0.6096213	0.9913965	0.3050182	0.4240222	0.9471693	0.7192792	0.7631740	0.1347099	0.3258942	0.4760967	0.1262250	1.0010088	0.5551249	0.4399351	0.3345428	0.6612442	0.2831285	0.3551239	0.9736962	0.6628432	0.3438427	0.5342396	0.2922938	0.2132895	0.6225793	0.8973579	0.7687096	0.6727354	0.7509003	0.6926554	0.3767459	0.3259609	0.5657368	0.4998577	0.9944257	0.7778126	0.0946820	0.4564082	0.8947471	0.0861168	0.9776853	0.1966544	0.8923922	0.2618181	0.9503321
250	0.0176219	0.2967004	0.0433892	0.0506728	0.0443443	0.4698732	0.8971964	0.4566043	0.1554561	0.4596609	0.0785899	0.0989158	0.2688220	0.1558327	0.6521951	0.4084665	0.5011724	0.9910003	0.8524758	0.0723312	0.0749309	0.5928191	0.8907088	0.7607618	0.2928892	0.9187576	0.6924340	0.1726136	0.4983992	0.0857508	0.5124104	0.0027823	0.8195626	0.8886042	0.2264290	1.0426882	0.4245023	0.8438400	0.4177503	0.0213682	0.9463556	0.8333875	0.0913113	0.0099196	0.9861790	0.6229284	0.4598784	0.7091486	0.7087585	0.6000503	0.0005554	0.2549639	0.8346372	0.0057625	0.7837988	0.5592651	0.9281012	0.2693538	0.4559038	0.9806249	0.7320999	0.6776989	0.1523534	0.2872245	0.4618084	0.0921278	0.9364294	0.4920660	0.4149516	0.4482661	0.6402087	0.2014888	0.3781473	1.0006318	0.6315450	0.4439469	0.4998617	0.3366204	0.2551776	0.6832668	0.7653214	0.7136599	0.7513450	0.7800995	0.6386204	0.3868189	0.3324444	0.4752690	0.5257495	0.9484211	0.8602778	0.0664201	0.4150596	0.8621760	0.0554526	0.9786729	0.2202879	0.9392115	0.2415019	0.9296556
300	0.0575124	0.2421328	0.0224127	0.0504659	0.0240279	0.5103768	0.8254396	0.4448891	0.1201597	0.4713832	0.0690883	0.1033959	0.2978695	0.1334538	0.5651911	0.4707522	0.4884257	1.0377667	0.8320963	0.0638655	0.0924512	0.5481750	0.8205197	0.7297667	0.2797676	0.9883187	0.6740536	0.1796557	0.5204985	0.0765831	0.4331435	0.0038028	0.8734765	0.8949854	0.2106692	1.1038232	0.6069251	0.6943687	0.3519901	0.0090437	0.9390795	0.7768085	0.0938991	0.0232280	0.8575907	0.6665330	0.4270431	0.6395958	0.7182144	0.5831055	0.0096025	0.2448581	0.8967272	0.0325645	0.7018205	0.4861106	0.9665501	0.2929716	0.5330942	0.8807845	0.6623406	0.7462949	0.1356908	0.2536659	0.4658378	0.1484893	0.8844233	0.5395713	0.4781158	0.5643580	0.6503767	0.2515179	0.3600001	1.0154401	0.7402096	0.6310109	0.5030733	0.2860130	0.2465071	0.6061529	0.7256735	0.7883289	0.7348539	0.8765181	0.6220508	0.3458271	0.3197133	0.6197054	0.4891274	1.0128012	0.7680806	0.0690909	0.4005323	0.8728797	0.1284604	1.0579713	0.2894315	0.8727581	0.2247037	1.0302197
350	0.0949241	0.2825990	0.0204330	0.0685461	0.0415518	0.5363299	0.8029181	0.4275940	0.1265148	0.4244524	0.0625766	0.1088796	0.2894254	0.1492040	0.6299063	0.4498622	0.4456401	1.1375077	0.9265114	0.0327114	0.0797098	0.5458953	0.8889596	0.8008039	0.3252398	0.9806937	0.7408846	0.1692348	0.5157633	0.0860961	0.4715860	0.0105493	0.8314168	0.9234941	0.2232634	1.0386698	0.5353211	0.7425629	0.3787609	0.0149348	0.9306525	0.8449386	0.0678455	0.0390672	0.7018087	0.7147217	0.3907306	0.6923740	0.6637511	0.5981459	0.0134123	0.3110627	0.8884352	0.0189194	0.7468963	0.5428265	0.8752382	0.2632911	0.4989470	0.9399129	0.6396198	0.7023998	0.1166196	0.3089148	0.4827772	0.2447907	0.9794903	0.5234618	0.5001132	0.4762284	0.6667137	0.2763895	0.3262907	1.0107463	0.5899216	0.6608723	0.4878209	0.2798965	0.2806540	0.6135045	0.7976113	0.6354567	0.6817226	1.0040881	0.6577617	0.2557643	0.3654002	0.7645705	0.5084657	1.0561602	0.6752674	0.0772234	0.4225842	0.7312586	0.2078323	0.9021396	0.2922404	0.8653745	0.2229296	1.0249001
400	0.1251132	0.3094815	0.0195017	0.1001049	0.0300077	0.5587018	0.7574453	0.3861837	0.1251679	0.4399023	0.1255058	0.1031614	0.3069851	0.1945062	0.5843914	0.4057056	0.4218258	1.0508100	0.9752742	0.0311670	0.0762161	0.5548663	0.9843540	0.6693482	0.3773189	0.9691082	0.7934442	0.1932767	0.5304208	0.0722187	0.5144564	0.0077285	0.8287690	0.8151464	0.2322394	0.9806304	0.5661758	0.7590636	0.4130464	0.0174721	0.8817741	0.8255829	0.0574131	0.0382962	0.7381894	0.8099993	0.4450962	0.6858826	0.7612710	0.6226721	0.0103878	0.1914173	0.9107740	0.0157672	0.7373303	0.4723483	0.9135925	0.2921132	0.4950680	0.8887389	0.6198587	0.6913146	0.1367795	0.3100471	0.4857292	0.1998500	1.0100499	0.4772130	0.5227818	0.4261668	0.7035810	0.2262716	0.3305241	0.9807434	0.5735365	0.6991542	0.5159886	0.3552981	0.3177899	0.6409208	0.8327448	0.6179288	0.6990108	0.9255871	0.6185671	0.2640296	0.3585380	0.7067366	0.4772231	0.9927229	0.6964189	0.0658785	0.4446594	0.6930369	0.1855856	0.9601196	0.2539164	0.9373024	0.2370242	0.9500979
450	0.1123156	0.2799805	0.0399203	0.1070020	0.0380998	0.5721088	0.8771582	0.4904154	0.1361188	0.3597900	0.1316753	0.1134035	0.3489671	0.2150263	0.6413046	0.4461540	0.4118357	0.9255748	0.9323283	0.0224265	0.0590005	0.5735927	0.9239815	0.7988076	0.3269841	0.9659967	0.7489385	0.2592271	0.5516956	0.0961005	0.4984255	0.0058252	0.6633791	0.7932264	0.1895931	0.9656128	0.6857554	0.7816383	0.4140945	0.0202533	0.9713186	0.8271879	0.0872546	0.0312495	0.6763003	0.8208810	0.5590655	0.7620211	0.7427452	0.7334855	0.0180246	0.2640608	0.8582645	0.0194242	0.6556722	0.5728796	0.9706093	0.3502237	0.4675269	0.9529798	0.5441977	0.6711306	0.2726736	0.3000588	0.5023241	0.1587732	0.9372820	0.5146496	0.5461455	0.4585579	0.7375794	0.2721639	0.3633524	1.0003230	0.6024340	0.6516906	0.4797975	0.4431757	0.3797219	0.6573891	0.7865624	0.6850900	0.6623806	0.9653220	0.6029989	0.2642533	0.4096253	0.6049930	0.6335965	1.0209779	0.6372440	0.0649160	0.4426094	0.7309036	0.1157776	0.9785426	0.2283135	0.9713040	0.2383740	0.9490214
500	0.0984571	0.3127193	0.0288818	0.1131931	0.0282960	0.6264241	0.8525077	0.5075538	0.1905202	0.3049767	0.1542987	0.1442869	0.2622210	0.1836707	0.6246260	0.3992159	0.4973040	0.8843287	0.9680988	0.0154479	0.0568914	0.6367642	0.8963262	0.7228999	0.3049118	0.9520661	0.6658765	0.2611124	0.5732495	0.1012644	0.4506125	0.0174849	0.8088788	0.7940426	0.2053927	0.9090173	0.6800551	0.7733111	0.4096661	0.0157386	1.0728447	0.7335761	0.0925849	0.0356206	0.6353309	0.7165434	0.5471652	0.6699576	0.8107391	0.6168921	0.0189833	0.2510535	0.9041077	0.0106369	0.6924102	0.4589837	0.9765176	0.3296628	0.5188385	0.8937451	0.5809677	0.8001903	0.2991084	0.2756055	0.4727802	0.1689267	0.9334481	0.4946708	0.5792580	0.4938459	0.7499602	0.2584013	0.2913567	0.9813312	0.7206875	0.6620295	0.5356786	0.3472458	0.3575685	0.6237122	0.8280150	0.7444392	0.5957489	0.9282189	0.5821888	0.2897806	0.3463631	0.5455646	0.4947849	0.8613345	0.6517494	0.0526912	0.4189826	0.7850182	0.1138046	1.0152407	0.2301899	0.9183243	0.2753275	1.0132228
550	0.1214115	0.2778450	0.4394022	0.1489724	0.0162675	0.4655215	0.5793538	0.3064672	0.4195373	0.2496295	0.1473712	0.1235138	0.2832683	0.1552650	0.7766556	0.4630847	0.4905549	0.9856842	0.8870122	0.2608590	0.0773117	0.5918222	0.8896158	0.8406733	0.5056599	0.8731736	0.6318125	0.1811517	0.6554109	0.0933997	0.5035437	0.0369955	0.7421202	0.8217128	0.1837764	0.8430652	0.4925366	0.7489439	0.4004541	0.0134292	1.0943918	0.6790731	0.0922044	0.0666940	0.6525038	0.6316753	0.4186088	0.6838538	0.8310161	0.5600133	0.0310043	0.2514816	0.9002067	0.0063724	0.7395270	0.4506001	0.8630327	0.3107507	0.4288481	0.9170389	0.4180407	0.7259737	0.4551015	0.3610818	0.4710365	0.1441689	0.8851472	0.4862987	0.6285225	0.5154306	0.6847987	0.2769300	0.3818853	0.8681018	0.5320796	0.7568183	0.5761057	0.2765224	0.2844265	0.5014008	0.7434804	0.7925085	0.4324221	0.9232750	0.7325890	0.2569316	0.3523204	0.5622775	0.5883773	0.9346811	0.4696831	0.0684767	0.3689072	0.5798096	0.1239728	0.9808625	0.2783139	0.6766266	0.2921455	0.9980677
600	0.1202115	0.3607338	0.6815967	0.1559615	0.0366057	0.2789588	0.2872304	0.1754438	0.6650673	0.1185127	0.1178332	0.1147346	0.2594597	0.1304250	0.7531731	0.4876356	0.5037537	1.0207586	0.9793734	0.5089280	0.0737961	0.5981153	0.9418216	0.9127699	0.6547896	0.9455503	0.6867078	0.1907334	0.6012865	0.0869549	0.5764587	0.0390279	0.7113846	0.9799831	0.2151007	0.8467199	0.4789720	0.7042730	0.4120321	0.0229543	0.9660467	0.4628376	0.0824335	0.1007027	0.7002638	0.6514430	0.4844577	0.6958873	0.7542943	0.4959650	0.0326317	0.3320960	0.8556249	0.0061929	0.6974663	0.3894169	0.8146651	0.3632852	0.4920279	0.9791799	0.3472047	0.6368380	0.4500667	0.2696615	0.4552890	0.1054671	0.9603938	0.5700277	0.5496897	0.5468505	0.5150970	0.2990813	0.5076501	0.8877250	0.3279631	0.7057317	0.6493367	0.2931821	0.3029680	0.5146905	0.8170794	0.9001163	0.2432374	0.8920504	0.8092100	0.3282031	0.3779853	0.4829198	0.5431414	0.8016954	0.4632612	0.0834192	0.3607897	0.5785080	0.1508519	0.9112901	0.3262211	0.3629119	0.3227909	0.9730089
650	0.1427083	0.5392393	0.9097046	0.1375560	0.0569300	0.1332357	0.1317871	0.0789288	0.8114574	0.0806051	0.1199000	0.1170450	0.1405047	0.1215341	0.9312373	0.4407863	0.4506140	1.0197551	0.9917394	0.7646673	0.0575361	0.6227354	1.0206312	0.9859872	0.7228722	0.9240507	0.7875153	0.2150118	0.6120966	0.0841772	0.5554735	0.0569617	0.6198648	0.9352002	0.2157880	0.8766438	0.4535987	0.6666711	0.3515136	0.0299629	0.8772129	0.4313779	0.0829895	0.1020588	0.6134340	0.7171857	0.4596807	0.8172303	0.8230488	0.4261336	0.0502711	0.4210862	0.7261546	0.0101080	0.7760792	0.3996475	0.7119807	0.3669332	0.5397625	0.9862040	0.3130037	0.6122517	0.3928562	0.2860194	0.4774424	0.1332090	1.0712670	0.6382903	0.4932160	0.4743647	0.5130770	0.2832186	0.4916356	0.8147123	0.2177714	0.7193825	0.7586902	0.2997757	0.3288207	0.5270834	0.7724321	0.9779839	0.1517545	0.9058674	0.9193953	0.3142990	0.4445653	0.5191565	0.4878384	0.8173780	0.4901362	0.1451459	0.3794595	0.5702360	0.1272429	0.7331692	0.2861630	0.1993735	0.3670247	0.9889346
700	0.1342445	0.5818914	1.0278240	0.1191201	0.1134210	0.0939577	0.0828014	0.0355033	0.8816068	0.0716358	0.1472994	0.1096824	0.0658425	0.0785793	0.8270022	0.4408021	0.4384296	1.0890248	0.9469588	0.8181181	0.0890794	0.6400543	1.0183116	0.8181052	0.7824113	0.9343565	0.8392164	0.1739375	0.4932122	0.0465892	0.4852250	0.1186924	0.6329550	0.8857834	0.2171899	0.9302586	0.3900548	0.7664909	0.3323356	0.0349334	0.9169813	0.4196110	0.0824256	0.0989900	0.5612776	0.6665138	0.5722262	0.7424486	0.8863962	0.4077168	0.0797390	0.3501365	0.5429103	0.0083854	0.7435420	0.3926334	0.6958551	0.2786285	0.5630202	0.9766388	0.3353428	0.6734228	0.3337716	0.2565695	0.3907245	0.2521737	1.0930105	0.6502265	0.4344268	0.3739856	0.4103493	0.2705186	0.4317508	0.8199643	0.2514782	0.7158524	0.8762411	0.3150396	0.3879843	0.6074905	0.9027039	0.9415151	0.1257781	0.7885036	0.9830566	0.2741918	0.4863149	0.4509853	0.5113035	0.8208753	0.4473288	0.3384905	0.3653351	0.5244832	0.1635661	0.6368912	0.2188847	0.1027169	0.4397816	0.9963535
750	0.0902490	0.6858149	1.0258621	0.0923938	0.1580625	0.0387967	0.0441426	0.0329954	0.9662693	0.0448465	0.1755747	0.1005211	0.0521229	0.0895594	0.7741796	0.4214234	0.4195198	0.9985711	0.9924561	0.8495856	0.0626082	0.6845403	0.9212548	0.8404413	0.8185829	0.7693076	0.8909256	0.1666503	0.3355160	0.0327697	0.3735371	0.1264832	0.6458268	0.9131292	0.2622070	0.8151078	0.4195794	0.7527733	0.3432320	0.0468372	0.9061989	0.4406197	0.0756423	0.0983968	0.6505526	0.6522239	0.5607752	0.7910164	0.8278718	0.3016788	0.0579408	0.3240042	0.3945068	0.0117605	0.7517836	0.4385230	0.8159320	0.2872825	0.5933700	0.9938520	0.4301095	0.6479248	0.3064581	0.2886449	0.4668455	0.3626190	1.0020650	0.6890868	0.4149987	0.2957440	0.3791580	0.2677845	0.3937236	0.9604756	0.2965158	0.7035565	0.8716257	0.2873318	0.3842499	0.6403470	0.8326805	0.9054827	0.0906713	0.8285841	1.0378181	0.2481550	0.4926621	0.4450183	0.6005398	0.6736856	0.4360984	0.3608488	0.3821308	0.5399002	0.1039334	0.6120232	0.2301348	0.0659508	0.4100558	0.9721978
800	0.0668376	0.6564165	0.9512201	0.1721677	0.3134178	0.0133525	0.0445705	0.0403553	0.9187297	0.0767765	0.1628947	0.1461470	0.0283766	0.1461052	0.8356728	0.4135488	0.4555313	0.9397257	0.8924490	0.8188882	0.0619789	0.6535111	0.9148093	0.9981110	0.8123180	0.7185218	0.8690457	0.1476245	0.2674903	0.0322823	0.3378798	0.1188273	0.6758682	0.8961315	0.2391526	0.8749323	0.3171946	0.7001221	0.3222743	0.0290879	0.9515714	0.4200717	0.0883578	0.0774974	0.7056438	0.5624155	0.5596385	0.7444685	0.9217242	0.2463456	0.0978368	0.3671370	0.3350301	0.0046155	0.6570926	0.3553748	0.8564410	0.3123550	0.5958920	0.9550062	0.4151394	0.6635274	0.3729116	0.2768003	0.5699111	0.4303784	0.9745414	0.6544004	0.4050816	0.1620374	0.3285743	0.2554490	0.3169757	0.9694800	0.2589083	0.5859279	0.8534645	0.2172766	0.4006645	0.7148067	0.8501736	1.0484649	0.0942915	0.7976039	1.0130601	0.3387767	0.4141863	0.3918451	0.6055463	0.7900174	0.4112889	0.3210379	0.3993051	0.5374155	0.1170534	0.6925054	0.2306344	0.0523759	0.4361428	0.9679443
850	0.0533802	0.6143273	1.0097793	0.1743548	0.4218180	0.0053472	0.0228404	0.0285296	0.8964390	0.0708076	0.1274698	0.0955414	0.0088302	0.1231939	0.8833949	0.4008416	0.4935876	0.9465504	1.0213172	0.7849541	0.0561580	0.5519413	0.9141094	0.9429630	0.7914468	0.7987449	0.9418370	0.1510111	0.2163773	0.0169856	0.4028462	0.0865917	0.6468034	0.9075308	0.2619106	0.8869146	0.2452530	0.6623444	0.3830022	0.0229978	0.9303422	0.4645085	0.0864427	0.0623296	0.6880909	0.4882137	0.4680430	0.8439902	0.9062580	0.2227975	0.1106943	0.3672086	0.3537370	0.0060341	0.7612705	0.3957866	0.7974784	0.2514392	0.4762401	0.9769211	0.4944634	0.5866874	0.3856674	0.2868014	0.5816745	0.4977332	0.7815261	0.8006843	0.3674212	0.0885948	0.3750076	0.2301189	0.3405149	0.9193579	0.2475451	0.4395472	0.8280099	0.1708079	0.4297977	0.6611580	0.7648495	0.9935477	0.1016930	0.6608216	0.9186739	0.3832423	0.3838481	0.3844865	0.5721596	0.6898711	0.4511664	0.2763099	0.4086034	0.5703076	0.0994726	0.6222152	0.2427298	0.0266721	0.4752065	1.0533798
900	0.0174276	0.5829175	1.0572164	0.1589567	0.3697445	0.0027646	0.0225960	0.0155162	0.9286957	0.0869340	0.1455773	0.1124318	0.0114200	0.1128020	0.8496436	0.4509910	0.5379693	1.0518127	0.9571264	0.8448980	0.0584276	0.6674312	1.0716733	0.9852937	0.8560900	0.6682298	0.9035921	0.1308151	0.2171253	0.0320570	0.4066151	0.1055516	0.7006905	0.8678159	0.2615101	0.8597544	0.2719985	0.6893485	0.3753524	0.0162650	0.9415164	0.4416567	0.0792909	0.0805317	0.8015928	0.6018996	0.5149565	0.7935548	0.8683208	0.2304040	0.0921095	0.3453045	0.3952077	0.0014830	0.7801589	0.5062617	0.8765240	0.2477696	0.4808798	0.9903733	0.6679165	0.5364684	0.3768598	0.3036769	0.5716635	0.5189236	0.9431994	0.7549050	0.3578627	0.0822367	0.4039634	0.2065681	0.3104475	0.9148861	0.2613947	0.3056507	0.8580347	0.1675759	0.3479269	0.6769009	0.7995797	0.9052203	0.1188047	0.5833261	0.9747718	0.3200001	0.3611035	0.3580371	0.5792275	0.6921118	0.4843986	0.2118473	0.3996149	0.6288656	0.1015608	0.6000137	0.2393626	0.0240637	0.5322206	1.0244417
950	0.0252043	0.5949297	1.0446687	0.1774745	0.4142424	0.0001627	0.0285492	0.0233718	0.9187578	0.2063874	0.1102308	0.0956913	0.0080778	0.1344685	0.8273210	0.4808585	0.4320927	1.0109171	1.0492259	0.7699106	0.0526502	0.5376734	1.0308396	0.9706924	0.9519844	0.6727067	0.8965444	0.1059943	0.2325361	0.0366641	0.4500432	0.1076313	0.6514831	0.9216892	0.2964112	0.8575214	0.3671251	0.7660669	0.3124338	0.0196014	0.9837401	0.4429734	0.0904645	0.0951583	0.7299707	0.5930044	0.5587340	0.8638550	0.7762036	0.2468539	0.1042850	0.3321139	0.5255635	0.0009576	0.8173098	0.5497873	0.8037086	0.2507907	0.5278478	0.8987141	0.7264415	0.5989332	0.3322123	0.2450178	0.5779934	0.5117172	1.0283640	0.7671166	0.3877176	0.0544587	0.3871073	0.1803982	0.3074717	0.8855532	0.2447211	0.3626802	0.9105326	0.2383308	0.2950041	0.7151009	0.8249508	0.9218977	0.1102148	0.6604278	0.9558703	0.3638157	0.3157977	0.3648715	0.6131641	0.7433030	0.4778358	0.2001849	0.4350660	0.5831331	0.1212762	0.5689963	0.2653272	0.0154299	0.5677844	0.9730101
1000	0.0493826	0.6413396	1.0657471	0.1443518	0.4433816	0.0027336	0.0126606	0.0326934	0.9925940	0.1837573	0.1083382	0.0655587	0.0092546	0.0910769	0.8802942	0.4472083	0.4925680	1.1191377	0.9599819	0.7549248	0.0624230	0.5989368	1.0737454	1.0192492	0.8636594	0.6742704	0.9305314	0.0937080	0.2354632	0.0355145	0.3995436	0.1186575	0.6788300	0.7576621	0.2539004	0.9636360	0.3513313	0.6662013	0.3307066	0.0165690	1.0106285	0.4586536	0.0819821	0.0691698	0.7098611	0.5786154	0.6469795	0.9221579	0.7659368	0.2225768	0.0960547	0.2952408	0.6905409	0.0025491	0.7058670	0.5396420	0.7474291	0.2284958	0.4920234	0.8231360	0.7241672	0.5769876	0.2685635	0.2825921	0.5085742	0.4497543	0.9691720	0.7117089	0.4630532	0.0298583	0.3392249	0.1781426	0.3036686	0.9106654	0.2852766	0.3597648	0.8689263	0.2462016	0.2962837	0.6704569	0.7632718	1.0686710	0.1161531	0.6698145	0.9513544	0.2914268	0.3112308	0.3963623	0.6024395	0.6992619	0.4695637	0.1941053	0.4951191	0.5475496	0.1253569	0.5948870	0.2296091	0.0232354	0.5595342	1.0369449

0	0.0094491	0.6355617	1.0459758	0.0876986	0.4170952	0.0015965	0.0357302	0.0201856	0.7842026	0.5482911	0.1482550	0.1067167	0.0074763	0.0795139	0.9263252	0.4386615	0.5117037	1.0187251	0.9869150	0.9112762	0.0675828	0.6396705	0.9879649	0.9056811	1.0249936	0.8053086	0.8415975	0.0956169	0.2807776	0.0361236	0.3476186	0.0945586	0.7647381	0.8073502	0.2691465	0.9854445	0.2644993	0.7761342	0.3511720	0.0142404	0.9503393	0.3956488	0.0912837	0.0721673	0.8039584	0.5632487	0.5721011	0.9104100	0.8750489	0.3877912	0.0490860	0.3690556	1.0040851	0.0016799	0.7496314	0.4296180	0.7445798	0.3138374	0.4763448	0.9977159	0.8917758	0.5763065	0.2317245	0.3844034	0.5377636	0.4876338	1.0898320	0.8135737	0.5024926	0.0491368	0.3912071	0.2335426	0.3169327	0.9297559	0.3112694	0.3637340	0.9584119	0.1589398	0.2670455	0.6498318	0.7931145	1.0351174	0.1402507	0.6535788	1.0095359	0.4184859	0.2245238	0.5131035	0.6073464	0.7854143	0.4606182	0.1309775	0.4648780	0.5528648	0.0723851	0.5781484	0.2784400	0.0363961	0.5378107	0.9932421
50	0.0097463	0.5982535	1.1123226	0.1366925	0.5397493	0.0001117	0.0365427	0.2290582	0.7347236	0.4515204	0.0715530	0.1259186	0.0071109	0.0618311	0.9261568	0.4430382	0.3821690	1.0288954	0.9991161	0.8084223	0.1627272	0.6572995	1.0380140	0.9189642	0.8736276	0.6795556	0.9675432	0.1084322	0.2572772	0.0279695	0.3504064	0.0699704	0.6518942	0.7972030	0.3133349	0.9877205	0.1429889	0.7090068	0.4530438	0.0275863	0.9205041	0.4549516	0.1191751	0.0661162	0.7101360	0.4136014	0.5750035	0.8807101	0.8200737	0.4515250	0.0684051	0.5441472	0.9160676	0.0011320	0.7280568	0.3430422	0.7196571	0.4513882	0.2929491	0.9043621	0.6499628	0.6532925	0.1784032	0.3055663	0.5476939	0.5390093	1.1040820	0.7209841	0.4286682	0.1849496	0.3774515	0.1545196	0.2898574	0.9493525	0.2970313	0.3617887	0.9199623	0.1735249	0.2466326	0.6478158	0.7643169	0.9478285	0.1034135	0.5746442	1.0423939	0.3723063	0.2294332	0.5519450	0.6112624	0.8266709	0.3996312	0.1923104	0.4659310	0.5728069	0.1118421	0.5989388	0.2848716	0.0212562	0.6425580	0.9888669
100	0.0153577	0.6078385	1.0945805	0.1959768	0.7574050	0.0005672	0.1502182	0.4748042	0.8243720	0.4555660	0.0575652	0.1044387	0.0029674	0.0718481	0.8314793	0.4329215	0.4762208	1.0220970	0.9455203	0.8492261	0.3205500	0.5950311	0.9962523	0.8225472	0.9390354	0.7469063	1.0447492	0.1144211	0.2013149	0.0163634	0.2374422	0.0748572	0.6214091	0.8553431	0.3313080	0.9959860	0.1665600	0.8181196	0.4625793	0.0393859	0.9426706	0.4833177	0.1526760	0.0458669	0.7642665	0.5092773	0.5833690	0.9126983	0.8245688	0.7414676	0.0786879	0.7212492	1.0000792	0.0001003	0.8618721	0.2066791	0.7992215	0.5596067	0.2725792	0.7695452	0.6745660	0.6509104	0.1126158	0.3492973	0.5724941	0.5158366	1.0304302	0.7164969	0.3932286	0.3062392	0.3822339	0.2529313	0.3219245	0.8920633	0.2797917	0.2545890	0.8849980	0.1203382	0.2369840	0.6762031	0.7913755	1.0763017	0.0935246	0.7898939	0.9990915	0.3370402	0.2308715	0.4563846	0.6208387	0.8577182	0.4189578	0.2400022	0.3826801	0.4641004	0.1314021	0.6255841	0.3114313	0.0403989	0.8007248	1.0115539
150	0.0101382	0.7065524	1.0912840	0.2487049	0.8782727	0.0026893	0.1990397	0.6486778	0.8158842	0.4695850	0.0635367	0.0838565	0.0041746	0.0721377	0.8475075	0.4086503	0.3851002	1.0408040	0.9318356	0.8874068	0.3431748	0.6671952	1.0537371	0.8773760	0.9531251	0.6810844	0.9922668	0.1183007	0.1539424	0.0180037	0.1822496	0.0664416	0.6498523	0.8318847	0.2554365	0.8963047	0.1974015	0.8117609	0.4189734	0.0240224	0.9380214	0.4124628	0.1303210	0.0579298	0.8238751	0.4133561	0.7294308	0.9845359	0.8649362	0.7616930	0.0300066	0.8961109	0.9465003	0.0007489	0.8679417	0.1228198	0.7538842	0.4878692	0.2984721	0.6483100	0.7302078	0.7060597	0.0983859	0.3788042	0.5334203	0.5276595	1.0421901	0.7277660	0.4484760	0.3302367	0.3906296	0.2647287	0.2891138	0.9350918	0.2547289	0.2343836	0.8948991	0.1440829	0.2578361	0.6153281	0.8653759	1.0336998	0.0832667	0.8238630	0.9810971	0.3214770	0.1966061	0.4496972	0.7221444	0.9502938	0.4049168	0.3324241	0.4382105	0.4297774	0.1728991	0.6860434	0.3265891	0.0230819	0.8780232	1.0769867
200	0.0150146	0.6538708	1.0044807	0.2677485	0.8547466	0.0085005	0.2144150	0.7331865	0.8592840	0.4614442	0.0618355	0.1000779	0.0150782	0.0175627	0.8467181	0.3723449	0.4601455	1.0503279	0.8700285	0.9022573	0.3936046	0.7448024	1.0605957	0.8279745	0.9554708	0.7212972	1.0314220	0.1271895	0.1639165	0.0127574	0.1246137	0.0371494	0.6289534	0.7823789	0.2636260	0.8924828	0.1702296	0.7335880	0.4014253	0.0256271	0.9759272	0.4557363	0.1203184	0.0395051	0.7578847	0.3983242	0.7953517	0.9314285	0.8839538	0.8584234	0.0084527	0.7669981	0.8287772	0.0004176	0.8790989	0.0951662	0.7961115	0.5301838	0.2429946	0.6103355	0.7775179	0.7710790	0.0929228	0.3321030	0.5320278	0.5610443	1.0317176	0.6890562	0.4591069	0.3252900	0.4061000	0.2576189	0.2915885	0.9648380	0.3323398	0.3079587	0.8324405	0.0940045	0.2432414	0.6022458	0.8159618	1.0160389	0.0786351	0.7119980	1.0491280	0.3744735	0.1361097	0.3620770	0.6547096	0.9330350	0.4023570	0.2131293	0.4503902	0.4063351	0.2362240	0.5328995	0.2780390	0.0158055	0.9747435	1.0457881
250	0.0082152	0.6415596	1.0843762	0.3071192	0.8696606	0.0143799	0.2813395	0.7569321	0.7370150	0.4092086	0.0640272	0.1033925	0.0075465	0.0195217	0.8224606	0.3439501	0.4745193	1.0251551	0.8862562	0.9640269	0.4311942	0.5975155	1.0299803	0.7406175	1.0967527	0.6790698	1.1477508	0.1127930	0.1403296	0.0253953	0.0651992	0.0384248	0.6569180	0.7279315	0.2548535	0.9492843	0.1504867	0.7404681	0.4081886	0.0197499	1.0118917	0.4845980	0.1359346	0.0480578	0.8356321	0.3989026	0.7104993	0.9323587	0.8239815	0.8861286	0.0003226	0.7486657	0.8966208	0.0015685	0.7610466	0.0844115	0.8512612	0.5328484	0.2526723	0.5687250	0.7143073	0.7542908	0.1085897	0.3750284	0.5313070	0.4824279	0.8922788	0.7614199	0.4490876	0.3080648	0.4011845	0.2494020	0.2845267	0.9213329	0.2826226	0.1664732	0.8885785	0.1022005	0.2777841	0.5268518	0.8358114	0.9073349	0.0828140	0.7741616	0.9398167	0.3116627	0.0960602	0.3928338	0.7246200	0.9448254	0.4811607	0.1828202	0.4240281	0.4129189	0.3194443	0.5839200	0.3562138	0.0156120	0.9580512	1.0772060
300	0.0155867	0.5998988	0.9673054	0.2566248	0.8215965	0.0155337	0.3116339	0.7621329	0.8068751	0.3804229	0.0733244	0.0808657	0.0048600	0.0348465	0.9436148	0.2897741	0.4812731	0.9792320	0.7839979	0.9652139	0.3758410	0.6572684	0.8973337	0.8232304	1.0191628	0.6273092	1.0495087	0.1310663	0.1499136	0.0285150	0.0996853	0.0391757	0.6170465	0.7396626	0.2590143	0.9292428	0.1338036	0.8272763	0.4263771	0.0158879	0.9589796	0.4970041	0.1590691	0.0446773	0.8510250	0.3956826	0.6963729	1.0583001	0.8255695	0.7866729	0.0001439	0.7017049	0.9234148	0.0018930	0.8539210	0.0680857	0.6678201	0.4667313	0.2601241	0.5382180	0.8860185	0.6768843	0.1171554	0.3405811	0.5832397	0.5870715	0.9130898	0.7411025	0.4312838	0.3270483	0.3598369	0.2328298	0.2367907	0.9979828	0.2924615	0.1553760	0.8895117	0.0728797	0.2549525	0.4850298	0.7439118	0.9194813	0.0869475	0.8874629	0.9945127	0.3412239	0.0638710	0.4670503	0.7701199	0.9677016	0.4778187	0.2168825	0.4431058	0.3482446	0.3655921	0.5899247	0.3227769	0.0349574	1.0420672	1.0670588
350	0.0169069	0.6402595	1.0967424	0.2546538	0.7777293	0.0363334	0.3192495	0.8920820	0.8135045	0.3596247	0.0669033	0.0745942	0.0139405	0.0445804	0.9213039	0.2968267	0.4923088	0.9223023	0.9637370	0.8535682	0.4416443	0.5693071	0.8948324	0.7891695	1.0810358	0.6691995	0.9535139	0.1263838	0.1752317	0.0212579	0.1027566	0.0168713	0.6188100	0.8044113	0.2801135	0.9803258	0.1634207	0.7377574	0.3714789	0.0276745	0.9151863	0.4677914	0.1338863	0.0306085	0.8649357	0.3454680	0.6587813	0.9009803	0.7092683	0.8154979	0.0027411	0.8001009	0.9423930	0.0002031	0.9486103	0.0806927	0.7014564	0.5319907	0.2537789	0.5631251	0.8828905	0.6166180	0.1156494	0.3929375	0.5317700	0.5359652	0.9982259	0.8283439	0.4006619	0.3097331	0.4754850	0.2170963	0.2093617	0.9280597	0.3029140	0.2081329	0.9231871	0.1027909	0.2583716	0.4905431	0.8006114	0.9736392	0.0720096	0.8949604	0.9500179	0.3120013	0.0834709	0.5504576	0.7091132	0.9989865	0.4223401	0.1451093	0.4407713	0.3369487	0.3898317	0.6175058	0.3098073	0.0280467	1.0435811	1.0355158
400	0.0131700	0.7537284	1.1260965	0.2224103	0.9052519	0.0485580	0.3540348	0.9036801	0.8324657	0.4386071	0.0594970	0.1043879	0.0079883	0.0711121	0.7639988	0.3130472	0.5190168	1.0010493	0.8911434	0.8179433	0.4741515	0.6051495	0.9828453	0.7221700	0.9488029	0.7264825	1.0560403	0.1282438	0.1571026	0.0236914	0.1005224	0.0238160	0.6110225	0.7581261	0.2690945	0.9167728	0.1503994	0.7429400	0.3237129	0.0507227	0.9635927	0.4552727	0.1807821	0.0465303	0.8639675	0.3659085	0.7601735	1.0265277	0.8871496	0.8145157	0.0029953	0.7034359	0.8490538	0.0003857	0.9699004	0.0693478	0.6978203	0.4915755	0.2732729	0.5574917	0.9474911	0.5850361	0.1062344	0.3587038	0.5223804	0.5573100	0.9225205	0.7385729	0.4703258	0.3039617	0.4572090	0.2075595	0.2593585	0.9621240	0.3265147	0.2005452	0.9900975	0.0863608	0.2518259	0.3880157	0.6969208	1.0027268	0.0731418	0.9393389	0.8939125	0.2920827	0.1170340	0.5145518	0.7107097	1.0053490	0.4620799	0.2073901	0.4881804	0.3291180	0.3659363	0.6039502	0.2952100	0.0062694	0.9351563	0.9246193
450	0.0135135	0.6906174	0.9686858	0.2258947	0.7402974	0.0841736	0.3826780	0.8725609	0.8779998	0.4300193	0.0480844	0.0786306	0.0050180	0.0478822	0.7501008	0.2587599	0.5454521	1.0053376	0.9116657	0.8219952	0.4070899	0.6415167	1.0134611	0.7200834	0.9799691	0.7248472	0.9554589	0.0992688	0.1649659	0.0187497	0.1172989	0.0084009	0.6330312	0.7771510	0.3206287	0.9737693	0.1804219	0.7928722	0.3300471	0.0271363	0.9131340	0.4527999	0.1554969	0.0415227	0.7905210	0.3797021	0.7863627	0.9836412	0.8759833	0.8167469	0.0027625	0.7393230	0.8763819	0.0004644	0.9296923	0.0414262	0.8176227	0.4349372	0.3007352	0.5646119	0.9492002	0.7454943	0.0970546	0.3557687	0.5852467	0.4954639	1.0052163	0.8237745	0.5577563	0.2695710	0.4039076	0.2369189	0.2889101	0.8565270	0.3216331	0.1764299	1.0291172	0.0834703	0.2645317	0.3885345	0.6482904	1.0323716	0.0550915	0.8617795	0.9037417	0.3202377	0.1139905	0.4602567	0.7398151	0.8853720	0.5580890	0.3093079	0.4268633	0.2955931	0.3791101	0.5126921	0.2665518	0.0125799	0.8553753	1.0114612
500	0.0119403	0.6249469	0.9875609	0.2318636	0.7337799	0.0803202	0.3275120	0.8332365	0.8166623	0.4457626	0.0755522	0.1026252	0.0207293	0.0452285	0.7669871	0.2661383	0.5151654	0.9697239	0.8771920	0.7535359	0.3816456	0.6665353	0.9790166	0.7773717	0.8966474	0.7586980	1.0091688	0.0711747	0.1320476	0.0222142	0.1031124	0.0185088	0.6237303	0.6825916	0.3258896	0.8791806	0.1193701	0.8657307	0.3062722	0.0098005	0.9040774	0.4694991	0.1173162	0.0318434	0.8269385	0.3106120	0.8599424	0.9403311	0.8657144	0.8673431	0.0037192	0.6843049	0.8743415	0.0001035	0.9448130	0.0724949	0.8774663	0.4464220	0.3309233	0.5865405	0.9542054	0.6487756	0.0868630	0.3746803	0.5512136	0.4640814	0.9650474	0.7968641	0.5247567	0.3325568	0.3622269	0.2600751	0.3104851	0.8285855	0.3013165	0.1958613	1.0186303	0.0586641	0.2399650	0.4234454	0.6160198	0.9733730	0.0624059	0.9261585	0.8575121	0.2927080	0.1302283	0.4690649	0.7332830	0.7998542	0.5020937	0.3046180	0.4209538	0.2702229	0.4097006	0.6254123	0.2838410	0.0214978	0.9879251	0.9529511
550	0.0156596	0.5989692	0.9941957	0.1974046	0.5920814	0.0616637	0.3105621	0.6083823	0.8168234	0.4867204	0.0761167	0.1184594	0.0444062	0.0575145	0.7365731	0.2753133	0.5245757	1.0193911	0.9556479	0.8427116	0.2629938	0.6063034	0.9564790	0.9345389	0.8773212	0.6598809	1.0026124	0.0776087	0.1495846	0.0250704	0.1905179	0.0568594	0.6841420	0.7712118	0.3058361	0.7588183	0.0751312	0.8384944	0.2825255	0.0242791	0.8856967	0.4746555	0.1208351	0.0406687	0.8341279	0.3435408	0.7524564	0.8683080	0.8366453	0.6221098	0.0037672	0.5773441	0.8661460	0.0004315	0.8613297	0.2352448	0.7606865	0.4544199	0.4573028	0.7635908	0.9395015	0.6089173	0.1400054	0.3309273	0.5802768	0.4688410	0.9365995	0.8055804	0.5497473	0.1800518	0.3252245	0.2774636	0.3456342	0.8001034	0.2845043	0.1524092	1.0675177	0.0873835	0.2173523	0.3708695	0.6877428	1.0838504	0.0519922	0.8184710	0.8599822	0.3204736	0.1729958	0.4729353	0.6455721	0.8520499	0.5989569	0.1955657	0.4454020	0.4086713	0.3389921	0.6339361	0.2684150	0.0193605	0.8384670	0.9835236
600	0.0170222	0.6441404	0.9218606	0.1275970	0.4148046	0.0442660	0.2544035	0.3563238	0.6943982	0.4568303	0.0953105	0.1209540	0.0310864	0.0977308	0.7508243	0.2980448	0.4851229	0.9210627	0.9789677	0.8226808	0.1578426	0.5490144	0.9629483	1.0542719	0.9260734	0.6525012	0.9065668	0.1037771	0.2233971	0.0212866	0.2813926	0.1007458	0.6359324	0.8315907	0.2609495	0.7557999	0.0852492	0.7226406	0.2984368	0.0279139	0.9005575	0.4696527	0.0950172	0.0420136	0.8450648	0.3290185	0.6556247	0.8755122	0.8536494	0.4645423	0.0042474	0.3672693	0.8171774	0.0003658	0.7594564	0.3438878	0.7959329	0.3266341	0.5171506	0.8100551	0.8999181	0.6587824	0.2024339	0.3258036	0.5501300	0.4369524	0.7107466	0.6951257	0.5697541	0.0911875	0.3413176	0.2467548	0.3475302	0.9356963	0.3264446	0.1888381	0.9572345	0.0806188	0.1944031	0.5227310	0.7117624	1.0135180	0.0898340	0.8377076	0.7898901	0.2568945	0.2222899	0.4653787	0.5826982	0.8088312	0.5554446	0.1966288	0.4476879	0.4991367	0.2244959	0.5207164	0.2219095	0.0501219	0.6922507	1.0719509
650	0.0141992	0.7235304	0.9944486	0.1237449	0.3337358	0.0415916	0.1708083	0.1473716	0.8157575	0.3886598	0.0994465	0.1320536	0.0153431	0.1180023	0.7693416	0.3198490	0.4848780	0.9811486	0.8956659	0.7540566	0.0939479	0.4863381	0.8412210	0.9652727	0.8483960	0.6135287	0.8987518	0.1049616	0.2026284	0.0264467	0.3932101	0.0708724	0.6519302	0.7918092	0.2332818	0.7405740	0.1154999	0.6918541	0.4030120	0.0328228	0.9831638	0.4270674	0.0784461	0.0278771	0.9060094	0.4812800	0.6310941	0.7960276	0.8192467	0.3592364	0.0107691	0.2668831	0.8237026	0.0001254	0.7884580	0.4562724	0.7293170	0.3224762	0.4668790	0.8475099	0.9039713	0.5786310	0.1320332	0.2412296	0.5345951	0.5037751	0.6783919	0.8008445	0.5841991	0.0687191	0.3685412	0.2717736	0.3464902	0.9511753	0.3506647	0.1876394	0.9954017	0.0765027	0.1699665	0.4915703	0.6573992	0.9708505	0.0682694	0.7675677	0.9010319	0.2723534	0.3103015	0.4405501	0.5328496	0.8106915	0.5530454	0.2494052	0.4056360	0.5411039	0.1292811	0.5228841	0.2555813	0.0306614	0.6652978	1.0355392
700	0.0251465	0.6174585	1.0043148	0.1107669	0.3434426	0.0188788	0.1139275	0.0768886	0.8489965	0.4614819	0.0954486	0.1043414	0.0032765	0.0692755	0.8442939	0.4028334	0.4907332	0.9413301	0.9030839	0.7145351	0.0659822	0.5550971	0.9239044	0.8968181	0.8666218	0.6393303	0.9798196	0.1299684	0.2114933	0.0482670	0.3732499	0.0875142	0.5567656	0.8550651	0.2735705	0.7551456	0.1537567	0.7504951	0.3730990	0.0362705	0.9529166	0.4135379	0.0773645	0.0302995	0.8301334	0.4243738	0.5823994	0.7179922	0.8199777	0.3522073	0.0198191	0.2421616	0.8016767	0.0035663	0.7500491	0.5417029	0.7171923	0.2543726	0.4935412	0.8845598	0.8578962	0.5562625	0.1496381	0.2351718	0.4926654	0.4795809	0.8564134	0.7915834	0.5198988	0.0609273	0.2868889	0.2779359	0.2959196	0.9275459	0.3671234	0.1820195	0.9455113	0.1216174	0.1629619	0.6052154	0.6056584	0.9168619	0.0755365	0.7032412	1.0136837	0.3089429	0.3655292	0.4596337	0.5499198	0.8002230	0.5545287	0.2929995	0.3760197	0.5102665	0.0682178	0.5808655	0.2968312	0.0360878	0.5414257	1.0648047
750	0.0154395	0.5777634	1.1074831	0.0832328	0.4523953	0.0113692	0.0592333	0.0364224	0.8527813	0.3999970	0.1289732	0.0771706	0.0036032	0.1078631	0.8982882	0.3492457	0.5002798	0.9531287	0.8655079	0.7770108	0.0670376	0.6298003	0.8786172	0.9903257	0.9230053	0.6646315	0.9935499	0.0923908	0.2912087	0.0489074	0.4010021	0.0938799	0.5886292	0.8297190	0.2750548	0.7270384	0.1920717	0.7279646	0.3706898	0.0325612	0.8970621	0.4699519	0.0478446	0.0376159	0.7563271	0.5141703	0.4923573	0.7498070	0.8498372	0.3419051	0.0314801	0.2743794	0.8870965	0.0028598	0.7286266	0.4568953	0.7866903	0.2756172	0.5733999	0.9463195	0.7622549	0.5050327	0.1641265	0.2438873	0.4815611	0.5259209	0.8861783	0.8132850	0.4992438	0.0788874	0.4084449	0.2574469	0.2472176	0.8925771	0.3651579	0.3462789	1.0364529	0.3289709	0.1897693	0.6011400	0.7053091	1.0816206	0.0695510	0.7413813	0.8917483	0.3055637	0.4235060	0.4921565	0.5878286	0.8830206	0.5054160	0.3063655	0.3533134	0.6006377	0.0941223	0.5761788	0.3088331	0.0345231	0.5337874	1.0296428
800	0.0207628	0.5486688	1.1345380	0.0601193	0.4020093	0.0113678	0.0477985	0.0280393	0.8718868	0.4195612	0.1570680	0.0696604	0.0068115	0.0988297	0.9883144	0.3464490	0.4943256	1.0006753	0.9508248	0.8639961	0.0651475	0.6103856	0.9551444	1.0475106	0.9059969	0.7027588	0.9103550	0.0641247	0.3359453	0.0572684	0.4833705	0.0821043	0.6703732	0.8587705	0.2613956	0.8691577	0.3559639	0.7881537	0.3827502	0.0611256	0.9594981	0.4155730	0.0628749	0.0258488	0.7147186	0.5285384	0.6124678	0.8224126	0.7425300	0.3353085	0.0397185	0.2938661	0.9644609	0.0041499	0.7512594	0.4047077	0.7969846	0.2786293	0.5489292	0.9628593	0.7300335	0.5197843	0.1680798	0.2783005	0.5210851	0.5286550	0.8590913	0.7543034	0.4764125	0.0353146	0.4227548	0.2478535	0.2771361	0.9677138	0.2879940	0.5027241	0.9825443	0.4842570	0.2207448	0.6489217	0.7363814	1.1008578	0.1040277	0.6508216	0.9118671	0.2873090	0.3854015	0.5465133	0.5061537	0.8809124	0.4827504	0.3118304	0.4146415	0.4820925	0.0993705	0.5110984	0.2814990	0.0570459	0.5413132	0.9946183
850	0.0344151	0.5442864	1.0212140	0.0971584	0.4421555	0.0073385	0.0360566	0.0284280	0.8914887	0.2773215	0.1946191	0.1110297	0.0026999	0.1538797	0.8537670	0.3847052	0.4201357	1.0479577	0.9938359	0.8340563	0.0722298	0.6540784	0.9402774	0.9386531	0.9201862	0.5685192	0.8070084	0.0693084	0.2983660	0.0470081	0.3460872	0.0903019	0.6310991	0.8657543	0.2958754	0.8068998	0.3483069	0.7852478	0.3483928	0.0339350	0.9666197	0.4257300	0.0427792	0.0570127	0.6686064	0.6118977	0.5802913	0.8714746	0.8303141	0.3575963	0.0726632	0.3011657	0.9401167	0.0027130	0.6502515	0.4041805	0.8578130	0.3200439	0.4777588	0.8975303	0.7225694	0.5582063	0.1881503	0.2322095	0.5260598	0.5120579	0.9577571	0.7021495	0.5322620	0.0546354	0.3722102	0.1660335	0.2702025	0.8907986	0.2938756	0.5887298	1.0094118	0.5902948	0.2537796	0.6737320	0.7694022	0.9679396	0.1518809	0.6767602	0.9163643	0.3608064	0.3759719	0.6454773	0.5727632	0.7533350	0.4974768	0.2814914	0.4139484	0.5374632	0.0645103	0.5421667	0.2672288	0.0443231	0.4489110	1.0287666
900	0.0149517	0.5954922	0.9927804	0.1522050	0.4000835	0.0036725	0.0460264	0.0250647	0.9773329	0.3283528	0.1705392	0.0974223	0.0014758	0.1233636	0.9045432	0.4502774	0.4193456	1.0690337	0.8761480	0.8292661	0.0665440	0.6064878	0.9391358	0.9853402	0.8954053	0.7597529	0.7732823	0.0992515	0.2087662	0.0437706	0.3357193	0.1067541	0.5614142	0.9234935	0.2681438	0.8724626	0.3152782	0.7970561	0.3675784	0.0188832	0.9177842	0.4383953	0.0604360	0.0923754	0.6627114	0.5898769	0.5911803	0.8514445	0.7738518	0.2781886	0.0855359	0.3749604	0.8675775	0.0000952	0.6550878	0.4021427	0.8582423	0.3033552	0.4187746	0.8963356	0.7112174	0.5224779	0.2850611	0.2545341	0.4929442	0.5593183	0.9596332	0.7762218	0.5636767	0.0643890	0.3530198	0.1635656	0.3505360	0.8040809	0.2822740	0.4405004	0.9142987	0.6168939	0.2619218	0.6027940	0.8152460	0.9582216	0.1521146	0.6789436	0.9873894	0.3964352	0.3329033	0.5975206	0.5161501	0.7482229	0.4976567	0.2923710	0.3650012	0.4383126	0.0538252	0.5028275	0.2703342	0.0253592	0.5450700	1.0243857
950	0.0136768	0.5616024	1.0445906	0.1373569	0.4055238	0.0024080	0.0222686	0.0292433	0.9276545	0.3757307	0.1485502	0.0459917	0.0015918	0.1166314	0.8325905	0.4740215	0.4919094	0.9053953	0.9408518	0.7249117	0.0714674	0.6857867	1.0666512	0.9219299	0.8572137	0.6789800	0.9151232	0.1044034	0.2494109	0.0361337	0.3574644	0.1065439	0.5790824	0.7206534	0.2923810	0.8031200	0.2442414	0.7559058	0.4281902	0.0245025	0.9058201	0.4650171	0.0732480	0.1068630	0.6332498	0.5575563	0.5741392	0.9679738	0.9250161	0.3123896	0.0740455	0.3673613	0.8890924	0.0029024	0.7552638	0.4162267	0.8481428	0.2864093	0.4374666	0.9649221	0.7143664	0.5492112	0.3323712	0.2397322	0.5368333	0.5122446	0.9071338	0.7287284	0.4246159	0.0599788	0.3109174	0.2556993	0.3083951	0.8304385	0.2660698	0.4659448	0.9219589	0.4769863	0.3365776	0.5681692	0.7295392	0.9875129	0.1436297	0.6484903	0.9310211	0.3469270	0.3504761	0.5065603	0.5616164	0.7573722	0.4301765	0.3565105	0.3731401	0.5154802	0.0455536	0.6237413	0.3171472	0.0326906	0.5578227	0.9901356
1000	0.0160443	0.5741949	0.9305978	0.1795026	0.4349266	0.0042656	0.0288117	0.0229748	0.8439001	0.4940252	0.1606490	0.0705644	0.0062357	0.1180846	0.8159581	0.4386634	0.4699285	0.9814891	0.9700932	0.8369815	0.0726200	0.6069516	1.0986262	0.9139616	0.8274487	0.5837270	0.8598075	0.1309226	0.2632746	0.0390075	0.3327792	0.1228580	0.6059279	0.7509298	0.2541966	0.8831565	0.2688798	0.7994849	0.3593054	0.0201965	0.8565878	0.4126293	0.1065610	0.0579097	0.6748298	0.5592831	0.6166983	0.8017774	0.8756839	0.3539744	0.0746892	0.3409954	0.8973400	0.0010509	0.7139823	0.4849690	0.7901294	0.3485117	0.5076390	0.9633277	0.7280684	0.4864801	0.3274435	0.2300998	0.5412261	0.4868568	0.9718295	0.7020794	0.4384702	0.0734635	0.3396193	0.1551051	0.3171040	0.9075133	0.2641221	0.4015732	0.9427288	0.3037616	0.3351849	0.5958585	0.7900011	0.9950371	0.1810531	0.6501481	0.8590754	0.3900571	0.3205337	0.5013631	0.5963340	0.6545158	0.4241724	0.3015018	0.3431521	0.5808134	0.0666404	0.6290850	0.2593021	0.0229880	0.5469556	0.9876647

0	0.0094491	0.6355617	1.0459758	0.0876986	0.4170952	0.0015965	0.0357302	0.0201856	0.7842026	0.5482911	0.1482550	0.1067167	0.0074763	0.0795139	0.9263252	0.4386615	0.5117037	1.0187251	0.9869150	0.9112762	0.0675828	0.6396705	0.9879649	0.9056811	1.0249936	0.8053086	0.8415975	0.0956169	0.2807776	0.0361236	0.3476186	0.0945586	0.7647381	0.8073502	0.2691465	0.9854445	0.2644993	0.7761342	0.3511720	0.0142404	0.9503393	0.3956488	0.0912837	0.0721673	0.8039584	0.5632487	0.5721011	0.9104100	0.8750489	0.3877912	0.0490860	0.3690556	1.0040851	0.0016799	0.7496314	0.4296180	0.7445798	0.3138374	0.4763448	0.9977159	0.8917758	0.5763065	0.2317245	0.3844034	0.5377636	0.4876338	1.0898320	0.8135737	0.5024926	0.0491368	0.3912071	0.2335426	0.3169327	0.9297559	0.3112694	0.3637340	0.9584119	0.1589398	0.2670455	0.6498318	0.7931145	1.0351174	0.1402507	0.6535788	1.0095359	0.4184859	0.2245238	0.5131035	0.6073464	0.7854143	0.4606182	0.1309775	0.4648780	0.5528648	0.0723851	0.5781484	0.2784400	0.0363961	0.5378107	0.9932421
50	0.0099064	0.6931190	1.0528316	0.1360119	0.3744875	0.0003979	0.0226169	0.0140683	0.6992535	0.4300353	0.1024725	0.0477531	0.0027369	0.0810473	0.8559541	0.4360342	0.4361117	1.0619918	0.8824503	0.8797844	0.0621199	0.6032955	0.9996918	1.0482601	0.8317227	0.8156054	0.9658798	0.0882385	0.2219170	0.0607326	0.4247611	0.0607647	0.6750713	0.8888371	0.2237229	0.7473288	0.2223813	0.7749509	0.3897547	0.0199124	1.0081662	0.6324274	0.2246791	0.0996727	0.7947838	0.5571973	0.5389038	0.8490284	0.8467108	0.5603745	0.0411213	0.3688039	0.8994112	0.0080207	0.9150895	0.4228255	0.7924529	0.2266137	0.3958209	0.9322981	0.6510179	0.5761478	0.1969487	0.2816418	0.4960813	0.5817155	0.9966195	0.7424957	0.5358296	0.0773509	0.3225186	0.1262921	0.2683303	0.8616845	0.3777356	0.3578792	0.8212194	0.6496304	0.5556678	0.6695031	0.7291542	1.0173748	0.0912985	0.6760629	0.9916922	0.3658334	0.2370552	0.4702098	0.5411364	0.7502081	0.5373098	0.1214675	0.4476872	0.5958516	0.0715591	0.7401759	0.2354010	0.0305457	0.4073113	0.9785235
100	0.0037133	0.6004204	1.0059025	0.1591323	0.3108976	0.0020686	0.0234484	0.0156758	0.7404534	0.4732645	0.0503523	0.0247312	0.0024903	0.0935903	0.8156126	0.4419590	0.3458748	1.0144216	0.9039062	0.7240995	0.0640262	0.6307165	0.9791631	1.0324801	0.8827329	0.9449197	0.8698302	0.1325073	0.2058408	0.0559077	0.4139837	0.0399673	0.6254374	0.9007447	0.2273701	0.9099255	0.2745146	0.7366662	0.3787946	0.0515869	0.9746511	0.6806741	0.3780873	0.1010971	0.7599697	0.4541406	0.6042648	0.8132285	0.9013996	0.8398769	0.0604136	0.3363188	0.8330089	0.0032526	0.9151904	0.3841209	0.7890499	0.1543438	0.3555195	0.9216786	0.6605072	0.6445089	0.1358341	0.3142380	0.5518431	0.5393401	0.9799052	0.7939466	0.5685152	0.0822895	0.2958101	0.0297774	0.2296000	0.8919305	0.3715786	0.3196133	0.8970357	0.7957653	0.7057677	0.7115630	0.7151285	1.0376701	0.1106118	0.6764355	0.9857351	0.3487130	0.2159421	0.5160572	0.4601122	0.9540426	0.4758510	0.1976971	0.3989358	0.5128019	0.1338501	0.7493833	0.2717182	0.0467802	0.2900415	1.0014009
150	0.0094977	0.6131822	0.8831203	0.2285862	0.2733095	0.0000293	0.0293540	0.0161687	0.7639455	0.4530946	0.0457430	0.0117098	0.0037097	0.1286323	0.8952287	0.3683764	0.4549680	0.9187796	0.9940262	0.7002337	0.0648355	0.7296633	0.9733702	1.0040139	0.8142946	1.0214185	0.8269376	0.0961143	0.2437790	0.0597950	0.3850663	0.0234128	0.6365359	0.8140409	0.2625694	0.9571855	0.2327682	0.7210381	0.4232252	0.2434889	1.0317823	0.6925387	0.4376695	0.0768120	0.7417104	0.4673946	0.5481900	0.7646126	0.8239406	0.8824054	0.0480063	0.3383155	0.9160981	0.0071915	1.0472150	0.3126093	0.7468144	0.1671272	0.3853826	0.9871417	0.7491847	0.6388048	0.0449151	0.3163358	0.5186976	0.5113447	1.0461661	0.6658094	0.5953305	0.1059635	0.3730698	0.0124373	0.2156124	0.9511710	0.3201254	0.2893736	0.9000299	0.7689689	0.8547774	0.7064243	0.7688625	0.9038201	0.0757273	0.7032129	0.9210450	0.2714521	0.2773202	0.4268072	0.4512888	0.9610923	0.5432495	0.2536682	0.4611349	0.5965019	0.2595660	0.7579016	0.2808115	0.0343246	0.1776099	1.0428890
200	0.0135293	0.7089698	0.8942328	0.2286249	0.2803605	0.0007357	0.0140839	0.0207540	0.7958148	0.3964683	0.0405128	0.0040132	0.0035780	0.0888763	0.9067608	0.2027616	0.4678501	1.0023586	0.9381551	0.6627149	0.0914568	0.6398119	0.9323420	0.9902141	0.8565115	0.9585151	0.7269893	0.1003406	0.2964519	0.0480710	0.3972295	0.0280861	0.6350687	0.8370224	0.2858044	0.9588413	0.2331393	0.6845978	0.3435870	0.4185360	1.1109138	0.6530529	0.5436500	0.0680813	0.7690292	0.5377843	0.5764710	0.8882595	0.8677855	0.9442384	0.0593598	0.4173340	0.9905472	0.0079763	0.9758597	0.3948043	0.7805242	0.2126435	0.4087301	1.0519432	0.8363841	0.6389560	0.0202972	0.3388423	0.5599300	0.3295478	1.0467128	0.7800564	0.5776834	0.1220572	0.4118088	0.0076126	0.3148286	0.9653176	0.3029295	0.3913713	0.8942624	0.8303151	0.9420067	0.6686407	0.8703621	0.9502573	0.0795659	0.7226287	0.9700865	0.2612000	0.2759184	0.4680691	0.4458081	0.8947318	0.5140210	0.2970852	0.4932803	0.6154771	0.3666491	0.7132782	0.4021045	0.0206889	0.0989077	0.9555384
250	0.0048674	0.5989972	0.9840867	0.2730844	0.2399674	0.0017615	0.0423661	0.0131723	0.9218208	0.3873402	0.0350926	0.0048951	0.0048520	0.0911742	0.9412186	0.1824487	0.4439085	0.9656021	0.9699854	0.5988198	0.0799894	0.6126286	0.9239929	0.9808876	0.8104875	1.0489203	0.7897565	0.1220181	0.2998704	0.0598839	0.3524034	0.0282243	0.6566588	0.8541023	0.2463939	0.8416378	0.2593936	0.6568026	0.3288397	0.5254734	1.0456255	0.5890321	0.5402037	0.0558146	0.7666184	0.5324442	0.6214771	0.7693752	0.7509590	0.9000926	0.0496590	0.3554200	0.9450660	0.0071298	1.0807124	0.3461153	0.7469429	0.2746887	0.3970253	1.1037906	0.8401578	0.6094693	0.0086967	0.3568869	0.5754328	0.3158508	1.0250580	0.6804801	0.6044208	0.1011121	0.4643438	0.0057823	0.3334380	1.0272493	0.3234312	0.4891781	0.8985718	0.8902747	0.9574490	0.5938163	0.8805765	0.9726209	0.0904895	0.6983878	0.8937722	0.2257924	0.2464768	0.4223201	0.4544881	0.9611292	0.5679911	0.2841819	0.5655542	0.5592816	0.5369823	0.8260491	0.5360146	0.0233986	0.0404194	0.8993172
300	0.0192034	0.6348702	1.0029321	0.3133990	0.2549615	0.0034401	0.0065733	0.0206750	0.8664996	0.4307141	0.0183128	0.0051331	0.0013738	0.0862872	0.8905772	0.1662511	0.4874430	1.0064556	0.9380757	0.5102619	0.0499038	0.6184164	0.8447264	0.9442591	0.8672019	0.9303849	0.8197301	0.0959951	0.1943916	0.0469969	0.4309195	0.0165075	0.7375751	0.8089529	0.2455629	0.9356572	0.2648620	0.6874618	0.3690162	0.5905801	1.0752120	0.6684865	0.4911053	0.0733481	0.8087081	0.5051674	0.5821645	0.7825072	0.7965039	0.9168308	0.0392942	0.3183532	0.9532913	0.0099310	1.1313854	0.3917503	0.8164218	0.2207815	0.3774208	1.1375337	0.7608948	0.6538226	0.0064448	0.3027073	0.4969309	0.2039793	1.1460903	0.6493969	0.6501973	0.0921754	0.4495181	0.0021388	0.4032457	0.8905419	0.3582891	0.3904007	1.0001268	0.8759244	0.9291745	0.6002113	0.8786398	1.0414753	0.0857299	0.6105062	0.9338939	0.2614883	0.2356830	0.4261717	0.4876367	0.9178450	0.5762230	0.2568463	0.6091006	0.5083035	0.5723316	0.8103171	0.5506512	0.0248533	0.0103759	0.9398520
350	0.0171130	0.6410502	1.0099537	0.3228511	0.2191838	0.0009731	0.0364202	0.0116078	0.8245237	0.4247338	0.0454815	0.0081184	0.0024245	0.1072976	0.9595614	0.1757040	0.4744534	1.0262638	0.9824803	0.5110534	0.0379976	0.6437447	0.9298680	0.9177991	0.9048465	0.9659963	0.7819953	0.0913717	0.1648035	0.0418111	0.3501892	0.0065436	0.7096112	0.8317500	0.2560134	0.9265176	0.2680914	0.7402033	0.3427792	0.6706733	0.9635791	0.5937738	0.5641278	0.0590427	0.8083276	0.5448533	0.5894052	0.8556735	0.7967658	0.9894969	0.0635641	0.2908895	0.9247471	0.0036776	1.1664175	0.3556915	0.7901820	0.1924167	0.3724586	1.0875914	0.8660775	0.5687905	0.0027557	0.3479954	0.5337371	0.2301703	1.0715493	0.6856847	0.7128005	0.1175006	0.3862826	0.0016940	0.4974115	0.9656390	0.3802929	0.3195095	1.0010372	0.7311567	0.9174661	0.6822096	0.9036497	0.8653559	0.1162874	0.5896784	0.9358602	0.2018533	0.2497614	0.4045167	0.4717021	0.9408995	0.5880566	0.2742353	0.6271108	0.4364093	0.6058313	0.7789448	0.6019185	0.0226080	0.0078089	0.9026332
400	0.0161300	0.6316267	1.0135136	0.2814086	0.1801718	0.0010789	0.0530509	0.0191549	0.8255665	0.3601092	0.0372544	0.0042511	0.0047256	0.0973850	0.8558983	0.1689679	0.4660808	0.9978747	0.9999301	0.5287134	0.0521378	0.6745404	0.8882536	0.9983266	0.9529556	0.9706852	0.7140996	0.0856159	0.1407153	0.0281567	0.4616695	0.0047793	0.7294916	0.8803124	0.2552504	0.9198067	0.3441649	0.7828211	0.3918809	0.7476424	0.8804556	0.6606141	0.6197358	0.0635144	0.7169426	0.6584645	0.6334432	0.8282305	0.8267086	1.0201808	0.0655602	0.2955250	1.0151138	0.0007680	1.0810368	0.3451352	0.8317066	0.2519877	0.3630030	1.1029917	0.8387367	0.5756775	0.0048606	0.2917906	0.6339313	0.1877352	0.9348994	0.6339648	0.7752823	0.1731229	0.4299682	0.0010696	0.4829130	0.8506430	0.4142297	0.2282523	1.0197085	0.8795053	0.9373083	0.6184570	0.8645534	0.9478596	0.1266276	0.5127995	0.9422330	0.2807370	0.2319832	0.3269377	0.5350099	0.9347808	0.5384565	0.2987023	0.6001909	0.4958800	0.5999230	0.8940677	0.5062662	0.0338029	0.0029780	0.8972440
450	0.0145967	0.6899120	0.9961024	0.3113704	0.2750851	0.0006383	0.0499723	0.0332824	0.7191328	0.3984846	0.0446559	0.0047548	0.0037438	0.0988483	0.7889729	0.2042727	0.4637930	0.9823216	0.9475293	0.5781772	0.0924308	0.6644710	0.9876964	0.9868253	0.8402737	1.0490305	0.6794798	0.1017646	0.0808819	0.0327632	0.3973324	0.0158635	0.6323953	0.7319123	0.2885422	0.8986126	0.3747956	0.6933027	0.3864599	0.8277005	0.9618077	0.6067478	0.6505530	0.0768738	0.6638172	0.5239820	0.5795383	0.8961752	0.8066184	1.0716879	0.0690700	0.2861795	0.8795035	0.0024290	1.0369155	0.3726539	0.8457668	0.2275723	0.3375716	1.0961632	0.8346415	0.5309143	0.0209098	0.3202997	0.5879270	0.2170125	0.9382226	0.6415343	0.7924575	0.1906947	0.4490583	0.0025077	0.6003284	0.9316078	0.3950130	0.3480514	0.9149980	0.9132148	0.9025829	0.6467293	0.8279408	0.9836517	0.1054662	0.4988213	1.0124264	0.2631495	0.2896308	0.3619804	0.5456208	1.0097276	0.5472821	0.3555403	0.6203900	0.4426207	0.5157672	0.8202055	0.3955200	0.0254883	0.0026482	0.9631978
500	0.0421551	0.7295243	0.9790388	0.2500662	0.2461511	0.0005583	0.0347649	0.0165162	0.7393366	0.2972749	0.0700220	0.0060560	0.0033305	0.1037506	0.8441168	0.2259526	0.4880484	0.9495225	0.9401476	0.6014579	0.0918358	0.6770310	1.0205550	0.9896283	0.7910944	1.0033848	0.6923321	0.0919131	0.0595336	0.0297450	0.3339565	0.0147074	0.5724405	0.8452586	0.3129356	0.9062922	0.2987318	0.7758597	0.3600177	0.7422642	0.9169122	0.6081692	0.5794492	0.0572414	0.7592476	0.6208593	0.6915233	0.9055672	0.8713312	1.0059111	0.0773623	0.2268924	0.8281985	0.0002977	1.0245312	0.3905270	0.7914974	0.2553389	0.3876961	1.0714252	0.8780451	0.5450668	0.0183932	0.3036883	0.5886352	0.1941276	1.0686008	0.6893846	0.8238280	0.1591377	0.4422188	0.0015407	0.5943642	0.9697730	0.3358846	0.3054749	0.8313952	0.9277028	0.9628253	0.6401650	0.8968473	0.8788807	0.0786289	0.4843602	0.9786392	0.2775353	0.2612093	0.3062450	0.4744997	0.9775059	0.5101146	0.3209861	0.5796228	0.4682218	0.5086095	0.7352814	0.4104965	0.0404276	0.0041162	0.9602224
550	0.0389528	0.6451969	0.9847062	0.1984579	0.3734375	0.0009852	0.0472872	0.0247085	0.8685592	0.1157143	0.0606906	0.0354164	0.0015005	0.1157869	0.7791352	0.2408078	0.5240765	0.9821076	0.9376149	0.6648839	0.0524994	0.6117096	1.0833428	1.0504271	0.8111102	0.8233011	0.6472614	0.0711202	0.0424832	0.0235526	0.2872016	0.0174704	0.5645670	0.7791549	0.3045253	0.9322388	0.3336942	0.7973471	0.3752386	0.6105888	0.9377538	0.5121230	0.4563308	0.0474686	0.7625462	0.4312330	0.6367744	0.8651423	0.8157975	0.6995443	0.0799787	0.2879519	0.8936686	0.0002788	0.8721920	0.4340842	0.8599611	0.3528239	0.4619044	1.0385650	0.8515796	0.4679121	0.0366048	0.3672638	0.6684509	0.2742505	1.0442642	0.7524189	0.8430406	0.0865514	0.4061981	0.0941008	0.5966410	0.9817594	0.3229085	0.3048847	0.9472282	0.4703532	0.7378914	0.4913357	0.8212752	0.9740208	0.0776543	0.4097340	1.0198890	0.2753016	0.1947421	0.3277909	0.5981547	0.9302280	0.5135278	0.3607880	0.6176798	0.5379217	0.5191806	0.7247220	0.3524083	0.0428528	0.0242329	1.0295081
600	0.0392854	0.5976242	1.0973385	0.2977843	0.4665738	0.0007758	0.0384892	0.0096354	0.8621898	0.1078506	0.0942538	0.0922207	0.0018700	0.1425244	0.7537097	0.2293701	0.4628840	1.0144735	0.9225082	0.8146284	0.0554170	0.6423034	0.9804730	1.0054596	0.6510659	0.6046137	0.6026661	0.0595299	0.0537046	0.0210352	0.3208218	0.0566209	0.6129995	0.7461089	0.2238790	0.9545409	0.2336444	0.7432324	0.3874060	0.4428175	0.9796787	0.3627860	0.2831342	0.0458719	0.6971768	0.4525686	0.6145571	0.8199604	0.7406088	0.4977917	0.0650549	0.3118883	0.8726485	0.0006498	0.8285793	0.5531825	0.8555758	0.3852251	0.4213650	0.9893515	0.8363890	0.3786528	0.0376640	0.3439697	0.5770658	0.3140424	1.0149881	0.7447949	0.8206063	0.0821358	0.4923490	0.2343737	0.4945472	1.0057866	0.3034755	0.2636057	0.9453867	0.1762271	0.5520080	0.5324490	0.8176537	0.9916336	0.0828438	0.3519235	0.9908550	0.2270301	0.2323088	0.3599920	0.4911896	0.8212581	0.4538289	0.3641089	0.5868412	0.5497884	0.4674116	0.6340625	0.3310097	0.0371046	0.0371521	1.0690432
650	0.0358190	0.6308273	0.9787961	0.3439481	0.4409459	0.0060957	0.0409671	0.0188754	0.9382200	0.0991674	0.0860550	0.1172711	0.0022942	0.1262006	0.8968736	0.2695779	0.4388059	0.9790849	0.9185734	0.9022563	0.0781727	0.6394372	0.9820818	1.0005800	0.6029275	0.6818807	0.5742385	0.0600083	0.1439277	0.0254122	0.3633197	0.0682368	0.5795291	0.7251109	0.2533731	0.8719239	0.2076206	0.7233247	0.3917466	0.2152271	0.9456750	0.4146333	0.1406627	0.0695606	0.7422052	0.4987771	0.5666804	0.7504946	0.8073248	0.4422057	0.0812611	0.2742191	0.8162737	0.0005118	0.6988468	0.5654464	0.7698260	0.4671620	0.4172947	1.0655665	0.8652441	0.4597877	0.2064681	0.3579892	0.5727981	0.3767894	0.8726027	0.7046429	0.6832014	0.0499562	0.3859378	0.2058340	0.3372531	0.9273202	0.2981229	0.2199149	0.9090044	0.1011247	0.4660367	0.5477568	0.6972709	1.1345256	0.0862376	0.3702048	0.9484349	0.2012641	0.2708783	0.4089117	0.5096904	0.8066179	0.4801138	0.3270851	0.5290933	0.6080994	0.5404102	0.5787669	0.2997534	0.0541096	0.0569610	0.9669652
700	0.0372042	0.5893103	1.0435904	0.2427881	0.4876225	0.0012538	0.0295654	0.0075365	1.0006941	0.0955480	0.1023672	0.1201877	0.0001430	0.1115926	0.8345272	0.2679354	0.3824385	0.9753936	0.8956630	0.8689425	0.0802793	0.6495578	1.0061138	1.1443167	0.6059216	0.7176133	0.6486772	0.1157686	0.1684466	0.0474283	0.3326323	0.0990555	0.5978280	0.8297832	0.2743864	0.8524600	0.1881022	0.7278837	0.4041065	0.0642049	0.9476182	0.4595984	0.1188578	0.0965203	0.7844646	0.4996893	0.4802426	0.8640854	0.8260540	0.4110591	0.0928504	0.2562047	0.6150465	0.0022771	0.7001333	0.5532598	0.8249361	0.4330883	0.5009614	0.9865734	0.8446351	0.4818030	0.2653162	0.3221553	0.5591522	0.4171838	0.8860360	0.6944312	0.6164207	0.0329301	0.3715207	0.2052106	0.3315335	0.9132974	0.3136362	0.2179022	0.9040909	0.0962380	0.3459350	0.5582640	0.6944355	0.9553752	0.0931359	0.5132942	0.9563870	0.2559606	0.2879421	0.3465435	0.5082815	0.7616357	0.4849998	0.3019880	0.5709857	0.6342618	0.5149108	0.6151825	0.2813610	0.0591786	0.0554150	1.0658837
750	0.0313852	0.5667453	0.8800022	0.1912283	0.4756737	0.0038012	0.0417425	0.0116283	1.0075911	0.1615506	0.0883686	0.0996509	0.0057243	0.1060056	0.8751993	0.2728509	0.4510298	0.9302330	0.9807221	0.8957561	0.0833212	0.6719338	0.9742123	1.1494672	0.5959064	0.6666062	0.7584152	0.1320931	0.1648123	0.0416782	0.3812447	0.1087524	0.6506120	0.8514558	0.3443435	0.8780483	0.2481773	0.7541542	0.4646454	0.0321273	0.9852504	0.4768595	0.0893194	0.0828821	0.8356341	0.6010730	0.5559962	0.8877342	0.8790900	0.3347309	0.0784856	0.2428031	0.6645002	0.0018763	0.6908246	0.6530936	0.7674391	0.4065995	0.4216340	0.9955549	0.9107397	0.5284415	0.2766915	0.3125826	0.5846779	0.4664964	0.9766058	0.6914807	0.5719607	0.0268775	0.3449881	0.2211219	0.3832698	0.9370588	0.3418821	0.2752561	0.9716553	0.0993881	0.2737135	0.5939833	0.7544694	0.9477060	0.0874509	0.5029451	0.9523868	0.2537491	0.2353258	0.3210271	0.5871610	0.8080810	0.5238038	0.2905902	0.4322954	0.6796112	0.3336262	0.6189884	0.3111536	0.0384196	0.1259278	0.9573646
800	0.0290880	0.6075739	0.9237001	0.2026926	0.4296055	0.0022568	0.0472374	0.0219413	1.0158885	0.2163846	0.0846174	0.0599086	0.0015567	0.1122647	0.8686018	0.3503580	0.4492298	0.8920702	0.8831607	0.8401309	0.1039850	0.6910072	1.0159818	1.0960991	0.6412486	0.7051674	0.8478888	0.1311223	0.1974596	0.0407738	0.4408089	0.1042934	0.7084167	0.7979252	0.3129664	0.8516284	0.2856842	0.7324641	0.4003351	0.0132254	0.9466579	0.4910192	0.0824214	0.0630567	0.6493066	0.5562563	0.6455310	0.8747065	0.8097864	0.3695008	0.0730766	0.3101001	0.7481566	0.0036103	0.8251982	0.4718095	0.7328685	0.3248728	0.4690029	1.0691203	0.7670183	0.6154750	0.2272096	0.2735529	0.5286346	0.5028184	1.1096165	0.7484305	0.5556919	0.0237425	0.3342134	0.2321849	0.3432839	0.8720439	0.2806033	0.3486957	0.9310013	0.1469979	0.2520022	0.6065899	0.7096346	1.0525656	0.0907697	0.5645883	0.9751082	0.2736422	0.2064401	0.3494736	0.5991255	0.7571141	0.4184289	0.3047217	0.4137797	0.6438168	0.2626858	0.6248785	0.2417312	0.0298082	0.2628652	0.9994110
850	0.0180317	0.6590265	0.8967045	0.2008042	0.4458959	0.0012402	0.0204639	0.0272519	1.0627472	0.2838982	0.1429743	0.0636275	0.0058516	0.1036555	0.8635879	0.3399526	0.5039119	0.9136324	0.8715370	0.9207531	0.0682228	0.5969904	0.9474531	0.9868215	0.8272668	0.6762223	0.9193440	0.1323882	0.2044502	0.0326660	0.3792303	0.0925708	0.7247852	0.8275257	0.3158881	0.7953845	0.2666816	0.7648028	0.4002434	0.0211486	0.9883943	0.4434104	0.0791488	0.0736772	0.6897832	0.5413915	0.5967676	0.8119154	0.8449466	0.3323285	0.0639204	0.3798931	0.7427869	0.0043227	0.7295737	0.5112208	0.8486660	0.2612012	0.4898925	0.9084258	0.8179925	0.5210424	0.2201317	0.2817809	0.5722607	0.5448451	0.9283633	0.6854902	0.4523378	0.0286998	0.3217882	0.1921651	0.3710972	0.7761782	0.2783873	0.2960161	0.9152647	0.1512496	0.2571676	0.5744501	0.8084059	0.9666705	0.1114157	0.6271033	0.9043759	0.3101756	0.2230489	0.4490121	0.5310105	0.7631447	0.4383802	0.2868057	0.3859427	0.6816978	0.1713314	0.6515476	0.2263473	0.0324530	0.3906637	0.9694412
900	0.0115432	0.5989007	0.8085832	0.1738579	0.4220875	0.0008351	0.0423785	0.0283385	1.0313179	0.3203631	0.1492452	0.0667149	0.0066153	0.1076080	0.8495288	0.3596840	0.5082051	0.9411781	0.9169529	0.9485738	0.0616384	0.6155343	0.9928781	1.0253304	0.8397310	0.7038971	0.9094828	0.1392039	0.1799048	0.0346036	0.4072641	0.0669842	0.6518589	0.7141133	0.2625156	0.9394571	0.1949923	0.7240514	0.3661843	0.0375808	0.9620953	0.4806938	0.0650403	0.0713956	0.6524659	0.4791659	0.6901700	0.7929713	0.9189388	0.3805150	0.0661032	0.3716462	0.8380563	0.0045325	0.7561492	0.4526955	0.8396111	0.2492981	0.4881418	0.9066169	0.7771510	0.5731636	0.2933247	0.3321129	0.5058298	0.5316740	0.9711197	0.6450850	0.5237245	0.0489142	0.2961012	0.2117966	0.3281257	0.7358463	0.2364470	0.3391195	0.9527204	0.2343905	0.2930801	0.6477847	0.7675004	0.9519168	0.1205643	0.6648453	0.9033774	0.3384316	0.2085863	0.4251590	0.5518834	0.8554460	0.4794111	0.3610890	0.3657918	0.5953986	0.1488382	0.6804774	0.2818037	0.0277355	0.4498953	0.9039551
950	0.0121868	0.5523089	0.9182666	0.1651067	0.4297185	0.0043868	0.0510162	0.0187850	0.9250098	0.3925260	0.1367933	0.0782232	0.0079062	0.1126276	0.8491771	0.3995520	0.5698962	1.0203680	0.9294583	0.9413545	0.0588781	0.6604187	1.0621714	0.9572773	0.9322465	0.7272272	0.9002485	0.1274652	0.2296440	0.0139432	0.3768802	0.0741177	0.5441950	0.6773623	0.2762828	0.8412831	0.2153857	0.7558421	0.2704391	0.0364738	0.9226116	0.4664023	0.0855287	0.0731432	0.7900897	0.3835734	0.5685041	0.7354015	0.9081828	0.2808808	0.0840118	0.3318396	0.9803370	0.0009375	0.7675045	0.4595385	0.7563763	0.2646881	0.4814464	0.9453813	0.8055669	0.6146647	0.3727900	0.3041783	0.5810263	0.5263645	1.0277085	0.7730068	0.4389275	0.0291606	0.3507306	0.2072221	0.3374164	0.8210124	0.2295624	0.3973701	0.9843855	0.1849024	0.2372484	0.6145406	0.7659723	0.9954358	0.1019683	0.6248258	1.0868294	0.3550222	0.2617002	0.4061440	0.5980158	0.8493516	0.4725021	0.3148105	0.3640924	0.5349000	0.1358375	0.6504548	0.3115967	0.0215273	0.4369440	0.9549715
1000	0.0118315	0.6524279	0.8988735	0.0716066	0.4620759	0.0060047	0.0491538	0.0282583	0.8615509	0.4231981	0.1324315	0.0935877	0.0043914	0.1180780	0.9295610	0.4443338	0.5306442	0.9842998	0.8731979	0.9362529	0.0934230	0.7149114	1.1018545	0.8865241	0.9333002	0.6661149	0.9752706	0.1483603	0.1754031	0.0312257	0.3611242	0.0807180	0.6111952	0.7831255	0.3073475	0.8961388	0.1703653	0.7980031	0.2628648	0.0292986	0.9870380	0.4777408	0.0739450	0.0477634	0.8678846	0.5165980	0.4837491	0.8394307	0.9199478	0.2811007	0.0691504	0.3548780	0.9250569	0.0027383	0.7351939	0.5083102	0.7491402	0.2313999	0.5822899	0.9306162	0.7672505	0.5667199	0.3362212	0.2639993	0.5543378	0.5292436	1.0398481	0.7587590	0.4343204	0.0422391	0.4098197	0.2090646	0.3092908	0.7914919	0.2035675	0.4240571	0.9540467	0.1631789	0.1708907	0.6240314	0.7775821	1.0588137	0.0824946	0.6319098	1.0176466	0.3332197	0.3435951	0.4375817	0.5782879	0.7181281	0.4918079	0.3769023	0.3854949	0.5056504	0.1561115	0.5902962	0.2947778	0.0216300	0.4668550	0.9929922

0	0.0094491	0.6355617	1.0459758	0.0876986	0.4170952	0.0015965	0.0357302	0.0201856	0.7842026	0.5482911	0.1482550	0.1067167	0.0074763	0.0795139	0.9263252	0.4386615	0.5117037	1.0187251	0.9869150	0.9112762	0.0675828	0.6396705	0.9879649	0.9056811	1.0249936	0.8053086	0.8415975	0.0956169	0.2807776	0.0361236	0.3476186	0.0945586	0.7647381	0.8073502	0.2691465	0.9854445	0.2644993	0.7761342	0.3511720	0.0142404	0.9503393	0.3956488	0.0912837	0.0721673	0.8039584	0.5632487	0.5721011	0.9104100	0.8750489	0.3877912	0.0490860	0.3690556	1.0040851	0.0016799	0.7496314	0.4296180	0.7445798	0.3138374	0.4763448	0.9977159	0.8917758	0.5763065	0.2317245	0.3844034	0.5377636	0.4876338	1.0898320	0.8135737	0.5024926	0.0491368	0.3912071	0.2335426	0.3169327	0.9297559	0.3112694	0.3637340	0.9584119	0.1589398	0.2670455	0.6498318	0.7931145	1.0351174	0.1402507	0.6535788	1.0095359	0.4184859	0.2245238	0.5131035	0.6073464	0.7854143	0.4606182	0.1309775	0.4648780	0.5528648	0.0723851	0.5781484	0.2784400	0.0363961	0.5378107	0.9932421
50	0.0116136	0.6409044	0.5681036	0.1381008	0.3361627	0.0013533	0.0239681	0.0168609	0.8235605	0.4884319	0.1334435	0.3409921	0.0020504	0.0678697	0.9789001	0.3824283	0.4633298	0.9262845	0.9912006	0.8379095	0.0627696	0.6005469	0.9944475	1.0089076	0.9633174	0.7277874	0.9737685	0.2102535	0.2343116	0.0202449	0.3755183	0.0501640	0.7161230	0.5018221	0.2519580	0.8661885	0.5728985	0.7808170	0.3365551	0.0126378	0.9434901	0.3970497	0.0835280	0.0972232	0.7690466	0.4226940	0.6249580	0.7810286	0.8557742	0.3074011	0.0889383	0.4028368	0.8639992	0.0181882	0.8730512	0.4923212	0.7930758	0.2662927	0.4687508	1.0491302	0.7892441	0.5214651	0.2156151	0.3041570	0.4890359	0.5115004	1.1166671	0.7995152	0.4709137	0.0195974	0.3452552	0.3216992	0.3021130	0.8318160	0.2944246	0.5220433	0.8664995	0.1799733	0.2417488	0.6335286	0.5644868	1.0759606	0.0880951	0.6725955	1.0344229	0.3935718	0.2064488	0.4929561	0.4752100	0.5631977	0.5135678	0.2013816	0.5486175	0.3444693	0.1086244	0.6620981	0.2079776	0.2902885	0.5163593	1.0365582
100	0.0110040	0.5754948	0.2591823	0.1793833	0.1822233	0.0021796	0.0375952	0.0145823	0.7052416	0.4959504	0.1061187	0.7293365	0.0092358	0.1021814	0.8919201	0.4083662	0.5253350	0.9605709	0.9941403	0.8169931	0.0833515	0.7028867	1.0009478	0.9222133	1.0538133	0.7331946	0.9947771	0.2097831	0.1942467	0.0488133	0.4069750	0.0618097	0.7145481	0.3489460	0.1918434	0.7403201	0.9146336	0.6813219	0.3171527	0.0204598	0.9161093	0.4195914	0.0689765	0.1125863	0.7402253	0.3500753	0.6753005	0.7564876	0.7513657	0.3341314	0.0757012	0.3132331	0.7855655	0.0326469	0.8143550	0.5051036	0.6538480	0.2491903	0.4866715	0.9795778	0.7747020	0.5406906	0.1747940	0.2411903	0.5258527	0.6173799	1.0503812	0.6177358	0.5269439	0.0040652	0.2736054	0.5204097	0.3054647	0.7715176	0.2570202	0.3823569	0.8274764	0.2580409	0.2141962	0.7677571	0.5016754	1.0352307	0.0974362	0.7188639	0.9942184	0.3890955	0.3130138	0.5198059	0.5929605	0.3764433	0.4202947	0.1340119	0.5176970	0.1917401	0.1193449	0.8198617	0.1800810	0.6177595	0.5109224	1.0110650
150	0.0204280	0.3179163	0.0911659	0.2128363	0.1695185	0.0018518	0.0282362	0.0171042	0.6103366	0.4668870	0.0911024	0.7543774	0.0080679	0.0960812	0.7098710	0.3594733	0.4902567	1.0357838	0.9272628	0.8054724	0.0707968	0.5238469	0.8594001	0.7755325	1.0695118	0.8513109	1.0066325	0.2241406	0.2623231	0.0538713	0.3737737	0.0834686	0.6713615	0.2041095	0.1770928	0.7529471	0.9873876	0.6990060	0.3843335	0.0202872	0.8941436	0.5071105	0.1062393	0.1352086	0.7078058	0.4786106	0.5992652	0.7417533	0.7616073	0.3384769	0.0617531	0.2699273	0.7923991	0.0193428	0.6690817	0.6088987	0.6009582	0.2785413	0.5236553	0.8836931	0.6897291	0.5599061	0.2280763	0.2343536	0.5155431	0.7905181	1.0274048	0.6101386	0.5969188	0.0057017	0.2663925	0.6523694	0.2955700	0.7187354	0.2778392	0.4070043	0.7925896	0.3667815	0.2139100	0.7956099	0.4653497	1.0905197	0.0769865	0.7385275	1.1159182	0.3320612	0.4033766	0.4353871	0.5282625	0.3202874	0.4590463	0.0536301	0.4723916	0.1195096	0.1418148	0.9027375	0.2536188	0.7970413	0.4606184	0.9251540
200	0.0129172	0.2472068	0.0332813	0.2661558	0.1297547	0.0048994	0.0180848	0.0239629	0.6968414	0.4402578	0.0840001	0.7943192	0.0063964	0.1226430	0.9157089	0.2755010	0.4666498	1.0322866	0.8440671	0.8972947	0.0815281	0.5766693	0.6470473	0.9563007	1.1007191	0.7378191	0.9835363	0.3344941	0.3220185	0.0755503	0.3851798	0.0773109	0.5879974	0.1743431	0.1287001	0.7342671	0.9436451	0.7859055	0.3740837	0.0228513	1.0416161	0.4910138	0.0833784	0.1326475	0.7552912	0.4545096	0.5885591	0.6853036	0.8408016	0.3391780	0.0503695	0.2935353	0.8470055	0.0339933	0.7043215	0.5313838	0.6177482	0.2137920	0.5071552	0.9369035	0.5721193	0.4909842	0.1710587	0.2275928	0.5106523	0.8943868	1.0279971	0.5625444	0.6477482	0.0008665	0.2804856	0.5608641	0.2825354	0.6770311	0.3318701	0.5716871	0.8294943	0.3850788	0.2174155	0.7718205	0.3902332	1.0150066	0.0802489	0.7034270	1.1443894	0.3283629	0.5702991	0.4859775	0.5341922	0.3654557	0.4179367	0.0340402	0.4037121	0.0978427	0.2039242	0.9098031	0.2639064	0.8017349	0.4940255	0.9756712
250	0.0241074	0.1263915	0.0135862	0.2570900	0.1610079	0.0025344	0.0410262	0.0063717	0.7802016	0.5196323	0.1027283	0.8338952	0.0110021	0.1110104	1.0307024	0.2913139	0.4495774	1.0288429	0.8594995	0.9186230	0.0826024	0.5095660	0.5736549	0.8826875	1.0277855	0.8038616	1.0272709	0.3530569	0.3981417	0.0949029	0.4083104	0.0860745	0.6400615	0.1438626	0.1208250	0.7919196	1.0547007	0.7414422	0.3510288	0.0265409	1.0547886	0.5551154	0.0770836	0.1739898	0.7117102	0.5181669	0.4949348	0.6655817	0.8760427	0.3106389	0.0444775	0.2383019	0.8180863	0.0566176	0.8451616	0.5895925	0.5612240	0.2705997	0.4041661	0.8984639	0.5853220	0.5346822	0.2113469	0.3269958	0.5873409	0.8722765	1.0358061	0.4603995	0.8727443	0.0047042	0.3439651	0.6624951	0.2329581	0.7178439	0.2914452	0.7545041	0.8900120	0.3893286	0.2560663	0.8162894	0.3200116	0.9376270	0.0662798	0.8552534	1.0944968	0.2889197	0.7153163	0.5313486	0.4832658	0.3256241	0.3880245	0.0355536	0.4592676	0.0964779	0.2218439	0.9626796	0.2935988	0.9692855	0.5222985	1.0275717
300	0.0439893	0.0742129	0.0023481	0.2959958	0.1811577	0.0006613	0.0323694	0.0036517	0.6993724	0.4980570	0.1015697	0.8124124	0.0057312	0.1131051	0.9436265	0.3175438	0.4282339	0.9367253	0.9261457	0.8568978	0.0981758	0.4998075	0.4583973	0.7564039	0.9971844	0.8370356	0.9663097	0.3851979	0.4643300	0.1215870	0.5886612	0.0678729	0.6308018	0.1630795	0.1133106	0.9012170	1.0172567	0.7370738	0.4053313	0.0258644	1.1205260	0.5115413	0.0778291	0.1854737	0.7441685	0.5927353	0.4484333	0.6847852	0.8556778	0.3724477	0.0428103	0.2372538	0.8809174	0.0338961	0.8232951	0.5906630	0.5796798	0.2491043	0.4333851	0.8416664	0.6399856	0.5373755	0.2394521	0.3368064	0.5493430	0.9387091	1.0986470	0.4160182	0.8026259	0.0071399	0.2446864	0.7164430	0.2050576	0.6076016	0.2227533	0.8895450	0.9593537	0.4452842	0.2475060	0.8669327	0.2728107	0.9979722	0.0429362	0.8524823	0.9752549	0.3644102	0.7310727	0.4716485	0.4085671	0.3190031	0.4034878	0.0640647	0.4125809	0.1062293	0.2338236	0.9697955	0.2846819	0.8729802	0.5462200	0.9316808
350	0.0301856	0.0623678	0.0056849	0.3844849	0.1891326	0.0007544	0.0119847	0.0026068	0.8289570	0.4940387	0.0609635	0.8414616	0.0049981	0.1185522	0.8449459	0.3268557	0.4709639	0.9898797	0.9556704	0.8190032	0.0746121	0.4015923	0.4459447	0.7254804	0.9544527	0.7005188	0.9869833	0.4814822	0.5693585	0.0950883	0.5416058	0.0664827	0.6510058	0.1871117	0.0649668	0.9654874	1.0234910	0.7184981	0.3542106	0.0201105	1.0647391	0.6383525	0.0940753	0.1880247	0.8469272	0.6827807	0.4632283	0.6116574	0.8536905	0.3549001	0.0524935	0.2456901	0.7974783	0.0494716	0.8063727	0.4799216	0.5560158	0.2216209	0.4767998	0.9036961	0.6514884	0.5630765	0.2396974	0.3381258	0.5353937	0.8895830	1.0490187	0.4550437	0.8623850	0.0053055	0.2074114	0.6774539	0.2303574	0.7042798	0.2220011	0.9525395	0.9643780	0.4973125	0.2704161	0.7780142	0.2555978	0.9896086	0.1159549	0.9716149	0.9506031	0.3867242	0.7370309	0.5158707	0.3886472	0.3602353	0.3535589	0.0406202	0.4279179	0.1204889	0.1997990	0.9518775	0.2966270	0.9573551	0.5217802	0.9359591
400	0.0673475	0.0649047	0.0048630	0.3988817	0.1977447	0.0000000	0.0150285	0.0122101	0.7515996	0.5082786	0.0701210	0.8100545	0.0128184	0.1480979	0.8316801	0.2246286	0.4420193	0.9401248	0.9241631	0.8605110	0.1040503	0.4706635	0.3857824	0.5455363	0.9488842	0.7134566	0.9151937	0.6044439	0.5569523	0.1127968	0.4421640	0.0705264	0.7414216	0.1755319	0.0831341	1.0540452	1.0329590	0.7119902	0.3252847	0.0191508	0.9939190	0.6015660	0.1405633	0.2422431	0.6671668	0.7838448	0.3817854	0.6582662	0.8860608	0.3565654	0.0721851	0.2439195	0.8163016	0.0381812	0.7929267	0.5160749	0.5733740	0.2351634	0.4352160	0.9248248	0.7834093	0.4989051	0.1792420	0.4061278	0.6411770	0.9266519	0.9942553	0.4340012	0.7549457	0.0018289	0.2799811	0.6135648	0.2838877	0.6862002	0.3353655	1.0119687	0.9294834	0.4662235	0.2716241	0.8145626	0.3147616	1.0077190	0.1376245	0.9440470	0.9278307	0.3519415	0.7400147	0.5153438	0.3646306	0.3623274	0.2669345	0.0651100	0.4150556	0.1156668	0.2601376	0.9238437	0.2677241	0.9557509	0.4568729	1.0036867
450	0.0824120	0.0560635	0.0040724	0.3827919	0.1704974	0.0006347	0.0328897	0.0097529	0.7342695	0.4818791	0.0755621	0.8391950	0.0049342	0.1600239	0.9460502	0.1898723	0.4688880	0.9347068	0.8990263	0.8472904	0.1396735	0.4463174	0.3633326	0.4099115	1.0074635	0.7407801	0.9437468	0.6338671	0.6845836	0.1249854	0.5862820	0.0707840	0.6528347	0.1523203	0.0642800	1.0296169	1.0377253	0.7555937	0.4010875	0.0247967	0.9814802	0.5434048	0.1275330	0.2115794	0.5849665	0.8286492	0.3373949	0.7077348	0.8865334	0.4030220	0.0813713	0.2315611	0.8117024	0.0210817	0.7359932	0.5548554	0.5271353	0.2826894	0.4276943	0.9991979	0.7454403	0.5694358	0.1958871	0.3145630	0.5271204	0.9202134	1.0970593	0.4688251	0.8197109	0.0005790	0.2898031	0.5859415	0.2989234	0.6618502	0.2958167	0.8977723	0.8935572	0.3757722	0.2994133	0.8379886	0.3384042	1.0407498	0.1198138	0.9772569	0.9842125	0.3512063	0.7118535	0.5470630	0.3321727	0.3000557	0.1897722	0.0403731	0.3905394	0.1169068	0.2926991	0.9101393	0.2509793	0.9097006	0.5518424	0.9184327
500	0.1650529	0.0370573	0.0011892	0.4613130	0.1498695	0.0001154	0.0370280	0.0090916	0.7414304	0.4640406	0.1140877	0.8705952	0.0019662	0.1170534	0.7865408	0.2126278	0.4741659	0.9886950	0.9765235	0.8839676	0.1328975	0.3703680	0.3739975	0.3599000	0.9906591	0.7446733	0.9634421	0.5548036	0.6541625	0.1795380	0.5842149	0.1105904	0.5749924	0.1774783	0.0487764	0.9452770	1.0207044	0.7327762	0.3865304	0.0062728	0.9520337	0.6060142	0.1182545	0.2131705	0.6484035	0.7705255	0.4457618	0.6888045	0.8459287	0.3816814	0.0744460	0.1992520	0.8692837	0.0315342	0.7165236	0.5032503	0.5798836	0.2364113	0.4537337	1.0040894	0.7295464	0.5074383	0.2306934	0.3087239	0.5485709	0.9055968	0.9380108	0.3805302	0.8093331	0.0049484	0.3208870	0.6921799	0.3245996	0.7262527	0.2150414	0.9660776	0.8589204	0.3629387	0.3178572	0.8186553	0.3815815	0.9566167	0.1890601	0.9808807	0.9844231	0.3101338	0.7627714	0.5552214	0.2668442	0.3144337	0.1438132	0.0300503	0.3851640	0.1229619	0.2861167	0.8455777	0.2992782	0.9613156	0.6069956	0.9257063
550	0.2052914	0.0876578	0.3749637	0.3735504	0.3806344	0.0012313	0.0375600	0.0184440	0.7199454	0.3288396	0.1235078	0.5530387	0.0066509	0.1188661	0.8096325	0.3036852	0.5009052	0.9514085	0.9227130	0.9145130	0.0991670	0.3625138	0.3588986	0.3805541	0.9078492	0.6907579	0.8948330	0.5718077	0.6956769	0.1669566	0.6569865	0.1189079	0.6785503	0.4486378	0.0824040	0.8928396	0.7258905	0.6692784	0.3972570	0.0046690	1.0062456	0.5899469	0.1632044	0.2120283	0.5912407	0.7906173	0.3570974	0.7378196	0.9367200	0.3667262	0.0621765	0.2109961	0.8969247	0.0196975	0.7841749	0.5274207	0.5682104	0.2039468	0.4383531	0.9263431	0.8272539	0.5989595	0.3427719	0.3562946	0.5479449	0.8893851	0.9184390	0.4689505	0.9137702	0.0582702	0.3501656	0.5538317	0.3438032	0.7286832	0.2289331	0.8598713	0.8133508	0.3528492	0.3574621	0.6472742	0.5921891	0.8949537	0.1844361	0.9090225	1.0118113	0.3328083	0.6986434	0.4391381	0.2729895	0.4254007	0.1521318	0.0413149	0.4420678	0.2728456	0.3821217	0.7443541	0.2476963	0.6262842	0.5737173	0.8797031
600	0.3048046	0.1679918	0.7583073	0.2424391	0.4983723	0.0010723	0.0360608	0.0234417	0.8616384	0.1638035	0.2003270	0.2810338	0.0018436	0.1023350	0.8564589	0.3790551	0.4940015	0.8448844	0.9297791	0.9296863	0.0667491	0.4105358	0.4005933	0.3769581	0.8954246	0.6229541	0.9273151	0.6220685	0.6691724	0.1231521	0.5673757	0.1365358	0.5449350	0.6386340	0.0946384	0.9522907	0.7513757	0.7077588	0.4059755	0.0329838	0.9732056	0.5214793	0.1300207	0.1599920	0.6119930	0.8962691	0.4926394	0.7599529	0.9353769	0.3656675	0.0734542	0.2161207	0.8666244	0.0128107	0.7773672	0.3908332	0.5839892	0.2615114	0.3829178	0.9998948	0.8336702	0.5638610	0.3576199	0.3957530	0.5956529	0.8061701	1.0276267	0.5012406	0.9116449	0.0600291	0.3919803	0.3509098	0.3135263	0.7446320	0.2526109	0.7935455	0.8979402	0.2892256	0.3782901	0.5635832	0.7861930	0.9988670	0.2107915	0.8929627	1.0049830	0.2658841	0.6022644	0.3746472	0.2939802	0.5049318	0.1458062	0.0493917	0.3775664	0.4436810	0.4654331	0.6613800	0.2292006	0.3269210	0.4567069	0.9337377
650	0.2209485	0.3380650	0.8609020	0.2394024	0.4173214	0.0071899	0.0316687	0.0113064	0.8903241	0.1151460	0.1937939	0.2046089	0.0013285	0.1165125	0.8264330	0.3889122	0.4889712	0.9407782	1.0268593	0.8830296	0.0762860	0.4056718	0.5694394	0.3779728	0.9371705	0.6971923	0.9807907	0.5479556	0.5563149	0.0987183	0.4849599	0.1276859	0.6552367	0.7491458	0.1109922	0.9238054	0.6593967	0.7091037	0.4140173	0.0172809	0.9878862	0.4641689	0.1148716	0.1710982	0.6325397	0.6780256	0.5744438	0.7991460	0.9468001	0.3162667	0.0800440	0.1955189	1.0055643	0.0060697	0.7752040	0.2625580	0.7002946	0.3226395	0.4475095	0.9591791	0.8683199	0.6187083	0.4302928	0.4038591	0.5693739	0.8030427	1.0029216	0.4998852	0.8221611	0.0337002	0.4153914	0.3029140	0.2748673	0.7480149	0.2594807	0.6990832	0.8772373	0.3822077	0.4020567	0.6656925	0.8706221	1.0465658	0.1419015	0.9291516	1.0030766	0.2221699	0.3964725	0.4502969	0.4970121	0.5321436	0.1794385	0.1479666	0.3968455	0.4980348	0.4430837	0.6845950	0.2836947	0.1980027	0.4268119	0.8184315
700	0.2186555	0.5156257	0.8682135	0.2173576	0.4490781	0.0052206	0.0412336	0.0137302	0.9603724	0.0906462	0.1326617	0.1602466	0.0079491	0.1123775	0.8993056	0.5032782	0.4542137	0.9883494	1.0030391	0.9152585	0.0960083	0.5457684	0.7203563	0.4642693	0.9005520	0.6577052	0.9903846	0.3921048	0.6379771	0.0726066	0.5426597	0.1328696	0.6313458	0.9018299	0.1282780	0.8699927	0.5521493	0.7200345	0.4103985	0.0140143	0.9555173	0.4995224	0.0928765	0.1705811	0.6655983	0.6077950	0.5679429	0.8350468	1.0124391	0.3279798	0.0809763	0.2604352	1.0524972	0.0038111	0.6826332	0.2745533	0.7074756	0.2831382	0.5045780	0.9500585	0.8621420	0.5455555	0.3867728	0.2881975	0.5200711	0.7188687	1.1100780	0.6150506	0.7319608	0.0396197	0.3751549	0.2824066	0.1648422	0.8301126	0.2424187	0.6768636	0.9784093	0.4131409	0.3054298	0.5917439	0.8698870	1.0581056	0.1529026	0.9483629	0.9781897	0.2477015	0.3241109	0.4303511	0.4764552	0.5502167	0.2729678	0.1791115	0.4149416	0.5449823	0.3944448	0.6420891	0.2859958	0.1435290	0.4102116	0.7981032
750	0.1339703	0.5780601	0.9413787	0.2243170	0.4298606	0.0024876	0.0493908	0.0140949	0.9818815	0.0831829	0.1756115	0.1545524	0.0068159	0.1365364	0.8878280	0.5003460	0.4013686	1.0374894	0.9417836	0.9122830	0.1152211	0.6059566	0.8575620	0.5755226	0.9573897	0.6363124	1.0035120	0.3089719	0.5838282	0.0902737	0.4542598	0.1238493	0.6118327	0.8794008	0.1764910	0.9682846	0.3480803	0.7649125	0.4020461	0.0036451	1.0194498	0.5415875	0.1065914	0.1394832	0.6446000	0.6016013	0.5029551	0.8316520	0.9366846	0.3229200	0.0844123	0.2904759	0.8633459	0.0089565	0.6856665	0.3245921	0.7237413	0.3286905	0.3795957	0.9569986	0.7984988	0.5500822	0.3614904	0.2958050	0.5773350	0.6661352	1.0326163	0.5222311	0.5978533	0.0427286	0.3747066	0.2847934	0.1431485	0.7226750	0.2922661	0.6735692	0.9802802	0.2907649	0.3288905	0.6324844	0.8258945	0.9981996	0.1365289	0.9092728	0.9095828	0.3036280	0.2537337	0.4403209	0.4185628	0.6282481	0.3243719	0.1998962	0.3410873	0.5701722	0.3109718	0.6220308	0.3122943	0.0686729	0.4511543	0.8967636
800	0.1123555	0.6586489	1.1399769	0.1754616	0.4475546	0.0017556	0.0337010	0.0215656	1.0097028	0.0816362	0.1347968	0.1126828	0.0019178	0.1231281	0.8306513	0.4712814	0.4930832	0.9556049	1.0784650	0.7964851	0.0712408	0.6428962	0.8527035	0.7764705	0.9768837	0.5976574	0.8915577	0.2148938	0.6295444	0.0719522	0.4292019	0.1334398	0.6023393	0.8046992	0.2412837	1.0301495	0.3282972	0.8367985	0.4172416	0.0168050	0.9525639	0.5167408	0.0731539	0.0856948	0.6239818	0.4715364	0.6198669	0.8394767	0.8079579	0.3288297	0.0969627	0.3927041	0.7220208	0.0210299	0.6940652	0.3265946	0.6863857	0.3525906	0.4611074	0.8792949	0.7571747	0.5003124	0.3783287	0.2999584	0.5328503	0.5610484	0.9650900	0.5850548	0.5584467	0.0378018	0.4052338	0.2813575	0.1894498	0.8515009	0.3083799	0.6626917	0.9524742	0.2471427	0.3154950	0.6766466	0.7520308	0.8889869	0.1105997	0.8522873	0.8686048	0.3584588	0.1930980	0.3745019	0.3501716	0.6614370	0.3438188	0.1253798	0.3508099	0.5199475	0.2429728	0.6365625	0.3519147	0.0298746	0.5329500	0.9217630
850	0.0980389	0.6610124	1.0692658	0.1620107	0.4873402	0.0008012	0.0376146	0.0361016	1.0043073	0.0958871	0.1211114	0.0991571	0.0015586	0.0989408	0.8482184	0.4505887	0.5148455	0.9992026	1.0083850	0.8719974	0.0721572	0.6342964	0.9512683	1.0069096	0.9765918	0.6946619	0.9132382	0.1742661	0.5448132	0.0537675	0.4217834	0.1457285	0.6034257	0.8778407	0.2616242	0.8715236	0.2415644	0.8000651	0.3905383	0.0143854	0.9054236	0.5444140	0.0533356	0.1038107	0.7596075	0.4939224	0.6246121	0.8690822	0.7584151	0.3147845	0.0755522	0.4180392	0.6282292	0.0323943	0.7075547	0.3288103	0.7022466	0.2537119	0.5133241	0.9251370	0.6379066	0.5752188	0.3782067	0.2261334	0.5968016	0.4717549	0.9842192	0.6268859	0.4862538	0.0401814	0.4222421	0.2469203	0.2308393	0.9157993	0.3228412	0.7377398	0.9051270	0.3060474	0.2731407	0.6914792	0.8249742	0.9657812	0.1289714	0.7415645	0.8652752	0.2745643	0.2300516	0.3549730	0.4437993	0.7420513	0.3990700	0.1617564	0.4047573	0.5335152	0.1614177	0.7080758	0.2418725	0.0290559	0.5970974	0.8995958
900	0.0798940	0.6252529	0.9027537	0.1374763	0.5104025	0.0013403	0.0295985	0.0280654	0.9800076	0.0388941	0.1170624	0.1052669	0.0025923	0.0930866	0.9330697	0.4578771	0.4572683	0.9596469	0.9856059	0.8172659	0.0885537	0.6259488	0.9686186	1.0190509	0.9070010	0.6374041	1.0004541	0.1055168	0.3608952	0.0337703	0.3978205	0.1492552	0.5785726	0.7998696	0.2964144	0.9115451	0.2350078	0.6989703	0.3067112	0.0210371	0.9486652	0.5520014	0.0627226	0.1300282	0.8125891	0.5009271	0.6104309	0.8764885	0.8102313	0.3342902	0.0948624	0.4235543	0.5427002	0.0108177	0.6198222	0.3666297	0.7015258	0.2407853	0.4622114	0.9363269	0.7014644	0.5333474	0.3348537	0.2758287	0.5280078	0.4538826	1.0313180	0.7768218	0.4763235	0.0358568	0.3961119	0.2456957	0.2736227	0.8399579	0.3003103	0.6444124	0.9204063	0.4245520	0.2464931	0.6795999	0.8433525	0.9265619	0.1189517	0.8188254	0.9855523	0.3229443	0.2503069	0.3861709	0.4566433	0.7936963	0.4498628	0.2339539	0.4138048	0.5641162	0.1173455	0.6476009	0.2529788	0.0390312	0.5740941	0.9646972
950	0.0826334	0.6424464	0.9163327	0.1324525	0.5790573	0.0018781	0.0194595	0.0169420	1.0022702	0.0396970	0.1022595	0.0902774	0.0113072	0.0789074	0.9230717	0.4547033	0.4925305	1.0520834	0.9030842	0.8494035	0.0912556	0.6503331	1.0712111	1.0018509	0.9032294	0.5826374	1.0297909	0.1289308	0.2908795	0.0377018	0.4437890	0.1461026	0.5646315	0.8006141	0.2822617	0.9206918	0.2298068	0.6241714	0.3476226	0.0232610	1.0041263	0.4900991	0.0680033	0.0930723	0.7250135	0.4672021	0.5680110	0.8917492	0.8676973	0.3691926	0.0853010	0.3879999	0.5038565	0.0062811	0.6570984	0.3913870	0.7959846	0.2119371	0.4283934	0.8479635	0.8052074	0.5354442	0.2380709	0.2963594	0.5075107	0.5059028	1.0581996	0.7671790	0.4276893	0.0404087	0.3420240	0.2316656	0.2856887	0.8209120	0.2938014	0.6390349	0.8949419	0.3888867	0.2461943	0.6407495	0.7647236	0.9676425	0.1035908	0.6818462	1.1087089	0.2950436	0.2489179	0.3933370	0.4024861	0.7859196	0.5328903	0.2991543	0.4640190	0.5629148	0.1261555	0.5678341	0.2345796	0.0352674	0.5116336	1.0122246
1000	0.0372552	0.6843999	1.0060975	0.1167189	0.5519735	0.0002137	0.0299732	0.0235117	1.1085619	0.0389059	0.1316680	0.0674964	0.0048258	0.0781154	0.8050065	0.4486007	0.4294246	1.0454239	0.8961615	0.8601071	0.0787043	0.6860002	1.1089737	1.0192141	0.9600767	0.6560034	1.0283829	0.1348609	0.2224602	0.0308812	0.4354947	0.1302790	0.5900027	0.8722274	0.2833310	0.8904558	0.1410976	0.6701456	0.3291934	0.0260491	1.0704763	0.4693158	0.0554012	0.0638809	0.7274355	0.5395253	0.5648928	0.8829393	0.7622745	0.3436746	0.0680507	0.3320073	0.4993690	0.0141359	0.7295625	0.4398000	0.7090644	0.2050554	0.4873672	0.9633314	0.7534993	0.5691347	0.1404186	0.2572452	0.5275152	0.5992501	1.0283242	0.7959413	0.4033336	0.0311759	0.4085498	0.2209476	0.2809232	0.8906361	0.2258149	0.4880824	0.9149078	0.3214374	0.2562343	0.5914917	0.8642444	1.0129699	0.1201068	0.7293524	1.0306363	0.3262304	0.2287450	0.3708557	0.4904265	0.7201103	0.4839426	0.3305003	0.4024889	0.5854814	0.1239465	0.4861766	0.2718490	0.0144001	0.5587590	1.0149630

0	0.0094491	0.6355617	1.0459758	0.0876986	0.4170952	0.0015965	0.0357302	0.0201856	0.7842026	0.5482911	0.1482550	0.1067167	0.0074763	0.0795139	0.9263252	0.4386615	0.5117037	1.0187251	0.9869150	0.9112762	0.0675828	0.6396705	0.9879649	0.9056811	1.0249936	0.8053086	0.8415975	0.0956169	0.2807776	0.0361236	0.3476186	0.0945586	0.7647381	0.8073502	0.2691465	0.9854445	0.2644993	0.7761342	0.3511720	0.0142404	0.9503393	0.3956488	0.0912837	0.0721673	0.8039584	0.5632487	0.5721011	0.9104100	0.8750489	0.3877912	0.0490860	0.3690556	1.0040851	0.0016799	0.7496314	0.4296180	0.7445798	0.3138374	0.4763448	0.9977159	0.8917758	0.5763065	0.2317245	0.3844034	0.5377636	0.4876338	1.0898320	0.8135737	0.5024926	0.0491368	0.3912071	0.2335426	0.3169327	0.9297559	0.3112694	0.3637340	0.9584119	0.1589398	0.2670455	0.6498318	0.7931145	1.0351174	0.1402507	0.6535788	1.0095359	0.4184859	0.2245238	0.5131035	0.6073464	0.7854143	0.4606182	0.1309775	0.4648780	0.5528648	0.0723851	0.5781484	0.2784400	0.0363961	0.5378107	0.9932421
50	0.0089617	0.6613529	0.9369428	0.1311201	0.3135939	0.0005917	0.0356543	0.0274317	0.8301585	0.4684826	0.0786683	0.0703579	0.0022266	0.0827230	0.8355186	0.2685095	0.4704631	1.0712048	0.9136327	0.8397412	0.0480375	0.7211058	0.9908083	0.9995626	0.8766252	0.7153897	0.8825490	0.1814854	0.1242967	0.0376345	0.3718419	0.0664864	0.7174861	0.6080331	0.4361824	0.8482666	0.5895821	0.7750264	0.3284718	0.0227066	0.8841204	0.4565515	0.0860944	0.0779101	0.7109038	0.4726283	0.6962388	0.7930434	0.7450082	0.6038939	0.1138653	0.3172040	1.0014098	0.1005554	0.7042550	0.4878519	0.9069217	0.3149145	0.4304746	0.9996660	0.7340939	0.5631363	0.1435257	0.2483460	0.4144946	0.5197475	0.9706582	0.8203138	0.4924401	0.0611807	0.3295413	0.4601147	0.3476047	0.9221941	0.2601110	0.2197181	0.9328341	0.3048495	0.1561438	0.4651797	0.8265301	0.9515119	0.3407106	0.5595485	0.9621105	0.3940780	0.3213927	0.4835935	0.4952281	0.8491214	0.5222798	0.3736413	0.3222156	0.5489554	0.1409202	0.5907955	0.2272456	0.0317140	0.6106549	0.9750707
100	0.0128337	0.6173379	0.9152875	0.1101789	0.4659336	0.0004036	0.0302026	0.0270033	0.7797200	0.4845922	0.0380608	0.1076460	0.0110036	0.0811551	0.8479759	0.1559491	0.4039086	1.0418963	0.8219165	0.8167762	0.0743941	0.7602486	0.9630242	0.9989555	0.8958311	0.8676050	0.9663728	0.2830485	0.0960257	0.0128870	0.3311847	0.0660415	0.6787013	0.4294804	0.4421079	0.7853077	0.8452758	0.7487216	0.3266685	0.0151473	0.9211401	0.4223388	0.0746250	0.1046145	0.7789801	0.3888742	0.6228681	0.8709754	0.7209684	0.7541980	0.2006657	0.2322456	1.0525831	0.1956068	0.6489811	0.4626573	0.8515980	0.2868127	0.4519365	0.9133629	0.8548288	0.6078036	0.1035282	0.2441941	0.4593633	0.5832872	1.0167842	0.7856723	0.5213328	0.0789324	0.3675330	0.4733296	0.4307311	0.8094576	0.2594022	0.1113384	0.9025588	0.3621155	0.1514212	0.2999860	0.6913531	0.9985981	0.5787610	0.5956132	0.7520662	0.3451494	0.3782854	0.5169990	0.4917847	0.9588146	0.4981596	0.5619101	0.3931757	0.5234342	0.2333793	0.5009308	0.2520725	0.0779560	0.5776465	1.0048614
150	0.0068898	0.5944744	0.9166283	0.1400241	0.4451695	0.0022111	0.0225820	0.0193619	0.8071241	0.4701624	0.0561585	0.1128538	0.0117578	0.1389788	0.8823934	0.0650021	0.4012889	1.0119892	0.9342614	0.8520081	0.0620232	0.7977189	1.0211753	0.8932315	0.8516141	0.8941700	0.9991932	0.3084208	0.0348523	0.0183983	0.3749882	0.0770226	0.5986280	0.3027896	0.5639049	0.7543128	0.9437873	0.7196232	0.4233537	0.0140806	0.9288709	0.4335403	0.0617403	0.1289749	0.8308067	0.4258282	0.6461898	0.7543577	0.8522250	0.8980933	0.1956342	0.2785856	0.9630340	0.2679992	0.7839716	0.4433692	0.9850610	0.2716888	0.4624217	0.8930486	0.9606025	0.5019844	0.0744816	0.2120429	0.4905858	0.8144572	1.0042765	0.8219366	0.5903721	0.1024413	0.3822326	0.5115235	0.4524464	0.8269566	0.3396471	0.0443601	0.8839501	0.4147557	0.2076014	0.1711627	0.6935461	0.8856136	0.7846492	0.5960970	0.6601636	0.3667660	0.4768287	0.5554049	0.5185768	0.9948388	0.5877351	0.5734635	0.3872061	0.4841583	0.2872089	0.5767311	0.1953530	0.1529238	0.5097342	0.9917121
200	0.0111741	0.5325073	0.9718423	0.1508403	0.4689190	0.0007523	0.0242089	0.0183122	0.8163635	0.4790029	0.0280835	0.0956800	0.0090413	0.0834143	0.8042222	0.0356592	0.4357733	0.9478653	0.9537509	0.7700947	0.0990084	0.7410383	1.0226463	0.8639117	0.9167972	0.8871148	1.0008674	0.3451972	0.0228465	0.0203554	0.3857773	0.0964870	0.6435807	0.2646344	0.6199739	0.8356088	0.8928190	0.7725418	0.4149317	0.0023098	0.8924631	0.4619918	0.0721808	0.1340073	0.8084029	0.4413734	0.6113769	0.7223600	0.7980054	0.9762830	0.1925354	0.2544663	0.9834175	0.2758956	0.7111940	0.4752213	0.9903753	0.2431017	0.4318655	0.9715262	1.0109750	0.6160508	0.0553184	0.2583668	0.5184704	0.8203805	1.0308538	0.8841532	0.7039390	0.1500177	0.3390721	0.5068463	0.5328100	0.7190840	0.2691676	0.0373420	0.8954225	0.4732974	0.2014266	0.1545002	0.7385593	1.0385244	0.7649437	0.5534446	0.6675002	0.3137091	0.6317072	0.5177622	0.4954669	0.8857886	0.5113070	0.5549054	0.4363166	0.5322507	0.3373551	0.5813445	0.2443496	0.1341280	0.4999631	0.9157679
250	0.0114963	0.5010989	0.9839850	0.1558551	0.4018549	0.0045614	0.0349633	0.0178485	0.7571048	0.4987856	0.0520706	0.0871038	0.0000000	0.1119018	0.8857699	0.0196173	0.4662027	0.9447158	0.9461363	0.8183831	0.0908109	0.8216035	0.8868263	0.7848038	0.9726561	0.8779411	0.9544402	0.3500803	0.0143660	0.0138012	0.3308766	0.0882436	0.6424617	0.2861624	0.6413526	0.8865992	0.8247992	0.8332181	0.4232654	0.0260659	0.9534357	0.4197735	0.0940494	0.1445607	0.7988670	0.4574421	0.5791322	0.8361433	0.8232557	1.0216656	0.2069631	0.2228732	0.9865358	0.3506611	0.5603833	0.4772571	0.9535255	0.1861852	0.4321751	1.0977116	0.9310694	0.5989218	0.0540356	0.3127167	0.5673020	0.8155445	0.9322701	0.7468836	0.8158018	0.1350196	0.4082571	0.5307734	0.5182120	0.7749665	0.2950336	0.0599186	0.8401657	0.4791940	0.2035772	0.1157664	0.6921851	0.9916237	0.9011838	0.6007969	0.7633213	0.3285912	0.6998523	0.4408561	0.4898050	0.9818847	0.5205660	0.5543145	0.4303416	0.4831517	0.3897594	0.4785044	0.2446533	0.1298299	0.5093082	0.9579462
300	0.0146221	0.4504887	1.0628491	0.1633688	0.4696872	0.0067025	0.0441161	0.0142918	0.7547989	0.5646514	0.0190912	0.0988883	0.0012757	0.1655452	0.8944232	0.0210723	0.4923454	0.9443926	1.0170400	0.9063262	0.0924811	0.9027930	0.9203632	0.8340021	0.9270613	0.9866235	0.8712186	0.3221328	0.0336661	0.0159939	0.3087766	0.1169352	0.6482763	0.2580604	0.6611322	0.8010529	0.8113362	0.7671808	0.3974738	0.0127787	0.9150041	0.4320006	0.0648492	0.1380994	0.7982010	0.4973306	0.6123962	0.7792030	0.8765165	0.9785397	0.2228352	0.2759379	0.9186484	0.3201359	0.4983390	0.5006780	0.9297652	0.2200822	0.4205181	1.0374230	0.9700408	0.5141625	0.0742573	0.2460158	0.5684239	0.7542221	0.9398244	0.7643072	0.7456552	0.1816793	0.4326781	0.5069603	0.6203870	0.7880500	0.3412591	0.0511891	0.8487698	0.3831797	0.2425192	0.1332193	0.7149613	0.9620701	0.8853760	0.4434305	0.7202926	0.3198188	0.8265659	0.4523010	0.4940667	1.0013848	0.5520166	0.4543053	0.4053673	0.5001962	0.3687231	0.4452999	0.2148344	0.1094956	0.6054596	0.9859734
350	0.0196653	0.5865233	1.0575258	0.1498832	0.4107383	0.0039954	0.0477861	0.0046826	0.8068887	0.5306810	0.0138791	0.1188297	0.0044456	0.1747142	0.8673943	0.0066176	0.4335074	0.8953999	1.0419474	0.8654959	0.1079509	0.8094248	1.0247507	0.8594689	0.8397536	0.9985818	0.8766890	0.3694658	0.0172746	0.0199693	0.3296967	0.1022957	0.7047857	0.2169442	0.6448438	0.8606596	0.8616350	0.7981811	0.3540906	0.0214604	0.9518207	0.4530594	0.0847238	0.1590940	0.8016624	0.5064315	0.6003718	0.8081578	0.8270152	0.9731954	0.2695337	0.2595533	0.9480948	0.2653425	0.4217316	0.5431115	0.8970230	0.2458079	0.3969766	1.0927668	0.9620615	0.5675295	0.0559629	0.2802304	0.5826995	0.8712072	1.0276061	0.7618683	0.7858550	0.1065869	0.3968426	0.6074170	0.6273949	0.7350668	0.3086559	0.0549922	0.8094181	0.3694966	0.2130536	0.1095364	0.8029301	0.8882333	0.8710770	0.6296887	0.7174970	0.3319892	1.0004183	0.5219017	0.5105234	0.9752294	0.5195435	0.4892030	0.4328278	0.4417324	0.4076061	0.4833305	0.2137824	0.1170404	0.5891868	1.0239051
400	0.0312230	0.4915398	1.0130427	0.1495552	0.4335070	0.0002488	0.0185235	0.0106513	0.7561975	0.4503113	0.0149689	0.1067544	0.0024574	0.1028212	0.9943172	0.0070596	0.5011872	0.9323612	1.0441343	0.8494345	0.1460676	0.7243366	0.9836931	0.9342380	0.8483271	1.0339044	0.9135811	0.3720965	0.0148777	0.0160470	0.3838579	0.0901457	0.6695752	0.2914383	0.6123499	0.9090388	0.9417252	0.8529272	0.4119855	0.0238686	0.9174611	0.3833310	0.0759312	0.1975275	0.7881962	0.4729269	0.6447460	0.8412538	0.8078758	1.0402305	0.2626733	0.2235632	0.9801823	0.2011558	0.2468194	0.5698078	0.8435432	0.2851633	0.4651212	1.1640254	0.9494858	0.5480138	0.0513914	0.2912196	0.5118231	0.8467433	1.0255744	0.7283061	0.7268655	0.1259558	0.3587327	0.5354891	0.6527515	0.6627054	0.4006861	0.0478156	0.8048391	0.3612957	0.2106014	0.1323038	0.7631886	0.9712629	0.8437250	0.8952117	0.6659698	0.4294876	0.8796946	0.5147962	0.5486636	0.9881057	0.5788436	0.4628113	0.4414927	0.4230761	0.4961106	0.4503572	0.1782813	0.0770972	0.6370260	0.9874321
450	0.0235455	0.5046980	0.9547278	0.1418606	0.4092969	0.0011943	0.0291460	0.0194956	0.7120577	0.4078500	0.0121235	0.1065068	0.0093780	0.1239374	0.9546403	0.0003058	0.4320835	0.9310732	0.9711452	0.8804135	0.1340289	0.7667170	0.9772864	0.7924211	0.8355431	0.9576849	0.8908987	0.2928205	0.0055810	0.0254546	0.3667375	0.0604989	0.6892183	0.3025814	0.6612015	0.8289621	0.8709728	0.8649370	0.4395494	0.0282308	0.9196638	0.4277389	0.0812349	0.1800311	0.7043940	0.5310782	0.6299218	0.8736563	0.7757000	0.9831568	0.2516021	0.2015958	0.9265473	0.2496236	0.1328599	0.4631940	1.0508512	0.2437377	0.4793215	1.0398881	1.0127525	0.5559652	0.0916218	0.2510930	0.5056190	0.7926004	0.9927505	0.7200264	0.8274131	0.1633089	0.3163633	0.6158230	0.6006240	0.7185012	0.4172930	0.0703381	0.8714202	0.3569855	0.2688653	0.1480443	0.7664083	1.0330798	0.9100765	0.8391100	0.7108270	0.3743640	0.8973282	0.4795995	0.3895708	1.0146956	0.5353071	0.4693740	0.3971575	0.4476002	0.4847072	0.4109409	0.1867831	0.1364963	0.5452706	1.0568974
500	0.0062167	0.4291059	0.9470453	0.1368404	0.4693140	0.0001821	0.0235891	0.0235611	0.7483196	0.3673569	0.0159412	0.0887227	0.0018427	0.1128708	0.9780022	0.0036174	0.4992144	0.8891791	0.9788514	0.8410740	0.1041903	0.7162362	0.9711763	0.8244975	0.9027855	0.9600764	1.0893354	0.3433593	0.0193949	0.0300580	0.4090293	0.0494310	0.6819297	0.2697122	0.5651169	0.9134442	0.8937094	0.8128996	0.3638058	0.0244215	0.9369633	0.4503877	0.0834369	0.1937866	0.7220836	0.5033053	0.5321795	0.8266522	0.8736575	1.0811265	0.2252721	0.2250022	0.9578513	0.3089674	0.0569089	0.5257133	1.0222202	0.2006687	0.5025515	1.0954861	1.0316706	0.5850122	0.0632904	0.3078257	0.5184966	0.7745230	0.9703555	0.8568024	0.7363772	0.1352234	0.3185284	0.5245179	0.6485919	0.7034477	0.3586253	0.0550927	0.8416636	0.3961995	0.2620101	0.1558314	0.7333544	1.0133908	0.9801458	0.8485411	0.7127253	0.3180129	0.8452880	0.4783752	0.3674519	1.0646561	0.5624500	0.5296339	0.3979700	0.4262943	0.4918878	0.4253404	0.2025885	0.0961185	0.6530393	1.0148020
550	0.0113774	0.5041554	0.9622901	0.1521883	0.4717215	0.0000000	0.0395235	0.0211305	0.6872569	0.4485749	0.0687989	0.0900345	0.0040357	0.0892832	0.9630506	0.0422115	0.4896295	0.8949010	0.9627082	0.8237754	0.0939577	0.6515263	0.9843999	0.7348450	0.9648988	0.7933938	1.0576156	0.2766655	0.0879950	0.0279001	0.3509093	0.0462920	0.7240361	0.4800529	0.5010681	0.7470370	0.6438248	0.7922328	0.3797289	0.0305321	0.9797765	0.4345070	0.1139312	0.1810878	0.7574446	0.5097600	0.5933722	0.8834988	0.9404161	0.7835873	0.1940049	0.3331898	1.0304420	0.2205401	0.0617396	0.5784284	0.8390834	0.2130803	0.4518176	0.9622151	1.0843937	0.5906234	0.0649572	0.2669834	0.5619767	0.7532552	0.9025123	0.8127922	0.7309662	0.1656436	0.4045053	0.3818445	0.5840360	0.7190649	0.3371099	0.2221138	0.8413306	0.3654463	0.2325743	0.2220754	0.7816447	0.9785041	0.6962869	0.8764124	0.7153095	0.2942388	0.7383631	0.4351186	0.4013135	0.9167403	0.5334309	0.3604401	0.3586986	0.4881050	0.4104477	0.4734537	0.2066576	0.0738153	0.6552921	0.8978945
600	0.0173588	0.6459671	0.9319319	0.1795315	0.4612203	0.0002624	0.0533310	0.0218315	0.7722328	0.4594970	0.1252237	0.1083018	0.0014098	0.0755708	0.9259122	0.0922380	0.5330214	0.8874330	0.9139133	0.8247692	0.1090168	0.6921546	0.9757064	0.7594798	0.8836841	0.7031356	0.9845338	0.2176182	0.1520776	0.0186474	0.3523759	0.0760367	0.6733154	0.7507734	0.3923053	0.7897881	0.3955008	0.7865809	0.3158289	0.0189052	0.9825297	0.4661026	0.1087558	0.1736324	0.7153910	0.4877029	0.6750546	0.9253490	0.9301715	0.5522438	0.1165631	0.3739815	1.1116378	0.1405530	0.3148840	0.6068536	0.8488327	0.1888601	0.4652817	0.9213935	0.9695473	0.5520889	0.0780275	0.2363768	0.5851169	0.7547446	0.8949554	0.8245266	0.8889379	0.1653390	0.3937827	0.2555110	0.4959925	0.7586505	0.3170900	0.2731234	0.9048662	0.3037726	0.2436003	0.3325061	0.8435118	0.8270090	0.3972400	0.6952962	0.8958975	0.2693320	0.5809395	0.4924783	0.4477285	0.8534804	0.4490883	0.2588706	0.4352263	0.4537147	0.4116334	0.4966223	0.2158332	0.0569745	0.5946448	0.8787480
650	0.0150930	0.5859848	0.9463874	0.1177279	0.4262427	0.0006255	0.0367463	0.0294371	0.8877423	0.4592720	0.1315861	0.1024683	0.0039216	0.0887265	0.9056966	0.2147505	0.5590713	1.0029991	0.9745581	0.8400534	0.0845037	0.6023861	0.9405744	0.7740197	0.9842690	0.8221380	1.0417782	0.2125246	0.1612866	0.0187866	0.3705139	0.0725203	0.6452972	0.8523782	0.2688103	0.9663880	0.2368371	0.7858265	0.3167338	0.0238634	0.9895500	0.4527001	0.1021253	0.1191452	0.7240251	0.4197051	0.7081052	0.8519337	0.7943650	0.4501583	0.1169210	0.3131602	1.0824398	0.0742722	0.5715422	0.5376923	0.8239858	0.2068859	0.4588670	0.9555212	1.0241375	0.5584043	0.1620518	0.3011341	0.5787670	0.6068797	0.9509481	0.7385224	0.7275230	0.1355538	0.3361302	0.2536582	0.4529872	0.7947895	0.3204702	0.2667050	0.8939307	0.1906041	0.1635640	0.4165914	0.7632811	0.9614489	0.2237019	0.6453411	0.8177426	0.2724520	0.4628958	0.4486391	0.4602317	0.9116025	0.4063188	0.2272124	0.3884392	0.4904605	0.2811733	0.5418382	0.2618203	0.0593397	0.5779734	1.0052051
700	0.0134279	0.5772592	1.0132375	0.1254027	0.3877236	0.0047715	0.0341207	0.0432691	0.7525471	0.3782672	0.1092036	0.1015464	0.0054235	0.0792577	0.9246474	0.3157165	0.4944220	0.9234175	0.8917109	0.8998520	0.0970127	0.6414217	0.9246809	0.9239421	0.9357333	0.7924595	1.0062118	0.1406697	0.1768716	0.0270595	0.3344440	0.0980282	0.6458914	0.8171549	0.3059847	0.9272015	0.1531702	0.8022440	0.3193387	0.0272025	1.0083651	0.4232786	0.0683938	0.0807770	0.7924381	0.4310818	0.5937619	0.7596367	0.8022644	0.4520664	0.0830407	0.3027457	1.0211531	0.0450337	0.7687493	0.6204484	0.8456493	0.2381082	0.4622607	1.0002181	0.9209361	0.5001416	0.2037745	0.3007109	0.5502814	0.5004828	0.9025118	0.8173229	0.6544574	0.0893088	0.3667151	0.2055547	0.4099862	0.7779314	0.3468794	0.3028465	0.8715510	0.1842700	0.1889249	0.5272312	0.7872806	0.9000644	0.1524819	0.5821760	0.8604324	0.3205552	0.3520397	0.5123664	0.4938806	0.7538077	0.4133859	0.2262187	0.4395613	0.4889273	0.1646327	0.5691772	0.2440979	0.0488190	0.5435456	1.0226637
750	0.0200013	0.6304003	0.9745728	0.1050059	0.3791328	0.0014660	0.0486289	0.0260483	0.7789882	0.3856889	0.0845146	0.0919982	0.0064008	0.0974331	0.8899015	0.3485117	0.4566839	1.0047077	0.9317980	0.9126236	0.0969279	0.6021922	0.9558305	0.9578423	1.0045172	0.7906251	1.0853522	0.1195530	0.2248406	0.0654018	0.4070321	0.0918566	0.6794454	0.8245701	0.2806462	0.8723847	0.1381350	0.7580079	0.3312782	0.0327137	0.9382441	0.4211890	0.0885529	0.0615457	0.8703766	0.3739551	0.5593318	0.7554356	0.8367203	0.3825585	0.0752022	0.2814891	0.9352909	0.0194962	0.8880355	0.5947112	0.7284021	0.2469370	0.4399165	0.9720157	0.7899153	0.5622475	0.2030446	0.3137916	0.5410817	0.5227330	0.9947995	0.7866966	0.6223483	0.0733657	0.3919956	0.2364533	0.3570855	0.8061610	0.3643472	0.3060594	0.8796624	0.1888039	0.1545700	0.5471726	0.7445986	0.8401921	0.0942550	0.5427701	0.8679902	0.2841087	0.3742905	0.5636033	0.4967165	0.7492924	0.4889251	0.2637850	0.4175517	0.5877724	0.0852908	0.5058611	0.2338209	0.0381790	0.5772121	0.9683669
800	0.0101905	0.6033945	0.9152967	0.0836603	0.4469612	0.0009754	0.0494811	0.0186364	0.8208598	0.4336174	0.0979562	0.1061766	0.0004354	0.1137627	0.9496984	0.3358959	0.4299562	1.0453431	0.9285166	0.8316142	0.0756237	0.7062003	0.9257790	0.9394333	1.0048164	0.6826553	1.0182656	0.1075229	0.3077408	0.0602746	0.4105131	0.0640630	0.6803637	0.8921582	0.2663263	0.8562677	0.1776940	0.7348537	0.3575627	0.0290225	0.9673861	0.3906752	0.0852024	0.0456988	0.8182672	0.4644864	0.4654318	0.8548536	0.9958180	0.3756485	0.0514731	0.2950796	0.9013841	0.0213501	0.8059483	0.4950090	0.7755150	0.2169430	0.4348909	1.0927233	0.8360504	0.5862273	0.1350230	0.2500769	0.4905538	0.4728856	1.0610617	0.8192238	0.5369786	0.0876189	0.3754688	0.2804592	0.3611331	0.7932800	0.3086705	0.4035251	0.9359599	0.1543095	0.1888019	0.5982193	0.8068479	0.8993156	0.0814864	0.6253101	0.9239457	0.3201096	0.3704348	0.5891500	0.5299181	0.7792018	0.5662803	0.2685553	0.4309824	0.5498393	0.1076099	0.5690042	0.1857598	0.0518532	0.5149959	1.0283789
850	0.0186296	0.6247360	0.9795027	0.0874948	0.4566252	0.0015771	0.0261544	0.0241341	0.7635042	0.4515577	0.1120384	0.0803566	0.0020352	0.1296413	0.9206486	0.3063571	0.4352906	1.0768039	0.8586990	0.8625918	0.0475632	0.6583120	0.9720801	0.9278473	1.0171845	0.5658553	0.9912682	0.1025678	0.3867728	0.0635132	0.5274479	0.0352952	0.7761471	0.9198440	0.2890682	0.8982553	0.2271305	0.7955519	0.3475289	0.0140207	0.9289225	0.4439737	0.0765721	0.0463320	0.7014288	0.5740623	0.5871423	0.7724191	0.9004566	0.3097369	0.0527926	0.3082084	0.8252376	0.0317107	0.8056879	0.4664568	0.7644880	0.2088179	0.4080919	1.0068895	0.7960944	0.5656696	0.1074357	0.2319094	0.4453480	0.4716136	1.0367538	0.7406316	0.4936266	0.0475258	0.3966109	0.3540462	0.3478525	0.8283765	0.2732927	0.5824867	0.8989659	0.1549613	0.2185206	0.5669488	0.7471360	0.9330121	0.0839216	0.7270686	0.9225544	0.3361631	0.3522791	0.5710869	0.4795747	0.7805617	0.5081295	0.2053394	0.4300435	0.5094314	0.1153745	0.5590904	0.1958389	0.0307059	0.5055039	0.9876245
900	0.0181397	0.5780519	1.0302553	0.0765046	0.5009560	0.0017189	0.0154451	0.0169192	0.8316775	0.4330211	0.1204154	0.0675585	0.0031797	0.1418893	0.8621333	0.3263872	0.4701462	1.0662245	0.9256951	0.9042485	0.0387490	0.6274327	1.0488584	0.9870090	0.9505791	0.6379292	1.0326622	0.1351276	0.3761159	0.0441926	0.3508124	0.0631306	0.7025570	0.8780271	0.2813980	0.9319495	0.3268685	0.7277186	0.3535719	0.0123952	0.8253826	0.4169760	0.0745547	0.0644040	0.7246988	0.5085662	0.6314255	0.8130213	0.8940208	0.3114449	0.0586290	0.2923607	0.9021532	0.0194068	0.7284091	0.4708430	0.8264289	0.2370480	0.4831961	0.9953276	0.8269439	0.4919912	0.1359622	0.2709217	0.4336419	0.4624874	1.0267989	0.7401873	0.5614013	0.0369666	0.3856851	0.2201712	0.3208153	0.8939148	0.2722840	0.6508951	0.8546528	0.2532142	0.2552712	0.6099439	0.8479132	1.0117129	0.1135584	0.7025423	0.9023985	0.3370143	0.2911379	0.5971672	0.4240714	0.7638530	0.5194074	0.0944952	0.3980719	0.5481403	0.1149743	0.5635149	0.2403710	0.0175474	0.5345432	0.9654890
950	0.0248554	0.6926610	0.9421864	0.0767330	0.4635105	0.0026798	0.0285557	0.0256485	0.7668383	0.4372917	0.1043428	0.0636132	0.0034319	0.1082662	0.8307457	0.3162548	0.4357900	1.0638661	0.9058275	0.8804035	0.0558969	0.6456200	1.0116963	1.0118230	0.9168848	0.6759273	1.0135434	0.1383171	0.3389659	0.0411060	0.4621804	0.0681051	0.6615471	0.8605277	0.2684545	0.9104176	0.2592316	0.7196761	0.3044000	0.0269169	0.9124217	0.3946458	0.0707917	0.0790474	0.7090856	0.4460752	0.6218221	0.8437042	0.8785645	0.2699887	0.0646997	0.3401903	0.8557859	0.0054295	0.7679243	0.5080858	0.8143594	0.2462673	0.5235625	0.9668154	0.8696011	0.5335487	0.0825091	0.2613384	0.4471421	0.4715680	1.0615457	0.7178876	0.5961187	0.0188845	0.3403171	0.1745641	0.2833853	0.9595846	0.3515242	0.5404888	0.9086329	0.3319229	0.2598915	0.6321580	0.6956541	0.9969327	0.1274854	0.6929978	0.8734714	0.3613350	0.1788299	0.6029521	0.4675907	0.7886115	0.5030269	0.1578902	0.3814065	0.5042341	0.1208292	0.5820414	0.2427201	0.0195719	0.5121491	1.0339010
1000	0.0209051	0.6253821	1.0523737	0.0853994	0.4799639	0.0018053	0.0359568	0.0245149	0.8482560	0.3896832	0.1157402	0.0663657	0.0012367	0.1160500	0.7991822	0.3470991	0.5136341	1.0271687	0.8523837	0.8771553	0.0518084	0.6131137	0.9662502	1.0334461	0.8896854	0.6985400	1.0062886	0.1228052	0.3005845	0.0249029	0.3264665	0.0672419	0.6889704	0.7508887	0.2821764	0.8422223	0.1934042	0.6899547	0.2594562	0.0253437	0.9460452	0.4754994	0.0685497	0.0785295	0.7954544	0.4824408	0.6100903	0.8391476	0.9401518	0.2614213	0.0771609	0.3171343	0.9138047	0.0091670	0.6667084	0.5342743	0.7686301	0.2239362	0.4191417	0.8480742	0.8597978	0.6108800	0.1413163	0.2639001	0.5365121	0.4839790	1.1457635	0.7265799	0.5277889	0.0332813	0.4103267	0.2130197	0.3312043	0.9605805	0.3305130	0.5442234	0.9140160	0.3082793	0.1912635	0.6040936	0.7883530	0.9646725	0.1206175	0.6104829	0.8950818	0.3796613	0.2003600	0.6222682	0.5465441	0.7935931	0.4656248	0.2250042	0.3722266	0.5056896	0.1139120	0.6096539	0.2366460	0.0220128	0.5888369	0.9564078

0	0.0094491	0.6355617	1.0459758	0.0876986	0.4170952	0.0015965	0.0357302	0.0201856	0.7842026	0.5482911	0.1482550	0.1067167	0.0074763	0.0795139	0.9263252	0.4386615	0.5117037	1.0187251	0.9869150	0.9112762	0.0675828	0.6396705	0.9879649	0.9056811	1.0249936	0.8053086	0.8415975	0.0956169	0.2807776	0.0361236	0.3476186	0.0945586	0.7647381	0.8073502	0.2691465	0.9854445	0.2644993	0.7761342	0.3511720	0.0142404	0.9503393	0.3956488	0.0912837	0.0721673	0.8039584	0.5632487	0.5721011	0.9104100	0.8750489	0.3877912	0.0490860	0.3690556	1.0040851	0.0016799	0.7496314	0.4296180	0.7445798	0.3138374	0.4763448	0.9977159	0.8917758	0.5763065	0.2317245	0.3844034	0.5377636	0.4876338	1.0898320	0.8135737	0.5024926	0.0491368	0.3912071	0.2335426	0.3169327	0.9297559	0.3112694	0.3637340	0.9584119	0.1589398	0.2670455	0.6498318	0.7931145	1.0351174	0.1402507	0.6535788	1.0095359	0.4184859	0.2245238	0.5131035	0.6073464	0.7854143	0.4606182	0.1309775	0.4648780	0.5528648	0.0723851	0.5781484	0.2784400	0.0363961	0.5378107	0.9932421
50	0.2204973	0.6824829	1.0369174	0.1105385	0.4604578	0.0050248	0.3015476	0.0192104	0.6495208	0.3623336	0.1013326	0.0819443	0.0029623	0.0865407	0.8524376	0.4247625	0.4433688	1.0117759	1.0195252	0.9265785	0.0685774	0.6618601	1.0299278	0.9433414	0.8235409	0.7176564	0.9379298	0.1802347	0.1830496	0.0208979	0.3513459	0.0802509	0.5845852	0.7725916	0.2336315	0.7779370	0.1375809	0.7669959	0.3757972	0.0189578	0.8972629	0.3183661	0.0873819	0.0794898	0.7381960	0.3978942	0.5848723	0.8910777	0.9899763	0.3402212	0.0670499	0.4252293	0.9765193	0.0008183	0.8517153	0.5866760	0.7863369	0.3547355	0.5585691	0.8455477	0.7879351	0.3913923	0.1716099	0.3651693	0.5113882	0.4220790	0.9720452	0.6934691	0.4616009	0.0347151	0.3653701	0.2617544	0.3662977	0.7835058	0.1717914	0.3843213	0.9521684	0.2404489	0.2256803	0.5762070	0.7910772	0.9695160	0.0825416	0.5926403	0.9753179	0.3657643	0.3310795	0.4764370	0.5742077	0.7514052	0.5200794	0.1864812	0.5282941	0.4222834	0.0687463	0.5622691	0.2314858	0.0224642	0.4472066	1.0551336
100	0.4585726	0.6380475	1.0270437	0.1235780	0.4655074	0.0138447	0.4502511	0.0328700	0.8858513	0.1754567	0.0588064	0.0737601	0.0007861	0.0883647	0.8273309	0.3724369	0.4439469	0.9740851	1.0594208	0.9280890	0.0765454	0.6415470	0.9816620	0.8881292	0.7936818	0.7079818	0.9990681	0.2623461	0.2084767	0.0314514	0.3239785	0.1263379	0.4786401	0.7725780	0.1845844	0.7746277	0.1324853	0.7618618	0.3810259	0.0271305	0.6617606	0.1985313	0.0906366	0.0363414	0.7535219	0.4466750	0.6327180	0.7976701	0.8825466	0.2850795	0.0477506	0.3391335	0.9196659	0.0021900	0.7271927	0.5088166	0.8087323	0.3466949	0.6438368	0.8246439	0.7240593	0.1731855	0.1209711	0.3068097	0.4654361	0.3558499	0.9295359	0.7198136	0.3995780	0.0426468	0.3968845	0.2878718	0.3948285	0.8592076	0.1488950	0.3310150	0.9747956	0.1939050	0.1755447	0.5787502	0.7461234	0.9053385	0.1031802	0.5579895	1.1005224	0.2805223	0.2961097	0.3141391	0.5395657	0.7667132	0.4218176	0.2367442	0.4910904	0.3211407	0.0846571	0.5727645	0.2064689	0.0332426	0.4898806	1.0114845
150	0.6638706	0.6179240	1.0157490	0.1065246	0.4208446	0.0685873	0.5475924	0.0275741	0.9064566	0.0873232	0.0340147	0.0979226	0.0049581	0.1088111	0.8219067	0.2953056	0.4967343	1.0217262	0.9049513	0.9098102	0.0655400	0.6657978	1.0601662	0.8985573	0.7070757	0.6592367	0.9864212	0.2541509	0.2418216	0.0357570	0.3874268	0.1796851	0.3766061	0.8956825	0.1830714	0.7047560	0.1697464	0.7621191	0.3520191	0.0230843	0.4923242	0.1273491	0.0619226	0.0167015	0.7118322	0.4885056	0.6107278	0.7867816	0.8824304	0.2855353	0.0403080	0.3870298	0.8239290	0.0027212	0.7588711	0.4551242	0.7644301	0.3028991	0.6934088	0.8106988	0.8230656	0.0717382	0.0607327	0.2799518	0.5198031	0.2772043	0.8443213	0.7094248	0.3886304	0.0379671	0.4408211	0.2591412	0.4271394	0.8098144	0.1267738	0.3755055	0.9006048	0.2258261	0.2065807	0.6901707	0.6863756	1.0232379	0.0800508	0.5199626	1.0857076	0.3283039	0.3152117	0.1719804	0.5157561	0.8634130	0.4040159	0.3495077	0.4795678	0.2147336	0.1536239	0.6094141	0.2560395	0.0291402	0.5121771	0.9316179
200	0.7742895	0.6582740	1.0877004	0.0856248	0.3670205	0.1034250	0.6669499	0.0374305	0.9862972	0.0399254	0.0230262	0.0914346	0.0108584	0.0883009	0.8196953	0.3142720	0.4273891	1.0022940	0.8069401	0.8337391	0.0584186	0.6478986	0.9844003	0.7989928	0.6252787	0.6065626	1.0162773	0.3161397	0.2039074	0.0358716	0.2727953	0.3299094	0.3750804	0.9429282	0.1604580	0.7739345	0.1567463	0.7878276	0.3428654	0.0288615	0.2227074	0.0936122	0.0692028	0.0178667	0.7040839	0.4458735	0.5792566	0.8183079	0.9658990	0.2959625	0.0342502	0.3500565	0.7962539	0.0000000	0.7768965	0.3070939	0.7759371	0.2654630	0.6216128	0.8542927	0.7771894	0.0192972	0.0177467	0.2462591	0.5005776	0.3471923	0.8691023	0.5929194	0.3824021	0.0430831	0.5341096	0.3003589	0.4456738	0.8624892	0.1445860	0.4445576	0.8521655	0.2574191	0.2077441	0.6699775	0.8144686	0.8630529	0.0776987	0.4825925	1.0491768	0.2953117	0.3533635	0.1077205	0.5753111	0.8532402	0.4029538	0.3500523	0.5543660	0.1890909	0.3020832	0.6113350	0.2628054	0.0253293	0.4784105	1.0217131
250	0.8314813	0.6292205	1.0485165	0.0776355	0.2251089	0.1570108	0.6232802	0.0336021	1.0383703	0.0123890	0.0219096	0.0984643	0.0239248	0.0900759	0.8369716	0.3548238	0.3932070	0.9342373	0.8393771	0.7535254	0.0785503	0.7163605	0.9406369	0.7622224	0.6692625	0.7717152	1.0537688	0.2958252	0.1604930	0.0204317	0.3771460	0.4540945	0.3720334	0.8519846	0.1421511	0.8122692	0.1579032	0.7578928	0.3727690	0.0204413	0.1246567	0.0818634	0.0730436	0.0214555	0.6532997	0.4312059	0.6132913	0.8246211	0.9017703	0.2510553	0.0262554	0.3378507	0.7247694	0.0004838	0.4852637	0.2055568	0.7607167	0.2113193	0.6799900	0.7413484	0.7451834	0.0359219	0.0123643	0.2530885	0.4813099	0.2954562	0.9608806	0.6286012	0.3821583	0.0873234	0.5695279	0.2826482	0.4713603	0.8831293	0.0987524	0.3819425	0.8030874	0.1532857	0.2339612	0.6705752	0.7876936	0.9318103	0.0766619	0.2868354	0.9232415	0.2778729	0.3643983	0.0802778	0.6347932	0.7108612	0.3324481	0.3461177	0.5423802	0.1762289	0.3495098	0.5105130	0.2503328	0.0232812	0.4930402	1.0505918
300	0.8476326	0.6872516	1.1174067	0.1003406	0.1934421	0.1535799	0.5682027	0.0235262	1.0438810	0.0089362	0.0042047	0.1215208	0.0513179	0.1025551	0.8604256	0.3820001	0.4290409	0.9584782	0.7399855	0.8657722	0.0712814	0.6055365	1.0005336	0.7565579	0.6295222	0.9251429	1.0078983	0.2669305	0.1679342	0.0161095	0.3068541	0.5413720	0.3896123	0.7086045	0.1933336	0.7849417	0.2156067	0.8417048	0.3872241	0.0179954	0.0795385	0.0801228	0.0772722	0.0195584	0.5715459	0.4836472	0.5837984	0.8721093	0.8752610	0.1945087	0.0124038	0.2661067	0.6386787	0.0000000	0.3026285	0.1118839	0.8431220	0.2087338	0.6046255	0.6978117	0.6475328	0.0159726	0.0118941	0.1541259	0.4549645	0.2982758	0.9121052	0.5719980	0.3974312	0.1036806	0.5890715	0.2411813	0.4720718	0.8754962	0.1052444	0.3747491	0.7732735	0.1020137	0.2644201	0.7726060	0.7916639	0.9184183	0.0906640	0.2726959	0.8306151	0.2309585	0.3614855	0.0710187	0.5452165	0.6409659	0.3784703	0.3529961	0.5091588	0.1513229	0.3766934	0.5460187	0.2296516	0.0366424	0.5813346	0.9145861
350	0.8197000	0.7430534	1.0727458	0.1251504	0.1400481	0.1613236	0.6724975	0.0246424	1.0556856	0.0084541	0.0113581	0.1337509	0.0466625	0.1117636	0.7947241	0.4540207	0.5637484	0.9871010	0.8097042	0.9221816	0.0676338	0.5833965	1.0537708	0.7537450	0.5613299	0.9808703	1.0080283	0.2400139	0.2090526	0.0353350	0.3105351	0.5020255	0.4003136	0.6483043	0.2132396	0.8724190	0.1474493	0.8639750	0.3605047	0.0177900	0.0563686	0.0744668	0.0823760	0.0085417	0.5543326	0.4738635	0.6845076	0.8029197	0.9354080	0.1726986	0.0414103	0.2941148	0.5258653	0.0004161	0.1401822	0.0528800	0.7548627	0.2552889	0.7362097	0.6870365	0.5101232	0.0059347	0.0251913	0.2261164	0.4718510	0.2737430	0.9699160	0.5557736	0.3089629	0.1120782	0.6982498	0.2900096	0.5085343	0.9669041	0.1248922	0.4126555	0.8096713	0.0972097	0.2598206	0.8004211	0.8376956	0.9238743	0.0681074	0.2257719	0.7463233	0.2654613	0.3864003	0.0484212	0.5291480	0.5936586	0.3721720	0.3251258	0.5528191	0.1612453	0.3782719	0.5033845	0.2359989	0.0270791	0.6042755	0.9172397
400	0.8628387	0.6769793	0.9667544	0.1254178	0.1001909	0.1752178	0.6811011	0.0398544	0.9636415	0.0102532	0.0182988	0.1189817	0.0371663	0.1045275	0.8127076	0.4546653	0.5348680	0.8849787	0.6988484	0.8966239	0.0496944	0.6209600	1.1232694	0.8189204	0.5417567	1.0032071	0.9647593	0.2617501	0.2649919	0.0296110	0.2836884	0.5192541	0.3764395	0.7404354	0.1722427	0.9078750	0.1370394	0.7842181	0.3625387	0.0270682	0.0471791	0.0585038	0.0904011	0.0056077	0.5343941	0.4423964	0.6703159	0.7866838	0.8300270	0.1629646	0.0534111	0.3039166	0.5120070	0.0080029	0.0738970	0.0208127	0.7533601	0.2004704	0.7831260	0.7128089	0.4860638	0.0087471	0.0091615	0.1969568	0.5887609	0.2968601	0.9163707	0.6136392	0.3224482	0.1778657	0.6897999	0.2588519	0.4777622	0.8589510	0.1233072	0.4570931	0.7024161	0.0458801	0.2388614	0.7857543	0.8555017	0.9606699	0.0660938	0.2282794	0.6683761	0.2414965	0.4588889	0.0343907	0.5316238	0.6464307	0.3744743	0.2992642	0.5117260	0.1796920	0.3681798	0.4814012	0.1910841	0.0239509	0.6079093	0.8852197
450	0.8577686	0.6356349	0.9841828	0.1194766	0.0454431	0.2080094	0.6258882	0.0239300	1.0057381	0.0057530	0.0376440	0.0937658	0.0629870	0.1080757	0.7993099	0.4781810	0.5182089	0.9364262	0.5566639	0.8595895	0.0580757	0.6108433	1.1234243	0.9187844	0.5277543	0.9834824	1.0334828	0.3189788	0.2585107	0.0174110	0.3360573	0.5606424	0.3130305	0.7764684	0.1656771	0.9060869	0.0982199	0.8173729	0.3965239	0.0378818	0.0504503	0.1032256	0.0834600	0.0082135	0.5903354	0.4349320	0.6207133	0.7974442	0.8271271	0.1682585	0.0948130	0.3626899	0.4685959	0.0028212	0.0361644	0.0174622	0.7199017	0.2090055	0.7288495	0.7988674	0.4651032	0.0182950	0.0057220	0.2439423	0.5833595	0.3276738	0.7909010	0.6590618	0.2669718	0.2972372	0.6811811	0.2810177	0.4954774	0.7893572	0.1159915	0.4654001	0.6732134	0.0611611	0.1897902	0.6482760	0.8032789	0.9378659	0.0606201	0.2777241	0.6585069	0.2527238	0.4929585	0.0383146	0.5464452	0.6205352	0.3546353	0.3706030	0.5401666	0.1994016	0.3939612	0.5047848	0.1992334	0.0208139	0.5448662	0.9427531
500	0.7939173	0.6048963	0.9299549	0.0981493	0.0416871	0.1791548	0.6062886	0.0171619	0.9895730	0.0132536	0.0234351	0.0642943	0.0537493	0.1368062	0.6886766	0.5146713	0.5465754	0.8801506	0.6055190	0.8508014	0.0688100	0.6754936	1.0920676	0.9003210	0.5722350	1.0614673	1.0893589	0.3041409	0.2307434	0.0215714	0.2973477	0.7269666	0.3241773	0.8251700	0.1699244	0.8738779	0.1299086	0.7377195	0.3508462	0.0365185	0.0530002	0.1232361	0.0817694	0.0064521	0.5715003	0.3726864	0.6515251	0.8015811	0.7775753	0.1589299	0.1178133	0.4074958	0.4521492	0.0001535	0.0359911	0.0136404	0.7064605	0.2937527	0.6375259	0.7110573	0.3756470	0.0147259	0.0107725	0.2500972	0.5696888	0.3909259	0.7943158	0.6399891	0.2389077	0.3714023	0.6705577	0.3124220	0.4571167	0.9043373	0.1321300	0.5283591	0.6410777	0.0651688	0.1949692	0.6764953	0.7730230	0.8916199	0.0640592	0.2110808	0.8769459	0.2669903	0.5820022	0.0406271	0.5158919	0.6801730	0.3502555	0.4815135	0.5349955	0.2285022	0.3692157	0.5058381	0.2502423	0.0318901	0.5807360	0.9461599
550	0.5959261	0.6146696	0.9445499	0.1153955	0.0193812	0.1630748	0.3388493	0.0267870	1.0017299	0.0074800	0.0702925	0.0886717	0.0502109	0.1105636	0.7479660	0.4592656	0.5367903	0.8366136	0.6707690	0.8470456	0.0780093	0.6476693	1.1432891	0.8287306	0.6876791	0.9565254	0.9028654	0.2619478	0.1980028	0.0207725	0.2449816	0.7604869	0.4786646	0.7937511	0.2183523	0.7865797	0.1279857	0.6839339	0.3008405	0.0111532	0.1093202	0.2432362	0.0681133	0.0307366	0.6050182	0.4753331	0.5280545	0.8096147	0.8348348	0.1875557	0.1339485	0.3313244	0.3476271	0.0044407	0.0322297	0.0273364	0.7260052	0.2497187	0.6248685	0.8547977	0.3055078	0.2350186	0.0177367	0.2318644	0.5415766	0.4047243	0.7792223	0.6046758	0.2912802	0.4889552	0.7215991	0.2709444	0.4141112	1.0282232	0.1866409	0.4273085	0.6782385	0.0316693	0.2118863	0.7026282	0.7283491	0.9195890	0.0886150	0.2684214	0.6328395	0.2235383	0.5907338	0.0584639	0.5131701	0.6442908	0.3669300	0.5657124	0.4991224	0.4206784	0.4270855	0.4678624	0.2893975	0.0146919	0.5805996	0.9687755
600	0.4254311	0.5556232	1.0063087	0.1240785	0.0690939	0.1253909	0.1640939	0.0206436	0.9975166	0.0147580	0.1195468	0.0825411	0.0347185	0.1057644	0.8303556	0.3833297	0.5100654	0.8323463	0.7276478	0.8316026	0.0566244	0.5981087	1.0575884	0.8333477	0.7974653	0.8964514	0.9352116	0.2191698	0.2304474	0.0222345	0.1679584	0.5149183	0.5307293	0.8410327	0.2719108	0.8509239	0.1447055	0.7169183	0.3163183	0.0261227	0.3579254	0.3878784	0.0823970	0.0321159	0.7045147	0.4847395	0.5247500	0.8131272	0.8135880	0.1895741	0.1493828	0.3846679	0.2322651	0.0036176	0.0536415	0.0066606	0.8150424	0.2342973	0.5373203	0.8703395	0.3655006	0.4940079	0.0608990	0.2233002	0.5170439	0.4884363	0.7725871	0.5829382	0.3036620	0.4350896	0.6537638	0.2664838	0.3187069	0.9588700	0.2652908	0.2381638	0.6651088	0.0632292	0.2126244	0.8451001	0.6993890	1.0126428	0.0953340	0.2535048	0.5871981	0.2960994	0.6116616	0.1204320	0.6200062	0.5707542	0.3880435	0.3527047	0.4897580	0.6190334	0.4716794	0.5408364	0.2888952	0.0140294	0.5610441	1.0621904
650	0.1450772	0.5524488	1.0081964	0.1162265	0.0784112	0.0585948	0.0699024	0.0258605	0.9726383	0.0075027	0.1401347	0.0871361	0.0517234	0.1341652	0.9379061	0.4189002	0.4542963	0.8704630	0.8000894	0.9077090	0.0712114	0.6212663	1.0491105	0.8816063	0.9286985	0.9546075	0.9148000	0.1075990	0.2283486	0.0370166	0.3065593	0.3132250	0.5980091	0.8634049	0.2593902	0.8434531	0.1969542	0.8147583	0.3282590	0.0268305	0.6479708	0.4304778	0.0695341	0.0512446	0.7250570	0.5540002	0.5361437	0.8427720	0.7893953	0.1741130	0.1242786	0.3596300	0.1833720	0.0169210	0.2861044	0.0181618	0.7444343	0.2601787	0.4220893	0.9139020	0.3609773	0.6269030	0.1105999	0.2785408	0.6014759	0.5382221	0.8113890	0.5663869	0.3104923	0.4245788	0.5828103	0.3057274	0.2712994	0.9474244	0.1930984	0.2838735	0.7294663	0.1631330	0.2240460	0.8332417	0.8259281	0.9086142	0.0961786	0.3662344	0.6244580	0.3054260	0.5782450	0.0878712	0.6023519	0.5756352	0.4577363	0.4185491	0.4586595	0.6739370	0.3788469	0.5274746	0.2413932	0.0312102	0.5184595	1.0367656
700	0.0648218	0.5911202	0.9941276	0.1111295	0.2116627	0.0205941	0.0432860	0.0141840	0.9989117	0.0217091	0.1146993	0.0904189	0.0215232	0.0904859	0.9387014	0.4007255	0.5459783	0.8922384	0.9581927	0.8311025	0.0591077	0.5784684	0.9625281	0.8940377	0.8923353	0.9231894	0.9058827	0.0744118	0.2027818	0.0338947	0.3957991	0.1901024	0.6070113	0.8459055	0.2542364	0.9017157	0.2873665	0.8381888	0.2644588	0.0237222	0.7772193	0.4532228	0.0852418	0.0453323	0.7165575	0.5525384	0.5646715	0.8318569	0.7845538	0.1284712	0.0934077	0.3413017	0.1682548	0.0116146	0.5397071	0.0817557	0.7832624	0.3179656	0.4860039	0.9559506	0.3857088	0.4955688	0.1834731	0.2519969	0.5890018	0.4620091	1.0026113	0.6969806	0.3551774	0.3347779	0.5288909	0.2160905	0.2178297	0.8968545	0.2131340	0.3031347	0.7865133	0.2247314	0.2355887	0.7408934	0.8864935	1.0128194	0.1043794	0.4111708	0.8564453	0.3050889	0.5569136	0.1310152	0.5018436	0.7514226	0.4429808	0.4434070	0.4389950	0.6667112	0.2789712	0.5242757	0.2206834	0.0394022	0.5317184	1.0161668
750	0.0507071	0.5088766	0.9786079	0.1182696	0.3477328	0.0119211	0.0328335	0.0131586	0.9065226	0.0210021	0.1306162	0.0935684	0.0070248	0.1028719	0.8262170	0.4054215	0.5439947	0.8920219	1.0366507	0.8217579	0.0636641	0.5667519	0.9794849	0.9732069	0.9277907	0.7358941	0.9005551	0.1076952	0.2062183	0.0372533	0.4472159	0.1519135	0.6150416	0.7838235	0.2687077	0.8866762	0.3354897	0.7427727	0.2738805	0.0390387	0.8569634	0.4755653	0.0669523	0.0560457	0.7298381	0.5535152	0.6020782	0.8878030	0.7481309	0.1657576	0.1064563	0.3468376	0.2118644	0.0133221	0.6157068	0.2106167	0.8070331	0.2731642	0.5185586	0.9630299	0.5308694	0.5311095	0.1649115	0.2299208	0.4735272	0.5098264	0.9864239	0.6823626	0.4200674	0.1843417	0.4590161	0.2380523	0.2391474	0.9372227	0.2946738	0.3640377	0.8046713	0.2018272	0.3068368	0.7108427	0.6878122	0.9937427	0.1058559	0.5888559	0.8913244	0.2201115	0.5260747	0.2122172	0.4980408	0.7823147	0.4491523	0.4500966	0.4550454	0.6656120	0.1945594	0.5362680	0.2200021	0.0462434	0.5001897	1.0493696
800	0.0417629	0.5035241	1.1003571	0.1572810	0.4314625	0.0093814	0.0517074	0.0169243	0.9087887	0.0356652	0.1364615	0.1116621	0.0239600	0.1502981	0.8874126	0.4099471	0.5121244	0.9987520	0.9620075	0.8173024	0.0883743	0.6595873	0.9506224	1.0396601	0.9431525	0.6807306	0.8891039	0.1013774	0.2250463	0.0566862	0.3660060	0.1198558	0.5585550	0.8422482	0.2843424	0.8689790	0.2736723	0.7847007	0.3173028	0.0137726	0.9285686	0.4666532	0.1087163	0.0624852	0.6849817	0.4910284	0.5556562	0.8243068	0.7393895	0.2119366	0.0814238	0.3243699	0.2682470	0.0096514	0.6653309	0.3132458	0.7718131	0.2866928	0.5004673	0.9314689	0.7273263	0.5994545	0.2419658	0.2366497	0.5027053	0.4876119	0.8972153	0.6707610	0.4036044	0.1323747	0.3937065	0.2235180	0.2884872	0.9167913	0.2716098	0.3488660	0.7706587	0.2042653	0.2752189	0.6158761	0.7931288	0.9736724	0.0786806	0.6271221	1.0665095	0.2471755	0.4734285	0.3722325	0.5474284	0.7408809	0.4431083	0.3805676	0.4172060	0.6133065	0.1818214	0.6110583	0.1844226	0.0338719	0.4377492	1.0305033
850	0.0296645	0.5466459	1.2030611	0.1818119	0.4689415	0.0043965	0.0235987	0.0145691	1.0209485	0.0812575	0.1543414	0.1230406	0.0038696	0.1376338	0.8368568	0.4241134	0.5101294	1.0428522	0.9065273	0.9042416	0.0729880	0.6577631	0.9431129	1.1020042	0.8606224	0.6149023	0.8794553	0.0942326	0.2613732	0.0504125	0.4250372	0.1372100	0.5753884	0.7625979	0.3327962	0.8774182	0.2719453	0.7401877	0.3203325	0.0150894	0.8399668	0.4517970	0.1267530	0.0554671	0.6452435	0.5668309	0.5787643	0.9101994	0.7750014	0.2307092	0.0812720	0.3762044	0.4094436	0.0061836	0.6759799	0.3332748	0.7523596	0.2729180	0.5227108	0.9747270	0.6986996	0.5873693	0.2514847	0.3650620	0.5451999	0.5021779	1.0583745	0.6715402	0.4571183	0.0465698	0.3931364	0.2258457	0.2999101	1.0311685	0.2495320	0.3802393	0.8460680	0.1712488	0.2611691	0.6040326	0.7627122	0.9290284	0.0958807	0.5473762	0.9877159	0.2900565	0.4451557	0.3285291	0.5826504	0.7474929	0.4887557	0.2541066	0.4418169	0.5410136	0.1718557	0.5970060	0.2317718	0.0192948	0.5182003	0.9101081
900	0.0164465	0.6587650	1.2289777	0.1630636	0.4791276	0.0006334	0.0243001	0.0164103	0.9376880	0.2048377	0.1637159	0.0941541	0.0046804	0.1174768	1.0647190	0.4223746	0.4873476	1.0031592	0.9923444	0.8292512	0.0565962	0.6185086	1.0141866	1.0098587	0.8622556	0.6668746	1.0142446	0.0947849	0.2385965	0.0247497	0.3613961	0.1046319	0.6643714	0.8319304	0.3325273	0.9033046	0.2506264	0.7089696	0.3474663	0.0238851	0.9799382	0.4595110	0.0776498	0.0663161	0.6925237	0.5975609	0.6044206	0.9001773	0.7979994	0.3659210	0.0975809	0.2999652	0.4800031	0.0021979	0.7814013	0.3554555	0.8053784	0.2966231	0.4830160	1.0336575	0.8568016	0.5407725	0.2695736	0.3173000	0.5115533	0.6222546	1.0265982	0.7023373	0.4295940	0.0445982	0.4060907	0.2137996	0.3445845	0.9407713	0.2632061	0.4358676	0.8716030	0.1307978	0.2590739	0.6313299	0.7515917	0.9630321	0.1023937	0.6063930	0.9933753	0.3094682	0.3079417	0.3342162	0.5096472	0.8181156	0.4857017	0.2034743	0.3741823	0.5855728	0.2287906	0.5860433	0.3051983	0.0146830	0.5198712	0.9922471
950	0.0175140	0.6605638	1.2564690	0.2153122	0.4282036	0.0100216	0.0171270	0.0318421	0.9809940	0.3378269	0.1310719	0.1116520	0.0067928	0.1077003	0.8706529	0.4878871	0.4528468	0.9878569	1.0156640	0.8620734	0.0708391	0.6529305	1.0144497	0.9064164	0.8325060	0.6277035	1.0911691	0.1244615	0.1800605	0.0229040	0.3630632	0.1082748	0.6481851	0.7570556	0.2782130	0.8504108	0.2740853	0.7592300	0.3575891	0.0148438	1.0561859	0.5392840	0.0849061	0.0676059	0.6616777	0.4495915	0.6323370	0.9080595	0.7970781	0.2881384	0.1105691	0.3444266	0.6388842	0.0040055	0.6894134	0.4302768	0.7789215	0.2681718	0.4953206	0.9851180	0.8255662	0.5769776	0.2890939	0.2447870	0.5536499	0.4778396	1.0153194	0.7049693	0.4288990	0.0484371	0.4024054	0.2088401	0.3229554	0.8101296	0.2907665	0.3481126	0.9124390	0.1720976	0.2722919	0.7115615	0.7596085	0.9390588	0.1081027	0.6697760	0.9740533	0.3282276	0.2820256	0.3271376	0.5894543	0.7234703	0.4070591	0.2767959	0.3829625	0.6149367	0.1583150	0.5920522	0.2890758	0.0123119	0.5191267	1.0357652
1000	0.0183594	0.6817067	1.1056928	0.1935016	0.3577823	0.0029946	0.0320628	0.0208437	0.8731512	0.3235699	0.1356114	0.0887104	0.0043834	0.1146212	0.9600810	0.5407138	0.4826191	0.9866262	0.9884348	0.8587351	0.0595863	0.6751397	1.0721494	0.9021717	0.8763897	0.6814457	1.0074374	0.1228208	0.1968347	0.0227840	0.4164246	0.1163399	0.5803715	0.7965117	0.2773438	0.8342715	0.2237292	0.8182574	0.3890359	0.0126184	0.9887882	0.5725839	0.0660646	0.0599983	0.7387074	0.4672766	0.6461207	0.8167823	0.8177588	0.3110490	0.1082538	0.3352082	0.7544743	0.0034125	0.6607786	0.4507642	0.8771136	0.2569452	0.5535716	0.9861910	0.8026296	0.5127200	0.3463775	0.2285346	0.6686868	0.5678472	0.8169656	0.7209523	0.4183103	0.0668007	0.4216468	0.2187300	0.2950433	0.8794665	0.3160800	0.3417927	0.9162697	0.2326816	0.2796928	0.6073977	0.8214153	0.9396504	0.0803394	0.6669518	0.9233185	0.3434146	0.2677678	0.4112014	0.5932357	0.7011428	0.5181068	0.2319047	0.4150223	0.5880637	0.1544714	0.6846376	0.2940049	0.0132710	0.4814899	0.9654380

0	0.0094491	0.6355617	1.0459758	0.0876986	0.4170952	0.0015965	0.0357302	0.0201856	0.7842026	0.5482911	0.1482550	0.1067167	0.0074763	0.0795139	0.9263252	0.4386615	0.5117037	1.0187251	0.9869150	0.9112762	0.0675828	0.6396705	0.9879649	0.9056811	1.0249936	0.8053086	0.8415975	0.0956169	0.2807776	0.0361236	0.3476186	0.0945586	0.7647381	0.8073502	0.2691465	0.9854445	0.2644993	0.7761342	0.3511720	0.0142404	0.9503393	0.3956488	0.0912837	0.0721673	0.8039584	0.5632487	0.5721011	0.9104100	0.8750489	0.3877912	0.0490860	0.3690556	1.0040851	0.0016799	0.7496314	0.4296180	0.7445798	0.3138374	0.4763448	0.9977159	0.8917758	0.5763065	0.2317245	0.3844034	0.5377636	0.4876338	1.0898320	0.8135737	0.5024926	0.0491368	0.3912071	0.2335426	0.3169327	0.9297559	0.3112694	0.3637340	0.9584119	0.1589398	0.2670455	0.6498318	0.7931145	1.0351174	0.1402507	0.6535788	1.0095359	0.4184859	0.2245238	0.5131035	0.6073464	0.7854143	0.4606182	0.1309775	0.4648780	0.5528648	0.0723851	0.5781484	0.2784400	0.0363961	0.5378107	0.9932421
50	0.0259433	0.6823606	0.8932802	0.2487534	0.4844955	0.0037499	0.0173225	0.0152911	0.7742725	0.4531872	0.1234297	0.0840169	0.0006227	0.1226492	0.8966515	0.3827677	0.4774709	0.9332746	0.9910005	0.8929379	0.2996823	0.6044871	1.0025162	0.9289178	0.6295860	0.6677884	0.8708708	0.0767276	0.1937778	0.0184697	0.3607851	0.0535026	0.5977644	0.8482897	0.3552591	0.7778794	0.1911875	0.7766297	0.3752604	0.0257091	0.8807464	0.4820011	0.0700671	0.0937582	0.7578922	0.4238204	0.6452112	0.8637276	0.8599298	0.3346386	0.0852532	0.3486078	1.0140680	0.0010045	0.8212031	0.5702237	0.8182600	0.4465278	0.4556827	0.9036731	0.7591096	0.6221695	0.1934634	0.2149597	0.5600460	0.5331408	1.0201999	0.7428362	0.4422201	0.0510745	0.2516776	0.2282596	0.3130488	0.8148706	0.3435909	0.3649153	0.9677037	0.5108705	0.2124700	0.7385775	0.8172653	1.0216149	0.0909944	0.5040846	1.0090320	0.2999093	0.2942850	0.5175574	0.4213577	0.8178914	0.5169844	0.4546578	0.5199182	0.6169683	0.1509372	0.5861825	0.2215405	0.0217561	0.5811751	0.8912647
100	0.0141735	0.5910671	0.7798338	0.3898462	0.4615588	0.0018208	0.0281343	0.0081438	0.7226172	0.4090556	0.1281441	0.1021415	0.0004257	0.1230463	0.8919710	0.3467561	0.4355096	0.9578210	0.9918599	0.8956942	0.4239316	0.6702927	1.0743116	1.0523846	0.5449805	0.6491323	0.8893029	0.0749522	0.1622177	0.0335927	0.3269419	0.0753843	0.5837130	0.8191313	0.3043202	0.7173301	0.2166141	0.6718910	0.3776521	0.0100800	0.9817916	0.4713883	0.0644018	0.0591283	0.7803487	0.5041620	0.5670972	0.8514754	0.8529696	0.2847251	0.2115252	0.2738884	0.9742168	0.0001438	0.6408117	0.5703621	0.7969106	0.5577335	0.5739996	0.8585623	0.8108146	0.5998226	0.3472386	0.1962267	0.5386780	0.6283445	0.9990669	0.6743805	0.4279715	0.0449832	0.2029180	0.1982198	0.3168798	0.9635561	0.2624042	0.3010855	0.9801066	0.6550817	0.2645471	0.7987293	0.9166420	0.9261783	0.0933844	0.4161871	1.0493814	0.3726873	0.2892541	0.5020110	0.4103277	0.7631714	0.4828358	0.6241609	0.5124345	0.7344272	0.1330890	0.5422621	0.2102135	0.0423075	0.7025078	0.9097347
150	0.0240966	0.6464959	0.7203302	0.3862245	0.4287126	0.0000000	0.0135001	0.0083378	0.7996574	0.3597899	0.1184498	0.0963340	0.0011453	0.1051819	0.8367156	0.3825387	0.4870553	0.9757776	0.9169121	0.8268017	0.4845167	0.7219749	1.0290546	1.0328963	0.4862926	0.6684321	0.8192651	0.0897741	0.1805491	0.0526541	0.3541137	0.0911364	0.5649567	0.8609610	0.3350193	0.7753627	0.2365104	0.6739351	0.3853436	0.0125695	0.9651772	0.5825428	0.0686839	0.0581577	0.7194154	0.5025165	0.5876747	0.7873082	0.8898075	0.3468645	0.2663555	0.2884443	1.0021978	0.0011249	0.6152428	0.5642870	0.6663877	0.5443897	0.6021061	0.9024273	0.9220910	0.4073014	0.3656072	0.1799117	0.5130597	0.7232086	1.0686393	0.7006795	0.4935322	0.0544363	0.1234738	0.1655417	0.3586614	1.0032682	0.2404620	0.2050946	1.0016090	0.8479091	0.3021594	0.9223746	0.8812653	1.0539787	0.0933073	0.3449332	1.0099300	0.4020436	0.2679776	0.5110331	0.4097295	0.7225006	0.5051662	0.6202858	0.4088412	0.8502258	0.1228876	0.6284183	0.2455497	0.0301478	0.6955277	0.9647765
200	0.0105640	0.5488128	0.6386778	0.4621806	0.4438512	0.0026914	0.0261827	0.0097307	0.9214657	0.4602331	0.1372045	0.0732281	0.0000710	0.1398774	0.8214811	0.3764080	0.4608413	1.0377020	0.8443375	0.9379248	0.4844411	0.7036143	1.1656635	1.1458898	0.4328101	0.6434994	0.8606682	0.1244953	0.1904286	0.0724021	0.3910608	0.1458523	0.5653009	0.8462168	0.2741282	0.9394738	0.2319064	0.5830913	0.4016900	0.0189352	0.9944569	0.5352038	0.0866270	0.0684513	0.7131702	0.4626280	0.5672362	0.8602727	0.8403409	0.2907775	0.2564685	0.3289282	0.9389267	0.0015260	0.5168252	0.5636820	0.7209466	0.5669039	0.6592705	0.8666162	0.8658183	0.4666458	0.4047136	0.1890282	0.5410828	0.5638159	1.1017198	0.6515041	0.4678588	0.0488650	0.0823584	0.1334232	0.3155616	0.8658597	0.2599562	0.1871065	0.9482156	0.9235502	0.2536044	0.9725679	0.8855923	0.9244595	0.0827740	0.3378246	0.9979675	0.3930833	0.3178885	0.5591802	0.2977470	0.6255984	0.4340296	0.6474969	0.3639564	0.8834402	0.1937238	0.6146073	0.2281175	0.0347108	0.7502975	0.9656304
250	0.0046371	0.5217913	0.6221631	0.4350614	0.5258127	0.0032989	0.0379271	0.0098600	0.8151521	0.4296908	0.1625794	0.1071211	0.0032335	0.1166157	0.8120266	0.4406751	0.3685592	1.0516190	0.8720457	0.8770637	0.5326016	0.6894893	1.0277364	0.9764867	0.4178475	0.7675020	0.9108492	0.1391394	0.2874249	0.0504745	0.4222573	0.1356487	0.5326912	0.7550904	0.2739044	0.8629133	0.1684039	0.5260727	0.4282172	0.0110747	1.0216248	0.6356528	0.0624472	0.0434648	0.8060788	0.4757850	0.5786995	0.9764005	0.8523843	0.2790995	0.2240601	0.3399013	1.0332389	0.0006214	0.5161743	0.4625071	0.8037402	0.4874434	0.6754254	0.8809630	0.8235731	0.4462499	0.3961150	0.2064582	0.5488575	0.5323260	1.1123284	0.6188892	0.4456820	0.0483694	0.0715335	0.1703522	0.4019726	0.9666075	0.2023977	0.3305514	0.9090070	0.8570130	0.2633456	1.0685155	0.9299313	0.8931783	0.1029428	0.3548184	1.0373932	0.4912294	0.2325043	0.5726134	0.3635950	0.7085344	0.4752359	0.6988010	0.3370226	0.9676221	0.2054004	0.6680590	0.2731929	0.0266002	0.7654387	1.0471890
300	0.0119602	0.4969468	0.6998880	0.4343404	0.4706456	0.0019986	0.0265443	0.0076150	0.8030305	0.4279686	0.1212494	0.0919031	0.0019419	0.1712507	0.7218812	0.4529267	0.3294735	1.0294015	0.8939654	0.8000739	0.5360533	0.6839920	1.0059894	1.0128046	0.3879710	0.6398206	0.9288091	0.1334355	0.3066280	0.0397896	0.4346118	0.1861323	0.5450251	0.7641091	0.3138241	0.8599606	0.1830999	0.5524143	0.4326904	0.0091432	0.9289172	0.6714752	0.0462987	0.0461519	0.7441595	0.5384663	0.6379298	0.8655802	0.7942601	0.3201900	0.2589316	0.3309201	1.0066063	0.0022915	0.4885395	0.3568022	0.7866727	0.5594177	0.6932736	0.9197814	0.8171733	0.4650258	0.3945715	0.1772743	0.6091144	0.5576695	0.9640239	0.6386506	0.4680670	0.0205434	0.0858770	0.1868607	0.3954135	1.0523455	0.2027718	0.4089343	0.9620357	0.9072907	0.2234452	0.8873727	0.8474353	0.8919855	0.1048974	0.4309461	0.9864197	0.5356067	0.2521895	0.5133767	0.4325035	0.7976536	0.5393321	0.7091324	0.3714307	0.9683517	0.1648239	0.7244734	0.2686299	0.0226597	0.8039628	1.0363151
350	0.0140159	0.4262798	0.6668321	0.4229835	0.4648535	0.0022482	0.0202616	0.0088757	0.7885417	0.4289889	0.1453322	0.0743227	0.0002763	0.1753613	0.8391015	0.5685870	0.3818811	0.9574426	0.8806300	0.8001487	0.5029471	0.7159798	0.9701531	0.8612469	0.3889512	0.6908873	0.8697857	0.1579243	0.2270733	0.0277921	0.3838201	0.1714243	0.5287492	0.8880295	0.2842376	0.8462249	0.2237367	0.5069155	0.4303436	0.0109462	1.0581293	0.6548048	0.0884806	0.0452656	0.7182992	0.4971466	0.7242762	0.8967310	0.6807591	0.3588387	0.2861646	0.4096645	1.0920355	0.0043143	0.4791962	0.3671598	0.7974872	0.5708140	0.6662505	0.8817242	0.7226146	0.4753567	0.4062606	0.2113662	0.5933228	0.6107531	0.9523401	0.6822348	0.4283295	0.0584611	0.1292608	0.1694636	0.4127029	1.0104767	0.1748290	0.4280750	0.9530616	0.9227862	0.2309984	0.8665683	0.8481939	0.8360831	0.0806619	0.4500702	1.0996083	0.4942064	0.2334202	0.5275545	0.3548166	0.6575499	0.4247576	0.6374956	0.3737106	1.0477124	0.1732625	0.6668253	0.2760544	0.0259414	0.7856748	1.1060638
400	0.0063995	0.5836912	0.6214499	0.4352867	0.4171162	0.0024531	0.0400309	0.0102398	0.8741800	0.4333075	0.1253250	0.0770087	0.0030908	0.1109987	0.6603987	0.6138962	0.4362238	1.0407746	0.9570698	0.8454545	0.5991944	0.6798653	1.0691572	0.9813858	0.3968803	0.6452328	0.9395697	0.1793028	0.1579248	0.0379886	0.3632055	0.1695187	0.5226366	0.8658688	0.2991070	0.8304454	0.2094256	0.5056876	0.4357121	0.0267065	1.0592479	0.6945265	0.0835278	0.0662457	0.7330352	0.4344557	0.7285730	0.8491842	0.6091284	0.3721921	0.2809585	0.3956837	1.0079697	0.0009575	0.4893058	0.3655902	0.8114836	0.5663866	0.6373808	0.9764415	0.6297476	0.5096732	0.4004578	0.1816554	0.5960982	0.6184245	1.0171578	0.7043612	0.4473017	0.0751634	0.1084459	0.2000803	0.4141965	0.9827012	0.1614618	0.3063651	0.9969637	0.7720397	0.2108833	0.9186340	0.9020963	0.9524213	0.1205715	0.4436329	1.0478708	0.4662865	0.2301592	0.5915933	0.3591711	0.6721375	0.4306657	0.6197804	0.4159431	0.9749853	0.2542043	0.6538619	0.2693779	0.0251542	0.8020993	1.0682068
450	0.0082508	0.5346368	0.5557893	0.3924161	0.3810689	0.0012198	0.0248645	0.0125116	0.8524637	0.3851226	0.0947372	0.0801981	0.0090090	0.2162660	0.6431791	0.4580939	0.4220357	0.9791775	1.0306020	0.8531327	0.5450816	0.6274867	1.0216950	0.9836455	0.3928685	0.7589924	0.8632779	0.1401145	0.2106405	0.0468228	0.3411754	0.1946012	0.5976306	0.8397249	0.2982968	0.7776900	0.1560594	0.5586790	0.3335873	0.0095700	1.0357127	0.6297164	0.0603609	0.0608810	0.7816790	0.3810124	0.7147696	0.8539948	0.7462367	0.3816299	0.3198969	0.4281890	0.9644858	0.0005656	0.5466212	0.3435072	0.9422391	0.6737549	0.6287880	0.9824254	0.6394894	0.4682773	0.3956904	0.2010173	0.5957417	0.5487814	0.9782760	0.7315089	0.3698935	0.0575030	0.0901053	0.1472808	0.4350537	1.0884665	0.1712263	0.2342208	0.9463426	0.7851488	0.2102795	0.9514544	0.9431021	0.8836881	0.1096778	0.4401382	1.0250291	0.4306388	0.2779595	0.6006161	0.3347131	0.5914016	0.4108726	0.7240640	0.4440576	1.0397263	0.2606763	0.7609032	0.2174401	0.0371461	0.8369236	1.0541080
500	0.0119385	0.4467862	0.6120415	0.3628508	0.4575009	0.0024050	0.0244354	0.0178823	0.8020974	0.4090748	0.0999061	0.1085093	0.0172484	0.1927603	0.6386098	0.4246092	0.3750652	1.0147143	1.0184186	0.8436295	0.5593335	0.6602051	1.0044213	1.0641910	0.3919271	0.6580779	0.9614253	0.1395656	0.2129694	0.0340926	0.3161363	0.1543661	0.6683208	0.7140610	0.3111179	0.6467232	0.1182706	0.5311149	0.3950652	0.0176829	1.0350525	0.5748683	0.0741453	0.0414601	0.8270351	0.3769030	0.6377330	0.7400593	0.6667381	0.4090613	0.3311780	0.3734572	1.0017924	0.0017549	0.5688470	0.3106562	0.8815717	0.5785659	0.6462482	0.9608374	0.7638190	0.4816002	0.3273220	0.1751766	0.5233402	0.5244964	0.9571029	0.7448482	0.4087813	0.0672612	0.1177677	0.1920444	0.3347685	1.1198338	0.1851852	0.2512075	0.9241567	0.8612022	0.1982640	0.8757960	0.9589455	0.9595902	0.0738706	0.4635012	1.0259945	0.5347504	0.3510821	0.6054935	0.2795296	0.6903129	0.5010029	0.6958829	0.4496318	1.0400499	0.2225066	0.7434987	0.1845683	0.0382474	0.8884770	1.0643690
550	0.0094678	0.4237133	0.8346626	0.2632706	0.5005410	0.0039956	0.0240602	0.0145655	0.7944021	0.4365111	0.1042809	0.0828979	0.0027726	0.1444658	0.7309180	0.4279556	0.4224777	1.0202402	0.9535603	0.8110026	0.3299177	0.6693485	1.0137801	1.0913268	0.4696257	0.7336502	0.9006400	0.1849770	0.2347489	0.0478225	0.3001813	0.1157008	0.5936829	0.7842404	0.2835004	0.7806341	0.1305456	0.5548133	0.3972572	0.0231681	1.0442223	0.5887821	0.0459141	0.0289662	0.8071681	0.5035531	0.5237252	0.7932665	0.6634177	0.3473389	0.2343486	0.3213473	0.9543484	0.0041912	0.5653098	0.3303271	0.8038624	0.5152037	0.7260573	0.9661946	0.8683957	0.5009256	0.2971158	0.2390432	0.5714294	0.5494094	0.9043222	0.7491956	0.4560993	0.0481782	0.1801855	0.1567873	0.3748298	1.0680362	0.2820178	0.2142640	0.8610848	0.6812032	0.2275331	0.6911028	0.8821685	0.9430137	0.0876808	0.5774157	0.9503652	0.4961875	0.2720415	0.4791693	0.4391048	0.7301795	0.4628254	0.5165605	0.3574587	0.9052262	0.1637178	0.6924809	0.2159113	0.0419535	0.7682426	0.9624480
600	0.0168849	0.5191378	0.9885410	0.2143367	0.4883028	0.0052099	0.0333272	0.0141378	0.7964135	0.3973917	0.1088357	0.1053009	0.0023819	0.1295307	0.7693356	0.5275197	0.4594037	0.9576833	0.9427439	0.8598615	0.2258960	0.7042445	1.0079930	0.9768930	0.7222977	0.7387182	0.9571504	0.2107455	0.2782166	0.0677465	0.4291108	0.1062795	0.6190522	0.8644048	0.2944732	0.8953405	0.2381050	0.7119282	0.4086305	0.0174098	1.0540650	0.5732765	0.0495382	0.0435552	0.8033068	0.5915399	0.5222353	0.7650996	0.7412816	0.3522348	0.1992559	0.3310169	0.9482675	0.0099599	0.7127354	0.3689576	0.8744754	0.3542854	0.6361377	0.9528054	0.8244694	0.5421957	0.3149668	0.3110914	0.5420849	0.5705959	0.9992606	0.6898518	0.4947506	0.0256118	0.2405693	0.1736115	0.3565295	0.9121991	0.2675024	0.2571656	0.8320070	0.7085872	0.2791628	0.6692802	0.8510445	0.9385765	0.0951494	0.6593773	0.9931929	0.4359018	0.2920544	0.5166648	0.4059802	0.6381586	0.5398132	0.3425044	0.3746362	0.8662137	0.0934546	0.6912614	0.2357339	0.0458280	0.6850070	1.0471799
650	0.0106376	0.6076835	1.0853085	0.1034421	0.4609558	0.0011792	0.0357532	0.0223880	0.7917713	0.3815541	0.0863797	0.1072366	0.0210822	0.1577824	0.8015853	0.5178336	0.4269378	1.0545434	0.9341806	0.8003906	0.1009153	0.6287914	1.0106322	0.8951605	0.8053113	0.7313546	0.9746484	0.2356609	0.3524512	0.0688165	0.3938727	0.0903504	0.6958474	0.8562357	0.2831690	0.9708094	0.3537386	0.7085299	0.3812767	0.0222975	1.0285720	0.5760933	0.0765384	0.0449872	0.7627951	0.5941504	0.4674982	0.7955013	0.7092958	0.3103000	0.1422190	0.3695216	0.9035794	0.0050382	0.7651987	0.3749198	0.8950650	0.2089235	0.6254014	0.9711988	0.6935259	0.5710303	0.2910872	0.2591201	0.5662611	0.6116390	1.1064209	0.6366930	0.4600057	0.0463212	0.3443040	0.1760661	0.3429710	0.9153899	0.3035109	0.4113638	0.9310381	0.5256454	0.2648147	0.6503311	0.7764167	0.9617443	0.1167400	0.6009951	1.0158574	0.4214319	0.2297214	0.4583577	0.6189436	0.6898609	0.5295806	0.2782443	0.3887564	0.6979038	0.0799675	0.6507215	0.2271704	0.0426904	0.6776537	1.0968068
700	0.0052524	0.6922115	0.9663679	0.1435024	0.5168015	0.0006472	0.0358554	0.0255322	0.8330343	0.4078765	0.0807825	0.1025445	0.0157816	0.1325649	0.8521598	0.4684997	0.4293499	0.9643343	0.9350549	0.8747477	0.0850668	0.6082034	1.0770726	0.8754968	0.8020425	0.6673219	0.8702967	0.1670890	0.3492014	0.0435192	0.4692830	0.0925254	0.7000306	0.8519638	0.2875786	0.9314621	0.4245350	0.6702771	0.3506969	0.0151277	0.9062481	0.4249063	0.0960000	0.0918934	0.6399509	0.6626018	0.4950550	0.8221031	0.7210017	0.2954849	0.1198506	0.3629532	0.9912193	0.0058186	0.7325161	0.3333390	0.8682963	0.2466595	0.4839629	1.0199794	0.7088660	0.6258853	0.2055708	0.2840678	0.5617465	0.5562765	1.1120215	0.6947116	0.4242974	0.0503945	0.3497292	0.1766142	0.3668184	0.8781222	0.2883106	0.6044993	1.0144907	0.3238883	0.2867898	0.5975992	0.6973351	1.0870628	0.1071228	0.6802406	0.8860442	0.3041681	0.2102702	0.4933327	0.5724297	0.7454141	0.4397554	0.2968447	0.4676139	0.5664955	0.1030015	0.6796751	0.2714681	0.0373415	0.6351090	1.1118021
750	0.0090667	0.7224566	0.9658255	0.2064616	0.4097496	0.0005349	0.0314123	0.0159329	0.7191854	0.4388302	0.1362478	0.0850758	0.0058671	0.1025308	0.8906264	0.3771466	0.4470613	0.9326779	0.9967322	0.8472734	0.0864172	0.5906964	1.0443034	0.9971405	0.8623952	0.7078946	0.9158106	0.1126246	0.2603967	0.0396904	0.3785107	0.1029388	0.6237615	0.8547167	0.2572926	0.8467132	0.4097738	0.6819461	0.4024713	0.0152764	0.8996581	0.4913905	0.0908840	0.1044825	0.6846858	0.6579506	0.5203151	0.8875928	0.7985512	0.2659913	0.0938219	0.3920100	0.9225197	0.0054589	0.7358980	0.4227203	0.8826118	0.2403917	0.4621040	0.9384832	0.7011742	0.5586049	0.1901034	0.2351893	0.6389127	0.4748956	1.0283262	0.7363327	0.3896772	0.0555945	0.3244445	0.1605609	0.3162440	0.8270499	0.2912611	0.6054413	0.9321731	0.2324530	0.3111633	0.5837538	0.7613049	0.9768034	0.0996816	0.7792195	1.0049476	0.3164539	0.1499336	0.5544291	0.4983400	0.7820126	0.4373910	0.2079967	0.4219784	0.5782854	0.1434208	0.6856668	0.2751891	0.0394922	0.6375797	1.0584553
800	0.0073679	0.6751080	1.0577913	0.1387926	0.5221547	0.0015200	0.0239207	0.0155479	0.7526380	0.5076086	0.1085776	0.0886046	0.0051129	0.1204071	0.8770502	0.4056612	0.5404992	0.9170459	1.0021171	0.8563200	0.0801273	0.7142277	1.0518926	0.9205022	0.7473167	0.6658411	0.8691877	0.1258381	0.2299397	0.0478906	0.3748327	0.0779269	0.6067715	0.8929119	0.2688469	0.9569419	0.4297856	0.6843433	0.3884302	0.0376592	0.9113552	0.5106958	0.0551421	0.0977973	0.6810365	0.5488207	0.5988660	0.8529930	0.7672089	0.3329947	0.0949419	0.3438383	0.9099457	0.0072043	0.6751247	0.4745541	0.8337730	0.2827344	0.4552623	0.9647131	0.6860436	0.5390914	0.2867040	0.2499758	0.5723758	0.4606650	0.9873833	0.8046284	0.4550365	0.0301977	0.3448926	0.1871194	0.2868232	0.8033508	0.2297274	0.3180681	0.9722059	0.3282284	0.3813376	0.6484941	0.9306903	1.0273234	0.1235298	0.7400694	1.0226325	0.3316108	0.1201571	0.5257030	0.5824410	0.7197354	0.4496402	0.1625958	0.4175693	0.5595880	0.1454367	0.6704688	0.2334280	0.0370361	0.5238888	0.9134548
850	0.0074428	0.6184799	1.0397336	0.1529971	0.4574439	0.0010375	0.0241374	0.0181486	0.6556043	0.5118934	0.1069210	0.0849959	0.0084428	0.1098229	0.8153939	0.4012627	0.5171982	0.9129399	0.9875463	0.8635590	0.0953330	0.6766394	0.9814192	0.8748127	0.7423074	0.6761795	0.8791759	0.1094339	0.2169747	0.0355282	0.4150956	0.1155277	0.6276727	0.8385628	0.2655951	0.7334705	0.3645969	0.7286395	0.3258989	0.0322513	0.8569803	0.5651995	0.0676973	0.1249228	0.7272213	0.5617171	0.6311683	0.8541595	0.8263185	0.3039690	0.0847912	0.2842490	1.0031622	0.0027497	0.7491643	0.4810832	0.7901622	0.2075791	0.4330665	1.0513502	0.7609086	0.6034872	0.2438377	0.2607961	0.5298935	0.4780271	0.9036563	0.7703586	0.4925375	0.0366070	0.4534235	0.2291794	0.2959386	0.8277049	0.2487014	0.3089278	0.9856742	0.4996384	0.3352906	0.7093853	0.8330769	0.9477628	0.1020003	0.6332923	0.9769512	0.3787522	0.1331190	0.4969511	0.4873213	0.6771017	0.5079581	0.2562917	0.4026918	0.5989779	0.1389736	0.6276980	0.2471866	0.0531988	0.5532039	0.9156724
900	0.0080175	0.6852920	0.9629190	0.1628106	0.4851080	0.0014298	0.0462237	0.0153030	0.6171740	0.4804591	0.1196911	0.1133490	0.0052757	0.1147256	0.8956365	0.4039292	0.4690412	0.9645490	0.8993717	0.8434012	0.1086033	0.6997898	1.1058197	0.8887496	0.7396057	0.6603653	0.9530505	0.1202528	0.2206526	0.0408148	0.3620817	0.1317297	0.6850112	0.7360095	0.2717977	0.8955698	0.2996238	0.7118229	0.3363527	0.0175414	0.9342189	0.5533433	0.0673651	0.1030094	0.6578004	0.5724340	0.6669192	0.8338063	0.8083868	0.2977129	0.0899876	0.3452753	0.9945555	0.0063728	0.7404559	0.4429333	0.6641368	0.2653934	0.3905085	0.9649763	0.7780420	0.4995800	0.1768938	0.2288914	0.5401405	0.5050180	0.9525304	0.7668778	0.5431889	0.0662209	0.4044183	0.2001776	0.2803217	0.7936937	0.2294806	0.3024344	0.9748671	0.4464549	0.3219856	0.7687920	0.8212411	0.9264456	0.1308915	0.6726428	1.0504358	0.4239144	0.1715050	0.4731380	0.5167817	0.7336749	0.4734325	0.2571668	0.3919118	0.5508433	0.1569382	0.6260092	0.2373365	0.0397788	0.6104717	0.8805270
950	0.0084161	0.5947967	0.9289208	0.1674662	0.4459943	0.0025837	0.0337136	0.0255263	0.6552428	0.4878799	0.1638580	0.1013906	0.0012829	0.1421498	0.9071343	0.3459406	0.4568229	1.0877839	0.9348183	0.7954641	0.0975926	0.7484124	0.9551612	0.8741829	0.6989235	0.5994421	1.0350866	0.1203065	0.2142106	0.0291422	0.3468039	0.0808435	0.6617454	0.8553870	0.2626084	0.8685924	0.3091686	0.7221090	0.3569466	0.0151461	0.9779393	0.4593829	0.0652723	0.0819184	0.7475518	0.5106344	0.6564036	0.8680935	0.7339098	0.2969083	0.0951427	0.3290634	0.9719182	0.0025632	0.7673571	0.4783793	0.7361173	0.2451197	0.4303941	1.0312410	0.7954135	0.5767910	0.2759619	0.2380552	0.5031490	0.5275660	0.9712345	0.7881466	0.5110111	0.0649841	0.3637892	0.2272951	0.3566100	0.8767551	0.2488428	0.3600670	0.9611117	0.4586831	0.3280722	0.6688075	0.8344098	1.0701367	0.0967328	0.7067601	0.9669760	0.4314994	0.1657550	0.4846351	0.5754794	0.7473362	0.5139508	0.1996251	0.3910011	0.6137493	0.1254837	0.7011957	0.2466073	0.0559044	0.5736441	0.9398409
1000	0.0121962	0.5405930	1.0358581	0.1275025	0.5148949	0.0016806	0.0338325	0.0241691	0.6896955	0.4641581	0.1411175	0.0993462	0.0005159	0.1092581	0.7736672	0.3983308	0.4213963	1.0234637	0.9969877	0.8192967	0.0726752	0.6319556	1.0832452	0.9037687	0.8963090	0.6042893	0.9412528	0.1128901	0.2009445	0.0456514	0.3813063	0.0619877	0.6469512	0.8612830	0.2523749	0.8597735	0.2796037	0.7541844	0.4109219	0.0277848	0.9913958	0.4581217	0.0640689	0.0978707	0.8343208	0.4385439	0.6715570	0.8510612	0.7673681	0.3396984	0.1104668	0.3737966	1.0015727	0.0020109	0.7639705	0.4801980	0.7687248	0.2508218	0.4348115	1.0548937	0.7791762	0.5749206	0.3198722	0.2305340	0.5746251	0.5102231	1.0244569	0.7546503	0.5063567	0.0692944	0.3223499	0.2622905	0.3380286	0.9059197	0.2259958	0.3279422	0.9372134	0.3214437	0.3313211	0.6492387	0.6715066	1.0885388	0.1202752	0.6653416	0.9795234	0.4132334	0.2003941	0.4544592	0.5780123	0.7320568	0.4845410	0.1593450	0.4732109	0.5881200	0.0952198	0.7320565	0.2414996	0.0402779	0.5607433	0.9604084

0	0.0094491	0.6355617	1.0459758	0.0876986	0.4170952	0.0015965	0.0357302	0.0201856	0.7842026	0.5482911	0.1482550	0.1067167	0.0074763	0.0795139	0.9263252	0.4386615	0.5117037	1.0187251	0.9869150	0.9112762	0.0675828	0.6396705	0.9879649	0.9056811	1.0249936	0.8053086	0.8415975	0.0956169	0.2807776	0.0361236	0.3476186	0.0945586	0.7647381	0.8073502	0.2691465	0.9854445	0.2644993	0.7761342	0.3511720	0.0142404	0.9503393	0.3956488	0.0912837	0.0721673	0.8039584	0.5632487	0.5721011	0.9104100	0.8750489	0.3877912	0.0490860	0.3690556	1.0040851	0.0016799	0.7496314	0.4296180	0.7445798	0.3138374	0.4763448	0.9977159	0.8917758	0.5763065	0.2317245	0.3844034	0.5377636	0.4876338	1.0898320	0.8135737	0.5024926	0.0491368	0.3912071	0.2335426	0.3169327	0.9297559	0.3112694	0.3637340	0.9584119	0.1589398	0.2670455	0.6498318	0.7931145	1.0351174	0.1402507	0.6535788	1.0095359	0.4184859	0.2245238	0.5131035	0.6073464	0.7854143	0.4606182	0.1309775	0.4648780	0.5528648	0.0723851	0.5781484	0.2784400	0.0363961	0.5378107	0.9932421
50	0.0191881	0.6384513	1.0487516	0.1433674	0.5197583	0.1239546	0.0490444	0.0342657	0.4804285	0.4616881	0.2889720	0.1150423	0.1690392	0.0774988	0.8502872	0.3231836	0.4371395	0.9374368	0.8653115	0.8776523	0.0604402	0.6025106	0.9924040	0.9200679	0.9337702	0.6418348	0.8827343	0.1124896	0.1631028	0.0331918	0.4397534	0.0578850	0.7957229	0.9000409	0.2400883	0.8299250	0.2057018	0.8144192	0.3503228	0.0199671	0.8365044	0.4116633	0.0751799	0.0739241	0.7413363	0.3358428	0.4891693	0.8171335	0.9320655	0.3409549	0.0862218	0.2984053	0.9310159	0.0028319	0.8326108	0.4810480	0.7498164	0.3635415	0.5020448	0.8364243	0.8108637	0.6989120	0.4261496	0.2372123	0.5904374	0.4842911	1.0881308	0.7898617	0.5676372	0.0513444	0.4330704	0.2045887	0.3278212	0.8237696	0.3668099	0.2230300	0.8978637	0.2516142	0.2042169	0.6657280	0.6297728	0.9903360	0.2176359	0.6441814	0.9005862	0.3513717	0.3223452	0.4921438	0.5451413	0.7603978	0.4623671	0.3846882	0.4449830	0.5275358	0.0882196	0.5242412	0.2627531	0.0315749	0.4916876	0.9163676
100	0.0208209	0.6603502	1.1225040	0.0949074	0.3063829	0.1999654	0.0489023	0.0204895	0.4021606	0.4166034	0.4231931	0.1188877	0.2764089	0.0389387	0.9300203	0.2372441	0.4906553	0.9996378	0.8645229	0.8939611	0.0607877	0.8295260	0.9644628	1.0117941	0.9304584	0.7760003	0.9528630	0.1095839	0.2286645	0.0427586	0.4677225	0.0552431	0.6880218	0.8021217	0.2622512	0.6738987	0.1898355	0.8698911	0.3622885	0.0196953	0.7850383	0.3179550	0.0773880	0.0827379	0.6650290	0.5000966	0.5405963	0.7977902	0.9121817	0.3363992	0.0806397	0.2967855	0.9731937	0.0004363	0.9294474	0.4736806	0.7538371	0.3101919	0.4926605	0.8162955	0.7548800	0.6946166	0.6285400	0.2755015	0.8673763	0.3715741	0.9602439	0.7230765	0.5026867	0.0775342	0.4119338	0.2311506	0.3400615	0.9315178	0.2347256	0.1000781	0.8958756	0.2918629	0.2793910	0.7232460	0.6707109	1.0359793	0.4322908	0.5528961	0.9293507	0.3639496	0.3062951	0.6179722	0.6693057	0.5473631	0.4742164	0.5331853	0.4723073	0.4886188	0.1496709	0.5517846	0.3319880	0.0368312	0.5071547	1.0290970
150	0.0197405	0.6966563	0.9935232	0.0908923	0.1623407	0.2817769	0.0304339	0.0331354	0.3041255	0.3889474	0.4827329	0.1293870	0.3938789	0.0084569	0.8639956	0.2260107	0.4404376	0.9247169	0.9364141	0.9002789	0.0486755	0.8633310	0.9116386	0.9972088	0.8009043	0.8605051	0.9664879	0.1337055	0.1727809	0.0226415	0.5950304	0.0758868	0.5526425	0.7439441	0.3470158	0.6665177	0.2081583	0.7473143	0.3666095	0.0197139	0.6952461	0.2780660	0.0787868	0.0583045	0.5482402	0.4168845	0.4903905	0.7825226	0.9888950	0.3405127	0.1006820	0.4019329	0.9523004	0.0020396	0.9404185	0.4594950	0.7976557	0.3983296	0.4910701	0.8044972	0.6553776	0.6688575	0.7897779	0.2586730	0.9189344	0.1690287	0.9056710	0.6371018	0.4967254	0.1207426	0.3539208	0.1999641	0.4043403	0.9173681	0.2144446	0.0727569	0.7793127	0.2095073	0.2948524	0.6161120	0.7669596	0.9516997	0.5898746	0.5420661	1.0166821	0.4930219	0.3304625	0.6449375	0.7681640	0.4899777	0.5574994	0.6927946	0.3442103	0.5490893	0.2084267	0.5645260	0.4237001	0.0358735	0.4616700	1.0414597
200	0.0374843	0.6663367	1.0446701	0.1160425	0.0745830	0.3493915	0.0354339	0.0324403	0.3336604	0.3518237	0.5065970	0.1748098	0.5407708	0.0072760	0.8990159	0.1751838	0.4699087	0.9702685	0.9087040	0.9926521	0.0579709	0.7837589	0.8853188	0.9280513	0.8355023	0.8135320	0.9991430	0.0882673	0.1769691	0.0182553	0.5344251	0.1200626	0.6563024	0.8458353	0.4247414	0.7094284	0.1591731	0.7943577	0.3581874	0.0145686	0.6481306	0.2673896	0.0700168	0.0483872	0.5144465	0.4683980	0.5154762	0.7402957	0.9490434	0.2995109	0.1073876	0.4391610	0.9227897	0.0009233	1.0368577	0.5362879	0.7548904	0.4587691	0.4253477	0.7397550	0.5742598	0.7125132	0.7636457	0.2721230	0.9118902	0.1123735	0.8791728	0.6750998	0.5297150	0.2374581	0.3710597	0.2343391	0.5074940	0.8002755	0.1766131	0.0898550	0.8796657	0.1915034	0.3424273	0.6188065	0.7686990	0.9838587	0.6186556	0.4924277	1.0207608	0.4903707	0.3998113	0.6551957	0.7385065	0.4586960	0.5214635	0.7288184	0.2439051	0.6283070	0.1745071	0.4962913	0.3680610	0.0267677	0.4233941	1.0959363
250	0.0127507	0.7346430	1.1295544	0.1180323	0.0483398	0.3203824	0.0173897	0.0287424	0.3331360	0.3320529	0.5570892	0.2013806	0.5018337	0.0018552	0.8817851	0.1898422	0.5253853	0.9806272	0.9423933	0.9244949	0.0523603	0.8474712	0.9787239	1.0690798	0.8870071	0.7996343	0.9762449	0.1080513	0.1631240	0.0133968	0.5376933	0.1226225	0.5935838	0.8344570	0.3639694	0.7701829	0.1556635	0.7851160	0.3345417	0.0105971	0.4961345	0.2465327	0.0954633	0.0687776	0.4379328	0.4740819	0.4573201	0.7231600	0.9430212	0.2595261	0.1448382	0.4298960	0.8534605	0.0045832	0.9566767	0.4754089	0.6512934	0.4385351	0.5020370	0.7469312	0.3965135	0.7492264	0.8929158	0.3091234	0.8527392	0.0479110	0.9469230	0.7770889	0.4914551	0.4271142	0.2992597	0.2783198	0.5873693	0.8236141	0.1568361	0.0511376	0.8653577	0.2116229	0.3523042	0.6336499	0.8266529	0.9165075	0.6751918	0.4352819	0.9587979	0.5102838	0.3844777	0.6520433	0.8581219	0.4609435	0.3803508	0.7207644	0.2284231	0.6051452	0.2344391	0.5242089	0.3261838	0.0334253	0.3299216	0.9700756
300	0.0135955	0.7479357	1.0200198	0.0951023	0.0726412	0.3584109	0.0119885	0.0296505	0.3661441	0.4071065	0.5593552	0.2426112	0.5303147	0.0071752	0.9547276	0.1877755	0.4831022	1.0531873	0.9676405	0.9807277	0.0489552	0.8857406	0.9761967	1.0272246	0.9416363	0.9103186	0.9598503	0.0779141	0.2245098	0.0148995	0.4559682	0.1338645	0.5392107	0.8549359	0.3351292	0.8016407	0.1139210	0.7115632	0.3074240	0.0151718	0.4259853	0.2244583	0.0782011	0.0471457	0.4102451	0.4370725	0.5514882	0.8385882	0.9491821	0.2847069	0.1886092	0.4808196	0.8009100	0.0007453	0.9623580	0.4473166	0.6905574	0.5030081	0.4657828	0.7797120	0.2507556	0.6979097	0.7585683	0.2067438	0.8806041	0.0211938	0.8503943	0.7404969	0.4952196	0.4960519	0.3280759	0.1532265	0.6340111	0.8760574	0.1365720	0.0638475	0.8433523	0.1432991	0.3512914	0.5936409	0.8602370	0.9273347	0.6850875	0.3941247	0.9302420	0.5706912	0.3930550	0.6196805	0.8649352	0.4691034	0.3706070	0.7686338	0.2811521	0.5716266	0.2093936	0.5151886	0.3029277	0.0292768	0.4321098	0.9234192
350	0.0073365	0.7337343	0.9290696	0.1407073	0.0218226	0.3330148	0.0291633	0.0386133	0.3211849	0.4488881	0.6084456	0.2814256	0.5431435	0.0081859	0.9592334	0.1732962	0.4455547	1.0489463	0.9159392	0.9224633	0.0372287	0.8974833	0.9439702	1.0160018	0.9748447	0.9022425	0.9514632	0.0622548	0.1984576	0.0083358	0.4664495	0.1998816	0.5362702	0.8745194	0.3796049	0.8192811	0.0944518	0.7843886	0.3579198	0.0092931	0.3824985	0.2102127	0.0679685	0.0592678	0.3961111	0.4118762	0.5797832	0.8918553	0.9582429	0.2847861	0.1815766	0.4959356	0.7438449	0.0000616	0.9162937	0.3813031	0.6533817	0.4239095	0.4538034	0.8545392	0.2333811	0.7405581	0.8465620	0.2759270	0.8447011	0.0121717	0.7812239	0.6722013	0.5570256	0.4389589	0.2995163	0.2088103	0.6602260	0.8642516	0.1403490	0.0508150	0.8160298	0.2416845	0.3323176	0.5985724	0.8103379	0.8817036	0.6238393	0.3445928	0.8391763	0.6479487	0.4781643	0.4946095	0.8312008	0.4779078	0.4002781	0.7024683	0.2713971	0.5654524	0.2207573	0.5027808	0.2729126	0.0332807	0.4501740	1.0668918
400	0.0092864	0.6228740	0.9189574	0.1320942	0.0260391	0.3650624	0.0429983	0.0371419	0.3431935	0.5162146	0.6027750	0.2979923	0.7105939	0.0054694	0.7902056	0.1554504	0.3979899	1.0199514	0.8810681	0.8907751	0.0890602	0.8270957	0.9792357	1.0222297	0.9246037	0.9287616	0.9426514	0.0533687	0.1857859	0.0086526	0.5121972	0.2712475	0.6025795	0.7922724	0.4429141	0.7313828	0.0993424	0.7801060	0.4205104	0.0257512	0.3823753	0.2160481	0.0893113	0.0264328	0.4510008	0.3377973	0.5639130	0.8878380	0.9262966	0.2994674	0.1799538	0.4215908	0.6850668	0.0002519	0.8889719	0.3333971	0.6397297	0.4602903	0.5381807	0.8218595	0.2826069	0.7253804	0.8745891	0.3139173	0.9692987	0.0024280	0.6756391	0.6653003	0.5798446	0.4480368	0.2367208	0.2069173	0.7671180	0.8115158	0.1201590	0.0319281	0.7918566	0.2766067	0.3340837	0.5988072	0.8189792	0.8166414	0.7451603	0.3660602	0.8613026	0.6265194	0.4336660	0.4891133	0.8816807	0.4482008	0.4166364	0.7264040	0.2497311	0.6653077	0.2727947	0.5319934	0.2335578	0.0191849	0.4453581	1.0404475
450	0.0072323	0.5697927	1.0052725	0.1132486	0.0095900	0.3945783	0.0316544	0.0316048	0.2834805	0.4717775	0.5999441	0.3004231	0.6572544	0.0041412	0.8348966	0.1794470	0.3949402	1.0060620	0.8778054	0.7732233	0.0897950	0.9565693	0.9112785	1.0270628	0.8631564	1.0143061	0.9450196	0.0500633	0.1561722	0.0190955	0.5253212	0.2974188	0.5402145	0.8089327	0.4357548	0.7087017	0.1120861	0.7148450	0.4289765	0.0359823	0.3684678	0.2266102	0.0744551	0.0344716	0.4747244	0.3856629	0.5539131	0.9083437	0.9742005	0.2591813	0.2061708	0.4761441	0.6295322	0.0000608	0.9168810	0.2248169	0.6556596	0.4693133	0.4291084	0.7851343	0.2258368	0.7362566	0.7588973	0.2579603	1.0063546	0.0084499	0.6036020	0.5963604	0.4990309	0.4592175	0.2293332	0.2100062	0.8463102	0.8484223	0.1034360	0.0598435	0.7430176	0.1561820	0.3145022	0.6264326	0.7101431	0.8381999	0.6273761	0.3291816	0.9308033	0.6502358	0.5067056	0.5996386	0.9200482	0.4071006	0.4418288	0.7005607	0.2772479	0.6901708	0.2266459	0.5130154	0.1758177	0.0382971	0.3797593	1.0502721
500	0.0065019	0.6275414	1.0098884	0.1141216	0.0041478	0.3694305	0.0188193	0.0199228	0.2836789	0.3431556	0.6103009	0.2894995	0.6022655	0.0064247	0.9210761	0.1969058	0.4513263	1.0817161	0.8137547	0.8588970	0.0733839	0.9415132	0.9274010	0.9532057	0.8703384	0.9245927	0.8607241	0.0578421	0.1467755	0.0366698	0.4884368	0.3051218	0.5200753	0.8088031	0.4305318	0.7007119	0.0997900	0.7373074	0.3749703	0.0266099	0.3041297	0.2226849	0.0757957	0.0432780	0.4382078	0.4404903	0.6122545	0.8177695	1.0515191	0.1864647	0.2039979	0.5487351	0.5920522	0.0021838	0.9338019	0.1470156	0.7386734	0.5331130	0.4609371	0.8459317	0.2286756	0.6849708	0.7282250	0.2990312	0.9532562	0.0102113	0.7399404	0.5714317	0.5849808	0.5416925	0.2616859	0.1964264	0.7397558	0.9806231	0.1007051	0.0485855	0.7727876	0.1330767	0.3316053	0.5980076	0.8084819	0.7930743	0.7153173	0.2443192	0.8060135	0.6810407	0.4980972	0.5803643	0.9178742	0.4405429	0.4207720	0.6872297	0.2553689	0.6053336	0.2325232	0.4689920	0.1880060	0.0475591	0.3265336	1.1195802
550	0.0033820	0.6172198	1.0601526	0.1018507	0.0130386	0.3185803	0.0221836	0.0109546	0.4548491	0.4035428	0.4918036	0.2633703	0.3844904	0.0642356	1.0262077	0.2069399	0.4073120	1.0518863	0.8897384	0.8095928	0.0681825	0.7994574	0.9637677	1.0179316	0.9611010	0.9842440	0.8435140	0.0737984	0.1523119	0.0274671	0.4714607	0.3744203	0.4803806	0.9325774	0.4421218	0.8107028	0.0952418	0.7415939	0.4133105	0.0232679	0.3734361	0.3190476	0.0670312	0.0576156	0.5489443	0.4343452	0.5557207	0.7225430	0.7945363	0.2171766	0.1923741	0.6106437	0.5027727	0.0016203	0.7997990	0.1058273	0.7338714	0.5612949	0.4580234	0.9866481	0.2324828	0.6797475	0.7759227	0.2879097	0.8996187	0.0199025	0.6880500	0.6648049	0.5329609	0.6217665	0.2587967	0.1434309	0.7376266	0.8850745	0.1089244	0.1218357	0.7235945	0.1951747	0.3008270	0.6481825	0.7964142	0.7846960	0.6353756	0.2311362	0.9393215	0.6036271	0.4431796	0.4820132	0.8925645	0.4867558	0.4056669	0.4997775	0.2819615	0.5766125	0.2080709	0.5538344	0.1898865	0.0405337	0.3469645	1.0754820
600	0.0067455	0.6008965	0.9913413	0.0888231	0.0373861	0.1552778	0.0266197	0.0173206	0.6649502	0.4000860	0.2919860	0.1709891	0.2403162	0.0902024	0.9975019	0.3194321	0.4354690	1.0492530	0.9020464	0.8457281	0.0490773	0.9103539	0.9590507	0.9826362	0.9999109	0.9286983	0.9012348	0.0697128	0.1924466	0.0289154	0.3641244	0.3887933	0.4706193	0.9313680	0.4395558	0.8005322	0.1302388	0.7944289	0.3890454	0.0281077	0.5646119	0.5236491	0.0885576	0.0585271	0.6392866	0.5372312	0.5429745	0.7834255	0.8203317	0.1815601	0.2133871	0.4371811	0.4463234	0.0006538	0.7292422	0.0944152	0.7871674	0.4790699	0.4893937	1.0378907	0.2148835	0.6274561	0.7582540	0.2813892	0.8230859	0.0374266	0.6440413	0.7612384	0.6037038	0.5907308	0.2529280	0.1082943	0.6278338	0.9220419	0.1289868	0.1602355	0.6626712	0.2414813	0.2632211	0.7337523	0.8264950	0.8560436	0.4830936	0.2665116	0.9302799	0.5284943	0.4314813	0.4027598	0.7286519	0.4605703	0.3293046	0.3348938	0.2690729	0.6293491	0.1690387	0.5174304	0.1913711	0.0300913	0.3855686	1.1039915
650	0.0191918	0.6470538	1.0817529	0.0897590	0.0772430	0.1003950	0.0103207	0.0101917	0.7584691	0.4368962	0.1729006	0.1253779	0.1074052	0.1207751	0.8916902	0.3831441	0.4830923	1.0492749	0.8824411	0.9066573	0.0725256	0.6582051	0.9921810	1.0918527	0.9198558	0.9620085	0.8144824	0.0803847	0.2077610	0.0250592	0.3191251	0.3498861	0.4878159	0.8894502	0.4313760	0.8821843	0.2103816	0.7070921	0.4446861	0.0540944	0.8179722	0.4924964	0.0803343	0.0524098	0.7908480	0.5230498	0.5342453	0.7662544	0.7078723	0.1837730	0.1781336	0.3854684	0.5445334	0.0022932	0.7592369	0.0806868	0.7676443	0.3878006	0.4344305	0.9168792	0.2595777	0.5662641	0.5751221	0.3040339	0.6676919	0.1205542	0.6575919	0.7778163	0.5798721	0.5667983	0.2933313	0.1537184	0.5704792	0.8670928	0.1608478	0.2835809	0.6922930	0.2320510	0.2357389	0.7404070	0.8081388	0.8384374	0.3804033	0.4195333	0.8820761	0.5598155	0.4606007	0.3265207	0.6999433	0.4855364	0.4745129	0.3753884	0.3408699	0.7153014	0.1114317	0.6024216	0.2579126	0.0154404	0.4436456	1.0049685
700	0.0204746	0.6361163	1.0533709	0.0969639	0.1811174	0.0411962	0.0220978	0.0131150	0.7634572	0.4076015	0.1408101	0.0979580	0.0314057	0.1239899	0.8419570	0.4085417	0.4423169	1.0558166	1.0074990	0.9024472	0.0607223	0.6167709	0.9210565	0.9149009	0.9243124	0.8937524	0.8561471	0.0808118	0.1981153	0.0224735	0.2856862	0.2731371	0.5432161	0.8530442	0.3492084	0.8515299	0.2459420	0.7205091	0.3944391	0.0179739	0.9782916	0.4671753	0.1041925	0.0517453	0.7618643	0.5391478	0.5960900	0.8108147	0.7750308	0.2035495	0.1205331	0.3680647	0.6138511	0.0035605	0.6712096	0.0921956	0.6691488	0.3479268	0.3988631	0.9100261	0.2620176	0.5330940	0.4754808	0.2430651	0.5144433	0.3077451	0.9605704	0.8495040	0.5202790	0.5599835	0.3040375	0.1122430	0.4677373	0.8693201	0.2108106	0.2881261	0.7793510	0.2084432	0.2889563	0.7114841	0.7617374	0.9970654	0.2782181	0.5621325	0.8416014	0.5326868	0.4850508	0.3927158	0.6422020	0.5975754	0.4727710	0.4017389	0.3325152	0.7648015	0.0948835	0.6160605	0.2484903	0.0119413	0.4396486	1.0180015
750	0.0153767	0.6443906	1.1049032	0.0753047	0.2530073	0.0156855	0.0092910	0.0163450	0.8415694	0.4051936	0.1474822	0.0987250	0.0044709	0.1608223	0.8693557	0.4148226	0.3962196	0.9040012	1.0467682	0.8627836	0.0611752	0.6115540	0.9550701	0.9222620	0.8512507	0.7781650	0.8393680	0.0837663	0.1544129	0.0190921	0.3336733	0.1742639	0.5636272	0.8940741	0.3292109	0.8458242	0.2513580	0.7301593	0.4018682	0.0248959	0.8681054	0.4735971	0.0889131	0.0613512	0.8279225	0.4952411	0.5452355	0.8537617	0.8253568	0.2528237	0.1000644	0.3371635	0.8046638	0.0010517	0.7885799	0.1705013	0.7230137	0.3227519	0.4925264	0.9228506	0.3593884	0.5780248	0.3396184	0.2415423	0.5445474	0.4375242	1.0252914	0.8417504	0.4745612	0.2871632	0.2745821	0.1346772	0.4370019	0.8677652	0.2083133	0.2521318	0.7204468	0.1271797	0.2679401	0.7334992	0.8798392	1.0175869	0.2288594	0.5765445	0.8408614	0.4945060	0.5245217	0.5362056	0.7305089	0.7002570	0.5460067	0.4317571	0.3546784	0.6380799	0.0870579	0.5918357	0.1846299	0.0169300	0.4286650	0.9981928
800	0.0194410	0.6468485	1.1021291	0.0996832	0.3548753	0.0034916	0.0262148	0.0183623	0.7990743	0.3721557	0.1078864	0.0876096	0.0082069	0.0751576	1.0011491	0.3576394	0.3959877	0.9396873	0.9822447	0.8632709	0.0381490	0.6334532	0.9643387	1.0392674	0.9025108	0.7170163	0.8266593	0.0945261	0.1598025	0.0267639	0.3796427	0.1299404	0.5429146	0.8225589	0.2521127	0.8305722	0.2639263	0.6886476	0.4589397	0.0296858	0.9354003	0.4408412	0.0930219	0.0731688	0.7395729	0.5261681	0.5825111	0.8622948	0.7759138	0.2194365	0.1139661	0.3571996	0.8767332	0.0002714	0.7867244	0.2649002	0.7875104	0.2831073	0.4103595	0.9061119	0.4434721	0.5318861	0.2247004	0.2573457	0.5639356	0.4498758	0.9550844	0.8124896	0.4343024	0.2354511	0.3303927	0.1120994	0.4005191	0.9602453	0.2838160	0.2386268	0.7466713	0.1497462	0.2761267	0.7019813	0.8023431	0.9222203	0.1621352	0.5511595	0.9113648	0.4540263	0.4397158	0.5062415	0.6312899	0.7571796	0.5061301	0.4655241	0.3929061	0.5480365	0.0651465	0.6402930	0.2247547	0.0399543	0.4759011	0.9947929
850	0.0103591	0.6373412	0.9861827	0.1308568	0.4239174	0.0000000	0.0255868	0.0184179	0.8962399	0.3721248	0.1237072	0.0906388	0.0086196	0.0655668	0.9823194	0.3606538	0.4566976	0.9762163	0.9653071	0.9336069	0.0427470	0.6522795	0.9840194	1.1214863	0.8756742	0.6652697	0.9066725	0.1072869	0.1941906	0.0306093	0.3274549	0.1351321	0.6554813	0.7765279	0.2680365	0.8646775	0.2502438	0.6613930	0.4140718	0.0219844	1.0201338	0.4200956	0.0651842	0.0642613	0.7520162	0.5267758	0.6536527	0.9212877	0.6974027	0.2486999	0.0958317	0.3811838	0.9571725	0.0013879	0.7396892	0.2907042	0.7069449	0.3279684	0.4358877	0.9402544	0.5309829	0.5015438	0.1634780	0.2418637	0.4479014	0.4962231	1.1084793	0.7108003	0.5087424	0.1350068	0.3370619	0.1862142	0.2681021	0.9189677	0.2613441	0.3062469	0.8709712	0.1730020	0.2854579	0.6256991	0.7805675	0.8558688	0.1414588	0.5821047	0.9498099	0.4171175	0.3755682	0.5439080	0.6072324	0.6897881	0.4704854	0.3446696	0.4639371	0.6039712	0.1143925	0.6400086	0.1871966	0.0351757	0.5118687	0.9631025
900	0.0160865	0.6187435	0.9977804	0.1646886	0.4530023	0.0001182	0.0222251	0.0127184	0.8369974	0.3816606	0.1464647	0.1050453	0.0041381	0.0977503	0.8829740	0.3750014	0.3979924	0.9520520	0.9531504	0.8970803	0.0600296	0.6547601	0.9746258	1.1932243	0.8748457	0.7250730	0.8778714	0.1148111	0.1974013	0.0336628	0.2806233	0.1339586	0.6082649	0.7654908	0.2826729	0.8558962	0.2590388	0.7228531	0.3853569	0.0218979	0.9372841	0.4345723	0.0839578	0.0498160	0.7400883	0.4527186	0.6602015	0.8359772	0.6958459	0.2961904	0.0916079	0.3811229	1.0063171	0.0000943	0.8128042	0.3490308	0.7133132	0.2627574	0.4279297	0.9516885	0.5953335	0.5630575	0.2039837	0.3000095	0.4685668	0.5330436	1.0167499	0.7122525	0.4654940	0.0773370	0.3134241	0.1953026	0.2717423	0.9391111	0.2573746	0.2584889	0.8881314	0.2362552	0.3413348	0.6079065	0.7491881	0.9379891	0.1289780	0.5645041	0.9359192	0.4206469	0.4033352	0.5566445	0.5641924	0.6487996	0.4749624	0.3162075	0.4796421	0.5115601	0.0967291	0.5960318	0.2119102	0.0269753	0.5297820	0.9952555
950	0.0171889	0.5900179	0.9560481	0.1449526	0.4188419	0.0001523	0.0295412	0.0193338	0.7773801	0.4777184	0.1187967	0.1362210	0.0030482	0.0989739	0.8743537	0.4156594	0.4330121	1.0309320	0.8693171	0.8824023	0.0783232	0.5916783	0.9351910	1.0925873	0.8616035	0.7008590	0.9175493	0.1065492	0.1591990	0.0364907	0.3326265	0.1212177	0.6302735	0.7592184	0.3096060	0.8748950	0.2369436	0.6644020	0.3727693	0.0306416	0.9341204	0.4920096	0.0924200	0.0544338	0.7869057	0.4505647	0.5730471	0.7575798	0.6675731	0.3700627	0.0818648	0.3209357	0.9472216	0.0042785	0.7465870	0.3860976	0.7735344	0.2754686	0.3894208	0.9321830	0.6042475	0.6080939	0.2937329	0.2614216	0.4695637	0.4905560	0.9752895	0.7533646	0.4920399	0.0746852	0.3644595	0.2395538	0.3150410	0.8024438	0.2993258	0.2474981	0.9530319	0.2225291	0.2435784	0.6371227	0.8200950	0.9911060	0.1197176	0.4723333	1.0060760	0.4271018	0.4001551	0.4673793	0.5923005	0.6658521	0.5207592	0.2582898	0.4200858	0.5376874	0.1105895	0.5985174	0.2439143	0.0271971	0.5023034	0.9944372
1000	0.0183314	0.5715093	0.9510379	0.1193700	0.5093766	0.0010448	0.0179323	0.0300178	0.7746355	0.3861899	0.1246861	0.1080848	0.0055027	0.1211530	0.7856579	0.4225016	0.4963620	1.0179816	0.8811579	0.8998804	0.0803203	0.5418963	0.9478854	0.9542440	0.8151361	0.7203871	0.9973161	0.1214746	0.1622770	0.0236267	0.4089973	0.1363832	0.6545365	0.7420503	0.2568485	0.7734212	0.2622584	0.7647089	0.3223209	0.0292825	1.0286230	0.4355453	0.0783605	0.0726161	0.7997401	0.4597240	0.5731016	0.7771386	0.6652600	0.3581305	0.0722911	0.3085987	0.9630472	0.0035833	0.7885733	0.4987205	0.8006041	0.2330346	0.4617991	0.8714056	0.7115848	0.6005279	0.2620336	0.3013775	0.5053155	0.4981976	1.0513832	0.6740654	0.4892810	0.0444498	0.3479374	0.1468998	0.2996102	0.8470897	0.2923857	0.2527644	0.9377820	0.2094913	0.2661104	0.5793783	0.7873390	0.9855996	0.1406166	0.5326650	1.0320907	0.3678166	0.3874969	0.4355842	0.5816741	0.7298317	0.5412922	0.2789141	0.4664348	0.5235886	0.1344063	0.4938980	0.2593240	0.0135129	0.5410836	0.9772532

0	0.0094491	0.6355617	1.0459758	0.0876986	0.4170952	0.0015965	0.0357302	0.0201856	0.7842026	0.5482911	0.1482550	0.1067167	0.0074763	0.0795139	0.9263252	0.4386615	0.5117037	1.0187251	0.9869150	0.9112762	0.0675828	0.6396705	0.9879649	0.9056811	1.0249936	0.8053086	0.8415975	0.0956169	0.2807776	0.0361236	0.3476186	0.0945586	0.7647381	0.8073502	0.2691465	0.9854445	0.2644993	0.7761342	0.3511720	0.0142404	0.9503393	0.3956488	0.0912837	0.0721673	0.8039584	0.5632487	0.5721011	0.9104100	0.8750489	0.3877912	0.0490860	0.3690556	1.0040851	0.0016799	0.7496314	0.4296180	0.7445798	0.3138374	0.4763448	0.9977159	0.8917758	0.5763065	0.2317245	0.3844034	0.5377636	0.4876338	1.0898320	0.8135737	0.5024926	0.0491368	0.3912071	0.2335426	0.3169327	0.9297559	0.3112694	0.3637340	0.9584119	0.1589398	0.2670455	0.6498318	0.7931145	1.0351174	0.1402507	0.6535788	1.0095359	0.4184859	0.2245238	0.5131035	0.6073464	0.7854143	0.4606182	0.1309775	0.4648780	0.5528648	0.0723851	0.5781484	0.2784400	0.0363961	0.5378107	0.9932421
50	0.1245399	0.5998904	0.9905029	0.1313361	0.4807483	0.0005571	0.0372388	0.3060263	0.8917006	0.3040048	0.0700345	0.1057865	0.0022824	0.1289020	0.8143636	0.4041189	0.4725001	0.9207387	1.0070849	0.9000790	0.0739634	0.8719245	1.0285783	0.7032126	0.8581634	0.9383523	0.8900683	0.0879993	0.2107144	0.0305135	0.3765751	0.0956062	0.5921873	0.7470452	0.3683471	0.8974817	0.3240832	0.4992028	0.4470021	0.0498222	0.8962725	0.4411021	0.0572004	0.0743703	0.7800359	0.4547714	0.6332409	0.8201539	0.8038811	0.4032905	0.2133319	0.4064002	0.8305409	0.0033963	0.7754947	0.5832681	0.7006686	0.2596168	0.4045123	0.9292041	0.6219663	0.4857086	0.2489606	0.2460070	0.5459131	0.5229630	0.9022717	0.7813996	0.4979998	0.0250817	0.3355321	0.2109635	0.3564057	0.8621080	0.2973690	0.3772319	0.9372458	0.7598729	0.3062453	0.5977609	0.5256698	0.9996273	0.1073216	0.5246698	0.9832268	0.3977243	0.2157587	0.4559395	0.4676372	0.7067367	0.5559991	0.2168982	0.4448814	0.5529103	0.0852315	0.5597300	0.1593460	0.1515603	0.4920124	0.9549952
100	0.3324546	0.5982828	0.9748213	0.1241856	0.4720078	0.0016049	0.1417559	0.5704542	0.9449665	0.1644121	0.1119203	0.0824182	0.0018840	0.0883163	0.8266826	0.3908290	0.4694510	0.9778084	1.0742787	0.8456906	0.0754274	0.9275495	0.9743106	0.5454658	0.9220698	0.9991897	0.9634651	0.1124966	0.2120864	0.0362623	0.3885090	0.0926246	0.4692411	0.7243856	0.5627721	0.7901146	0.2668290	0.3355888	0.5431294	0.0699922	0.9681924	0.4535813	0.0794855	0.0715514	0.7779735	0.5114299	0.5833355	0.8186167	0.7984246	0.6107493	0.3360171	0.3971632	0.8789480	0.0108427	0.7714260	0.5451910	0.6807969	0.2396668	0.4787991	1.0369395	0.4898330	0.5535608	0.1650804	0.2366408	0.5122255	0.5289271	0.9317680	0.7628806	0.4642933	0.0678980	0.3477078	0.1970218	0.4036077	0.8870419	0.2241902	0.4108154	0.8805861	1.0239075	0.2577819	0.5746244	0.3962718	0.9086727	0.0942636	0.4641272	0.9761715	0.3759668	0.2469645	0.4184194	0.4749841	0.8073281	0.8285466	0.3116515	0.4192346	0.5947640	0.0974695	0.5805342	0.1236064	0.2860740	0.4694830	1.0021273
150	0.4199014	0.5756872	0.8958491	0.1236473	0.4637054	0.0037563	0.2401080	0.6933966	0.9414295	0.0594338	0.1352469	0.0606169	0.0083038	0.1111676	0.8053147	0.3699919	0.4742732	1.0356135	1.0981257	0.8050890	0.1112368	1.1446411	1.0127685	0.4311500	0.9631372	1.0834869	0.8492918	0.1435564	0.2232968	0.0523172	0.4104606	0.2179954	0.2951211	0.6580918	0.6291059	0.8708022	0.2485012	0.2977143	0.5380649	0.0998303	0.9674239	0.5460083	0.0409325	0.0736522	0.7646233	0.4358066	0.5866030	0.7822084	0.7783694	0.6954478	0.4143042	0.5264241	0.7198133	0.0261016	0.7416839	0.5384983	0.7051707	0.2342928	0.3935519	0.9989555	0.4284177	0.5806020	0.1841137	0.2708205	0.5038593	0.5547398	0.8491737	0.7798660	0.4494177	0.1422365	0.3264976	0.2776349	0.5062549	0.9738245	0.1408432	0.3764439	0.8973062	0.9615029	0.2268190	0.5870625	0.3398835	0.8853678	0.0725298	0.5611797	0.9169425	0.3258326	0.2302082	0.4391551	0.5195707	0.8342345	0.8103486	0.3200424	0.3766845	0.5855765	0.0482369	0.5763883	0.0821933	0.4217605	0.3536732	1.0618483
200	0.4427648	0.5726596	0.9760132	0.1337451	0.4986175	0.0114804	0.3131383	0.8546545	0.9429982	0.0422706	0.1174907	0.0718805	0.0047374	0.0804730	0.8472069	0.3434247	0.4325466	1.0701713	1.0917776	0.8526494	0.1055125	1.0405974	1.0439341	0.4308864	0.9305864	1.0686960	0.8625904	0.1223604	0.2209859	0.0344981	0.3822813	0.5204746	0.2474889	0.6544934	0.8598215	0.8311615	0.2150994	0.2901515	0.6056424	0.0986533	0.9031590	0.5362851	0.0460934	0.0760694	0.7160277	0.4587077	0.5492514	0.7429028	0.6100351	0.7725219	0.4791912	0.4829042	0.6244402	0.0843260	0.7109606	0.3810317	0.7478067	0.2723279	0.4814866	1.0299165	0.3255059	0.5888555	0.2300174	0.2483166	0.5126125	0.5474758	0.8425319	0.8367788	0.5292522	0.2349475	0.3508400	0.2834495	0.5583385	0.8107216	0.1088837	0.3489002	0.9117011	0.9570484	0.2031972	0.5925832	0.2352901	0.9909505	0.0882788	0.5368217	0.9962484	0.2726022	0.2764957	0.3655155	0.5170405	0.7293545	1.0390247	0.3088730	0.3546358	0.6509628	0.0359530	0.5259924	0.0550589	0.3785754	0.2160472	0.9286158
250	0.5378894	0.6049567	0.9778039	0.1089942	0.4122240	0.0396930	0.3554306	0.8743900	0.9936608	0.0321284	0.1004966	0.0979936	0.0033774	0.0743638	0.8340066	0.3199385	0.4655680	0.9622858	1.0712609	0.8296564	0.1124131	0.9682689	1.0575449	0.4642006	0.9131146	1.0196496	0.9001512	0.1104487	0.2254869	0.0491502	0.3322293	0.7317021	0.2132002	0.6775127	0.8198731	0.8393672	0.1995096	0.2900810	0.6210235	0.1064644	0.9828275	0.5202917	0.0644191	0.0660047	0.6405908	0.4939824	0.5203451	0.7586211	0.5105608	0.8001285	0.5824237	0.3935592	0.5089795	0.0447326	0.7277620	0.1869758	0.7543578	0.2516705	0.4685307	1.0160097	0.1866735	0.5407907	0.2103057	0.2614583	0.4839685	0.4977172	0.8189484	0.7580493	0.4689474	0.3241406	0.4247933	0.2227121	0.6898278	0.7528020	0.0644555	0.4354862	0.8486058	0.9624973	0.1948875	0.5381227	0.2917357	0.9372617	0.1014314	0.5467913	1.0680123	0.3024544	0.3209162	0.3193385	0.4961050	0.6514939	0.9351863	0.2732552	0.4099414	0.7409449	0.0452646	0.6019501	0.0500085	0.4114625	0.1590158	0.9441632
300	0.5341844	0.5356068	0.9617367	0.1290696	0.4554781	0.0612700	0.3534203	0.8816191	0.9332629	0.0286867	0.1078240	0.1139587	0.0134997	0.0784822	0.9186826	0.2678925	0.4519720	0.9109634	1.0494028	0.8777207	0.1158995	1.0477915	1.0350107	0.4081042	0.8441599	1.0854139	0.9141794	0.0510467	0.1757033	0.0308397	0.1905246	0.8585042	0.1454057	0.7508269	0.7470807	0.8153320	0.2274260	0.2287717	0.6446231	0.0916534	0.9377839	0.5699766	0.0848911	0.0446839	0.6859120	0.5816648	0.5653052	0.7734256	0.5081729	0.7383380	0.5161321	0.3820854	0.5639717	0.0531491	0.7444076	0.0970045	0.6899668	0.2897405	0.4410697	1.0333602	0.1552328	0.6214883	0.2024881	0.2884646	0.5033140	0.4316075	0.7154855	0.7395612	0.4807112	0.3512599	0.4986224	0.1757206	0.7069445	0.8250134	0.0790121	0.3235607	0.9169053	1.1076079	0.1993534	0.5777797	0.2813232	1.0126568	0.1135029	0.5486079	1.0188097	0.2860667	0.2842336	0.3976834	0.6211177	0.7735044	1.0056535	0.3318209	0.4313179	0.8182157	0.0376495	0.6799972	0.0277273	0.3861673	0.1510256	1.0012618
350	0.5262051	0.5463773	0.9244270	0.1396919	0.2913763	0.0669772	0.3922682	0.8568983	0.9600097	0.0133292	0.1761134	0.1054755	0.0131196	0.0726290	0.8286397	0.2977425	0.4696208	0.9309652	1.0904957	0.8174760	0.0827574	1.0565519	1.0295032	0.4407318	0.8125817	0.9513814	0.8478752	0.1136751	0.1892710	0.0308961	0.1277562	0.8807189	0.1021467	0.7368744	0.8258990	0.8570271	0.2943325	0.2167953	0.6125263	0.0914376	1.0186536	0.5614119	0.0538053	0.0456069	0.7079274	0.5196850	0.5975989	0.8329612	0.5454168	0.6817194	0.5051023	0.3947749	0.5132390	0.0582854	0.6751297	0.0459653	0.7378359	0.2573544	0.4873336	0.9827262	0.1221279	0.6317795	0.2216428	0.2547127	0.5443387	0.4054143	0.7884848	0.6259761	0.4860417	0.3346690	0.5087767	0.1473961	0.7430167	0.8671141	0.0460594	0.2992098	0.9836124	1.0970220	0.2198359	0.6302000	0.3885400	1.0535915	0.0750428	0.6171712	1.0082848	0.2983892	0.2924065	0.3603566	0.5182847	0.9060339	0.9703186	0.3826266	0.4432034	0.8494090	0.0508477	0.6640603	0.0460933	0.4134596	0.1962409	0.9469998
400	0.5323622	0.5566136	0.9033770	0.1083557	0.2110595	0.0948731	0.3864969	0.8263415	1.0611893	0.0101559	0.1293851	0.1132082	0.0107578	0.1043227	0.8576989	0.4110346	0.4691816	1.0394922	1.0773220	0.8540000	0.0496685	1.0650881	1.0299558	0.4173000	0.9451554	1.0385101	0.8442858	0.1431730	0.1803223	0.0276987	0.0767463	0.9233409	0.1079458	0.7584521	0.8313049	0.8777906	0.3068987	0.2360403	0.6099158	0.1345768	1.0202243	0.4659892	0.0698833	0.0374808	0.7646778	0.5682457	0.5547525	0.7222823	0.4719629	0.7423217	0.5927612	0.4496125	0.4094640	0.0689002	0.6576233	0.0185370	0.7795835	0.2771531	0.4547453	0.9768079	0.0888617	0.5750941	0.2765003	0.2564391	0.5441611	0.3631949	0.7481232	0.5516755	0.5043586	0.3744639	0.5300127	0.1196210	0.7389940	0.8253018	0.0282534	0.2292172	0.9552828	1.0475918	0.2571931	0.6453630	0.3881768	1.0235469	0.0861441	0.6181665	0.9879867	0.3984885	0.3769397	0.4516061	0.5317031	0.8229231	1.0156328	0.4079545	0.4266267	1.0267762	0.0434285	0.6202128	0.0214201	0.4477418	0.1565733	0.9922776
450	0.5485664	0.6276240	1.0208582	0.0799987	0.2027383	0.0955587	0.3653180	0.9660157	0.9501293	0.0194465	0.1292654	0.0679486	0.0405895	0.1635670	0.7621829	0.4272264	0.4723770	0.9543838	1.0379611	0.7819991	0.0361899	1.0386442	1.0301576	0.4573403	0.8884057	0.9851277	0.9290425	0.1122708	0.1602994	0.0343402	0.0548378	0.9913968	0.1725329	0.7045160	0.8387431	0.9657254	0.3517887	0.2048798	0.6025344	0.1058889	0.8882193	0.4395546	0.0583258	0.0788064	0.7378377	0.6085625	0.5565955	0.7201314	0.5421228	0.7420881	0.5810419	0.6017336	0.2898056	0.0732329	0.6825852	0.0016408	0.7971105	0.2511889	0.4440817	0.9084936	0.0690890	0.4971839	0.2271173	0.2590122	0.4848474	0.3596149	0.8328282	0.5185193	0.5028377	0.3555134	0.5294574	0.1700747	0.6642126	0.8903384	0.0387917	0.1930449	0.9253669	0.9968865	0.2794469	0.6210255	0.4038012	1.0903810	0.1278261	0.5518950	0.9872224	0.3446558	0.4058318	0.4184037	0.4680416	0.8066554	1.0162113	0.3508901	0.3640103	1.0046768	0.0471568	0.5837786	0.0203231	0.4699353	0.1238889	1.0001500
500	0.5227308	0.5864264	1.0808102	0.1124061	0.1609891	0.0605306	0.3573427	0.9605611	0.9814310	0.0231063	0.1396452	0.0616495	0.0404875	0.1261458	0.8413911	0.4252682	0.4830802	1.0161529	1.0126226	0.8529585	0.0519831	0.9455747	1.0936312	0.4421986	0.9081716	1.0911052	0.9184640	0.0712281	0.1917991	0.0173896	0.0454119	0.8653234	0.1693432	0.7610091	0.9451869	0.9927711	0.3575232	0.2171114	0.6395222	0.0991926	0.8914895	0.4539000	0.0504654	0.0486519	0.6779723	0.6221025	0.5472010	0.8441398	0.5432580	0.7489865	0.6065007	0.4740239	0.2235058	0.1147909	0.7451280	0.0054326	0.7487409	0.2358711	0.4281114	0.9828291	0.0557054	0.4657706	0.2049105	0.2807418	0.4151497	0.3413980	0.8883332	0.4719359	0.3844493	0.4639221	0.4898142	0.1673758	0.5636008	0.9256983	0.0504530	0.2654020	0.8830208	0.9273742	0.3143600	0.6429930	0.3497578	1.0539877	0.1202134	0.6598682	0.9135754	0.3904430	0.4710417	0.4375855	0.4720073	0.6844464	0.9443598	0.3980127	0.4567065	1.0217047	0.0336935	0.6078508	0.0308120	0.4305557	0.1073071	1.0517555
550	0.3945824	0.5639858	1.0717018	0.1127028	0.1770111	0.0755292	0.3308639	0.6480090	0.9267314	0.0228329	0.1420256	0.0578474	0.0231344	0.1128928	0.7827621	0.4683103	0.4181229	1.0341529	0.9422431	0.8977764	0.0686801	0.8380572	0.9810864	0.5830607	0.9051864	0.8112404	0.9100036	0.0932179	0.2226719	0.0247171	0.0697859	0.8931956	0.3225784	0.7558406	0.6614041	0.9751858	0.3743894	0.3532016	0.5131446	0.0870800	0.8830080	0.4059641	0.0502551	0.0605123	0.7103951	0.5295761	0.5689396	0.8653117	0.5027607	0.5033706	0.4394991	0.4880164	0.1768558	0.1294912	0.7661327	0.0106518	0.7575304	0.2212565	0.4484073	1.0377112	0.0940467	0.5072937	0.2743476	0.3231918	0.4307486	0.3380285	0.9471990	0.4775157	0.3883475	0.5154834	0.4983955	0.1655706	0.6178365	0.9182977	0.0490250	0.1852959	0.9159574	0.8060070	0.2926865	0.6888606	0.5735860	0.9601953	0.1088987	0.8479442	0.9058237	0.4608810	0.4795083	0.4173935	0.6159856	0.6848971	0.7482889	0.3578234	0.4622620	0.9848432	0.0449224	0.5983411	0.1155183	0.3008248	0.1414101	0.9471293
600	0.2749191	0.6073779	1.0213075	0.1453762	0.1901284	0.0712337	0.2427175	0.3878119	1.0569262	0.0419475	0.1163644	0.0622344	0.0189321	0.1276041	0.7819667	0.5705057	0.4607712	0.9923793	0.9886164	0.8942386	0.0776404	0.7651548	0.9371444	0.8112730	0.9392956	0.7541065	0.8800795	0.1200785	0.1981720	0.0349428	0.1574556	0.7589343	0.4765089	0.8021990	0.5492388	1.0152622	0.2903986	0.5879333	0.4288994	0.0200772	0.8599564	0.4416767	0.0535415	0.1144665	0.7824737	0.5301675	0.5914231	0.8307806	0.6033244	0.3378020	0.2380303	0.4711751	0.1688321	0.0943204	0.7200042	0.0078625	0.6955719	0.2439695	0.5126719	0.9651510	0.1268541	0.5308720	0.2507034	0.3047832	0.4882512	0.3879486	1.1090988	0.4496451	0.3478603	0.4075165	0.5193555	0.1864375	0.5751183	0.9609341	0.1093691	0.1185231	0.8939648	0.5762671	0.2939719	0.6655070	0.7166330	1.0016769	0.1291511	0.8210761	0.8837184	0.4113030	0.4769397	0.3292075	0.5876700	0.7933231	0.5679785	0.3676882	0.4207492	0.9112126	0.0797212	0.6065667	0.1831671	0.1759879	0.2116632	0.8656715
650	0.1466624	0.6009138	1.0406315	0.0837982	0.2337948	0.0426199	0.1685020	0.1775609	0.9529547	0.0405852	0.1486900	0.0877623	0.0171837	0.1121669	0.6955286	0.5159606	0.4963078	0.9836707	0.9099119	0.8652073	0.0807822	0.6538659	0.9901820	0.9400830	0.9223582	0.8139812	0.8197479	0.1081544	0.2172479	0.0312537	0.2141643	0.5048698	0.5987917	0.7364117	0.3563701	0.9592245	0.3057325	0.7131034	0.3945537	0.0177719	0.9429309	0.4494757	0.0683143	0.0952195	0.7207075	0.4907247	0.6070993	0.9097831	0.7645415	0.2173155	0.1270026	0.5106513	0.1755284	0.0539734	0.7632532	0.0136929	0.7003244	0.2793993	0.4713584	0.9478582	0.1804647	0.5055706	0.2127522	0.2836110	0.5553956	0.4303285	1.0586521	0.6552294	0.3220364	0.3229697	0.4262933	0.2015012	0.5894485	0.9434144	0.1821905	0.1453796	0.8206408	0.5171276	0.2912500	0.7708785	0.7526412	0.9717701	0.1143259	0.8723638	0.8017745	0.4213140	0.4600960	0.3360268	0.5642116	0.7746208	0.4046667	0.3082335	0.4231360	0.7869491	0.0688997	0.5893143	0.1919257	0.0829149	0.3593484	0.9740938
700	0.0753430	0.6562813	1.0130520	0.1042156	0.3613332	0.0279339	0.1245442	0.0945866	0.9889758	0.0250744	0.1252565	0.0922218	0.0177609	0.1328280	0.8347621	0.4675202	0.4187282	1.0555300	0.9680122	0.9002617	0.0626065	0.6078305	0.9549647	0.9289974	0.8853580	0.6698300	0.8457479	0.1320986	0.2281114	0.0336353	0.2970388	0.3383242	0.6010306	0.7709878	0.2960451	0.8408519	0.2756987	0.7245398	0.3333931	0.0303132	0.9580099	0.4326510	0.1032677	0.0664327	0.7728981	0.5737308	0.6591026	0.9473060	0.8954970	0.1925174	0.0709211	0.3791420	0.1872953	0.0357954	0.6728476	0.0300180	0.6838708	0.2910525	0.4304297	0.9774841	0.2457752	0.5571033	0.1865282	0.2603653	0.4912528	0.4726055	1.0674274	0.7037439	0.4248796	0.1971616	0.4342240	0.2652491	0.4418476	0.9003281	0.2274460	0.2874700	0.8851575	0.3473404	0.2863622	0.8227523	0.8037788	0.9487308	0.1290147	0.7697235	0.9181497	0.4533994	0.4164586	0.3571667	0.5754214	0.7364798	0.4128708	0.2436903	0.4408462	0.7868660	0.0931516	0.6007788	0.2232346	0.0739254	0.4832034	0.9483242
750	0.0321484	0.6198286	1.0298796	0.1097425	0.3602967	0.0151995	0.0775183	0.0529258	0.9418833	0.0483057	0.1151016	0.0742289	0.0099810	0.1290075	0.8533303	0.4404285	0.4033993	1.0392283	0.9310283	0.9294736	0.0631857	0.6006374	1.0550673	0.9611592	0.8785142	0.7210894	0.8925951	0.1150225	0.2050226	0.0571167	0.3253758	0.2522776	0.6384904	0.7883356	0.2711142	0.8802685	0.2470368	0.7120631	0.3923668	0.0375057	0.9956229	0.4668298	0.0821842	0.0911852	0.7736552	0.4910644	0.6402312	0.8190266	0.8570220	0.1857697	0.0604263	0.4143412	0.2356715	0.0080120	0.6635466	0.0709408	0.7506753	0.2997898	0.4610231	0.9184091	0.4002353	0.5376271	0.1910534	0.2805353	0.4755598	0.5025770	1.0036663	0.7226530	0.4203371	0.1008608	0.3761295	0.3094742	0.3831469	0.9403138	0.2331981	0.2682673	1.0186161	0.2005168	0.2861003	0.6995979	0.7851600	0.9594188	0.1193525	0.6922584	0.8792774	0.3840054	0.3849617	0.3956713	0.6027029	0.7654343	0.4618428	0.2648734	0.4353668	0.6324964	0.0879579	0.6130101	0.2242141	0.0650119	0.5234757	1.0123136
800	0.0303869	0.6054414	1.0142610	0.1485225	0.4455093	0.0135451	0.0423504	0.0313409	0.9370254	0.1412366	0.1495211	0.0689684	0.0063680	0.0948308	0.9120171	0.4394682	0.4381920	0.9579000	1.0310360	0.8258540	0.0613105	0.7407659	1.0074492	1.0078767	0.9383219	0.7254427	0.9192807	0.1367094	0.2152672	0.0437264	0.3726675	0.1595400	0.6733362	0.7047902	0.3048926	0.8854645	0.2669076	0.7008107	0.4283870	0.0268116	0.9303231	0.3797734	0.0798507	0.0758933	0.8081991	0.4558850	0.6305570	0.8173577	0.7295170	0.2177870	0.0531505	0.4520867	0.2770453	0.0042532	0.6812291	0.1492776	0.6840013	0.2682354	0.4343996	0.8599557	0.5085493	0.6245454	0.1398845	0.2309231	0.4321512	0.5506935	0.9728999	0.6581973	0.4079872	0.0637803	0.3873964	0.2563124	0.3111547	0.9000117	0.2600427	0.2638632	0.8941487	0.2273717	0.2750749	0.6737293	0.7258534	0.8859717	0.1168974	0.6706952	0.9130056	0.3755098	0.3436912	0.3975000	0.5730316	0.7448395	0.4909202	0.3647721	0.4094784	0.5918535	0.1003416	0.6268617	0.1843469	0.0508268	0.5765933	0.9323718
850	0.0254331	0.5993942	1.0158764	0.1398656	0.4055590	0.0011988	0.0336222	0.0198442	1.0134649	0.1456477	0.1560389	0.0797747	0.0001083	0.0951705	0.8696190	0.4747065	0.4895856	0.9322640	0.9906477	0.8747312	0.0644522	0.6001672	1.0055407	1.0451131	0.9067965	0.6928660	1.0516699	0.1239278	0.2399943	0.0379863	0.3806504	0.0813079	0.6325416	0.7572187	0.2807529	0.8583481	0.3024243	0.6710303	0.3489975	0.0371424	0.8411154	0.3819938	0.0810049	0.0800406	0.7090037	0.4737794	0.6806599	0.9118303	0.8469008	0.2780543	0.0676982	0.4362406	0.4904660	0.0035744	0.6713129	0.2862637	0.6908014	0.2871589	0.5046484	0.9587079	0.5284442	0.5184357	0.2141511	0.3064616	0.5210886	0.5201070	1.0156604	0.7797295	0.3754456	0.0716401	0.3639541	0.2203923	0.3029643	0.8817078	0.2956483	0.2930272	0.8408127	0.3224018	0.2252258	0.6165956	0.6766413	0.9679872	0.0753738	0.6414029	0.8995548	0.3664543	0.3162846	0.4247700	0.6158171	0.6687419	0.4493372	0.3513266	0.3923779	0.6100673	0.0499952	0.5843184	0.2460324	0.0301300	0.5364684	1.0327447
900	0.0113143	0.5945075	1.0389531	0.1683573	0.3806094	0.0033371	0.0425151	0.0267381	1.0377926	0.2512663	0.1539801	0.1397048	0.0117079	0.0998025	0.8566299	0.4594613	0.4248363	0.9880775	1.0266121	0.8385417	0.0508591	0.6597562	0.9909754	1.1722279	0.9430629	0.6882030	1.0120415	0.1214370	0.2737370	0.0335855	0.3754674	0.0640347	0.6764570	0.7375864	0.2945282	0.6789143	0.2340596	0.7378243	0.3616740	0.0422853	0.9250510	0.4949273	0.0555360	0.0747777	0.7628989	0.4349531	0.6323692	0.8861667	0.8741637	0.3107875	0.0798678	0.4707798	0.6225093	0.0015257	0.7210347	0.4237835	0.7368034	0.3026470	0.5298692	0.9450989	0.6345812	0.6392527	0.3342088	0.2270329	0.5727908	0.4998713	1.0224576	0.7520943	0.3765331	0.0521582	0.3550694	0.2585866	0.2948383	0.9613944	0.2535685	0.2901346	0.8111775	0.3033149	0.2186994	0.6223557	0.6768255	0.9467585	0.1006461	0.6080047	0.8930342	0.3486117	0.3147030	0.4318578	0.5822829	0.6392603	0.4965214	0.3460488	0.4053723	0.5679444	0.1058494	0.5515750	0.2653823	0.0280466	0.5355567	0.9773773
950	0.0069935	0.6215525	0.9714241	0.1239578	0.6119655	0.0061274	0.0252878	0.0166733	1.0126233	0.3314385	0.1118395	0.0931127	0.0087469	0.1169882	0.8463939	0.4362822	0.4244724	0.9619586	1.0139435	0.7599469	0.0603619	0.6612667	0.9842830	1.0126476	0.9402060	0.5716624	0.9650712	0.1086726	0.2276138	0.0497403	0.3630425	0.0685250	0.6306334	0.8238800	0.3033374	0.7672531	0.2101802	0.6736258	0.3486769	0.0165498	0.9607825	0.4951797	0.0684654	0.0796955	0.8309601	0.5363415	0.6416340	0.8502859	0.8170768	0.3205123	0.0896760	0.4575118	0.7353310	0.0003807	0.7464731	0.5172826	0.7588276	0.2800165	0.4257924	0.9040630	0.5754422	0.6620829	0.2881028	0.2625264	0.5353174	0.5128554	1.1197066	0.6575796	0.4424016	0.0628220	0.3652458	0.2203761	0.2725565	0.8852518	0.2354016	0.3407849	0.9447199	0.3171762	0.2456244	0.6720149	0.7521814	0.9006841	0.1049197	0.6436205	0.9339086	0.4028547	0.3633725	0.4321725	0.5937697	0.6885211	0.5092471	0.2622547	0.3402213	0.5257898	0.0831980	0.5979756	0.2501112	0.0200692	0.5208260	0.8914783
1000	0.0083311	0.6655265	0.9885270	0.1208852	0.5765632	0.0002993	0.0431361	0.0107297	0.8513011	0.4483200	0.1082021	0.0843849	0.0074389	0.1553108	0.8904138	0.4624339	0.5075618	0.8924643	0.9240456	0.8258854	0.0830048	0.7026346	0.9513059	1.0536623	0.9819019	0.7449092	0.9677489	0.1026291	0.2290183	0.0353702	0.3138269	0.0772864	0.6745350	0.8958793	0.3099911	0.8152087	0.2127089	0.7707993	0.3759359	0.0218337	1.0100753	0.4852864	0.0663553	0.0706911	0.8066608	0.4345146	0.7360421	0.8702327	0.8308628	0.3254523	0.0740517	0.4226624	0.7579753	0.0018367	0.7566654	0.5522968	0.7948571	0.2888996	0.4533869	0.9106862	0.6425587	0.5335728	0.2690188	0.2635382	0.5217040	0.4691809	1.0773464	0.6289967	0.3891266	0.0728932	0.3538772	0.2498770	0.3295241	0.9563659	0.2840869	0.3941854	0.8859004	0.2889576	0.2234828	0.6489594	0.8297714	1.0050293	0.1350988	0.6906108	0.9368888	0.3971719	0.2973805	0.4712710	0.5179447	0.7865441	0.5009419	0.2852339	0.3566062	0.6641060	0.0759231	0.6523322	0.2894777	0.0285498	0.5751784	0.8833259

0	0.0094491	0.6355617	1.0459758	0.0876986	0.4170952	0.0015965	0.0357302	0.0201856	0.7842026	0.5482911	0.1482550	0.1067167	0.0074763	0.0795139	0.9263252	0.4386615	0.5117037	1.0187251	0.9869150	0.9112762	0.0675828	0.6396705	0.9879649	0.9056811	1.0249936	0.8053086	0.8415975	0.0956169	0.2807776	0.0361236	0.3476186	0.0945586	0.7647381	0.8073502	0.2691465	0.9854445	0.2644993	0.7761342	0.3511720	0.0142404	0.9503393	0.3956488	0.0912837	0.0721673	0.8039584	0.5632487	0.5721011	0.9104100	0.8750489	0.3877912	0.0490860	0.3690556	1.0040851	0.0016799	0.7496314	0.4296180	0.7445798	0.3138374	0.4763448	0.9977159	0.8917758	0.5763065	0.2317245	0.3844034	0.5377636	0.4876338	1.0898320	0.8135737	0.5024926	0.0491368	0.3912071	0.2335426	0.3169327	0.9297559	0.3112694	0.3637340	0.9584119	0.1589398	0.2670455	0.6498318	0.7931145	1.0351174	0.1402507	0.6535788	1.0095359	0.4184859	0.2245238	0.5131035	0.6073464	0.7854143	0.4606182	0.1309775	0.4648780	0.5528648	0.0723851	0.5781484	0.2784400	0.0363961	0.5378107	0.9932421
50	0.0107177	0.5919810	0.9309176	0.1203062	0.4335731	0.0050537	0.2322820	0.0057346	0.6811288	0.5777254	0.1163525	0.4421991	0.1108369	0.0811439	0.8181288	0.3604502	0.2557000	0.9328593	0.8717578	1.0169154	0.0424049	0.7905105	1.0890948	1.0060154	0.6250139	0.8788735	0.9323427	0.1137477	0.4073579	0.0292138	0.3450869	0.0416679	0.5434467	0.7352086	0.2737566	0.8090270	0.2010919	0.7077213	0.4193570	0.0239041	0.9727749	0.4946449	0.0617460	0.0592884	0.7322386	0.3612964	0.7167759	0.8444331	1.0019703	0.3398984	0.0847297	0.3344399	1.0571866	0.0015822	0.7290288	0.4147065	0.7617668	0.2806372	0.4722395	1.0623699	0.8243401	0.6160019	0.1987729	0.2827955	0.4852328	0.6826244	1.0639707	0.8171665	0.5156529	0.0352003	0.3499139	0.2342953	0.2064978	0.8252755	0.2769613	0.4497447	0.9443471	0.3684197	0.2339670	0.4842307	0.7822512	1.0535854	0.0952716	0.6012378	0.8556808	0.2841269	0.3358289	0.5618599	0.2139081	0.8852126	0.5443105	0.2115489	0.2869418	0.5922912	0.0701815	0.5108368	0.3203944	0.0285183	0.5871990	0.9847938
100	0.0171519	0.5257150	0.9086113	0.1006091	0.4901636	0.0169236	0.4416384	0.0013541	0.5764846	0.7443136	0.1017905	0.7438040	0.2204694	0.1097058	0.7796256	0.4168769	0.1396685	1.0736767	0.9776914	0.9283851	0.0425216	0.8502552	1.0479851	0.8841063	0.3640199	0.8752215	0.9691257	0.1178935	0.3825008	0.0133359	0.3122525	0.0273107	0.3070447	0.6618201	0.3508155	0.7481184	0.1085438	0.6919549	0.4741015	0.0263455	0.9696645	0.4102742	0.0539157	0.0269629	0.7578183	0.3218363	0.9188220	0.8888724	0.8468543	0.3966141	0.0548388	0.3633134	1.0425034	0.0029686	0.7513324	0.5231251	0.7396354	0.2373470	0.4930445	1.0222422	0.7164456	0.5409913	0.2956380	0.2020558	0.4752079	0.8688555	0.9788748	0.8291963	0.6008320	0.0421859	0.3563517	0.2870824	0.2628697	0.8388456	0.2549023	0.4649791	0.9067132	0.4595155	0.2012302	0.4780015	0.7475432	1.0133029	0.0951209	0.6007010	0.7507970	0.1904610	0.3264126	0.5517844	0.1036800	0.8156177	0.5286481	0.2290821	0.1930366	0.6466680	0.0744216	0.4898538	0.2183688	0.0714181	0.5691905	0.9117087
150	0.0231298	0.5427156	0.9555331	0.1002755	0.5234359	0.0725817	0.5402986	0.0096147	0.4886587	0.8683085	0.0534087	0.7654063	0.2845792	0.1315815	0.7913935	0.4162015	0.0756877	1.0377570	0.8818668	0.9077848	0.0369210	0.9024863	0.9318787	0.9342785	0.2245801	0.9262459	0.8963247	0.1381075	0.3723016	0.0121656	0.3027241	0.0225570	0.3030611	0.6518103	0.4141444	0.6731878	0.1127208	0.7951151	0.5418082	0.0307311	0.9461232	0.4062407	0.0620748	0.0130668	0.8141628	0.3362926	0.8740340	0.8824501	0.8696463	0.3437483	0.0390222	0.3319554	1.1061542	0.0014400	0.7458950	0.5763306	0.7416768	0.1953954	0.5143710	1.0176676	0.6714966	0.6211666	0.3476989	0.2593827	0.5210597	0.9552053	0.9254576	0.8030546	0.5762066	0.0517694	0.3379873	0.2304578	0.3010745	0.7928136	0.2267671	0.4742514	0.9213593	0.4099162	0.1878241	0.4893172	0.7448208	1.0196948	0.1198196	0.5668795	0.7122317	0.1735895	0.3092565	0.5732257	0.0988975	0.7241522	0.5177102	0.1434164	0.1211389	0.7423586	0.1209411	0.5077265	0.2047361	0.1869428	0.5152250	0.8591900
200	0.0182682	0.5606837	0.8728840	0.0825262	0.3408548	0.0787417	0.5397981	0.0045415	0.5113978	0.8846971	0.0463579	0.8478110	0.2795918	0.1163249	0.7301071	0.3563819	0.0864025	1.0141808	0.7134706	0.7656277	0.0722606	0.9918059	0.9435762	0.9464774	0.1738976	0.9509568	0.8122668	0.1362847	0.3712236	0.0071453	0.3000828	0.0193841	0.3237067	0.6390205	0.4550195	0.7071074	0.1010009	0.7478610	0.5567534	0.0304972	0.9190819	0.4462163	0.0533610	0.0016795	0.8200684	0.3041585	0.8990843	0.7546034	0.8134252	0.3433524	0.0113564	0.4014423	1.1008086	0.0014464	0.7288795	0.5712632	0.8021355	0.2471178	0.4075192	0.9700951	0.6808007	0.5678071	0.3555873	0.2839984	0.4767432	0.9861051	0.7292720	0.7298249	0.4806852	0.0581861	0.4000118	0.2651987	0.4100362	0.8151032	0.2192445	0.3547282	0.9740847	0.5602242	0.1340331	0.4936321	0.6959114	0.9492447	0.0979117	0.5138639	0.7033842	0.1590666	0.3578917	0.5567279	0.0639586	0.7962238	0.6083098	0.1172952	0.1444459	0.9002108	0.1789514	0.5463939	0.2161062	0.3352620	0.4393160	0.9405103
250	0.0156306	0.5049090	0.8469930	0.0872864	0.2175029	0.0839282	0.5399448	0.0146139	0.3767852	0.8353911	0.0759106	0.8912737	0.2730090	0.1510673	0.5937514	0.3998003	0.0783399	0.9198068	0.4722104	0.7048833	0.0630537	0.9554848	0.9384396	0.9249286	0.1144168	1.0078178	0.7546647	0.1200548	0.3584173	0.0059957	0.2377816	0.0400990	0.2662716	0.6825499	0.4339291	0.6201447	0.0702742	0.8043312	0.6065025	0.0328422	1.0156416	0.4303067	0.0603243	0.0009102	0.9494113	0.3200233	0.7270825	0.7560962	0.8371226	0.3119637	0.0045755	0.4300241	0.9867036	0.0000000	0.6835212	0.5133538	0.7393996	0.2594066	0.4091873	0.9155932	0.4970593	0.5554279	0.3673760	0.2743824	0.4418851	1.0157336	0.6048215	0.8369905	0.5018685	0.1570360	0.4105741	0.3005947	0.4771765	0.8111436	0.1738422	0.3220950	0.8968098	0.6089694	0.1612517	0.4852229	0.6815131	0.9976583	0.0947962	0.5026024	0.7173251	0.0963929	0.4669626	0.6358035	0.0656491	0.7574118	0.5880495	0.1571806	0.1074596	0.9770236	0.2405804	0.5218312	0.2482133	0.4241279	0.3487916	0.9854975
300	0.0218858	0.5501753	1.0494078	0.0793240	0.1933387	0.1338096	0.5168520	0.0077796	0.3776988	0.8161139	0.0597996	0.8967391	0.2848187	0.1646381	0.5916862	0.3749380	0.0939349	0.9065214	0.4451758	0.7114458	0.0715841	0.9812743	1.0515167	0.9877165	0.1103428	0.9671897	0.7329882	0.1898492	0.3103841	0.0105141	0.3537385	0.0162137	0.3535906	0.7793555	0.4704068	0.5449292	0.0948274	0.8750858	0.6145940	0.0177809	0.9222623	0.4409470	0.0695138	0.0010490	0.9169843	0.3606955	0.6984984	0.7206853	0.8579271	0.3356667	0.0310345	0.4534744	0.9675995	0.0007789	0.7130213	0.6268252	0.8069924	0.3429562	0.4930856	0.9751589	0.3843152	0.4922281	0.3936477	0.2942123	0.5036191	1.0036049	0.6341574	0.8300224	0.5391516	0.1920674	0.4260306	0.3127750	0.5561840	0.8100025	0.1705283	0.3025651	0.8262354	0.4818481	0.1585418	0.5741715	0.6446384	0.9585175	0.0797607	0.5398544	0.7522735	0.0882028	0.5537417	0.7007679	0.0863381	0.7817243	0.6760865	0.1367003	0.1215544	1.0378667	0.3270102	0.4863556	0.3091120	0.5084815	0.2773738	0.9902173
350	0.0144329	0.6096088	0.8528022	0.0460083	0.1135824	0.1063977	0.5339018	0.0028419	0.4264996	0.7693079	0.0529590	0.8496996	0.2777618	0.1527035	0.6686493	0.3349130	0.0712286	0.8478042	0.3674086	0.7426092	0.0632425	0.9987574	1.0573088	1.0221841	0.1146414	1.0001562	0.7278277	0.1338419	0.3219621	0.0105092	0.3598899	0.0215512	0.3097656	0.7372167	0.5392593	0.6702344	0.1040785	0.9367489	0.5505168	0.0334913	0.9402466	0.3905209	0.0732059	0.0018465	0.9480250	0.4016704	0.6927955	0.7442412	0.8378821	0.3073544	0.0345163	0.5384697	0.9972003	0.0019960	0.7072115	0.5725022	0.7981044	0.3418686	0.4258615	1.0772696	0.3363158	0.5210380	0.5227528	0.2942978	0.4306778	0.9233922	0.6880202	0.8578829	0.5605012	0.2498431	0.3911148	0.2921098	0.6590572	0.8469067	0.1808684	0.3488189	0.8028374	0.3412857	0.2121599	0.5726285	0.7621903	0.9594096	0.1086973	0.5278807	0.6687754	0.1217994	0.5448213	0.7336068	0.0709668	0.8387942	0.6475818	0.1610799	0.1354971	1.0074131	0.3742752	0.5436863	0.4164561	0.5385637	0.2891356	0.9729731
400	0.0215087	0.5172005	0.8040485	0.0441997	0.1140769	0.1289437	0.5114690	0.0044645	0.4655414	0.7298038	0.0618341	0.8640399	0.2997235	0.1361464	0.6427074	0.3583019	0.0841030	0.8820362	0.4572797	0.7670918	0.0659145	1.0032854	1.1165891	0.9645331	0.0983156	1.0087313	0.6800915	0.1639951	0.2393384	0.0058237	0.4364575	0.0236702	0.3665500	0.7921707	0.5689735	0.8013483	0.1634239	0.8303985	0.5691152	0.0251378	0.9515515	0.4203471	0.0927468	0.0011509	0.9004811	0.3911990	0.7473092	0.6906475	0.8007356	0.2850145	0.1023134	0.5963228	0.9463316	0.0013121	0.7152666	0.6384375	0.8866735	0.3717268	0.4605747	0.8990451	0.2871975	0.5202098	0.4451354	0.2274288	0.4849746	0.8366424	0.6826843	0.9246994	0.5915216	0.3804352	0.3924791	0.2460528	0.6680963	0.7943702	0.1934204	0.3635723	0.7304112	0.2588235	0.2088500	0.6076943	0.6539587	1.0043594	0.0831033	0.5879426	0.7009191	0.0922030	0.6077108	0.6807626	0.0619850	0.9281666	0.5824026	0.1599027	0.1316109	0.9809291	0.3634890	0.5588422	0.4404975	0.5876024	0.3185540	0.9435765
450	0.0082178	0.5629769	0.8555606	0.0409291	0.1199948	0.0991671	0.5252720	0.0099439	0.5252094	0.8218674	0.0315362	0.7783230	0.3104594	0.1507523	0.6517710	0.3160733	0.1014121	0.8252975	0.4196206	0.7849623	0.0607059	1.0102933	1.1188174	0.9831251	0.0640570	0.8691146	0.6711648	0.1271995	0.2809998	0.0101520	0.3441952	0.0253092	0.3492770	0.6637005	0.5013468	0.7635289	0.1596524	0.8093788	0.5866815	0.0063349	0.9535464	0.4619328	0.1039597	0.0006049	0.8750256	0.3445101	0.8205475	0.6922790	0.8189049	0.3430722	0.1341441	0.6059147	0.9241332	0.0002544	0.7707862	0.5562609	0.7897643	0.3430420	0.3733062	0.9515749	0.2024872	0.5650287	0.3673761	0.2539222	0.4441014	0.9445963	0.8456773	0.8581911	0.5612282	0.4452863	0.3477237	0.3614084	0.7310270	0.8366771	0.2226857	0.3315023	0.7497500	0.3630087	0.2333392	0.5745040	0.7125544	1.0653664	0.0946413	0.6073573	0.6304114	0.1008836	0.5590461	0.7768644	0.0327052	0.8340736	0.5782719	0.1164016	0.0964542	1.0819303	0.3349808	0.5645842	0.4023464	0.5009914	0.2937893	0.9393798
500	0.0120949	0.5646200	0.9640710	0.0433648	0.1185909	0.1428626	0.4726000	0.0144963	0.5097075	0.8304359	0.0402013	0.8438553	0.2424310	0.1539306	0.6012213	0.3634283	0.0790109	0.8977015	0.3374614	0.7811436	0.0479547	0.8927519	1.0594366	1.0006337	0.0692720	0.9566638	0.6523592	0.1239446	0.4046885	0.0106730	0.3192715	0.0356280	0.2894427	0.7693970	0.5600652	0.6878416	0.1282650	0.8683834	0.6693239	0.0038840	0.9554003	0.4766261	0.0980988	0.0005095	0.9571657	0.3444346	0.7308106	0.7082482	0.8203790	0.3369013	0.1636792	0.5993450	0.9400171	0.0006766	0.7740320	0.6640184	0.7701564	0.3337084	0.4346322	0.9316426	0.2130443	0.5587527	0.3501975	0.2666914	0.4723093	0.9079377	0.9513056	0.7582080	0.5651557	0.4057329	0.3933836	0.2733267	0.7082002	0.9218110	0.1951585	0.3774352	0.7743049	0.3310921	0.2218196	0.5171629	0.6702872	0.9602395	0.0874548	0.5766737	0.6104962	0.0981646	0.5854027	0.7508500	0.0576180	0.8587981	0.5593304	0.1011773	0.0781505	1.0635656	0.3700515	0.6286104	0.4242556	0.4451935	0.2927379	0.9394289
550	0.0159823	0.6384866	1.0083610	0.0574642	0.1084571	0.1119781	0.2969503	0.0112163	0.5221165	0.6959746	0.0331061	0.5742844	0.1241966	0.1408219	0.6999121	0.3337304	0.3163554	0.7675784	0.3674620	0.7851061	0.0341761	0.6775887	0.9774911	1.0113771	0.1979264	0.8988878	0.6608511	0.1070003	0.2543072	0.0115374	0.3732661	0.2140178	0.4200498	0.8060312	0.4553242	0.6868936	0.1132570	0.8462069	0.6490452	0.0245596	1.0525701	0.4538352	0.0728101	0.0131869	1.0010844	0.3545662	0.6362201	0.6738810	0.8259573	0.3360584	0.1899712	0.5442852	0.9506839	0.0007325	0.7123975	0.5621567	0.7839157	0.3696399	0.4032636	1.0288673	0.1605730	0.5205372	0.3255053	0.2830165	0.4438864	0.7938791	0.7991043	0.7722540	0.5764165	0.3781988	0.4197653	0.2822053	0.6993673	0.9169985	0.1787563	0.4687307	0.8468910	0.1763360	0.2162237	0.5691707	0.5932972	0.9458058	0.1203299	0.6169969	0.7335891	0.1365722	0.5638630	0.7238911	0.2956269	0.8633714	0.5939685	0.1037740	0.1543969	0.9858749	0.4381802	0.5930049	0.4611579	0.3978039	0.3694420	0.9570980
600	0.0259656	0.6853796	0.9774259	0.0676604	0.1460915	0.0750530	0.1945012	0.0240302	0.4802762	0.4791078	0.0508817	0.2823109	0.0516756	0.1442646	0.7374545	0.4053345	0.4522139	0.7902808	0.5993912	0.8370941	0.0504793	0.7275627	1.0502445	1.0228562	0.3873630	0.8858104	0.6492212	0.1161052	0.1875108	0.0145843	0.3413107	0.2716963	0.6344539	0.9232737	0.5363837	0.6952323	0.0974308	0.8229335	0.5618568	0.0275535	1.0083587	0.4606335	0.0731187	0.0116697	0.8172136	0.4495097	0.5195876	0.6798432	0.8405629	0.3569702	0.2255739	0.4944998	0.9401184	0.0009264	0.7775735	0.4335660	0.8359041	0.3249417	0.4602960	0.9768696	0.1905936	0.5607137	0.2383543	0.2917255	0.5113124	0.6345278	0.7669171	0.8474512	0.6024305	0.3375038	0.4470236	0.3061202	0.5988942	0.8626744	0.2270760	0.3643443	0.8255672	0.1467745	0.2065172	0.5763898	0.6648155	0.9469525	0.0952047	0.7501884	0.8697527	0.2583018	0.5507309	0.7230095	0.4746457	0.8523188	0.7289399	0.1434371	0.2404465	1.0412559	0.3945012	0.6467606	0.4037811	0.2625834	0.4050872	0.9771113
650	0.0185692	0.7157815	1.0080213	0.0685365	0.2309592	0.0421552	0.0741689	0.0136123	0.5825045	0.3634555	0.0588587	0.1701404	0.0244996	0.1026659	0.8906329	0.3940190	0.4665148	0.8464401	0.8094584	0.8572229	0.0588603	0.6105067	1.0010030	0.9571090	0.5447723	0.9056236	0.6818271	0.0989261	0.2175766	0.0197452	0.3755770	0.1797465	0.6707097	0.8953413	0.4813089	0.8333301	0.1521661	0.8099701	0.4628833	0.0273660	0.9719432	0.4596647	0.0690037	0.0264654	0.8464020	0.5183945	0.5482843	0.7342211	0.8176598	0.2672634	0.1978099	0.4604085	0.7993628	0.0006597	0.7515049	0.3099066	0.8363291	0.3666040	0.5107163	0.9662398	0.2310194	0.4806049	0.2022162	0.2565597	0.5208114	0.6618394	0.6954091	0.8590835	0.5239531	0.3229525	0.4901419	0.2775157	0.5165902	0.9200976	0.2875031	0.1949395	0.8271070	0.2025577	0.2305672	0.7144614	0.6773366	0.9452120	0.0843261	0.6294898	0.9370702	0.2902335	0.5141263	0.7390082	0.5201636	0.8447750	0.6563785	0.1489294	0.3131094	1.0140139	0.3167760	0.6177125	0.3310068	0.1497236	0.4986384	0.9870642
700	0.0114884	0.7445482	1.0638973	0.0753402	0.3055296	0.0280546	0.0497195	0.0239650	0.6742396	0.3782794	0.0876950	0.1341841	0.0108813	0.0831883	0.8571196	0.3686852	0.4457022	0.9195533	0.8769960	0.8217524	0.0612241	0.6465050	0.9811760	1.1154189	0.6096546	0.7204214	0.7607484	0.1124791	0.2329056	0.0573739	0.4271144	0.1315072	0.7993574	0.8813037	0.3803488	0.8599900	0.3397202	0.7624139	0.3894165	0.0087244	0.8847234	0.4496597	0.0901209	0.0284072	0.8686690	0.5850258	0.4803481	0.8721103	0.7499208	0.3059054	0.1410199	0.3926901	0.7366181	0.0002346	0.7026072	0.3154324	0.8813470	0.3458017	0.4039372	0.9017570	0.3725241	0.5661092	0.1304438	0.2859053	0.4444485	0.6128258	0.8526664	0.7819451	0.4562440	0.2176104	0.4673975	0.2767486	0.4014991	0.9548158	0.3119331	0.3948046	0.8745845	0.2056101	0.2377687	0.6773029	0.7772616	0.9269867	0.0928436	0.6697248	0.9782856	0.3221261	0.4984074	0.6860518	0.5053948	0.8967131	0.6337287	0.1462249	0.3597696	0.7188306	0.2770366	0.5918716	0.2610081	0.0699822	0.5139660	0.9198257
750	0.0171640	0.6693111	0.9934817	0.0711553	0.3415468	0.0109551	0.0260515	0.0213338	0.7311611	0.4396710	0.0916026	0.1220409	0.0061130	0.1059035	0.8398437	0.3703580	0.5040694	0.9959458	0.9500049	0.8730306	0.0550110	0.6242370	1.0167584	0.9210896	0.7176503	0.6869114	0.9023684	0.0982112	0.2516176	0.0477096	0.4472745	0.0821178	0.7367376	0.9084267	0.3539424	0.8821317	0.4281391	0.7015581	0.4747820	0.0142925	0.9192722	0.5127240	0.0947975	0.0657529	0.8111047	0.6580168	0.5819953	0.7655845	0.8285352	0.3657848	0.1571657	0.3545180	0.8373899	0.0075319	0.7399127	0.4639082	0.9065361	0.3266523	0.4066917	0.9536837	0.5297316	0.5428874	0.0998216	0.3039235	0.4669765	0.5368638	0.9361851	0.8785476	0.4434577	0.1632123	0.4100678	0.2552962	0.3720290	0.8973728	0.3104836	0.4396965	0.8444366	0.2069175	0.3261571	0.7365001	0.7664879	1.0769771	0.1163780	0.6083037	0.9801428	0.2903563	0.5101803	0.6444849	0.5937278	0.8349479	0.6355913	0.1051395	0.3787582	0.6190596	0.2341562	0.6248762	0.2170750	0.0578625	0.5380722	0.9839598
800	0.0230900	0.6299499	1.0825182	0.0827975	0.4228560	0.0025520	0.0381357	0.0207596	0.7365608	0.4799673	0.1281892	0.1264521	0.0046258	0.0881317	0.8924656	0.3590187	0.4600021	0.9786334	0.9466190	0.8488072	0.0586682	0.6499805	1.0045625	0.9665751	0.7930030	0.6883428	0.8675920	0.0961584	0.3175966	0.0449184	0.4565378	0.0757251	0.7148525	0.8860479	0.3475954	1.0454559	0.4168321	0.7844475	0.4016643	0.0144930	0.8530879	0.4438252	0.0875530	0.1012114	0.7777279	0.5444342	0.5961056	0.8945832	0.7961759	0.3225502	0.1159210	0.3084590	0.9929806	0.0109987	0.7489998	0.4402119	0.8788967	0.2903196	0.4056674	0.9736499	0.5500036	0.6004747	0.1101265	0.3024315	0.4351329	0.5041607	0.8412510	0.8389318	0.4274384	0.1302048	0.3412351	0.1862122	0.3389124	0.9018444	0.3183135	0.4969866	0.8377697	0.2415746	0.3044665	0.8036213	0.7424168	1.0180649	0.1061291	0.6252418	0.9724923	0.3041153	0.4101095	0.6312039	0.5373178	0.7840050	0.5326021	0.0971954	0.4497539	0.5708910	0.1802521	0.6213662	0.2152698	0.0620441	0.5876176	0.9294592
850	0.0304397	0.5544142	1.0483334	0.0862938	0.3909660	0.0009696	0.0179807	0.0239407	0.7397835	0.3938621	0.1189799	0.0945408	0.0051665	0.1114808	0.7451579	0.3989920	0.4602951	1.0688146	1.0140765	0.8823848	0.0612194	0.6400185	0.9583792	1.0841418	0.7729817	0.7304246	0.8546655	0.0948306	0.2967382	0.0373368	0.3376506	0.0715211	0.6904971	0.9023596	0.3225477	0.9939984	0.3285625	0.7582221	0.3685675	0.0162369	0.9414188	0.4369827	0.0513449	0.0926172	0.7619987	0.3994980	0.5642599	0.9543476	0.7767872	0.3723675	0.0975643	0.3322250	1.0048123	0.0042670	0.8346335	0.4847822	0.8339615	0.3009559	0.4285622	1.0612520	0.6247388	0.5829047	0.1294359	0.2889769	0.4186596	0.4603113	0.8754197	0.8287168	0.5018196	0.1109496	0.3712473	0.2142196	0.3726456	0.8000090	0.2889370	0.5430093	0.8407337	0.2642697	0.2874490	0.7360500	0.6804775	0.9865936	0.1272934	0.5769203	0.9143270	0.3569533	0.3667474	0.6739266	0.4947640	0.7102770	0.4853499	0.1262470	0.4399910	0.5861573	0.1126873	0.6377913	0.2227348	0.0482307	0.6039231	0.9337093
900	0.0248674	0.6613870	1.0927894	0.0943046	0.4611591	0.0000000	0.0364285	0.0262577	0.7607265	0.3455224	0.1346149	0.1019463	0.0013361	0.0815960	0.8016699	0.3423203	0.5130091	1.0412189	0.9283612	0.8891303	0.0568762	0.6076664	0.9881631	0.9987652	0.8172693	0.6514865	0.7972215	0.1262907	0.3006281	0.0204586	0.3353320	0.0717514	0.6883773	0.7877417	0.3033278	0.9196861	0.2140387	0.7338181	0.3269233	0.0180390	0.9763023	0.4159231	0.0565577	0.0853144	0.7636109	0.4244649	0.6210053	0.9323101	0.8692655	0.3076153	0.1001903	0.3597972	0.9786796	0.0000000	0.9153229	0.5520250	0.8235251	0.2848246	0.4501593	0.9094011	0.6840786	0.6540061	0.1088736	0.2632709	0.3832938	0.5487394	0.8832862	0.7271354	0.5604061	0.0725032	0.4201968	0.1991151	0.3457008	0.9195799	0.3102902	0.5131568	0.7803891	0.3911877	0.2725608	0.6997195	0.7560713	1.0491203	0.1132985	0.6865534	0.9492779	0.3472577	0.3289574	0.6136495	0.5176831	0.7068941	0.5088199	0.0909612	0.4497006	0.5628660	0.0827578	0.5758675	0.1751477	0.0433873	0.5566236	0.9920376
950	0.0227707	0.6787422	0.9632485	0.1130708	0.5060835	0.0010161	0.0499236	0.0394850	0.7581577	0.4311199	0.1361970	0.0973689	0.0114713	0.0909447	0.8812237	0.3654771	0.4507403	1.0947881	0.9352105	0.8781342	0.0859689	0.6369317	0.9466373	1.0297811	0.8646039	0.6778268	0.8268146	0.1022115	0.2307516	0.0198000	0.3712063	0.0671117	0.6116531	0.7870210	0.3061669	0.8800486	0.1680059	0.7344788	0.3197527	0.0141652	1.0696307	0.3842666	0.0965962	0.0956834	0.7000639	0.4889682	0.6228815	0.9155239	0.9502120	0.2503067	0.1076542	0.3648055	0.9864659	0.0019371	0.7884826	0.5543080	0.7228869	0.3002716	0.4653252	0.9521155	0.7501485	0.5773559	0.1868476	0.2347880	0.4050928	0.4963724	0.8397946	0.7389299	0.5870296	0.0352526	0.3395416	0.2188622	0.2821997	0.8912727	0.3600898	0.4270797	0.8054926	0.3837539	0.2494395	0.6482563	0.8050749	1.0098400	0.1349271	0.6472275	0.9361797	0.3470372	0.3459226	0.5460648	0.4592087	0.8146579	0.5697406	0.0573626	0.3939544	0.5853615	0.0750601	0.6314574	0.2177647	0.0389117	0.5797778	1.0341249
1000	0.0098082	0.6736916	0.9824880	0.1255619	0.4271764	0.0016748	0.0368500	0.0207724	0.7512737	0.4437892	0.0946319	0.0861308	0.0071327	0.1085644	0.9353980	0.4017253	0.4523052	1.0679784	1.0493528	0.9038424	0.0668381	0.6958909	0.9861976	0.9824478	0.7418349	0.7007660	0.8871881	0.0936058	0.2143358	0.0273084	0.3835148	0.0881949	0.6901544	0.8471048	0.2560722	0.8982060	0.1934110	0.6979287	0.3077394	0.0222780	1.0444747	0.3887064	0.0862608	0.0614663	0.7703798	0.4244274	0.6867339	0.8399309	0.8968043	0.3031951	0.1118112	0.3840113	0.9523509	0.0020870	0.8581003	0.5064059	0.7317742	0.3346007	0.5320638	0.9721384	0.8437392	0.5399086	0.2518245	0.2713946	0.4955136	0.5512853	1.0701629	0.7343422	0.5533608	0.0408138	0.3963175	0.2782298	0.2934769	0.9052538	0.3664616	0.3562218	0.8062719	0.1914287	0.2700944	0.6601688	0.7639925	0.9056559	0.1294961	0.7037415	0.8670416	0.3640698	0.3404610	0.6172165	0.5179258	0.7621550	0.5023324	0.0770965	0.4001114	0.6071309	0.0615204	0.5710678	0.2260338	0.0335336	0.6131359	0.9896343

0	0.0094491	0.6355617	1.0459758	0.0876986	0.4170952	0.0015965	0.0357302	0.0201856	0.7842026	0.5482911	0.1482550	0.1067167	0.0074763	0.0795139	0.9263252	0.4386615	0.5117037	1.0187251	0.9869150	0.9112762	0.0675828	0.6396705	0.9879649	0.9056811	1.0249936	0.8053086	0.8415975	0.0956169	0.2807776	0.0361236	0.3476186	0.0945586	0.7647381	0.8073502	0.2691465	0.9854445	0.2644993	0.7761342	0.3511720	0.0142404	0.9503393	0.3956488	0.0912837	0.0721673	0.8039584	0.5632487	0.5721011	0.9104100	0.8750489	0.3877912	0.0490860	0.3690556	1.0040851	0.0016799	0.7496314	0.4296180	0.7445798	0.3138374	0.4763448	0.9977159	0.8917758	0.5763065	0.2317245	0.3844034	0.5377636	0.4876338	1.0898320	0.8135737	0.5024926	0.0491368	0.3912071	0.2335426	0.3169327	0.9297559	0.3112694	0.3637340	0.9584119	0.1589398	0.2670455	0.6498318	0.7931145	1.0351174	0.1402507	0.6535788	1.0095359	0.4184859	0.2245238	0.5131035	0.6073464	0.7854143	0.4606182	0.1309775	0.4648780	0.5528648	0.0723851	0.5781484	0.2784400	0.0363961	0.5378107	0.9932421
50	0.1445208	0.7093500	0.9523285	0.2430096	0.4357418	0.0289739	0.0280723	0.0361433	0.8243732	0.3889037	0.0619202	0.0952588	0.0086849	0.0705337	0.6532049	0.3603949	0.2610679	0.9535594	0.9506584	0.9330278	0.0652389	0.5673732	1.0184273	0.5659911	0.8988481	0.6789330	0.9432271	0.3082218	0.2141543	0.0345176	0.3556084	0.0653657	0.6358086	0.7457600	0.3550910	0.8884165	0.2567772	0.8313482	0.2842696	0.4879011	0.9720018	0.4414201	0.2407693	0.0925613	0.7853665	0.3893999	0.7373357	0.8403438	0.9036510	0.4775559	0.0661399	0.3059926	0.9472963	0.0052439	0.7136862	0.4790350	0.7149932	0.1605645	0.4109899	1.0700933	0.7848077	0.5428493	0.2063392	0.2698191	0.4713044	0.5001765	1.0134439	0.7446327	0.4609637	0.0530285	0.3512732	0.1116303	0.3591697	0.8345134	0.2671209	0.2696193	0.8460792	0.4479576	0.5841746	0.5775399	0.8157602	0.9079898	0.1471899	0.6284768	1.0450847	0.4103258	0.3394820	0.5360585	0.4369409	0.8476451	0.5380514	0.2662164	0.4742721	0.5657855	0.1594655	0.5795072	0.2829287	0.1935906	0.3755488	1.0085805
100	0.3193173	0.7020384	0.9294099	0.3559805	0.3708030	0.0720728	0.0289975	0.0138480	0.8381028	0.2253008	0.0390674	0.0882845	0.0053046	0.0822424	0.4786378	0.3973071	0.1129248	1.0332728	0.9234797	0.9073498	0.0707051	0.6014272	0.9389949	0.2256684	0.8792604	0.6417829	1.0095423	0.5143258	0.1443769	0.0509887	0.3517066	0.0661804	0.5950193	0.8293703	0.3898868	0.8297878	0.1350521	0.7768653	0.1627632	0.8171292	0.8656903	0.4335035	0.5756742	0.0798671	0.7960492	0.3770745	0.7247936	0.8035037	0.9302665	0.5349267	0.0559058	0.3383995	0.8883623	0.0036045	0.7672134	0.4802382	0.7353903	0.1244192	0.4744588	0.9468074	0.7952556	0.4803056	0.1235109	0.2561192	0.4571950	0.4364318	0.9677769	0.8186039	0.4337176	0.0821668	0.3882238	0.1768003	0.4029627	0.9668301	0.2617445	0.1241822	0.9046357	0.7491130	0.7509035	0.4810293	0.7660775	0.9327772	0.1920379	0.5555165	1.0371904	0.3361450	0.2995880	0.6261261	0.4684371	0.9649015	0.5565106	0.3015644	0.5658284	0.5013117	0.3469515	0.6391346	0.2708375	0.5068913	0.2185255	1.0104755
150	0.3708146	0.6566297	1.0619309	0.4514553	0.2340103	0.0823214	0.0226094	0.0033638	0.8161781	0.0813142	0.0082386	0.0764051	0.0335511	0.1223802	0.4610431	0.3996232	0.0514085	0.9437492	0.8915427	0.7976038	0.0730671	0.6379620	0.9020479	0.1035077	0.9345461	0.7549801	0.9749393	0.5995359	0.0622513	0.0313133	0.3084943	0.1111587	0.6012892	0.8404060	0.4293828	0.7415762	0.1167959	0.8786405	0.1226032	0.8965953	0.9079107	0.3511332	0.7057007	0.0587291	0.7982746	0.3243240	0.7450099	0.7074184	0.9949784	0.5206575	0.0533342	0.4453297	0.7831837	0.0058556	0.7671512	0.4776908	0.7002540	0.1142474	0.4863665	0.9746009	0.8623640	0.3684106	0.0571459	0.3517838	0.4485488	0.3362568	1.0263292	0.9352010	0.3750145	0.0987775	0.4385706	0.2054067	0.4997887	0.9741022	0.2812837	0.0294113	0.8570855	0.7793241	0.9274669	0.5133775	0.7401064	0.8862971	0.2434804	0.4009571	1.0922578	0.2543616	0.2971365	0.4831657	0.5071474	0.8653630	0.5406100	0.3148339	0.6229884	0.5042709	0.5369141	0.5631543	0.3171592	0.7533169	0.1190139	1.0587460
200	0.4907147	0.6399747	0.9450826	0.4572265	0.2058047	0.1047438	0.0308617	0.0190842	0.8878083	0.0463023	0.0099321	0.0713316	0.0374258	0.1399044	0.4591787	0.4382688	0.0546618	0.9652252	0.9269995	0.8180359	0.0832406	0.6094342	0.8359109	0.0449525	0.8434946	0.6965854	0.8888483	0.6687710	0.0200163	0.0171207	0.2980404	0.0718343	0.7260017	0.7962286	0.5064053	0.6687937	0.1296048	0.8835580	0.1099840	1.0049069	0.9068949	0.3460692	0.7626511	0.0528137	0.8082648	0.3542128	0.6930021	0.7062049	1.0017102	0.5691760	0.0559658	0.3253437	0.5795896	0.0135737	0.6889202	0.4920280	0.7929386	0.1140438	0.4768568	0.8762201	0.8208218	0.2505020	0.0420266	0.3851354	0.4765026	0.1325753	0.8830755	0.8225227	0.3869942	0.1494234	0.5166759	0.2296778	0.5359472	0.9710691	0.3064701	0.0134432	0.9359079	0.6491078	0.9616041	0.5698064	0.7243651	0.8957022	0.2064557	0.2773136	1.0688267	0.2270940	0.2867804	0.4468256	0.4764450	0.8077318	0.4894539	0.3537005	0.6841254	0.5435084	0.6998806	0.5891418	0.4496341	0.8592246	0.1039625	1.0314787
250	0.5313407	0.6156196	0.9167069	0.4261451	0.1057670	0.1091791	0.0251776	0.0208097	1.0057552	0.0194267	0.0063570	0.0951180	0.0418119	0.1887579	0.3747551	0.4723454	0.0646388	0.9625332	0.9492324	0.9106737	0.1040734	0.5394270	0.8417316	0.0441979	0.9134931	0.6580455	0.8203123	0.7910632	0.0096801	0.0149079	0.3353618	0.0784628	0.7134495	0.8119681	0.5220091	0.6680644	0.1187457	0.9188246	0.0959803	1.1100246	0.8415513	0.2803285	0.7639742	0.0437210	0.7272515	0.3280602	0.6987371	0.7364278	0.9111363	0.6695018	0.0684940	0.3493181	0.4409914	0.0124694	0.7569201	0.4794646	0.7529949	0.1155644	0.4639187	0.9261043	0.8648116	0.2262230	0.0280503	0.3620967	0.4469048	0.0942799	0.8942242	0.7826212	0.3789463	0.1745383	0.5915542	0.1760420	0.5439930	0.9972911	0.3293475	0.0220953	0.8801765	0.7174191	0.9644314	0.5219333	0.6547953	0.8506331	0.2708429	0.2231518	0.9363450	0.1509733	0.2355191	0.3928886	0.4348110	0.7399256	0.5510912	0.3650541	0.7263384	0.5259367	0.7714875	0.5944031	0.4742725	0.9047872	0.0753918	1.0488889
300	0.5822046	0.5657637	0.8915269	0.4871844	0.1647349	0.0915258	0.0218535	0.0130820	0.9611426	0.0149277	0.0266414	0.0906702	0.0452478	0.1889401	0.5797697	0.4356240	0.0482346	0.8939066	0.8801131	0.8732264	0.1032118	0.6163684	0.8213087	0.0336988	0.8875655	0.6293587	0.7269172	0.7841361	0.0027925	0.0271027	0.3124727	0.0498405	0.7323939	0.8384230	0.4745508	0.7145746	0.1067631	0.9007643	0.0798159	1.0947486	0.7571113	0.3084248	0.7832752	0.0510780	0.8327948	0.3724222	0.6872035	0.7343233	0.8976074	0.6624807	0.0721744	0.3984491	0.3434060	0.0167792	0.7247629	0.5880619	0.7741593	0.1174275	0.4485807	0.9988597	0.7902452	0.2473990	0.0285695	0.4417457	0.4291394	0.0483788	0.8645195	0.8792446	0.3549474	0.2777039	0.6276258	0.1436578	0.4840173	1.0365581	0.2898045	0.0063727	0.9140252	0.7347789	0.9916751	0.4165321	0.7910935	1.0363967	0.2747821	0.1660394	0.9800815	0.1202511	0.2315315	0.3996521	0.4701127	0.7255499	0.5630300	0.3646921	0.7424122	0.5719278	0.8537651	0.5731326	0.4405550	0.9526059	0.0593288	1.0777023
350	0.5636772	0.6150900	0.9762014	0.4584359	0.1892191	0.1073443	0.0236605	0.0213964	0.9730488	0.0134795	0.0119195	0.1114663	0.0467354	0.1102679	0.4451978	0.5484365	0.0739446	0.9712635	0.9290668	0.8752373	0.0953492	0.5638706	0.7648496	0.0202603	0.8170707	0.7029131	0.7895531	0.8709936	0.0016933	0.0189330	0.2651260	0.0639730	0.6740791	0.7844197	0.5268109	0.7364182	0.0984523	0.9121968	0.0835241	1.0164426	0.7427111	0.3019967	0.7449318	0.0550592	0.8568443	0.3977117	0.7083720	0.8113928	0.8768237	0.6539357	0.0630477	0.4283679	0.2031571	0.0127768	0.6780310	0.5833874	0.7831383	0.1052228	0.4559048	0.8836789	0.9408543	0.1880458	0.0224629	0.3999855	0.3952293	0.0636593	0.8717736	0.8454286	0.4011379	0.2663489	0.6807778	0.1640098	0.5085542	1.0162698	0.2795789	0.0136605	0.8753194	0.7587572	0.9670639	0.4445062	0.7655931	0.9948173	0.2721115	0.1161285	0.9624758	0.1041015	0.1790211	0.3624755	0.4765441	0.7184288	0.5173360	0.4067108	0.8094200	0.5845926	0.9277744	0.5547345	0.4303622	1.0041424	0.0618745	1.0374521
400	0.6346615	0.7110205	0.9084076	0.4521973	0.1645318	0.1160514	0.0274010	0.0194688	1.0027766	0.0269626	0.0060966	0.0910346	0.0678306	0.1543924	0.4216612	0.5312574	0.0572637	0.9443619	0.9442655	0.7984483	0.1108665	0.5522861	0.8459876	0.0156739	0.8475901	0.6921551	0.7528665	0.8341328	0.0080838	0.0390197	0.2853861	0.0780235	0.7689009	0.7893509	0.3837839	0.9035198	0.1380634	0.9684238	0.0734671	0.9372237	0.7970494	0.3588250	0.7719477	0.0643839	0.7852606	0.3202364	0.7335272	0.8577750	0.8721838	0.6646058	0.0682231	0.4265214	0.1871094	0.0151769	0.7143245	0.5432672	0.8093879	0.1417017	0.4628399	0.9188364	0.9139677	0.1868985	0.0164089	0.3331932	0.4013804	0.0688114	0.8458435	0.8976288	0.3859419	0.2502065	0.7265269	0.1720919	0.5237470	1.0443849	0.2197821	0.0119730	0.9566025	0.7350840	0.9285763	0.4135108	0.7324799	0.9053035	0.2573934	0.1648841	1.0030427	0.1069394	0.1557498	0.3312379	0.5539351	0.7822533	0.4913967	0.4021010	0.7799236	0.5752314	0.8984844	0.5222765	0.3916548	0.9655863	0.0746129	0.9806412
450	0.6855512	0.5894802	0.9834285	0.4572983	0.1347842	0.1062842	0.0390309	0.0255468	0.9909823	0.0183500	0.0100603	0.0694400	0.0497059	0.2038550	0.4837167	0.6109896	0.0308557	0.8599068	0.9680845	0.8262679	0.0888571	0.5616112	0.8385172	0.0369064	0.8372685	0.7919948	0.7491858	0.8004089	0.0058051	0.0457723	0.2983157	0.0555162	0.7396934	0.7341434	0.4039293	0.6743556	0.0607362	1.0017250	0.0755295	0.9452786	0.7978464	0.3437221	0.7603625	0.0541999	0.9011407	0.3523796	0.8089919	0.8083788	0.9672376	0.6291612	0.0563435	0.3814730	0.1476131	0.0124942	0.7348500	0.4288289	0.7414736	0.1667066	0.4911503	0.9265979	0.9285200	0.1994325	0.0228853	0.3442124	0.3843489	0.0751156	0.8471138	0.8201182	0.3675791	0.3043249	0.6679457	0.2207543	0.4613279	1.0002223	0.2902588	0.0144330	0.9274366	0.7147737	0.9861446	0.4894247	0.6897104	0.9848887	0.2457123	0.1663893	1.0279632	0.0831112	0.1295303	0.3064561	0.4771172	0.7334350	0.4773079	0.4206238	0.7514275	0.5753526	0.9231205	0.4972942	0.4016715	1.0385755	0.0553072	0.9958903
500	0.6153390	0.6902366	0.8976581	0.4557126	0.1206127	0.0892906	0.0181610	0.0206664	1.0391044	0.0164216	0.0028240	0.0780704	0.0470828	0.2431767	0.3635310	0.6133562	0.0320783	0.9414326	0.9118255	0.7521372	0.0834155	0.5516700	0.7335827	0.0176421	0.8007574	0.7673582	0.7552779	0.9131729	0.0053684	0.0376655	0.3325348	0.0544927	0.7581323	0.6910187	0.4223615	0.6484141	0.0661921	1.0146184	0.0738819	0.9705761	0.8571084	0.3703742	0.7219882	0.0384859	0.8498458	0.3081078	0.9570733	0.8075284	0.9805157	0.6771894	0.0570186	0.4663386	0.1085697	0.0117873	0.7851191	0.4674022	0.7597936	0.1698707	0.4233445	0.9784356	0.8605658	0.2045942	0.0336904	0.3820962	0.3955192	0.0945795	0.7606625	0.7546818	0.3528137	0.3018204	0.6988033	0.2091477	0.4979462	1.0392886	0.3611340	0.0090858	0.9314080	0.7158215	0.9297912	0.4126754	0.7747645	1.0140801	0.2092880	0.1437820	0.9983438	0.1248099	0.1433199	0.3691363	0.5287932	0.6962179	0.4813761	0.3443344	0.8585480	0.5516491	0.9538639	0.5361768	0.4145139	0.9697660	0.0286079	0.9811290
550	0.4805824	0.5693281	0.8419628	0.3013339	0.1808331	0.0733131	0.0123346	0.0250986	1.0273027	0.0119817	0.0364312	0.0663415	0.0500380	0.1963396	0.5949561	0.5392184	0.2984344	0.9466054	0.8491477	0.8266142	0.0953195	0.5641458	0.8441791	0.1522445	0.8056732	0.7330626	0.7796775	0.6023276	0.0107037	0.0192121	0.2973124	0.0586526	0.8180945	0.7053542	0.4622873	0.5426977	0.0555722	0.8296113	0.2700930	0.9043609	0.8485753	0.3186009	0.5815052	0.0378175	0.8881661	0.2670758	0.7601308	0.7192691	0.9248120	0.4892126	0.0639247	0.3831306	0.1175463	0.0032918	0.7987448	0.5217700	0.7620507	0.3403970	0.4463733	0.9209283	0.8661900	0.2218504	0.0412742	0.3768620	0.4956721	0.0985485	0.7814800	0.7841382	0.3515940	0.3163345	0.6999158	0.1536759	0.4736371	0.9325879	0.3748779	0.0577439	0.7858764	0.3744448	0.7675985	0.4231145	0.7195901	0.9049998	0.2281314	0.1795345	1.0058902	0.1044234	0.1880537	0.3038181	0.5104179	0.7545557	0.5424859	0.4012560	0.8004805	0.5993301	1.0044701	0.5722495	0.3983141	0.8488530	0.0424496	0.9295292
600	0.2561908	0.5883875	0.9092090	0.1629635	0.2336920	0.0388378	0.0282763	0.0221085	1.0394357	0.0131679	0.0784997	0.0811522	0.0216845	0.1707474	0.7659093	0.4686676	0.4493480	0.9157016	0.8928985	0.8762912	0.0678188	0.5259229	0.7855380	0.3500056	0.8668848	0.7608262	0.8626038	0.3825664	0.0125445	0.0427411	0.3526022	0.0417264	0.8017258	0.7091099	0.3796146	0.5449717	0.0391018	0.8023154	0.3892424	0.7484135	0.8295918	0.3209338	0.3551670	0.0224607	0.9492226	0.3676518	0.6087763	0.6998941	0.9832822	0.4153929	0.0613540	0.4375904	0.1485595	0.0036710	0.7338110	0.4958942	0.7618647	0.4274778	0.4266799	0.9425151	0.7455143	0.3547664	0.0601661	0.3608005	0.5177448	0.1895839	0.6539644	0.8658722	0.3462601	0.2513719	0.6269265	0.1388628	0.3874089	0.8759777	0.3847956	0.0684674	0.7876306	0.1372509	0.4422076	0.3890483	0.7685291	0.9893343	0.1554359	0.1768399	0.9706819	0.0953457	0.2387480	0.3165333	0.5678747	0.7692345	0.5178982	0.3796986	0.6940453	0.5991060	0.8300877	0.5893703	0.3769854	0.4888802	0.0222010	1.0008311
650	0.1582970	0.5548041	0.9734447	0.1457778	0.3144083	0.0254569	0.0208355	0.0363278	1.0977250	0.0102119	0.0921334	0.0823193	0.0095463	0.1258876	0.9569424	0.4716069	0.3988007	0.9395159	0.8694334	0.8206660	0.0799053	0.6438335	0.9028494	0.5687111	0.8085707	0.6978916	0.8931167	0.1806685	0.0403413	0.0414223	0.4147164	0.0693473	0.7004208	0.7825125	0.3673804	0.5935293	0.1238364	0.8196842	0.4160572	0.3780123	0.8180191	0.3676368	0.2193423	0.0212856	0.8505881	0.4364349	0.4953184	0.6600641	0.9125410	0.4007108	0.0650911	0.3951651	0.2063043	0.0054520	0.7081941	0.4911722	0.7952305	0.4008905	0.4901800	1.0100735	0.7359862	0.3475301	0.0622386	0.3224665	0.4926385	0.3432294	0.5885853	0.8374413	0.3872262	0.2113824	0.5075301	0.1634570	0.2850522	0.8995715	0.3881710	0.0806321	0.7982095	0.0794627	0.3437863	0.4500633	0.7017184	1.0029916	0.0952895	0.2452043	0.9827888	0.0816731	0.3038352	0.3108496	0.6044793	0.7265695	0.6030010	0.3462524	0.6617173	0.5377669	0.6849895	0.5462035	0.4055548	0.2832035	0.0403227	1.0217045
700	0.0809322	0.5978779	0.9053276	0.1210277	0.3764550	0.0149238	0.0116711	0.0327734	0.9633851	0.0143483	0.0734959	0.0956643	0.0016368	0.1466609	0.9327904	0.4738729	0.4554854	1.0001156	0.9707360	0.8913895	0.0829424	0.5875288	0.9104122	0.8930336	0.8295933	0.7445406	0.8965722	0.1147517	0.1112431	0.0508853	0.3604996	0.0725550	0.6950153	0.8833496	0.3524737	0.7717115	0.1763732	0.8384113	0.3358225	0.0797654	0.8333229	0.3070565	0.1326004	0.0269851	0.7359618	0.5931652	0.4519588	0.7453687	0.8634106	0.3098206	0.0869905	0.3267689	0.2913106	0.0016702	0.7452755	0.5708322	0.7563042	0.3171159	0.4588611	0.9869292	0.7727798	0.4434513	0.0768639	0.3011170	0.4274802	0.4413982	0.7744668	0.7971711	0.3821226	0.1373574	0.4713893	0.1358441	0.3568808	0.8538582	0.3637463	0.1303028	0.7639382	0.0346266	0.2691470	0.5893328	0.8261517	0.8881894	0.1076700	0.2732034	0.9968014	0.1118203	0.3564044	0.2827589	0.6185780	0.7210849	0.5395040	0.3396559	0.5875146	0.5588718	0.4988281	0.6200304	0.3722388	0.1177829	0.0665104	0.9913592
750	0.0480999	0.5670670	1.0295952	0.1534301	0.4160963	0.0097705	0.0350834	0.0378631	0.9771185	0.0117115	0.0999892	0.1016180	0.0019435	0.1084793	0.9314405	0.3521229	0.4969251	0.9430332	0.8983584	0.8733069	0.0630388	0.6970475	0.9214529	0.8431972	0.8511678	0.6693475	0.8881156	0.0998879	0.2120646	0.0486341	0.4921597	0.0635877	0.6841123	0.9002883	0.3142161	0.7750348	0.3793219	0.8419797	0.2905934	0.0294910	0.8673086	0.3922067	0.0736774	0.0411043	0.6676839	0.7130668	0.4521206	0.7398039	0.9965884	0.3774374	0.0599069	0.3573326	0.3621819	0.0017565	0.6977733	0.6753846	0.7837190	0.3027245	0.5283646	0.9180925	0.7233603	0.4669503	0.0608822	0.2998117	0.5986160	0.5162677	0.9493959	0.7555586	0.3879348	0.1078606	0.4350342	0.1901158	0.3479509	0.8766316	0.3458354	0.2454895	0.8230064	0.0822257	0.2937249	0.6850538	0.8349443	0.9049794	0.0778603	0.4218247	0.9648462	0.1534196	0.3178818	0.3037023	0.6347661	0.9067706	0.5284913	0.3656236	0.5495014	0.5892297	0.4239467	0.6118186	0.2589116	0.0730111	0.1601080	1.0161581
800	0.0329771	0.6420131	0.9285148	0.2190825	0.4477649	0.0072081	0.0371240	0.0150770	1.0097149	0.0242801	0.1339202	0.1269556	0.0053327	0.1267172	0.9445980	0.3665690	0.4756875	0.9768817	1.0386485	0.8947674	0.0780957	0.6373053	0.9339495	1.0307203	0.9529434	0.6669710	0.9223865	0.1253105	0.2007259	0.0394280	0.4601708	0.1104403	0.6668737	1.0364281	0.2993529	0.8672798	0.4612840	0.7476542	0.3512958	0.0136346	0.8555113	0.4385872	0.0647584	0.0740025	0.6012044	0.7064526	0.5094742	0.6787980	0.8784017	0.3400015	0.0631083	0.4437537	0.4171056	0.0023875	0.7366221	0.5810500	0.8185073	0.2745916	0.3924058	1.0470623	0.8105902	0.6139644	0.1861382	0.2895944	0.5541078	0.5579094	0.8861612	0.7200136	0.4445275	0.0823146	0.4263307	0.1832796	0.3459962	0.9747939	0.2997895	0.2981890	0.8613540	0.2626260	0.2969211	0.7373858	0.7872302	0.8954617	0.0916655	0.5050686	0.9304994	0.1904202	0.2500812	0.2964051	0.6153818	0.9085274	0.4232901	0.3486617	0.5513493	0.6090184	0.2518640	0.6042168	0.2941350	0.0266374	0.3282062	1.0436779
850	0.0160261	0.7458713	0.9908472	0.2229172	0.4276927	0.0074061	0.0182890	0.0146286	0.9553227	0.1395039	0.1851864	0.1452631	0.0033864	0.1282962	1.0961061	0.3704552	0.5339021	0.9660755	1.0376948	0.8419893	0.0901036	0.7243852	0.9100242	1.0366084	0.9601362	0.6755552	0.8945014	0.1290697	0.1848160	0.0606094	0.4384863	0.1375492	0.6247645	0.9723534	0.2905622	0.9779139	0.3946905	0.7480874	0.3734306	0.0169403	0.8889817	0.4795813	0.0541368	0.0493949	0.5381542	0.7299570	0.4769109	0.8055186	0.8825460	0.3452741	0.0696394	0.3869300	0.4347146	0.0069052	0.6802976	0.5021879	0.8372330	0.2700822	0.4547593	0.9980962	0.7486087	0.5796797	0.2851005	0.2927644	0.5589003	0.5159698	0.9429958	0.7450993	0.5306794	0.0540280	0.4368226	0.1399494	0.3192665	0.9160740	0.3144747	0.4274440	0.9355512	0.4509662	0.3755356	0.7471599	0.8608290	0.9307314	0.1014658	0.4976784	0.9313482	0.2752042	0.1993070	0.2880868	0.5029781	0.7510602	0.4245987	0.2612588	0.5140193	0.6016258	0.1903759	0.6327137	0.2531498	0.0170868	0.4469786	1.0505035
900	0.0363977	0.6997445	0.9872207	0.2250538	0.4242287	0.0063440	0.0298478	0.0076358	0.9839351	0.2990556	0.1950429	0.1398595	0.0059416	0.1096443	1.0094607	0.4020193	0.4906444	0.9779623	1.0163484	0.8601140	0.0714952	0.6445378	0.9096280	0.9184803	1.0123416	0.7199439	0.9414977	0.0925626	0.2013450	0.0345107	0.4186603	0.1142952	0.5161497	0.9259599	0.3001728	0.8860142	0.4166504	0.7400765	0.2897897	0.0244649	0.9627784	0.5271732	0.0766595	0.0578216	0.6451630	0.6706300	0.5791145	1.0090173	0.8639370	0.3346916	0.0832180	0.3277252	0.5698727	0.0043561	0.7158750	0.4773881	0.7699972	0.2722838	0.4370680	1.0844556	0.7631300	0.5522448	0.3609571	0.3281834	0.5411650	0.5919861	0.9337921	0.6979991	0.5347298	0.0610855	0.3340900	0.1747807	0.3199857	0.8211965	0.2127809	0.3511146	0.9070645	0.4016698	0.3592596	0.7145556	0.8461023	0.9314674	0.1064566	0.6031096	0.9741479	0.4386825	0.2144383	0.3459993	0.5207458	0.7448254	0.4285148	0.1762141	0.4231801	0.5315320	0.1427646	0.6018447	0.2850902	0.0303674	0.4946438	0.9717549
950	0.0319145	0.5849876	0.9021848	0.2446961	0.4925594	0.0068508	0.0258271	0.0117886	0.8855046	0.2583429	0.1793217	0.0933517	0.0077223	0.0869948	0.9406376	0.4693119	0.4553696	0.9664457	1.0111593	0.7854348	0.0441973	0.6447070	0.9246987	1.0342600	0.9275961	0.6643153	0.8887274	0.1422582	0.2634751	0.0166389	0.4198284	0.1534409	0.6463823	0.8266940	0.3187119	0.9328768	0.3958709	0.7993596	0.2928450	0.0117997	1.0457296	0.5664519	0.0572265	0.0660752	0.7169284	0.5756134	0.6036907	0.8867364	0.8402277	0.3533622	0.0860575	0.3691145	0.6679605	0.0014212	0.7890305	0.4692385	0.7712380	0.2928458	0.5051415	1.0297560	0.8016418	0.5171123	0.4060066	0.3272597	0.5916937	0.4783175	0.9581467	0.7300305	0.5054668	0.0328131	0.4041052	0.1989570	0.3274645	0.8714770	0.2066409	0.3950542	1.0067031	0.3537114	0.4020185	0.6578536	0.8236211	0.9793507	0.1196125	0.5859038	0.9736690	0.4131469	0.1964998	0.4082017	0.6602058	0.7246996	0.5141682	0.2155038	0.4255821	0.5973082	0.1498901	0.6792238	0.3163249	0.0203981	0.4988292	0.9960872
1000	0.0220601	0.5506353	0.9317363	0.1556350	0.5383543	0.0016309	0.0267347	0.0105010	0.8880989	0.2629200	0.1526811	0.0881347	0.0005566	0.0907262	0.7853103	0.4137548	0.4760064	1.0569592	1.0016406	0.8716563	0.0340876	0.5797518	0.9484926	0.9199275	0.8608990	0.6355575	0.8702332	0.1375819	0.2372634	0.0240336	0.4034233	0.1503882	0.6806074	0.8810707	0.2742024	0.8161740	0.3819359	0.7789456	0.3449965	0.0140179	0.9396962	0.5411651	0.0688981	0.0946254	0.6708516	0.4781207	0.6103532	0.8299994	0.7763231	0.3570526	0.0907037	0.4059586	0.8600479	0.0008306	0.7064376	0.4433122	0.7737769	0.2704931	0.4638395	0.9750917	0.7264821	0.6449762	0.3824185	0.3054758	0.5343380	0.4864597	1.0407359	0.6049976	0.5154651	0.0257246	0.3376275	0.1629197	0.3027738	0.8721762	0.2336750	0.4744888	0.9456311	0.4503779	0.3299353	0.7128358	0.9231532	0.9131313	0.1145639	0.6046232	0.9492904	0.4332457	0.2080591	0.4437322	0.7761189	0.6446455	0.5113635	0.1311666	0.4228073	0.5715261	0.1374400	0.6236475	0.3316375	0.0214493	0.4820354	0.9012205

0	0.0094491	0.6355617	1.0459758	0.0876986	0.4170952	0.0015965	0.0357302	0.0201856	0.7842026	0.5482911	0.1482550	0.1067167	0.0074763	0.0795139	0.9263252	0.4386615	0.5117037	1.0187251	0.9869150	0.9112762	0.0675828	0.6396705	0.9879649	0.9056811	1.0249936	0.8053086	0.8415975	0.0956169	0.2807776	0.0361236	0.3476186	0.0945586	0.7647381	0.8073502	0.2691465	0.9854445	0.2644993	0.7761342	0.3511720	0.0142404	0.9503393	0.3956488	0.0912837	0.0721673	0.8039584	0.5632487	0.5721011	0.9104100	0.8750489	0.3877912	0.0490860	0.3690556	1.0040851	0.0016799	0.7496314	0.4296180	0.7445798	0.3138374	0.4763448	0.9977159	0.8917758	0.5763065	0.2317245	0.3844034	0.5377636	0.4876338	1.0898320	0.8135737	0.5024926	0.0491368	0.3912071	0.2335426	0.3169327	0.9297559	0.3112694	0.3637340	0.9584119	0.1589398	0.2670455	0.6498318	0.7931145	1.0351174	0.1402507	0.6535788	1.0095359	0.4184859	0.2245238	0.5131035	0.6073464	0.7854143	0.4606182	0.1309775	0.4648780	0.5528648	0.0723851	0.5781484	0.2784400	0.0363961	0.5378107	0.9932421
50	0.0273700	0.6152637	1.0433654	0.1392956	0.3580413	0.0005516	0.0166574	0.0143518	0.7138669	0.4544698	0.1136056	0.3778507	0.0009441	0.1054613	0.9156795	0.3672597	0.5073751	0.9973730	0.9484800	0.8517402	0.1784500	0.6538224	0.9812081	0.7864593	0.9901474	0.8897529	0.9302029	0.1359385	0.2826855	0.0405777	0.3029538	0.0801134	0.7245535	0.5438544	0.2393226	0.9323194	0.4608886	0.5484172	0.3365552	0.0244594	0.9256080	0.4675351	0.2750308	0.1002242	0.8904777	0.4943465	0.6663240	0.9665819	0.8787411	0.5443927	0.0808283	0.5000018	0.9945901	0.0000000	0.6676031	0.5121093	0.8148900	0.2512858	0.5007127	1.0299157	0.7678335	0.4752280	0.1455153	0.3244225	0.5679447	0.5143545	0.9714034	0.6959170	0.5109298	0.1389283	0.3380435	0.2456034	0.2476128	0.8482581	0.2445651	0.4560498	0.9103216	0.4201399	0.2678753	0.5771699	0.7968701	1.0453270	0.0952495	0.5512136	0.8589950	0.4626304	0.3138773	0.4979725	0.3493805	0.8400403	0.5877083	0.3410599	0.4931152	0.5198598	0.1379697	0.6418542	0.2487443	0.2080145	0.5147175	1.0097462
100	0.0110476	0.6475901	1.1020268	0.1507772	0.2191352	0.0000000	0.0183557	0.0133849	0.7707686	0.3098893	0.0993392	0.5684660	0.0010980	0.0954298	0.8541924	0.1775372	0.4667003	1.0175857	0.9032833	0.8585423	0.2824533	0.7829360	0.9567177	0.6417808	0.9806857	0.9244932	1.0062751	0.1383517	0.2179317	0.0272824	0.2742417	0.0438865	0.7833166	0.2438517	0.3100497	0.9552713	0.4660693	0.4399171	0.3375709	0.1376712	0.9648804	0.3769602	0.4911679	0.0957779	0.9154003	0.4664099	0.7209752	0.8886231	0.8228426	0.6615918	0.0482230	0.5273350	1.0132246	0.0006164	0.7484423	0.5200536	0.7442711	0.3084806	0.4828103	1.0105931	0.9005494	0.4361514	0.1033971	0.2830018	0.5628893	0.5282285	0.9013225	0.6781196	0.5868466	0.2299271	0.2589867	0.1723681	0.2560256	0.8441174	0.2313453	0.3176558	0.8955241	0.3400252	0.2468592	0.4973710	0.6247484	0.9465675	0.0677931	0.5658176	0.7971829	0.4461272	0.3835101	0.4613753	0.2724283	0.8094532	0.5691587	0.4449588	0.5462233	0.4870129	0.3231424	0.6196337	0.2660265	0.4335455	0.4721278	1.0342720
150	0.0134774	0.5794237	1.0603392	0.1902938	0.2217121	0.0003511	0.0211780	0.0238944	0.8638263	0.4284178	0.0701635	0.6683500	0.0027989	0.1179441	0.7277029	0.1041812	0.4864833	0.9946757	0.9059203	0.8213008	0.3491459	0.7958942	0.9616760	0.6098997	0.9450392	1.0045471	0.9527977	0.1409838	0.2272814	0.0284039	0.3095998	0.0211085	0.7361437	0.1440362	0.3977240	0.9083624	0.4923975	0.4488018	0.3157861	0.4811086	0.9491902	0.3265745	0.6156343	0.0916689	1.0217321	0.4161194	0.6775158	0.9251962	0.8443443	0.8031671	0.0369929	0.5383014	0.8931509	0.0003006	0.7271902	0.5318265	0.6833519	0.3955198	0.5734909	0.9111976	0.8879137	0.3946311	0.0774547	0.3218280	0.5293984	0.4536631	0.9676359	0.6458064	0.7365356	0.2288538	0.3037499	0.1444819	0.3168627	0.8932247	0.2211006	0.2720877	0.8048329	0.4430497	0.2546903	0.4748655	0.6130149	0.9883475	0.0751003	0.5653102	0.7621424	0.4872530	0.4947840	0.4576027	0.2339606	0.8577558	0.6297498	0.5760045	0.6370508	0.5454974	0.4658810	0.5379050	0.3131817	0.6259854	0.3458639	0.9895159
200	0.0109865	0.4491342	1.0276128	0.2276255	0.1510683	0.0002245	0.0306190	0.0277305	0.8245346	0.4228263	0.0517409	0.6735117	0.0014559	0.1228676	0.8505959	0.0531652	0.4973318	1.0000034	0.8529239	0.8169722	0.4353841	0.8332964	1.0271515	0.5098378	0.9163805	1.0067086	0.9566577	0.1277284	0.1893626	0.0185980	0.3684756	0.0087369	0.8344369	0.0718852	0.3784148	0.7903958	0.5042443	0.4108627	0.4183813	0.7608375	0.9387795	0.2711846	0.6834111	0.0808652	1.0592193	0.3616625	0.6597326	0.9717200	0.7235530	0.9237807	0.0354035	0.5556148	0.9816195	0.0117450	0.7559266	0.5852162	0.6210673	0.4469571	0.6170051	0.9851969	0.8550010	0.3757726	0.0331143	0.3104867	0.5404761	0.3250117	1.0342605	0.6649217	0.8195126	0.3536571	0.2031284	0.1374237	0.3810878	0.9668990	0.2336369	0.2611566	0.8179703	0.4072196	0.2006126	0.4088057	0.6930730	0.9494094	0.0949387	0.5039333	0.6828184	0.4952588	0.5991376	0.4297449	0.2641269	1.0130497	0.6619255	0.6213119	0.6146180	0.5248905	0.5806684	0.4338216	0.4656467	0.6995610	0.1807127	0.9299718
250	0.0199006	0.3970481	1.0379652	0.2671084	0.1461097	0.0000784	0.0316631	0.0272004	0.6976511	0.4781037	0.0359760	0.6299932	0.0121177	0.1049925	0.7498392	0.0378643	0.4695273	0.9570833	0.8677765	0.8064886	0.3869488	0.8446713	0.8749532	0.5276753	0.9097017	1.0387126	0.9191416	0.1476661	0.2095108	0.0211224	0.4079068	0.0056400	0.9208115	0.0510023	0.3378490	0.7756470	0.5003081	0.4151508	0.3579357	0.8491078	0.9106513	0.2647356	0.7559174	0.1373024	1.0610300	0.3509030	0.6607716	1.0397420	0.7090247	1.0016671	0.0536258	0.6244735	0.9361118	0.2145061	0.6656493	0.6054250	0.5672060	0.5363897	0.5905068	1.0735176	0.8878299	0.3415225	0.0182523	0.3165717	0.5359894	0.2242505	0.9001038	0.6761615	0.9079645	0.3928751	0.2327323	0.1184884	0.4146140	0.8476865	0.2353668	0.2142920	0.7757246	0.4428602	0.1584671	0.3545966	0.6463238	1.1033990	0.0797549	0.4650109	0.7447085	0.4573749	0.6977166	0.4378746	0.2614479	1.0501899	0.7031451	0.7368939	0.6362045	0.5548763	0.7063326	0.3989153	0.4437796	0.7341567	0.1074850	1.0738231
300	0.0213686	0.4867155	0.9994732	0.3124386	0.2152917	0.0019674	0.0225268	0.0241460	0.6711500	0.4067566	0.0479061	0.6900770	0.0054858	0.1215183	0.8640339	0.0212666	0.4507322	1.0663201	0.9448484	0.7620618	0.4332498	0.7981144	0.8300303	0.6069640	0.8845562	1.0653610	0.9745278	0.1182433	0.1381289	0.0276960	0.4205649	0.0008434	0.8915727	0.0631757	0.3873338	0.8321186	0.5321902	0.3808007	0.3662335	0.8614062	0.9135501	0.2341711	0.7479519	0.1353198	0.9779915	0.3435536	0.7429058	0.9780872	0.7430334	0.9315695	0.0402349	0.6756958	0.9706384	0.5381281	0.6185802	0.5874527	0.5535777	0.5219661	0.6304682	0.9627067	0.9716312	0.2961725	0.0134391	0.2766099	0.5444407	0.1859902	0.9860562	0.7171926	0.9609387	0.3919756	0.2184609	0.1427634	0.4605018	0.8996749	0.2157111	0.1951442	0.7626404	0.4195049	0.1556335	0.3123002	0.6678468	0.9549174	0.0970314	0.4455781	0.7733073	0.5390741	0.7839665	0.3703901	0.2215532	0.9779530	0.7367736	0.6285564	0.7408738	0.5343804	0.8466977	0.3013207	0.4480194	0.7719857	0.0527030	1.0002544
350	0.0101123	0.4428182	1.0034332	0.3099921	0.2078803	0.0059452	0.0234941	0.0200182	0.6453947	0.4550469	0.0625407	0.6053153	0.0049907	0.0956339	0.8188990	0.0088411	0.4859105	1.0583547	1.0067424	0.7817190	0.4520527	0.7326469	0.8719206	0.6217054	0.8697057	1.0348338	0.9215212	0.1047360	0.1693037	0.0152323	0.3833605	0.0021340	0.8557793	0.0572097	0.3867068	0.6969786	0.5183066	0.3780458	0.3307714	0.9147632	0.9464765	0.2811206	0.7677534	0.1747561	0.8041307	0.3303334	0.7795878	1.0161788	0.8205018	0.9536475	0.0548604	0.6382317	0.9409130	0.7005013	0.3951916	0.6464944	0.4759260	0.5291550	0.6857789	0.9600904	1.0167071	0.2020871	0.0142515	0.3333938	0.5835477	0.2122385	0.8943467	0.8139575	0.8977425	0.3626970	0.2265825	0.1505558	0.5612827	0.8153535	0.2146142	0.1668388	0.8414144	0.4532552	0.1660874	0.2678541	0.6625425	0.9165592	0.1160885	0.5199873	0.6958131	0.4692719	0.7996636	0.2885716	0.1627536	0.9737089	0.6579002	0.6893242	0.7683472	0.6092392	0.8165154	0.2772383	0.4696458	0.7137961	0.0393621	0.9815359
400	0.0073710	0.3992836	0.9222030	0.3443876	0.2000053	0.0051204	0.0335894	0.0233767	0.6857945	0.5429239	0.0748558	0.5693676	0.0068400	0.1329090	0.8670391	0.0086661	0.4408957	0.9560754	0.8739354	0.8362837	0.4111717	0.7808893	0.9876169	0.4890207	0.8911125	1.0860700	1.0053358	0.1011627	0.1724665	0.0284924	0.3712833	0.0064983	0.8735119	0.0412161	0.4618118	0.7876234	0.4975135	0.3917348	0.3516328	0.8999704	0.9219373	0.2888840	0.7040462	0.1373612	0.8451577	0.3325014	0.8101140	0.9591032	0.7386139	0.8208727	0.0589795	0.5929763	0.9526288	0.7282499	0.1955852	0.5724817	0.5910923	0.5480978	0.7269488	0.9551440	0.9795393	0.2461964	0.0294152	0.3666359	0.6100379	0.1824516	1.0022336	0.8096594	0.8970328	0.3930435	0.2243587	0.1392480	0.4954703	0.8763552	0.1991088	0.1670881	0.8175173	0.4332351	0.1802783	0.2878602	0.7242474	0.9562351	0.0933611	0.5380211	0.6986716	0.4828632	0.7648450	0.3556084	0.2572417	1.0312344	0.6069894	0.7085475	0.7449874	0.5601224	0.6257813	0.2846365	0.4832345	0.6462842	0.0480515	0.9023512
450	0.0197575	0.4383611	0.9529039	0.3588317	0.1583546	0.0010638	0.0290931	0.0271300	0.6623900	0.5334472	0.0841630	0.6768716	0.0134060	0.0967998	0.8795416	0.0133192	0.4886609	0.9673016	0.8223882	0.8402864	0.4497282	0.8609051	0.9157195	0.5977541	0.8881679	0.9909204	1.0448064	0.1241467	0.1815403	0.0156353	0.3701250	0.0080041	0.9328366	0.0445622	0.3963904	0.7081178	0.5357217	0.4403888	0.3963393	0.9346511	0.9363418	0.3072895	0.6975360	0.1250982	0.8571803	0.3331810	0.8507506	0.9953940	0.7237495	0.8234599	0.0660575	0.6293499	0.9407841	0.7895228	0.1239539	0.6067993	0.5652463	0.5352012	0.7314438	0.9759944	0.9300621	0.2357799	0.0406126	0.3014383	0.5905479	0.1395825	1.0472714	0.7339715	0.9340887	0.3739338	0.1966942	0.1501377	0.4410205	0.8807491	0.1801121	0.1952585	0.8029223	0.3769206	0.1567503	0.3089420	0.7335216	1.0347450	0.0836837	0.6032566	0.7156294	0.5991138	0.7730778	0.3267193	0.2321703	1.0003053	0.6229600	0.6641823	0.7716982	0.5043874	0.6132484	0.2030743	0.5114425	0.6963818	0.0320252	0.8959067
500	0.0137060	0.4469843	0.9296139	0.3775446	0.2010387	0.0012240	0.0359165	0.0231675	0.5920243	0.4447098	0.0982979	0.6856178	0.0105062	0.0754696	0.8562806	0.0034903	0.5066503	0.8609550	0.8951920	0.7329045	0.4496729	0.8027223	0.8748446	0.5150965	0.9195754	0.9230957	1.0006699	0.1254557	0.1237410	0.0071320	0.3556009	0.0021003	0.8858762	0.0310446	0.4090198	0.6965711	0.4935357	0.4830566	0.3455508	0.8294057	0.8873876	0.2989652	0.6635843	0.1167832	0.8832837	0.2791644	0.7599195	0.9181084	0.6745678	0.8827852	0.0668157	0.6428852	1.0295788	0.8161239	0.0731758	0.5242503	0.4316993	0.4946846	0.7314300	0.9002717	0.8888219	0.2465965	0.0696429	0.3725284	0.6316906	0.1387463	0.9804793	0.7672648	0.9333248	0.4459153	0.2095818	0.1442943	0.4710069	0.9311508	0.1874786	0.1230427	0.8168692	0.4934755	0.1429665	0.2957207	0.6981390	1.0230549	0.0713417	0.5581017	0.7437846	0.6356008	0.7370677	0.3785119	0.2622535	0.9810146	0.5372189	0.6562172	0.7785529	0.5162858	0.6558746	0.1570710	0.4790600	0.7230335	0.0112664	0.9650251
550	0.0166815	0.4957663	1.0607306	0.3139872	0.2939161	0.0019173	0.0356187	0.0205409	0.6672294	0.4400772	0.0652067	0.4283748	0.0068679	0.0866514	0.8721411	0.0786516	0.5222183	0.8574596	0.8303112	0.8060872	0.2361793	0.6957228	0.9015896	0.7924973	1.0254923	0.9081525	0.9677405	0.1668496	0.1526496	0.0173392	0.3476719	0.0265533	0.6882633	0.3679717	0.3884834	0.6164663	0.3132430	0.5493600	0.3474412	0.8864269	0.7895040	0.2808015	0.4822677	0.1199715	0.9415558	0.3029258	0.7236804	0.8449147	0.7521778	0.6734244	0.0732719	0.5052861	1.0420635	0.5932589	0.1482523	0.4788554	0.4781258	0.4949510	0.7169310	0.9432885	0.9825198	0.2440672	0.1681078	0.3434423	0.5945610	0.2018514	0.9409929	0.7375832	0.9017381	0.2977832	0.2295838	0.1706771	0.4785618	0.9675209	0.1758383	0.1756041	0.8285292	0.3219298	0.1380916	0.2749163	0.5860792	1.0563115	0.0784774	0.4994546	0.7371304	0.6004311	0.7202338	0.3434491	0.4140776	1.0549373	0.5929064	0.6528221	0.7930713	0.5308195	0.6187305	0.2111654	0.4362887	0.5209992	0.0208593	1.0360110
600	0.0215040	0.4837934	1.0116489	0.2125295	0.4120314	0.0047837	0.0156841	0.0349248	0.7369472	0.4386178	0.0810868	0.2373304	0.0030037	0.0821076	0.9061739	0.1557137	0.5151984	0.8733593	0.8636617	0.8629464	0.1995337	0.6877648	0.9298730	0.9590985	0.9389593	0.8518832	0.9507680	0.1406814	0.0910392	0.0261356	0.3307581	0.0368242	0.7406581	0.5730136	0.4114714	0.5762134	0.1840684	0.6276394	0.3509800	0.5965182	0.6673717	0.3080402	0.3133434	0.0828064	0.8730688	0.3549569	0.5964376	0.7977815	0.7642125	0.4884317	0.0442377	0.4170876	1.0040832	0.3474091	0.4372909	0.5482135	0.4836887	0.4128900	0.7208399	0.9320050	0.9774775	0.2963204	0.1785489	0.2881674	0.5283132	0.2560605	1.0004620	0.7427415	0.8395271	0.2073082	0.2655176	0.2055720	0.5408231	1.0177228	0.2249471	0.1526252	0.8531066	0.1941148	0.1605300	0.3278568	0.6061958	0.9442282	0.0768300	0.4459583	0.8794130	0.4643673	0.6632177	0.3258424	0.5455238	1.0250937	0.6920347	0.5590503	0.7467038	0.4897975	0.6425383	0.2938896	0.3499441	0.3134848	0.0257572	1.0096264
650	0.0191980	0.5536662	0.8905760	0.1685636	0.4679560	0.0020917	0.0187138	0.0204204	0.7453393	0.4531404	0.1015481	0.1646056	0.0042127	0.0914286	0.9729620	0.2151319	0.4515498	0.9175393	0.9160931	0.8965051	0.1178838	0.6812007	0.8905546	0.8993177	0.9770077	0.7402391	0.8806609	0.1113398	0.0931345	0.0358239	0.3472229	0.0488598	0.7378245	0.6750386	0.4041072	0.7338225	0.1692651	0.6733969	0.3748905	0.2693694	0.7044364	0.3437540	0.1538100	0.0700085	0.7994311	0.4639991	0.6009703	0.7123566	0.8307265	0.4553522	0.0469588	0.3107337	1.0353791	0.1597739	0.6031765	0.5590410	0.5736821	0.4041634	0.6071452	1.0496850	1.0201121	0.4306592	0.1242407	0.2505255	0.5209928	0.3421028	0.9934907	0.7828426	0.7132195	0.1337852	0.3182965	0.1933250	0.4577128	1.0814739	0.3110431	0.1356670	0.7988281	0.1392033	0.1533395	0.3799660	0.6805486	0.9702892	0.1020406	0.3352379	0.9418175	0.3890120	0.6255611	0.2746072	0.5656646	0.9897465	0.5984104	0.4812446	0.6199284	0.5708240	0.5946934	0.3494146	0.2738397	0.1418967	0.0373509	0.9204508
700	0.0235833	0.5896989	1.0233707	0.1514007	0.5120008	0.0000879	0.0117343	0.0161361	0.8658483	0.4859523	0.1200434	0.1181140	0.0082837	0.0938191	0.8967426	0.2714158	0.4335988	0.9824778	0.9356790	0.9151230	0.0996100	0.6254795	0.9048136	0.8931503	0.9663776	0.7022296	0.9117744	0.1215061	0.1357714	0.0403785	0.4401247	0.0585287	0.6700740	0.8037114	0.3106126	0.8564061	0.2328521	0.6901978	0.4031254	0.1100572	0.7633484	0.3794875	0.1006837	0.0658516	0.8227813	0.5799823	0.4699000	0.7211814	0.8312391	0.4358846	0.0368077	0.3323329	1.0620772	0.0636403	0.6698520	0.5817444	0.6718741	0.3703863	0.5549237	1.0450686	0.9109500	0.5102401	0.1474653	0.2673582	0.5326415	0.4292630	1.0050325	0.7946430	0.6653496	0.0879455	0.3657871	0.1347289	0.4024738	0.9924517	0.3040965	0.1421559	0.7450557	0.0642850	0.1934380	0.5226935	0.6818317	0.9910782	0.1046219	0.3817074	0.9895836	0.3623025	0.5405774	0.3510815	0.5757994	0.8415589	0.5854234	0.4785289	0.5295981	0.5460070	0.3883469	0.4715402	0.2407395	0.0812578	0.0416856	0.9390357
750	0.0182197	0.5738196	1.0222216	0.1361595	0.4727322	0.0031876	0.0289428	0.0306363	0.8082416	0.4631846	0.0997486	0.0925848	0.0189966	0.1146017	0.9784559	0.3126087	0.4240689	0.9116905	0.8896584	0.8843363	0.0875349	0.7316773	0.8945210	0.9211375	0.9208424	0.7535051	0.9729396	0.0894106	0.1514659	0.0255428	0.4901877	0.0574477	0.6729453	0.8172598	0.3464773	0.7811550	0.3368162	0.6741707	0.4040374	0.0357298	0.8650602	0.3891861	0.1009654	0.0785636	0.7544978	0.5187877	0.5131764	0.7495543	0.7330491	0.3616886	0.0531478	0.3397465	0.9863065	0.0224036	0.7410595	0.5426699	0.6762136	0.3679512	0.5482509	0.9742734	0.8527438	0.5308177	0.1761805	0.2738658	0.5536518	0.5218570	1.0619714	0.7543132	0.5830232	0.0598252	0.3262159	0.1246864	0.3245021	0.9802309	0.3373258	0.2807296	0.7921099	0.1299891	0.2138793	0.6401359	0.7230373	1.0129118	0.1198269	0.4860313	0.9041317	0.3748440	0.3513688	0.3191305	0.5171230	0.8385604	0.6021127	0.5095267	0.4677721	0.5677230	0.2562453	0.4699225	0.2529126	0.0563001	0.0734930	0.8394249
800	0.0073170	0.6576030	1.0568447	0.1263297	0.4452494	0.0000000	0.0468198	0.0162938	0.7870252	0.4680047	0.0971589	0.1046429	0.0085736	0.1056041	0.8895855	0.3839726	0.4931428	0.9510428	0.9159805	0.8102997	0.0465694	0.6293047	0.9691792	0.9567576	0.9249095	0.7352004	0.9021407	0.0888858	0.1842378	0.0367854	0.4398433	0.0727244	0.7384132	0.8370814	0.2650849	0.8959296	0.3312481	0.7042066	0.3889267	0.0297902	0.8974719	0.4267290	0.0790273	0.0727870	0.6870559	0.5783914	0.5168274	0.7431021	0.8217526	0.3472233	0.0631718	0.3633403	0.9116556	0.0189804	0.7086970	0.5465702	0.7775123	0.2920178	0.4806796	0.9209223	0.8545589	0.5589244	0.1881453	0.2987499	0.5504015	0.5038652	1.0101145	0.7094491	0.5511807	0.0496165	0.3888765	0.1863559	0.3575228	0.9885814	0.3432325	0.2805918	0.7712386	0.2015577	0.2626442	0.7337722	0.8321334	0.9368182	0.0937989	0.5353571	0.9294930	0.3715178	0.2270591	0.3928605	0.5980510	0.7868432	0.5606920	0.4484349	0.4160635	0.5672001	0.2633978	0.5141344	0.2798365	0.0329273	0.2408163	0.8752481
850	0.0020993	0.6478513	0.9758417	0.1290833	0.4718591	0.0029704	0.0509522	0.0150239	0.7601496	0.4536436	0.1091789	0.0605172	0.0048769	0.1457711	1.0015753	0.3787237	0.5397817	1.0930178	0.8583704	0.8822291	0.0618378	0.5885083	0.9794463	1.0467330	0.8654104	0.6488381	0.9049998	0.0970938	0.1925694	0.0348154	0.4624765	0.0889001	0.6211694	0.8892947	0.2794953	0.9870267	0.3305669	0.7077555	0.4282546	0.0212877	0.9093634	0.4398417	0.0935221	0.0884731	0.6860220	0.6170352	0.4785154	0.7727049	0.8525280	0.3024714	0.0573337	0.2683009	0.9290848	0.0040583	0.6890669	0.6107937	0.7001015	0.2877206	0.4558973	0.9806500	0.8478546	0.5836626	0.1443542	0.2949897	0.5629993	0.5259891	0.9912203	0.6961201	0.4952488	0.0652025	0.3715579	0.2146161	0.3112427	0.9995029	0.3067092	0.2887705	0.8009810	0.2177929	0.2517212	0.6167912	0.7745999	1.0320787	0.0944087	0.6113909	0.8800685	0.3533378	0.1602415	0.4884657	0.5601146	0.7448178	0.5578980	0.3575770	0.4278552	0.5144008	0.2081783	0.5914034	0.2450760	0.0478042	0.4152798	0.8771951
900	0.0121739	0.6604889	1.0081235	0.1520323	0.3749515	0.0015364	0.0461476	0.0131016	0.6973043	0.4934256	0.1258130	0.0773783	0.0012889	0.1205159	0.9671694	0.4097897	0.4847483	0.9472724	0.9574281	0.8919402	0.0574487	0.5276656	0.9911120	0.9623634	0.8746814	0.6161712	0.9192051	0.1086893	0.2494810	0.0478030	0.4807478	0.0754082	0.6907352	0.8953514	0.2582242	0.9426842	0.3869487	0.7460006	0.3245055	0.0179766	0.8904354	0.5461741	0.0676470	0.0656065	0.7326496	0.6779416	0.5479978	0.8568444	0.8158461	0.3203217	0.0855962	0.2298513	1.0433933	0.0028371	0.7748375	0.5792725	0.7732452	0.2732240	0.5043490	0.9324807	0.8073980	0.5682153	0.2439603	0.2877829	0.6019408	0.5088405	0.9172002	0.7480499	0.5247509	0.0416398	0.3843702	0.2527391	0.2947222	0.8279040	0.3248762	0.4739147	0.8504110	0.2167185	0.2908077	0.6920186	0.8017513	0.9891445	0.0994327	0.6267429	0.9795147	0.4063010	0.1437568	0.5213716	0.6057443	0.7446167	0.4624853	0.2853251	0.4227996	0.5316293	0.1671762	0.6010604	0.2333736	0.0393523	0.4646106	0.9599994
950	0.0064481	0.6912813	1.0534912	0.1251477	0.3976198	0.0011527	0.0371208	0.0196742	0.7051218	0.4831292	0.1454110	0.0942641	0.0028657	0.1052044	0.9000492	0.4249505	0.4884383	0.9678974	0.9474771	0.8642285	0.0664588	0.6404951	0.9681083	1.0441967	0.8492315	0.6176334	0.8712121	0.0897694	0.2588453	0.0515971	0.3360900	0.0628830	0.7523600	0.9295192	0.1692936	0.9953333	0.4266549	0.7047059	0.4099676	0.0332562	0.9874587	0.5565693	0.1080385	0.0983791	0.7530873	0.6480569	0.6050639	0.7947024	0.7895821	0.3576263	0.0633078	0.3256621	0.9961238	0.0042075	0.8027917	0.5267439	0.7032369	0.2529665	0.5085795	0.9477169	0.8396260	0.6300580	0.3026256	0.3034973	0.5879046	0.5481003	0.9347769	0.7800304	0.5113211	0.0464752	0.3537299	0.2085110	0.2690764	0.8056511	0.3147407	0.4193034	0.8471301	0.1824915	0.2675561	0.6763779	0.7468669	0.9298267	0.1186422	0.6036959	1.0674363	0.3731239	0.1463292	0.5097667	0.5393954	0.7418266	0.5113260	0.2474959	0.4817729	0.5514141	0.1336387	0.5917859	0.2380688	0.0393502	0.4857919	0.9999381
1000	0.0093960	0.6655768	0.9315099	0.1858143	0.4049837	0.0011800	0.0454488	0.0128054	0.7749508	0.4916622	0.1749882	0.0793664	0.0022387	0.0788596	0.8743780	0.4275540	0.4923575	0.8906918	0.9255333	0.8338005	0.0966704	0.6485351	1.0443965	1.0406670	0.8882322	0.6875221	0.9581791	0.0847928	0.2710959	0.0525010	0.4455432	0.0599362	0.7073271	0.8026546	0.2068214	0.9339224	0.3574173	0.7666554	0.4024110	0.0162245	1.0460836	0.5075159	0.0658401	0.1070119	0.6985181	0.5488050	0.7393554	0.8322478	0.7857150	0.3796847	0.0746814	0.3142323	0.9202180	0.0053501	0.7432284	0.5241248	0.7704406	0.2499979	0.4617704	0.9820562	0.7685627	0.5683588	0.3375569	0.3079591	0.6117993	0.5826195	1.0650639	0.6795121	0.5045208	0.0319442	0.3663718	0.2466188	0.2575956	0.9250138	0.3467620	0.4286067	0.8849916	0.2150789	0.2463103	0.6994894	0.7448729	0.9540600	0.1332252	0.6951294	1.0453705	0.3078769	0.1398077	0.4635325	0.5474638	0.7847920	0.4206532	0.2610067	0.4351403	0.5355213	0.1095891	0.5858405	0.2520573	0.0320254	0.4779219	0.9850945

0	0.0094491	0.6355617	1.0459758	0.0876986	0.4170952	0.0015965	0.0357302	0.0201856	0.7842026	0.5482911	0.1482550	0.1067167	0.0074763	0.0795139	0.9263252	0.4386615	0.5117037	1.0187251	0.9869150	0.9112762	0.0675828	0.6396705	0.9879649	0.9056811	1.0249936	0.8053086	0.8415975	0.0956169	0.2807776	0.0361236	0.3476186	0.0945586	0.7647381	0.8073502	0.2691465	0.9854445	0.2644993	0.7761342	0.3511720	0.0142404	0.9503393	0.3956488	0.0912837	0.0721673	0.8039584	0.5632487	0.5721011	0.9104100	0.8750489	0.3877912	0.0490860	0.3690556	1.0040851	0.0016799	0.7496314	0.4296180	0.7445798	0.3138374	0.4763448	0.9977159	0.8917758	0.5763065	0.2317245	0.3844034	0.5377636	0.4876338	1.0898320	0.8135737	0.5024926	0.0491368	0.3912071	0.2335426	0.3169327	0.9297559	0.3112694	0.3637340	0.9584119	0.1589398	0.2670455	0.6498318	0.7931145	1.0351174	0.1402507	0.6535788	1.0095359	0.4184859	0.2245238	0.5131035	0.6073464	0.7854143	0.4606182	0.1309775	0.4648780	0.5528648	0.0723851	0.5781484	0.2784400	0.0363961	0.5378107	0.9932421
50	0.0751710	0.6492833	0.9094906	0.0914501	0.4673647	0.0354141	0.3207117	0.0299989	0.7758611	0.5768673	0.1661111	0.4247852	0.0013001	0.1108788	0.9661414	0.3770848	0.4439861	0.9747548	1.0078138	0.8646573	0.0900002	0.8113576	0.9400154	0.5783208	0.8428243	0.8727369	0.8961970	0.2973189	0.2344245	0.0860067	0.3632339	0.0516763	0.6717987	0.6500206	0.2923411	0.7074265	0.3728552	0.7523685	0.3819189	0.0325674	0.8514781	0.5894595	0.0723597	0.0625298	0.7888009	0.2895584	0.7008867	0.8492677	0.8859851	0.5076512	0.0576761	0.5242157	0.9152791	0.0588017	0.8506778	0.5034041	0.6281450	0.2256359	0.4100457	0.9872189	0.9118048	0.6553705	0.2582501	0.2844405	0.4957724	0.4882574	0.8973067	0.7815361	0.4745659	0.0405705	0.3149736	0.2581910	0.2557389	0.7621897	0.2948876	0.4290056	0.9886928	0.2483242	0.2212581	0.4093516	0.7625037	0.9950109	0.0996929	0.6961560	0.9463884	0.2954511	0.2680657	0.4469915	0.8583076	0.7555178	0.4527824	0.3115131	0.3256307	0.6253360	0.0703241	0.5770114	0.1867230	0.0414443	0.5481336	0.9811735
100	0.1917732	0.5871781	0.8893128	0.0437920	0.3867553	0.1114031	0.6015315	0.0039602	0.7082930	0.5960876	0.2541419	0.7777923	0.0204397	0.0778730	0.8712492	0.4429848	0.4940769	0.9580480	1.1350284	0.8257606	0.0828883	0.8326391	0.9337603	0.1869912	0.8861662	0.9046511	0.9633892	0.5121351	0.3883825	0.1909835	0.4341500	0.0588831	0.6250680	0.5259540	0.3459162	0.6264805	0.5174978	0.7670011	0.3638654	0.0366715	0.9650336	0.7730239	0.0670488	0.0763668	0.8919385	0.1882959	0.7145782	0.7601736	0.8673951	0.6268854	0.0565396	0.6858248	0.9564473	0.2490016	0.8091679	0.4358933	0.5507157	0.1421018	0.4362109	1.0815048	0.8569542	0.5891042	0.2428508	0.2690703	0.5299893	0.5358255	1.0133265	0.7288843	0.5334817	0.0586412	0.2420126	0.2321237	0.3033169	0.5442001	0.2152144	0.5482076	0.9513285	0.3986502	0.2300054	0.2217578	0.7325037	0.9419236	0.1045501	0.8287733	0.9440444	0.3359755	0.3310891	0.3823417	0.7510373	0.7449951	0.4030170	0.3257319	0.3504521	0.5837147	0.0556085	0.5839463	0.2110799	0.0791162	0.5176276	0.9885815
150	0.2766219	0.5303696	0.9299019	0.0112719	0.3119803	0.2094477	0.7659242	0.0138039	0.6638433	0.5872200	0.3419353	0.8270491	0.0648142	0.1102033	0.7790370	0.4739543	0.4714554	0.9068908	1.0588752	0.8260937	0.0679439	0.9391519	0.7886119	0.0982027	0.9810386	1.0862152	0.9942104	0.6765040	0.5918665	0.2789240	0.5401515	0.0704145	0.6512945	0.4097504	0.4091209	0.5408766	0.5698842	0.8420548	0.3066215	0.0275073	0.9151867	0.8812062	0.1011314	0.0934840	0.9379075	0.1166291	0.6018880	0.6626225	0.7769567	0.8255044	0.0284002	0.8786115	0.9093459	0.4670739	0.8265173	0.4413086	0.5959119	0.1003304	0.3343405	1.0440660	0.8972550	0.6311270	0.3222443	0.2807953	0.4912212	0.3139758	0.9664161	0.7821181	0.5449523	0.0959007	0.1822254	0.2574369	0.4026540	0.5418157	0.1347309	0.8402243	0.9138882	0.3350489	0.2210157	0.1330636	0.6234750	0.9526388	0.1106901	0.9531759	0.9842040	0.4401083	0.4680223	0.4483154	0.7856434	0.6915623	0.4517471	0.3049493	0.3840915	0.6097067	0.0521029	0.8354487	0.2970976	0.0638176	0.3966983	0.9672369
200	0.3048427	0.5884753	0.9507908	0.0089950	0.2597448	0.2211038	0.7796148	0.0256300	0.6149072	0.5301698	0.4110951	0.9324112	0.1256093	0.1664449	0.6533848	0.3935699	0.5162025	0.9706760	1.0534520	0.7856862	0.0567558	0.9999252	0.6690121	0.0455706	0.8583803	0.9493433	0.9800564	0.6143384	0.6801936	0.2826726	0.5705646	0.0503279	0.7218969	0.4091914	0.5342419	0.4383677	0.5785793	0.8449295	0.2516458	0.0221988	1.0387687	0.9266349	0.0724964	0.0926692	0.9984039	0.1445494	0.5560738	0.7024691	0.8195726	0.8802795	0.0327382	0.9234373	0.8614932	0.7769350	0.8697121	0.4834415	0.6146392	0.1033328	0.2523905	0.9350019	0.8878974	0.5972385	0.1994290	0.2934788	0.4682451	0.1608142	0.8957914	0.7143592	0.5504876	0.1322835	0.1454895	0.2363665	0.4408641	0.4609323	0.1368680	0.8163250	0.8584267	0.3473708	0.1927287	0.0750313	0.6448290	0.9830792	0.1640184	0.9458843	0.9476883	0.5137019	0.5823524	0.5102950	0.7956047	0.5847673	0.5465130	0.3500412	0.4069475	0.6395153	0.0441437	0.8202031	0.3675202	0.0639139	0.3851363	0.9453294
250	0.3339924	0.5310886	1.0802533	0.0090298	0.1813429	0.2804857	0.8070781	0.0389169	0.6383431	0.4784387	0.3836855	0.9012824	0.1147144	0.1526173	0.7081315	0.3102213	0.4180259	1.0158467	1.0191076	0.8431691	0.0752492	1.0090635	0.6880960	0.0482726	0.9356007	0.9163630	1.0159220	0.7179254	0.7567094	0.3434584	0.6948635	0.0406256	0.8066214	0.4434522	0.5446468	0.4018683	0.5702675	0.8684248	0.2644393	0.0091697	1.0164241	0.8675273	0.0664907	0.1093489	0.9822765	0.1832397	0.4702269	0.6157412	0.8182378	0.9196980	0.0238104	0.9131664	0.9026842	0.8531195	0.7588020	0.5150060	0.6225218	0.0914273	0.2466205	0.9901744	0.7341449	0.6187276	0.1953626	0.2793202	0.5128343	0.1118033	0.8337801	0.6618455	0.5446858	0.2297239	0.0977784	0.2488033	0.5374645	0.4481852	0.1439787	0.9324301	0.8410837	0.3831197	0.1534214	0.0524327	0.5472490	0.9091764	0.2279037	1.0333557	1.0447220	0.5498617	0.5749139	0.5055245	0.8526974	0.5182476	0.6158339	0.4187004	0.3563755	0.6734390	0.0208128	0.8313902	0.3287921	0.0944542	0.4054561	0.9345779
300	0.3883618	0.5162676	1.0646803	0.0038187	0.2172956	0.2490240	0.8159324	0.0422411	0.6731618	0.5234607	0.3596493	0.8992586	0.1198170	0.1572227	0.8334130	0.2893580	0.3801906	1.0437168	0.9681882	0.7907299	0.1320492	1.0021129	0.6547746	0.0259708	0.8722523	0.9859799	1.0950016	0.6075451	0.7666538	0.3591642	0.7209427	0.0297941	0.7184140	0.4380972	0.6042374	0.4430103	0.5655339	0.8683326	0.3354585	0.0125296	1.0358512	0.8831335	0.0857378	0.1215130	1.0788307	0.2574061	0.3069970	0.5589182	0.8465136	0.8710596	0.0327915	0.7785196	0.9578244	0.8669322	0.8067279	0.4417252	0.5749289	0.0963559	0.3053156	0.9472289	0.7980639	0.5846608	0.2043577	0.3079520	0.5276174	0.1099991	0.9277156	0.7889473	0.5162996	0.3024044	0.1430101	0.1959859	0.5706457	0.4579053	0.1774152	0.9311999	0.8093991	0.3804898	0.1611113	0.0634053	0.5489522	0.9923065	0.2668877	1.0255295	1.0617916	0.5953940	0.5885292	0.5851530	0.7614231	0.5538614	0.6674742	0.3962302	0.3431065	0.6153035	0.0122480	0.8185474	0.3213427	0.0897822	0.3980497	0.9546481
350	0.3648979	0.5872725	1.1543813	0.0006134	0.2490844	0.2780803	0.7428961	0.0339209	0.6690193	0.5090277	0.4207769	0.8803216	0.1062624	0.1503241	0.8209252	0.2751870	0.4063766	0.9269368	1.0239519	0.8847669	0.1357286	1.0198250	0.5808766	0.0537476	0.8980220	0.9499423	1.0239919	0.6599600	0.7499617	0.3891111	0.7438889	0.0382873	0.6863997	0.4023500	0.6526894	0.5135783	0.6959057	0.8947866	0.4466795	0.0285997	0.9687557	0.8336753	0.0875776	0.1473459	0.8988893	0.3157257	0.2806228	0.5725722	0.7923588	0.9460622	0.0432240	0.8514074	0.9384658	0.8970231	0.7508975	0.3903119	0.5605345	0.1062884	0.2786612	0.8883037	0.8027510	0.6170956	0.1327443	0.3091205	0.4505969	0.1257426	0.7929105	0.8124758	0.5806920	0.3471726	0.1189229	0.3125882	0.6297728	0.4568560	0.1390923	0.9050039	0.8106416	0.3229273	0.1537273	0.0643895	0.6216033	0.9512813	0.3196516	0.9682120	0.9909533	0.5702439	0.6065048	0.6731346	0.7920393	0.6054888	0.7195336	0.3949002	0.3391301	0.5579399	0.0070452	0.8311592	0.3879635	0.0608014	0.3742891	1.0948533
400	0.3426967	0.7145383	1.1553814	0.0011017	0.2705212	0.2863937	0.8150721	0.0368756	0.6626108	0.5609829	0.3843371	0.8939065	0.0980362	0.1494897	0.7090000	0.2494094	0.4647180	0.8422613	1.0626528	0.9918899	0.1222128	0.9849464	0.6799836	0.0468508	0.8848579	1.0729895	0.9445285	0.7477246	0.7779412	0.3827583	0.9030700	0.0344995	0.7775951	0.4341078	0.6317640	0.6617092	0.5811707	0.8866500	0.3740942	0.0313443	1.0340770	0.7689054	0.1025528	0.1105892	0.8370381	0.2740186	0.2746052	0.5949907	0.7289770	0.8826943	0.0387615	0.8005409	0.9188989	1.0127796	0.7278899	0.3799438	0.5325925	0.1235478	0.2637836	0.8938593	0.8179204	0.6882142	0.0782585	0.3251114	0.4983816	0.1701989	0.6286713	0.8383430	0.6467321	0.3469685	0.1139956	0.2541296	0.6825041	0.4166140	0.1795999	0.8481296	0.7791666	0.2793293	0.1613884	0.0768124	0.6842498	0.8785614	0.3454275	0.9253523	1.0179529	0.6221485	0.5658941	0.6947449	0.7691585	0.6037216	0.6230577	0.3136193	0.3085341	0.5567455	0.0104898	0.8404255	0.4343920	0.0630707	0.3725780	1.0244822
450	0.4168444	0.6803581	0.9645380	0.0031087	0.2704172	0.2834807	0.7431002	0.0449575	0.6444504	0.5407802	0.4421158	0.9061527	0.1151297	0.1101902	0.7226134	0.3024478	0.4710920	0.9119961	0.9956392	1.0296431	0.1014990	1.0624091	0.6351544	0.0189020	0.8740798	0.9335262	1.0350485	0.6922579	0.7877277	0.4151366	0.9286580	0.0584618	0.7193549	0.5063592	0.6085928	0.6811522	0.5370087	0.7920534	0.3576273	0.0245481	1.0121466	0.8186391	0.0732700	0.1132929	0.9274064	0.3066950	0.3455225	0.7572745	0.7468329	0.8377108	0.0247999	0.8291863	0.9424323	0.9160114	0.7813067	0.2793809	0.5272397	0.1445418	0.2584299	0.8433087	0.8222730	0.5281478	0.1124150	0.3315340	0.5071238	0.1826256	0.5787832	0.7949619	0.7005491	0.2886383	0.1009173	0.2119125	0.6132896	0.5247736	0.1487075	0.9670976	0.7674737	0.2539610	0.1794188	0.0987588	0.6604107	0.9555349	0.3420904	0.8850442	0.9407562	0.6207787	0.5482357	0.6322115	0.7738287	0.6473636	0.5563949	0.3214509	0.3387657	0.5856362	0.0110266	0.7557350	0.4179765	0.0708987	0.3623972	1.1084228
500	0.4107654	0.6605235	0.9937893	0.0022031	0.2750042	0.3185840	0.8220119	0.0314114	0.6587242	0.5600013	0.4473306	0.8631367	0.1325289	0.1461991	0.7517906	0.3041632	0.4999903	0.9185070	0.9399493	1.0135077	0.1205289	1.0477869	0.5862562	0.0351644	0.9157296	0.9511116	0.9711142	0.6797419	0.7382343	0.4136325	0.8344497	0.0507685	0.7064894	0.4638317	0.5917578	0.7825732	0.5682530	0.8617912	0.3304295	0.0238808	1.0874516	0.7821464	0.0540153	0.0949748	0.9385261	0.2965809	0.4594794	0.8129351	0.8605141	0.7681138	0.0363911	0.8821650	0.9200453	0.8938913	0.7317400	0.2529817	0.4844880	0.1211642	0.2256781	0.9384177	0.8887144	0.5634339	0.1172754	0.3228496	0.4804838	0.1504852	0.6538453	0.7439026	0.6822604	0.3015854	0.1459396	0.2557601	0.6368357	0.4589015	0.1077465	0.8180223	0.7418945	0.3528848	0.1746952	0.0850861	0.6483074	0.9224583	0.3356156	0.9098097	0.9621467	0.6324945	0.5185977	0.6361231	0.7147494	0.6175732	0.5737417	0.2812018	0.3325532	0.6368120	0.0093152	0.7231454	0.3961671	0.0925066	0.3799813	1.0104513
550	0.3471238	0.5775231	0.9834721	0.0267094	0.2481245	0.2853032	0.4912020	0.0363961	0.6619422	0.3591950	0.2619039	0.5965157	0.1641711	0.1739792	0.6601921	0.2751593	0.5128336	0.9428295	0.9645485	0.9905869	0.1090652	0.8211496	0.6099483	0.1535942	0.9805744	0.7509162	1.0136374	0.5026662	0.7471730	0.3440144	0.7714799	0.0562504	0.6907197	0.6259861	0.5404128	0.6423477	0.3833523	0.7924631	0.2965993	0.0153195	1.0427910	0.6282957	0.0683423	0.0928536	0.8981423	0.4883931	0.4740287	0.7289381	0.8953402	0.7456736	0.0338846	0.7240246	0.9345518	0.8655059	0.8421258	0.2087234	0.5969260	0.1964136	0.2843164	0.9641214	0.6834146	0.7018515	0.2177714	0.3638896	0.4693408	0.1258883	0.6944117	0.7987555	0.6165515	0.2359071	0.2025555	0.2373072	0.7162059	0.5676385	0.1270377	0.8053372	0.8526712	0.5036228	0.1851250	0.2005185	0.6770836	0.9555149	0.3916191	0.8270729	1.0286267	0.5761594	0.4723443	0.7496982	0.5838313	0.6278282	0.6546757	0.2537944	0.3167945	0.6781508	0.0057421	0.7694137	0.4221077	0.0687474	0.4079710	0.9353620
600	0.2263331	0.5952568	1.0117574	0.0585882	0.2262301	0.2067341	0.2376215	0.0241026	0.8457240	0.1739349	0.1607641	0.3433355	0.1294949	0.1627886	0.7184322	0.3561406	0.5231058	1.0625445	0.9783099	0.9115872	0.1018194	0.5947108	0.5947341	0.3647297	1.0758191	0.5857953	1.1033346	0.3423117	0.7138737	0.1840456	0.7357062	0.0708899	0.6076102	0.7503026	0.4815712	0.7674531	0.3515884	0.8049801	0.3154876	0.0219588	1.0327705	0.5215513	0.0667329	0.1090733	0.8162600	0.5855319	0.5150662	0.7715799	0.8977021	0.5957948	0.0566038	0.5516892	0.9417393	0.7559906	0.8311273	0.2042326	0.6585754	0.2440671	0.2772700	0.9890555	0.4942306	0.6289108	0.2760196	0.3451221	0.5208715	0.0821981	0.8268480	0.8355568	0.5501345	0.2633341	0.2708333	0.2374739	0.5004550	0.6784001	0.1530090	0.8468103	0.9482274	0.4201894	0.2500303	0.3513538	0.6997345	1.0020683	0.3213354	0.8554403	0.9474924	0.5714477	0.5063624	0.8338819	0.3677082	0.5526373	0.5667631	0.2365978	0.3438205	0.5863157	0.0054846	0.9038037	0.4063281	0.0586037	0.5161110	1.0101704
650	0.1968535	0.6650414	1.0527482	0.1141914	0.1471890	0.1137830	0.1024194	0.0138996	0.9412195	0.0868933	0.1457638	0.1860296	0.0920803	0.1982400	0.8433548	0.4202207	0.4628691	1.0730338	0.9342602	0.8949634	0.0851909	0.5804329	0.7002349	0.6627594	0.9176500	0.7012258	1.0670560	0.2807934	0.7246137	0.1062336	0.6230955	0.0781291	0.7348259	0.8168911	0.3675174	0.8520816	0.3952687	0.8061402	0.3008818	0.0254801	0.8620114	0.3431594	0.0621917	0.0723912	0.8043318	0.6224973	0.5538835	0.7046627	0.8864130	0.4959489	0.0773987	0.4988072	0.9162471	0.6171271	0.7635002	0.2350902	0.7024964	0.2552960	0.3019507	1.0473788	0.5108286	0.5919350	0.2936199	0.2801292	0.4467154	0.1228036	0.8191479	0.7759473	0.4719005	0.2568836	0.2762206	0.2840711	0.4890413	0.7518035	0.2374958	0.7960339	1.0343510	0.4258643	0.2766092	0.4466034	0.7997974	1.0432685	0.2080786	0.8159850	0.9297604	0.3969211	0.5433682	0.7636741	0.4444617	0.6508259	0.5304519	0.2453309	0.3520417	0.5648001	0.0373558	0.7371408	0.3259015	0.0458260	0.5263902	0.9296865
700	0.1712656	0.6303039	1.0381802	0.0936229	0.2444172	0.0641181	0.0445938	0.0133583	0.9309531	0.0501776	0.1186826	0.1498413	0.0502656	0.1429773	0.9769588	0.4410561	0.4170245	1.0062906	0.9780360	0.8797321	0.0645719	0.5846395	0.8225338	0.7775973	0.9868368	0.8116270	1.0428550	0.1842531	0.6948767	0.0725334	0.5295904	0.1219961	0.6708905	0.8222012	0.2822486	0.9726015	0.4094707	0.8233171	0.3167625	0.0201583	0.8870942	0.4054167	0.0778773	0.0735757	0.7281978	0.6256929	0.4161256	0.8843288	0.9069632	0.4264544	0.0766047	0.3863766	0.7065607	0.4246086	0.8068680	0.2959543	0.6777655	0.2549231	0.2982251	1.0568934	0.5539038	0.5489454	0.3082679	0.2634239	0.4963237	0.2488267	0.8725214	0.7877809	0.4257134	0.1695838	0.3114975	0.2704997	0.4429217	0.9783856	0.3274431	0.8187335	1.0630099	0.3450960	0.3390482	0.4892438	0.8079837	0.9428939	0.1600944	0.7930780	0.9918232	0.3533211	0.4663322	0.5288842	0.4050577	0.6566017	0.5985678	0.3090016	0.3465637	0.5249696	0.0449815	0.6831820	0.2671376	0.0287987	0.4713492	0.9204955
750	0.1633860	0.6861876	1.0528641	0.1107475	0.2809149	0.0291229	0.0372199	0.0192949	0.9989108	0.0734900	0.1187331	0.1471070	0.0103753	0.1693092	0.8928904	0.4456756	0.4327546	1.0449992	0.9787812	0.8503566	0.0815336	0.6670913	0.9384789	0.9193781	0.9063271	0.6374187	0.9748217	0.1457583	0.4680420	0.0568068	0.5205017	0.0970245	0.7227366	0.8769407	0.2475396	0.9098874	0.3089916	0.6919032	0.3664322	0.0190257	0.8897428	0.3723494	0.0563945	0.0922508	0.6766716	0.6406378	0.5418642	0.8709220	0.9531711	0.3985610	0.0796481	0.3998187	0.5328983	0.2452643	0.8555966	0.3770559	0.8372716	0.2969800	0.4416500	1.0543938	0.6289758	0.5544608	0.1884992	0.2932263	0.5432990	0.3993167	1.0461290	0.7210470	0.4471835	0.1299699	0.3644779	0.2370786	0.3179160	0.9238899	0.3014875	0.9016008	0.9855291	0.3542628	0.3203533	0.5515145	0.8213458	0.9380265	0.1139747	0.7938131	0.9802727	0.3251885	0.4690407	0.4988885	0.4121245	0.7506028	0.4696702	0.2867518	0.3522059	0.5139555	0.0757610	0.6770128	0.2851692	0.0159529	0.5391589	1.0189508
800	0.0986927	0.6977510	1.0390941	0.1491867	0.3887897	0.0083998	0.0368545	0.0167819	0.9963288	0.0513826	0.1363958	0.1061974	0.0128311	0.1443277	0.9628943	0.5086287	0.4361735	0.9026144	1.0502876	0.8784276	0.1062347	0.6543082	0.9551069	0.8818686	0.9834077	0.7618436	0.9926906	0.1268289	0.3791112	0.0438469	0.4285156	0.0936633	0.6975251	0.9250724	0.3115469	0.8885470	0.3191374	0.6870917	0.3808480	0.0237908	0.9002270	0.3774720	0.0596406	0.1086847	0.5980700	0.6046562	0.5584845	0.8178980	0.9415884	0.3546144	0.0667490	0.3181141	0.3804125	0.1104888	0.8105132	0.4367845	0.7835541	0.2647339	0.4133655	0.9098778	0.5949019	0.4922429	0.2067184	0.2467531	0.5286972	0.4234288	1.0442840	0.7253564	0.4826989	0.1168086	0.3594332	0.2251901	0.3088080	0.9271703	0.2913395	0.6558386	0.8752893	0.4097331	0.3157285	0.6411628	0.9112916	0.9370997	0.1176239	0.8112666	0.9497726	0.3229798	0.3929054	0.4387891	0.4477949	0.7599234	0.5276355	0.2472479	0.3499239	0.5521240	0.0745329	0.6297733	0.2833419	0.0412653	0.5878009	1.0449794
850	0.0773129	0.6800816	0.9734535	0.1425390	0.4458283	0.0027105	0.0183138	0.0169564	1.1266144	0.0382597	0.1725846	0.1226566	0.0027644	0.1088562	0.8403877	0.4409908	0.5365189	0.8887706	0.9056233	0.8262023	0.0762559	0.6453479	1.0473277	0.9304676	0.9253426	0.6348793	0.9864518	0.1245537	0.3964246	0.0566117	0.3842283	0.0794289	0.6087636	0.8733418	0.3662657	0.8399557	0.2704895	0.7530869	0.3313228	0.0345670	0.8141037	0.3821864	0.0834721	0.0830190	0.6376306	0.5454224	0.5894698	0.8110743	0.9328327	0.3380724	0.0686668	0.3985028	0.4116629	0.0498613	0.7726896	0.4635538	0.7894434	0.2349496	0.5208041	0.9994860	0.6175546	0.5414013	0.2681732	0.2648134	0.5610244	0.4528428	0.9508097	0.6654513	0.4575214	0.0680622	0.4364978	0.2346754	0.3322665	0.9750770	0.3230320	0.5922491	0.9614541	0.4063346	0.2635056	0.6886304	0.7674995	1.0001461	0.1380430	0.8506527	1.0244970	0.3476117	0.3760662	0.3905751	0.4564490	0.7285574	0.3620350	0.2876612	0.3487079	0.5091478	0.0673998	0.6541360	0.2907250	0.0362667	0.5776230	0.9944079
900	0.0398684	0.6714175	0.9674961	0.1602772	0.4769359	0.0019089	0.0298069	0.0203834	1.0409671	0.0341559	0.1626536	0.0838461	0.0159020	0.1256738	0.8942272	0.4467024	0.4972519	0.9110816	0.9472402	0.9078833	0.0545332	0.7258859	1.1667474	1.0609284	1.0172518	0.6752158	0.9417684	0.1167908	0.3383203	0.0465963	0.3796838	0.0629156	0.6954423	0.7356436	0.3253042	0.8936577	0.2417231	0.7264982	0.3418900	0.0284823	0.8323366	0.3851858	0.0546274	0.0858389	0.7137740	0.5375056	0.6226971	0.8555561	0.9832441	0.3877145	0.0525519	0.4109819	0.3941562	0.0380030	0.7680128	0.4622882	0.7277002	0.2464580	0.4560876	1.0029890	0.6941228	0.5602210	0.3382021	0.2610234	0.5548980	0.4585893	1.0565801	0.7235374	0.3674649	0.0714406	0.3069765	0.2492183	0.3272638	0.8520805	0.2788062	0.6001041	0.9337899	0.2787098	0.3286779	0.6527896	0.7575427	1.0601135	0.1531658	0.7474386	0.9636631	0.3216751	0.3399057	0.3548397	0.4470879	0.6909755	0.4666704	0.3370149	0.3897813	0.5684131	0.1052340	0.5950002	0.2669477	0.0243437	0.5023174	0.9719540
950	0.0332507	0.5902160	0.9855041	0.1592104	0.5031948	0.0009550	0.0350441	0.0225595	1.0649576	0.0704420	0.1146125	0.0881964	0.0031840	0.0897828	0.8953438	0.4550010	0.4700860	0.9624275	0.9773501	0.9321854	0.0583406	0.6743007	1.1459521	0.9925030	1.0013379	0.6784682	0.8689929	0.1293108	0.3078033	0.0310114	0.4439368	0.0825758	0.6636253	0.7009987	0.3595572	0.8581246	0.2232445	0.6930050	0.2852033	0.0182187	0.8487653	0.4624525	0.0625220	0.0705606	0.7100455	0.5743227	0.5212644	0.7857751	0.9596809	0.4136593	0.0634048	0.3798717	0.4752595	0.0111260	0.7737711	0.5070319	0.7346941	0.2804577	0.4495346	0.9612184	0.7558956	0.5633748	0.3389439	0.2785925	0.5325085	0.4819270	1.0028788	0.7312893	0.3729950	0.0768151	0.3325816	0.2168940	0.4188596	0.8888111	0.2733478	0.5600199	0.9027823	0.2863461	0.3663097	0.5910941	0.7803424	1.0552086	0.1691159	0.7037523	1.0927305	0.3225414	0.2883290	0.3580115	0.4852576	0.6932839	0.4590746	0.3494046	0.4819690	0.6337745	0.0874361	0.5618073	0.2383714	0.0486454	0.4684251	0.9696066
1000	0.0268577	0.5097616	1.0681049	0.1603616	0.5315040	0.0004702	0.0324621	0.0286131	0.9679655	0.1408484	0.1160735	0.0727580	0.0043699	0.1201119	0.9249678	0.4419568	0.5288218	1.0084671	1.0271981	0.9566155	0.0507566	0.6484896	1.1197606	0.8955228	0.8822273	0.6305357	0.8793430	0.1031734	0.2118730	0.0360233	0.3641699	0.0808388	0.5554914	0.7818455	0.3153989	0.8809499	0.2651120	0.6427163	0.2836744	0.0299035	0.8650377	0.4785164	0.0881568	0.0802629	0.7625051	0.5738072	0.5003603	0.7817260	0.8938935	0.4160042	0.0667101	0.3336437	0.5160136	0.0033121	0.7075432	0.4381568	0.6399894	0.2773473	0.5143552	1.0125562	0.7835140	0.5554694	0.2110829	0.2479897	0.5790597	0.5228444	0.9860150	0.8543455	0.3705670	0.0409892	0.3757894	0.2724428	0.3496371	0.9618112	0.2863630	0.4777675	0.9182653	0.2755031	0.3365173	0.6157176	0.8501972	1.0238633	0.1479688	0.6576603	0.9815204	0.3383780	0.2452097	0.2955446	0.5487264	0.7878324	0.4963687	0.3140888	0.4992240	0.5885372	0.1052529	0.6077033	0.2562099	0.0422777	0.5933399	0.8985172

0	0.0094491	0.6355617	1.0459758	0.0876986	0.4170952	0.0015965	0.0357302	0.0201856	0.7842026	0.5482911	0.1482550	0.1067167	0.0074763	0.0795139	0.9263252	0.4386615	0.5117037	1.0187251	0.9869150	0.9112762	0.0675828	0.6396705	0.9879649	0.9056811	1.0249936	0.8053086	0.8415975	0.0956169	0.2807776	0.0361236	0.3476186	0.0945586	0.7647381	0.8073502	0.2691465	0.9854445	0.2644993	0.7761342	0.3511720	0.0142404	0.9503393	0.3956488	0.0912837	0.0721673	0.8039584	0.5632487	0.5721011	0.9104100	0.8750489	0.3877912	0.0490860	0.3690556	1.0040851	0.0016799	0.7496314	0.4296180	0.7445798	0.3138374	0.4763448	0.9977159	0.8917758	0.5763065	0.2317245	0.3844034	0.5377636	0.4876338	1.0898320	0.8135737	0.5024926	0.0491368	0.3912071	0.2335426	0.3169327	0.9297559	0.3112694	0.3637340	0.9584119	0.1589398	0.2670455	0.6498318	0.7931145	1.0351174	0.1402507	0.6535788	1.0095359	0.4184859	0.2245238	0.5131035	0.6073464	0.7854143	0.4606182	0.1309775	0.4648780	0.5528648	0.0723851	0.5781484	0.2784400	0.0363961	0.5378107	0.9932421
50	0.1585180	0.7153197	1.0389097	0.0951766	0.4845038	0.0012095	0.0486270	0.0317263	0.8111074	0.2244444	0.1310510	0.0966133	0.0079774	0.1459107	0.9154960	0.3953679	0.4759612	0.9743850	0.9526715	0.8736389	0.1154919	0.6683072	0.9247116	1.0630080	0.8645297	0.6540714	0.7484985	0.2854358	0.1356440	0.0188265	0.3122390	0.0960178	0.6179048	0.7342158	0.2950018	0.9047632	0.2236150	0.7565533	0.3948694	0.0287851	0.9146311	0.4036895	0.1899019	0.0745067	0.8189685	0.2204800	0.6266713	1.0549715	0.8807012	0.2650837	0.0803716	0.5613889	1.0238578	0.0060067	0.7850134	0.5148122	0.8258222	0.3027211	0.3612236	1.0060603	0.7425053	0.5696239	0.2039764	0.3053062	0.5331103	0.4655135	0.9327044	0.7912731	0.4812880	0.0615206	0.3420703	0.1533234	0.3091665	1.0428066	0.3221293	0.2727555	1.0562343	0.1727780	0.2718351	0.5685630	0.7520065	0.9211018	0.3337154	0.7481424	0.9789465	0.2468731	0.2374797	0.5185923	0.4225987	0.8095962	0.5346884	0.2867919	0.5497642	0.4787766	0.0963159	0.7117597	0.2233099	0.0211722	0.4986823	0.9484748
100	0.3147370	0.6470140	0.9353126	0.0829427	0.4618601	0.0011504	0.0239430	0.0583187	0.8704778	0.1158045	0.1863903	0.0868639	0.0043557	0.1319680	0.9137108	0.3833757	0.4651058	1.0604838	0.8617531	0.8307083	0.1266585	0.6651233	0.9020433	0.8483417	0.7965296	0.7063727	0.9254080	0.4585274	0.0672846	0.0283280	0.3811625	0.0827410	0.6009457	0.6667303	0.3177523	0.5163823	0.0874987	0.7075722	0.3814021	0.0586164	0.8163911	0.3666298	0.3809662	0.0573274	0.9065142	0.1108383	0.6940586	0.9076794	0.8504154	0.2907654	0.0927869	0.6590537	0.8037895	0.0043680	0.7069058	0.5336619	0.7230931	0.4165373	0.2831708	1.0162526	0.7444118	0.5946104	0.2146299	0.2595238	0.4896297	0.4756899	1.0514070	0.7516480	0.4592628	0.0478540	0.3532032	0.0827760	0.3654642	0.9439721	0.2679847	0.0884014	0.9410673	0.1292251	0.1881770	0.5769579	0.7219600	0.8152906	0.6521865	0.7311741	0.9740170	0.1357810	0.2866597	0.4002360	0.4867440	0.9504839	0.5590430	0.2713513	0.6988094	0.5441088	0.1598531	0.6888097	0.2341685	0.0197950	0.4765340	0.9253667
150	0.4676956	0.7019496	0.9535513	0.0499467	0.4459766	0.0029730	0.0282789	0.0486198	0.8706812	0.0662844	0.2285064	0.0768232	0.0011114	0.1372599	1.0839463	0.4524557	0.4231889	1.0302140	0.7210215	0.8576374	0.1410967	0.6974082	0.9652226	0.6724332	0.9317478	0.5740014	1.0377386	0.5904326	0.0582835	0.0344999	0.4011188	0.0921164	0.5857675	0.6806599	0.3547784	0.2914827	0.0627593	0.8184673	0.3328641	0.1913941	0.8632233	0.2329779	0.4374713	0.0377832	0.8120764	0.0554429	0.6368090	0.6914613	0.8601616	0.2658051	0.0729625	0.7407079	0.6884080	0.0045936	0.7422151	0.6977642	0.7486693	0.4125602	0.2848886	0.9881348	0.7227397	0.5754918	0.2832061	0.2778806	0.4580108	0.4170046	0.9599552	0.8989300	0.4812133	0.0571965	0.4110410	0.0368455	0.3719884	0.8390383	0.2472351	0.0166037	0.9197725	0.0554621	0.1251384	0.4904547	0.6303811	0.7952065	0.7511305	0.6251158	1.0577501	0.0932852	0.3298931	0.3178828	0.4348510	0.8168749	0.5700188	0.3709787	0.8073835	0.6201433	0.1896618	0.5896151	0.3234017	0.0194814	0.3586062	0.9984877
200	0.5642177	0.6527285	0.8619076	0.0545667	0.4253530	0.0015626	0.0521516	0.0346451	0.9326080	0.0281411	0.4291551	0.1143109	0.0026999	0.0905874	1.0678846	0.4514400	0.4074151	0.9785369	0.6179427	0.8773143	0.1547953	0.6830662	0.9715681	0.4163062	0.8522793	0.6077823	1.0749005	0.5723650	0.0778764	0.0318643	0.4198249	0.0843447	0.6170390	0.5966631	0.5452608	0.1454624	0.0549977	0.7838765	0.3400292	0.2907654	0.6025178	0.2430685	0.4525162	0.0152944	0.7953808	0.0460021	0.4649553	0.5367357	0.8415141	0.3435957	0.0911470	0.7996384	0.5360163	0.1338654	0.7987218	0.7658183	0.6737483	0.4483449	0.2800434	0.9982945	0.7283222	0.5218750	0.3668974	0.3449794	0.4188190	0.3795380	0.9004968	0.8010949	0.4809421	0.0867096	0.4199496	0.0228533	0.4248051	0.8960527	0.2373985	0.0258178	0.8314585	0.0394826	0.1055443	0.4770741	0.5809066	0.7017839	0.7842587	0.5742282	0.9493682	0.1043952	0.2918495	0.3011046	0.5649391	0.7971269	0.4902206	0.4275684	0.8250601	0.6090860	0.1906233	0.5697573	0.4925040	0.0297943	0.2093105	0.9386686
250	0.5384479	0.5928035	1.0014983	0.0654125	0.4761306	0.0003420	0.0320356	0.0592378	0.9188494	0.0131947	0.4834580	0.0766525	0.0048895	0.0582799	1.0330661	0.4208657	0.4280661	0.8511659	0.5829517	0.8370905	0.1972909	0.7534078	0.9194436	0.3593957	0.9152304	0.7261378	1.0530909	0.6177083	0.0579213	0.0344438	0.4181070	0.0848689	0.6779829	0.6997771	0.6284258	0.0801011	0.0496418	0.7804920	0.4384937	0.4148032	0.5360575	0.2142249	0.4838783	0.0078908	0.8200808	0.0544205	0.3544573	0.4716025	0.8252645	0.3086986	0.1015804	0.8295698	0.4841801	0.2258511	0.7213803	0.8593772	0.6595777	0.5352343	0.3265454	0.9645769	0.6010686	0.5177650	0.4763333	0.3761069	0.3971906	0.2737888	0.8770064	0.7716343	0.4405264	0.1668143	0.3853412	0.0110895	0.4469263	0.9606810	0.2370128	0.0075320	0.8005311	0.0549344	0.1078015	0.5463539	0.6421211	0.7127166	0.7714205	0.5182908	0.9390988	0.0910951	0.2880412	0.2731063	0.6516327	0.7603299	0.4686218	0.4480076	0.8063759	0.5033669	0.2020153	0.5259788	0.5830606	0.0560808	0.1261090	0.9366275
300	0.5332898	0.5981349	0.9350096	0.0428737	0.4871719	0.0016151	0.0257427	0.0831752	0.9038445	0.0050478	0.5050894	0.0903318	0.0036808	0.0733760	0.8742775	0.4280034	0.4292214	0.9273263	0.4658270	0.8015308	0.1949057	0.8650573	0.9066277	0.3580853	0.9829596	0.7180746	1.0773969	0.6772099	0.0452774	0.0342882	0.4805050	0.0736816	0.7086044	0.6791617	0.7462589	0.0681449	0.0644939	0.8441173	0.4451310	0.4862086	0.4876811	0.1962584	0.5295959	0.0052531	0.8470032	0.0783818	0.2366633	0.3956499	0.7791350	0.2741992	0.1147600	0.8917956	0.4674888	0.2111692	0.7482651	0.8936844	0.7091139	0.6144204	0.3721567	1.0711600	0.6292690	0.5415391	0.5041643	0.3379981	0.4963890	0.2653713	0.8453565	0.7276556	0.3847903	0.2225404	0.4341424	0.0017064	0.4720874	0.8523424	0.2084946	0.0049454	0.7015015	0.0514572	0.0792807	0.6075858	0.6151585	0.6428727	0.8163058	0.4467823	1.0338149	0.0749387	0.2428496	0.2794116	0.7320003	0.7161555	0.5686700	0.4559424	0.7600430	0.5265315	0.2385796	0.5945646	0.6141100	0.0450273	0.0679417	0.9841450
350	0.5749860	0.5694204	0.8190368	0.0515828	0.4143377	0.0036938	0.0459925	0.0993000	0.8855068	0.0004288	0.4097043	0.1045115	0.0105588	0.1012961	0.8926029	0.4457400	0.5329570	0.9182016	0.3270255	0.9434449	0.1858141	0.8616930	0.7886161	0.3323876	0.8752741	0.5847682	1.0623480	0.6939620	0.0292697	0.0756446	0.5386044	0.0611357	0.7284339	0.7780483	0.7815879	0.0511483	0.0541946	0.9003298	0.4332221	0.4947505	0.3175397	0.2096370	0.5047161	0.0009427	0.8322734	0.0639901	0.1764129	0.4257473	0.7537106	0.2414046	0.1457302	0.9193428	0.4529782	0.1190878	0.5238078	0.9827930	0.6994911	0.6058423	0.2793366	1.0745599	0.5233653	0.4400948	0.4974975	0.2974173	0.4300944	0.2523218	0.9849361	0.7869297	0.4094121	0.2340466	0.4614931	0.0029179	0.5313701	0.8988010	0.1937640	0.0054911	0.6357871	0.0507622	0.0731136	0.5237647	0.5748215	0.7936765	0.8140355	0.3780517	1.0241768	0.0883940	0.2699934	0.2771712	0.7988866	0.7386337	0.6060695	0.4880341	0.8109189	0.5399713	0.2903230	0.5731977	0.6857689	0.0295083	0.0457563	0.9676131
400	0.6537768	0.5388305	0.8620802	0.0524406	0.5179825	0.0013056	0.0278830	0.0738972	0.8350372	0.0028636	0.4625860	0.0907255	0.0096168	0.1282449	0.9635232	0.4642764	0.4775030	0.7736318	0.1912040	0.9385404	0.1430552	0.8223151	0.8632908	0.3410762	0.8875419	0.7314859	0.9753277	0.5587414	0.0998913	0.0809745	0.6074572	0.0695354	0.7000238	0.6890164	0.7648759	0.0865129	0.0391582	0.8398241	0.3639527	0.4611602	0.3083751	0.2146642	0.4371294	0.0008082	0.9570595	0.0550598	0.1961579	0.4269499	0.7091375	0.2353629	0.1619577	1.0512465	0.4491599	0.1057820	0.3020659	0.8377697	0.6266675	0.5406398	0.3307418	0.9857612	0.5119807	0.5272619	0.5673912	0.2527412	0.4508600	0.2910660	0.9917156	0.7962333	0.3595182	0.2653209	0.4137646	0.0011682	0.6285968	0.9227830	0.1855756	0.0061971	0.6332156	0.0658550	0.0762734	0.5703837	0.5781568	0.7943380	0.9096972	0.3377995	0.9639106	0.0885217	0.2070456	0.2251116	0.8324845	0.7152080	0.5734393	0.5257985	0.8063586	0.5213802	0.4141825	0.5273411	0.7374255	0.0301859	0.0319817	1.0882461
450	0.5825098	0.4866691	0.8884876	0.0404570	0.4647202	0.0009286	0.0481741	0.1033230	0.8399895	0.0054562	0.4771648	0.0882361	0.0082381	0.0658981	0.9599728	0.4428358	0.5633224	0.5370560	0.2633853	0.9307523	0.1638775	0.9418990	0.8667683	0.3821609	0.8659669	0.7440365	1.0516738	0.6006997	0.1376715	0.0847695	0.6185190	0.0924155	0.7551080	0.6996067	0.8150961	0.0683830	0.0404979	0.7982179	0.3470761	0.5128774	0.2735043	0.2266818	0.3860024	0.0110597	0.9306315	0.0569643	0.1645218	0.3786645	0.7023183	0.2579567	0.1391039	0.9221432	0.3947478	0.0805681	0.1919175	0.7973840	0.6952441	0.5964397	0.3260058	1.0555284	0.5261236	0.4671174	0.5906177	0.2185938	0.3760333	0.3098665	1.0492108	0.7535746	0.3863553	0.3188534	0.5175437	0.0023470	0.6265238	0.9192833	0.1754011	0.0096956	0.5805101	0.0464676	0.0795094	0.5596875	0.5228250	0.6915262	0.8523647	0.3942269	0.9360742	0.0696380	0.2174071	0.2682647	0.6753116	0.7103194	0.5570325	0.5271479	0.7726785	0.5417966	0.3804253	0.4416126	0.8329628	0.0316314	0.0122857	1.0789465
500	0.5728393	0.7118801	0.8799913	0.0593528	0.5143944	0.0007227	0.0382725	0.1100658	0.8221730	0.0041388	0.4125135	0.0797329	0.0012071	0.0399105	0.9924487	0.4092314	0.7071591	0.4846099	0.3672471	0.9020261	0.1876255	0.8771517	0.8972872	0.3803004	0.8541638	0.7531333	1.0677886	0.6533829	0.1724098	0.0829887	0.6304936	0.0990069	0.7191732	0.7268271	0.8683916	0.0882144	0.0442642	0.7919615	0.3079656	0.3528865	0.3205898	0.2244154	0.3930140	0.0074214	0.8281419	0.0698763	0.1385987	0.3183586	0.6982117	0.2837617	0.1255080	0.9486954	0.4057645	0.0982956	0.1717151	0.7946637	0.7033186	0.5846205	0.3477734	1.0689044	0.5115999	0.5366343	0.6207441	0.2654058	0.3264489	0.3871916	1.0329010	0.8056317	0.4027988	0.3572207	0.4688323	0.0004901	0.6378259	0.9579827	0.1844822	0.0446251	0.5388330	0.0519423	0.0532188	0.5793647	0.5784416	0.8243354	0.8676945	0.4006049	0.9358731	0.1165566	0.2334937	0.2895128	0.7384697	0.5695949	0.6660099	0.5841541	0.8796398	0.5131264	0.4361862	0.5434226	0.7985937	0.0250667	0.0106253	1.0489422
550	0.4262457	0.6355753	1.0193556	0.1004981	0.4798205	0.0006566	0.0320357	0.0591826	0.8626743	0.0011505	0.3592536	0.0836255	0.0099146	0.0865608	0.8478350	0.4339954	0.7997929	0.5074489	0.4027324	0.9402309	0.1156514	0.8085036	0.8629860	0.4198842	0.8696036	0.6858363	1.0701650	0.4700035	0.2819991	0.0594059	0.7016186	0.1052290	0.6144045	0.7157110	0.8224132	0.2082431	0.0543164	0.7955798	0.2806387	0.3213748	0.3745142	0.2712227	0.3252387	0.0086534	0.8293630	0.4480945	0.1526553	0.3796463	0.7181163	0.3208056	0.1249517	0.8829425	0.4142084	0.0769416	0.1502886	0.7834848	0.7575499	0.5503444	0.4279034	1.0339967	0.5088426	0.5037482	0.5530857	0.3315411	0.4533903	0.3640757	0.7277669	0.8416402	0.4235723	0.3192601	0.4807901	0.0142319	0.6504627	0.9698911	0.2224502	0.2154659	0.5696310	0.0301725	0.0753465	0.5453853	0.6568330	0.8350261	0.6555216	0.3611433	0.9429722	0.1673610	0.2701152	0.1895814	0.9316772	0.5764863	0.6088677	0.5679962	0.7307574	0.5699156	0.5268911	0.5415122	0.8311741	0.0288518	0.0105961	0.9873604
600	0.2632802	0.6196182	0.9734306	0.1520768	0.5167936	0.0011620	0.0430428	0.0333306	0.9633802	0.0046543	0.2263562	0.0665721	0.0137278	0.1346719	0.8189933	0.4488152	0.7024275	0.6569703	0.6309908	1.0264370	0.0689462	0.7852893	0.9936662	0.5124225	0.9148645	0.5894257	0.9271905	0.2651097	0.3821557	0.0851740	0.6422259	0.0601244	0.7193944	0.9161871	0.8442928	0.4959491	0.2155220	0.8026458	0.2548983	0.1847967	0.4603668	0.2545272	0.2371153	0.0167823	0.6839320	0.7188961	0.1471916	0.4349799	0.7863017	0.2598880	0.1437200	0.7257709	0.4055892	0.0578911	0.1160758	0.5825831	0.7183216	0.4605223	0.4632410	1.0101274	0.6302824	0.4826956	0.5283037	0.2754169	0.4494489	0.3538290	0.5677548	0.7478005	0.4445945	0.3300548	0.4666262	0.0830475	0.6120129	0.8989897	0.1985622	0.4620175	0.6555092	0.0645433	0.1848053	0.6182609	0.7564581	1.0002591	0.4437323	0.3485987	0.8549025	0.2155609	0.2528519	0.2083066	0.7280679	0.4765744	0.5812695	0.5599112	0.5950706	0.6162989	0.4821531	0.4804922	0.8222658	0.0240872	0.0339976	0.9802086
650	0.1357789	0.6074470	1.1134508	0.1968175	0.4792742	0.0003176	0.0250393	0.0303354	0.9911974	0.0153240	0.1696818	0.0649236	0.0130741	0.1205165	0.8543636	0.5127183	0.6905930	0.8339377	0.6570647	1.0023607	0.0675532	0.7204691	1.0147584	0.8324402	0.9375492	0.6626444	0.8540954	0.1727593	0.5461220	0.0642601	0.6900366	0.0862337	0.6785772	0.9703932	0.6799254	0.7108858	0.4371743	0.7255397	0.1944011	0.1001073	0.4796615	0.3348839	0.1528244	0.0519890	0.5571108	0.7949362	0.1599475	0.5294398	0.7245829	0.2660312	0.1347481	0.5682659	0.4425161	0.0601177	0.2531631	0.5334648	0.7289378	0.3623824	0.4062334	1.0201662	0.7375192	0.4131054	0.4700578	0.2290153	0.5279421	0.3906882	0.7794415	0.7824309	0.4309496	0.3213289	0.5169575	0.2198415	0.5611088	0.8273686	0.2396894	0.6600156	0.7046200	0.0756179	0.2937295	0.7012865	0.8719600	1.0396630	0.2906252	0.3897295	0.8577088	0.2349520	0.2092537	0.2130830	0.6593643	0.5199376	0.4247381	0.5029203	0.4801487	0.6192706	0.5357183	0.5248281	0.6554282	0.0080200	0.0543217	1.0132718
700	0.0839362	0.6224938	1.0506897	0.3116400	0.4745820	0.0024164	0.0275957	0.0289501	0.9182791	0.0203793	0.2007844	0.0813479	0.0036814	0.0885707	0.8476782	0.4600528	0.5870754	0.8979856	0.7835067	1.0509948	0.0981335	0.5582061	0.9800294	0.9203826	0.8717575	0.6515508	0.8946904	0.1673223	0.4386036	0.0538643	0.5852580	0.0965068	0.6432374	0.9950817	0.5243648	0.9196345	0.5587842	0.7154017	0.2098474	0.0600831	0.5844409	0.3545676	0.1369982	0.0896288	0.5319492	0.9868539	0.2356004	0.6819933	0.7876376	0.2599609	0.1170558	0.6024395	0.3652955	0.0500101	0.4839666	0.5139127	0.7762005	0.3439169	0.4311887	1.0175751	0.8737002	0.5184298	0.4114758	0.2811928	0.5788640	0.4582897	0.8839289	0.7457916	0.3492546	0.2030474	0.4365743	0.1855466	0.5738544	0.8244824	0.2549277	0.7123003	0.7841066	0.1041846	0.3817552	0.7450142	0.8392986	0.9543646	0.2164767	0.4917516	0.8824601	0.3413954	0.1505102	0.1351200	0.6214589	0.6033265	0.3956624	0.4675235	0.3599648	0.5953687	0.5981321	0.5834323	0.5601610	0.0213731	0.1308781	1.0520348
750	0.0450837	0.5763374	1.1502430	0.3541315	0.3814401	0.0028597	0.0274987	0.0079070	1.0458166	0.0215766	0.2160692	0.0619711	0.0021875	0.1131918	0.8362444	0.4632783	0.5667923	0.9479908	0.7685069	1.0048875	0.1170618	0.6862923	1.0204857	0.9310126	0.9493181	0.7198919	0.9513343	0.1127148	0.4135907	0.0596417	0.5693537	0.0983000	0.6185855	0.9521748	0.3418543	0.8945019	0.7176399	0.7608075	0.2535927	0.0205137	0.7576487	0.4746514	0.0921564	0.1206914	0.4667047	0.9760417	0.3614743	0.8140095	0.8677379	0.2875309	0.0924531	0.5147465	0.3879364	0.0223659	0.6232310	0.4237857	0.7897701	0.3143664	0.4365776	1.0439645	0.9559858	0.5606826	0.4363293	0.2919774	0.6472022	0.5840697	0.9546441	0.7030488	0.2674416	0.1854337	0.4021480	0.2033211	0.5097546	0.8663380	0.2104420	0.6720982	0.7374885	0.2609184	0.4295354	0.7674258	0.8637754	0.9503983	0.1712967	0.5779716	0.8215766	0.2745648	0.1055701	0.1236437	0.6649134	0.6042124	0.3501117	0.4205921	0.3992980	0.5893954	0.5986417	0.5834691	0.5186466	0.0138900	0.3034095	1.0461545
800	0.0351598	0.6283379	0.9860113	0.3075486	0.4583861	0.0000550	0.0462860	0.0074471	0.9503047	0.0644363	0.2487732	0.0819087	0.0030348	0.1202200	0.8623389	0.5444685	0.5201518	0.9841995	0.8856833	0.9328450	0.1097394	0.6408913	0.9916809	0.8380607	1.0177623	0.6805286	1.0395668	0.1154755	0.4154630	0.0495386	0.5362194	0.1216832	0.5277811	1.0082012	0.2786365	0.9750417	0.6720066	0.7512534	0.2665543	0.0162977	0.9349690	0.5360468	0.0623500	0.1249960	0.4932531	0.7740857	0.5213259	0.7100933	0.8290441	0.3324855	0.0877830	0.4021676	0.3985253	0.0004438	0.7023813	0.4474361	0.7167067	0.2696215	0.4304053	1.0106162	0.9123742	0.4651147	0.4530985	0.2945311	0.6196816	0.6552489	1.0130566	0.6405843	0.3473610	0.0908550	0.4564231	0.1635199	0.4937955	0.8528325	0.1862252	0.7087348	0.8425133	0.3284546	0.4744500	0.8802207	1.0286351	1.0425166	0.2245371	0.6325949	0.9209687	0.3555299	0.0772367	0.1941172	0.4891733	0.6029195	0.4397556	0.3410425	0.3897175	0.6263069	0.5054011	0.6890887	0.4014941	0.0140246	0.3481139	0.9634335
850	0.0364315	0.7017575	0.9981103	0.2803126	0.4615032	0.0030563	0.0346707	0.0076897	1.0596414	0.0776153	0.1847777	0.1075221	0.0010103	0.1284992	0.8413914	0.5496249	0.4687722	1.0439463	0.8987957	0.9202696	0.1209451	0.5979673	0.9719539	1.0818197	0.9807380	0.7610183	0.8950606	0.1448262	0.3308878	0.0553479	0.5077539	0.1684498	0.5093259	0.9336763	0.2663507	1.0413983	0.4997822	0.7261730	0.2967765	0.0252818	0.8786368	0.5585787	0.0492984	0.1492417	0.5327235	0.7635355	0.5335975	0.7905250	0.9141240	0.3131367	0.0863585	0.4339127	0.4906237	0.0218428	0.6799484	0.3872573	0.7664608	0.2597081	0.4182527	0.9436885	0.9274962	0.4803569	0.3819516	0.3313095	0.6238819	0.6211623	0.9387797	0.6558156	0.3502080	0.0556120	0.4019128	0.2232579	0.3864892	0.7436192	0.1930527	0.8245596	0.9694793	0.4645808	0.4312910	0.8146999	0.9270813	0.9652722	0.2260959	0.7395122	0.8693132	0.3567555	0.0571729	0.2376641	0.5241101	0.5510661	0.4296822	0.3679191	0.3743934	0.6010039	0.3539522	0.7160814	0.4214582	0.0232411	0.3404543	1.0028978
900	0.0214957	0.6811779	1.0268564	0.2366126	0.5368660	0.0028076	0.0426197	0.0094510	1.1185446	0.1374460	0.1576437	0.0840332	0.0026520	0.0793910	0.9176610	0.5197014	0.4553189	1.0045832	0.8929727	0.8848774	0.1199155	0.5965501	1.0275053	1.0305987	0.9385923	0.6982861	0.9083620	0.1527522	0.3030705	0.0437858	0.3838958	0.2558191	0.5380925	0.9361139	0.2705279	1.0241855	0.4506096	0.6724772	0.3571301	0.0356450	0.9289392	0.6033841	0.0808417	0.1562368	0.5946432	0.5784543	0.5623376	0.9384631	0.8478260	0.2702536	0.0896898	0.4071909	0.5673119	0.0125953	0.7700649	0.3050486	0.8097422	0.2691415	0.4572941	0.9636386	0.8564034	0.6454743	0.4010988	0.3427142	0.6313806	0.6375478	0.9383858	0.6890763	0.3945499	0.0227631	0.4000314	0.2481312	0.2775235	0.8163387	0.1929992	0.6602410	0.8510515	0.5033979	0.3508176	0.7797123	0.8279050	0.9450817	0.1473956	0.8889123	0.9320670	0.3242700	0.0989307	0.2716398	0.4720611	0.5908035	0.5392025	0.3480553	0.4129419	0.6137722	0.2403369	0.6553558	0.3771576	0.0135665	0.4383100	0.9088717
950	0.0173799	0.7212193	1.0221666	0.2700564	0.4592921	0.0038254	0.0475852	0.0199860	1.0660963	0.2626974	0.1583371	0.1050724	0.0013417	0.0638966	0.9504958	0.5098807	0.4877101	0.9549506	1.0211262	0.8411033	0.0923586	0.6528215	1.0704302	1.0526459	0.9255378	0.6717689	0.8595452	0.1245534	0.3139774	0.0422584	0.4311234	0.1951526	0.4974442	0.8829052	0.2633814	1.0114512	0.3502939	0.6448951	0.4441262	0.0298447	1.0436137	0.5726476	0.1166367	0.1298324	0.6712773	0.5837517	0.6314332	0.8698290	0.8010351	0.2751313	0.0891669	0.4144457	0.6578816	0.0085679	0.8431096	0.2363117	0.7826025	0.2891646	0.4614620	0.9801204	0.7373543	0.5961330	0.3766753	0.2978853	0.6489390	0.6077051	0.9756417	0.7439456	0.3975344	0.0458118	0.4085689	0.2240006	0.2870117	0.8922220	0.1982368	0.5776369	0.8201425	0.2417091	0.4095646	0.7258813	0.8414916	1.0243404	0.1260969	0.8715948	0.9052935	0.3383507	0.0855728	0.3503657	0.4485090	0.6588454	0.5441267	0.3424380	0.3770666	0.5979866	0.2468281	0.6102940	0.3433576	0.0274620	0.5070574	0.8505843
1000	0.0103619	0.6670529	0.9010211	0.2437387	0.4997464	0.0049988	0.0415344	0.0152152	0.9313822	0.3663024	0.1668471	0.1112084	0.0017267	0.0808962	0.8620683	0.4882959	0.4883501	0.8823851	0.9684351	0.8799906	0.0893034	0.6840108	1.0800941	0.9489948	0.8238342	0.7504721	0.9541879	0.1235376	0.2874396	0.0203313	0.3928634	0.1406928	0.5744660	0.8627124	0.2483802	1.0635091	0.3389043	0.7854181	0.4319744	0.0203946	1.0074012	0.5941117	0.1018165	0.0992477	0.7315374	0.4908898	0.6999836	0.8944979	0.7317082	0.2261299	0.0893328	0.4199320	0.7905745	0.0053156	0.7960729	0.2603016	0.7255862	0.3348120	0.4398102	0.9430090	0.7171216	0.5630770	0.3825921	0.3364629	0.5987488	0.5176817	1.0283201	0.7181787	0.3549279	0.0350616	0.3937120	0.2113540	0.3248264	0.8468964	0.2274772	0.5227096	0.8911592	0.1916691	0.3405411	0.7807297	0.8426795	1.1204811	0.1437111	0.7631104	0.9330012	0.3425194	0.1540180	0.3880820	0.4840833	0.6304624	0.4706615	0.3934818	0.3923849	0.6201009	0.2781583	0.6024103	0.3498721	0.0227238	0.5322291	0.8392745

0	0.0094491	0.6355617	1.0459758	0.0876986	0.4170952	0.0015965	0.0357302	0.0201856	0.7842026	0.5482911	0.1482550	0.1067167	0.0074763	0.0795139	0.9263252	0.4386615	0.5117037	1.0187251	0.9869150	0.9112762	0.0675828	0.6396705	0.9879649	0.9056811	1.0249936	0.8053086	0.8415975	0.0956169	0.2807776	0.0361236	0.3476186	0.0945586	0.7647381	0.8073502	0.2691465	0.9854445	0.2644993	0.7761342	0.3511720	0.0142404	0.9503393	0.3956488	0.0912837	0.0721673	0.8039584	0.5632487	0.5721011	0.9104100	0.8750489	0.3877912	0.0490860	0.3690556	1.0040851	0.0016799	0.7496314	0.4296180	0.7445798	0.3138374	0.4763448	0.9977159	0.8917758	0.5763065	0.2317245	0.3844034	0.5377636	0.4876338	1.0898320	0.8135737	0.5024926	0.0491368	0.3912071	0.2335426	0.3169327	0.9297559	0.3112694	0.3637340	0.9584119	0.1589398	0.2670455	0.6498318	0.7931145	1.0351174	0.1402507	0.6535788	1.0095359	0.4184859	0.2245238	0.5131035	0.6073464	0.7854143	0.4606182	0.1309775	0.4648780	0.5528648	0.0723851	0.5781484	0.2784400	0.0363961	0.5378107	0.9932421
50	0.0118691	0.6239073	0.8179546	0.1094072	0.4552459	0.0014950	0.0433903	0.0287839	0.8374337	0.4509490	0.0508908	0.0970781	0.0048353	0.0859171	0.8843727	0.3373176	0.3975044	1.0712216	0.8988559	0.8398389	0.1354899	0.6062850	0.9990146	0.8297782	0.8257255	0.6494680	0.8735888	0.0847583	0.2592847	0.0290666	0.3675416	0.0553109	0.7478696	0.7338191	0.2385126	0.9251468	0.2311863	0.7470733	0.4621451	0.0384123	0.9590230	0.4463959	0.1240258	0.2419509	0.6751875	0.4373503	0.6626163	0.8569306	0.8844684	0.3453507	0.1291747	0.4239212	1.0280487	0.0014180	0.7021069	0.5123146	0.8129002	0.2832012	0.3621673	1.0369358	0.8864729	0.6543463	0.2470004	0.2501349	0.5653174	0.6148276	1.0191815	0.8677916	0.4990650	0.0728675	0.4748660	0.1938547	0.2654287	0.8854010	0.3762112	0.4862416	1.0055259	0.5555952	0.2665930	0.5866658	0.8008019	0.9546324	0.0973337	0.6716274	1.0002889	0.3756042	0.2517824	0.4340359	0.6253933	0.6806825	0.5203658	0.2289142	0.4720659	0.5995725	0.1325392	0.6470533	0.3111680	0.0309714	0.4749203	1.0919974
100	0.0100961	0.5539152	0.5004519	0.1946790	0.5163171	0.0005839	0.0403247	0.0257845	0.7678012	0.5218271	0.0450570	0.1061248	0.0024480	0.0902203	0.9251321	0.1991147	0.3800333	1.0306929	0.9277036	0.8176782	0.2470132	0.6027323	0.9749335	0.8809815	0.7821083	0.7048452	0.8911939	0.1011063	0.2745169	0.0441249	0.3913353	0.0625770	0.8314202	0.5349291	0.2199610	0.7914853	0.1462393	0.7626460	0.4890126	0.0356507	0.9105540	0.4559666	0.1835231	0.3460218	0.8542639	0.4641210	0.6585902	0.9313507	0.7848234	0.3836124	0.1664806	0.3757621	0.9643173	0.0008373	0.7062294	0.5084926	0.7453025	0.2603247	0.2644079	0.9468545	0.8791281	0.6973712	0.1576291	0.3110485	0.5251554	0.6658545	0.9904283	0.7368753	0.5170366	0.0754701	0.5067014	0.1831852	0.2376846	0.9440553	0.3585729	0.4922388	1.0476486	0.7312535	0.3101454	0.5367253	0.9595021	0.9290696	0.0798424	0.6343808	0.9109585	0.3187593	0.2918960	0.5025087	0.3802510	0.7966241	0.4691540	0.2891049	0.4526651	0.6623602	0.2191359	0.5913814	0.2390294	0.0424384	0.4103879	0.8919688
150	0.0067681	0.5138712	0.3511249	0.2752346	0.5306798	0.0045173	0.0510754	0.0269950	0.8595408	0.5024627	0.0302849	0.0891131	0.0039782	0.1147479	0.8939380	0.0798006	0.4302022	1.1037532	0.9247827	0.8535644	0.3124241	0.6480240	0.9657237	0.9323207	0.8321289	0.6816704	0.9210753	0.1088690	0.2647659	0.0759920	0.4266434	0.0594662	0.9011077	0.4481023	0.2182295	0.7918148	0.1836866	0.7701102	0.5558812	0.0509193	0.9824357	0.4585985	0.4466650	0.3683944	0.8918898	0.4378962	0.6512118	0.8689157	0.8014009	0.4928740	0.1903151	0.3052597	1.0434480	0.0072384	0.6774867	0.4275207	0.7441206	0.3134352	0.2727350	1.0481607	0.9304250	0.8888575	0.0959863	0.3286163	0.5632746	0.5949594	0.9884711	0.6736201	0.5085733	0.0398692	0.5724875	0.2281801	0.2564235	0.9899738	0.3803543	0.4344216	1.0257877	0.7988298	0.3316779	0.4214939	0.7549372	0.8666023	0.0746719	0.6637780	0.8373951	0.3590091	0.2749501	0.5529427	0.2354744	0.8470133	0.4825014	0.3344337	0.4871590	0.5956895	0.3377290	0.5968846	0.2453804	0.0468369	0.3802129	0.7669391
200	0.0046810	0.4857317	0.2519131	0.3040145	0.4255536	0.0052555	0.0417735	0.0147450	0.7077548	0.5503890	0.0564796	0.1347249	0.0033191	0.1090714	1.0392922	0.0277643	0.3816576	1.1362246	0.9791080	0.8967123	0.3345494	0.6412288	0.8532100	0.8986587	0.8156869	0.6287896	0.8615251	0.1172128	0.3339497	0.0970051	0.5074358	0.0718426	0.9797699	0.4143752	0.2344291	0.7319997	0.2406611	0.7033643	0.4337678	0.4291652	1.0134233	0.3731380	0.6227089	0.4154958	0.8209187	0.4236317	0.6172762	0.7851325	0.8598406	0.4436893	0.1766607	0.3317884	1.0339443	0.0084290	0.5946921	0.4309573	0.7381267	0.4145715	0.3187195	1.0305897	0.9822575	0.8371724	0.0734937	0.3711834	0.5651999	0.4873284	1.0044975	0.7939465	0.6184743	0.0236193	0.5130079	0.2052553	0.2856286	0.9479268	0.3832138	0.4299945	1.0597416	0.8003357	0.2692919	0.3853716	0.7559152	0.9832987	0.0693964	0.6241188	1.0153512	0.3653083	0.2941540	0.4738413	0.1643285	0.9500270	0.5873441	0.3270915	0.5007061	0.5608667	0.6029906	0.5828840	0.3392490	0.0182587	0.2549108	0.7539115
250	0.0107232	0.3257842	0.2321273	0.3081895	0.4679777	0.0057750	0.0275488	0.0075530	0.6671269	0.6677662	0.0403372	0.1216120	0.0004189	0.0866523	0.8752193	0.0111134	0.4162974	1.0427277	1.0462969	0.7989532	0.3510689	0.5417041	0.7098106	0.8531262	0.8740838	0.6819212	0.8265494	0.1743747	0.3626940	0.0871240	0.4890077	0.0546838	0.8890260	0.3711109	0.2405685	0.9586212	0.2606780	0.6668468	0.6128227	0.7764999	0.9834427	0.3277233	0.7662787	0.5193927	0.8138733	0.5584749	0.5706055	0.8214488	0.8199661	0.4297516	0.2060121	0.3494775	1.0997535	0.0135177	0.6781129	0.4543787	0.6912106	0.4837931	0.2904767	0.9865173	0.9928380	0.7176606	0.0660487	0.3964630	0.5466665	0.3016677	0.9696887	0.7755446	0.6844770	0.0458322	0.5519816	0.2348213	0.3296176	0.9835717	0.3423947	0.5354162	1.0137158	0.8556294	0.2661913	0.3945399	0.7952372	0.9126354	0.1148932	0.5863479	1.0105460	0.3021858	0.2202395	0.4221960	0.0773861	0.9640098	0.5539144	0.3505386	0.6150887	0.5438736	0.6679878	0.6046943	0.4722079	0.0197446	0.1571622	0.7560277
300	0.0103173	0.2644925	0.2586085	0.3259099	0.4461720	0.0014353	0.0281919	0.0117254	0.6673637	0.6359793	0.0439607	0.1449478	0.0025560	0.1114809	0.9586228	0.0130876	0.4060087	1.0295495	0.9960190	0.8572223	0.2941012	0.5101289	0.6225564	0.7790214	0.8582302	0.7023647	0.7788473	0.2981212	0.3209709	0.1305214	0.5562086	0.0572223	0.8466924	0.3490993	0.2246462	0.8722784	0.3141442	0.6529234	0.6181139	0.9711352	0.8991962	0.2417848	0.8916720	0.4496667	0.7940068	0.4836385	0.5973493	0.8667853	0.8887050	0.4646004	0.2248522	0.2942165	0.9811790	0.0102380	0.3691803	0.4180840	0.6292457	0.5219109	0.2487345	1.0129959	0.9939743	0.6413120	0.0981126	0.3647714	0.5417336	0.2149783	0.9656183	0.6885263	0.8041489	0.0383716	0.5033633	0.1712772	0.3318907	1.0938590	0.3226594	0.5484248	0.9360115	0.9138080	0.3093391	0.4050011	0.7565604	0.7933195	0.1483437	0.6992797	0.9838280	0.3438830	0.1876694	0.3377804	0.1046923	0.9398221	0.5170064	0.3590068	0.6674245	0.5550754	0.7063239	0.5675166	0.5542142	0.0232359	0.0868220	0.7226486
350	0.0224504	0.2077528	0.2818541	0.3973789	0.4532970	0.0002674	0.0260443	0.0074423	0.6440473	0.5914966	0.0517471	0.1204285	0.0021881	0.1194258	0.9062305	0.0049276	0.4555863	1.0030290	0.9896337	0.9384228	0.2558758	0.5565111	0.6283131	0.8286118	0.8127036	0.6041456	0.7786343	0.3674232	0.2921289	0.1527789	0.5453777	0.0542258	0.8457853	0.4626899	0.2289970	0.9195241	0.3087348	0.6577892	0.5912347	0.9845247	0.9616588	0.2927508	0.8644041	0.4219386	0.6994217	0.5988865	0.6567038	0.8767788	0.8778030	0.5001865	0.2223195	0.2814675	0.9788284	0.0206509	0.2188187	0.3506880	0.6378042	0.5687054	0.2649931	1.0166302	0.9498511	0.5796835	0.0670123	0.3340914	0.5460512	0.2248297	0.9956427	0.6339720	0.9222353	0.0262892	0.5270734	0.2005365	0.2770794	1.1538561	0.3487361	0.5913569	0.9275183	0.8860421	0.3245964	0.3598613	0.7605508	0.7591219	0.1616495	0.6066441	0.9191390	0.3763141	0.1848890	0.3371504	0.0700084	0.9333850	0.4808465	0.3444322	0.7314088	0.5073018	0.6943482	0.4757942	0.5834239	0.0302190	0.0482057	0.7305280
400	0.0163707	0.1944692	0.2352073	0.4358057	0.5275761	0.0075046	0.0280624	0.0076026	0.6792669	0.5697025	0.0337503	0.0890956	0.0016909	0.1228051	1.0120292	0.0133361	0.4778582	0.9623995	0.9790460	0.7932895	0.2425372	0.5976532	0.6293461	0.7041477	0.8819806	0.6655051	0.7999941	0.4275653	0.2407581	0.1463974	0.5682826	0.0300931	0.9646506	0.4396438	0.1818410	0.8347358	0.3335436	0.7268322	0.6011523	0.9662514	0.9879371	0.3092257	0.8314179	0.4046545	0.6439793	0.4988893	0.6300781	0.8294652	0.8694571	0.4462853	0.2462585	0.2766999	0.9978535	0.0192385	0.1399895	0.3030751	0.5979826	0.6199234	0.2166749	0.9886542	0.9321832	0.5303823	0.0708060	0.4067626	0.5292805	0.1641827	0.8529285	0.5277823	0.9539663	0.0639124	0.4839321	0.2136878	0.2679577	1.0777824	0.3465539	0.5598845	0.9395264	0.8444934	0.3956935	0.3505866	0.7621416	0.8502532	0.1650709	0.5787071	0.9959887	0.3802469	0.1412874	0.3096391	0.0548223	0.8605939	0.4134836	0.2804470	0.8002801	0.5430281	0.7229743	0.5668477	0.6834403	0.0291355	0.0288705	0.8105855
450	0.0168929	0.2265068	0.2892625	0.3849237	0.5748821	0.0052112	0.0171422	0.0099066	0.6231392	0.6144948	0.0278989	0.0707675	0.0094708	0.1389239	1.0800881	0.0071702	0.5631444	0.9255054	0.9516103	0.8514781	0.2599647	0.5223608	0.5913568	0.5794924	0.8392387	0.5973760	0.8061636	0.4592698	0.2442792	0.1679097	0.5252451	0.0377310	0.9710029	0.4127605	0.2392464	0.7999231	0.2592007	0.6923281	0.5689465	0.9339369	0.9925598	0.3279410	0.8723585	0.4080179	0.6774539	0.4874269	0.5901313	0.9137193	0.9492361	0.4059079	0.2058790	0.2885198	0.9442651	0.0113965	0.0908533	0.3518729	0.6432009	0.5761842	0.2338882	1.0397169	0.9067094	0.4946332	0.0584087	0.4154895	0.5081325	0.1784592	0.9866818	0.4879821	0.9841228	0.0321353	0.5122154	0.1741826	0.3263533	1.0144530	0.3178806	0.4477913	0.9492437	0.8446876	0.3565135	0.3350795	0.7938566	0.8857674	0.1712637	0.6470200	0.9264960	0.3654241	0.1400219	0.2934281	0.0280564	0.9570467	0.3434519	0.3143249	0.7252116	0.5535805	0.8396951	0.5340024	0.6336366	0.0345056	0.0222097	0.7148399
500	0.0117866	0.2254304	0.2516507	0.4127782	0.5869524	0.0033055	0.0202639	0.0167055	0.6524334	0.6300620	0.0385120	0.0964627	0.0013001	0.0885999	1.0978893	0.0055107	0.5688128	0.9689874	0.9491590	0.7886479	0.2534750	0.5125861	0.5586018	0.5182819	0.8833512	0.6245501	0.8500286	0.4457421	0.3491304	0.1574442	0.5397533	0.0376147	0.9583555	0.4074555	0.2215221	0.8012924	0.2058363	0.7791408	0.5289813	0.8700920	0.9201815	0.2564972	0.9148707	0.3926271	0.7238930	0.5234542	0.5379130	0.8914554	0.9653506	0.4195118	0.1692749	0.3038492	0.9644638	0.0193762	0.0795995	0.4053712	0.7281968	0.6247375	0.2698908	0.9208115	1.0689191	0.5539152	0.0723445	0.3601679	0.5917066	0.1747918	1.0269889	0.4930592	0.9718801	0.0274835	0.5191622	0.1447205	0.2592538	1.0888466	0.3209814	0.5646327	1.0070042	0.8800955	0.3725309	0.3692828	0.7972856	0.8963929	0.1329913	0.5352268	0.9719094	0.3836481	0.1562712	0.3422027	0.0369430	0.9726301	0.3440130	0.3449008	0.7614811	0.5544369	0.7953822	0.5238816	0.6318632	0.0205948	0.0212447	0.6478946
550	0.0222790	0.2181313	0.4868623	0.4652655	0.4429797	0.0013038	0.0221825	0.0146064	0.6484315	0.6012043	0.1146003	0.1145505	0.0048439	0.0805791	0.9653451	0.0275849	0.5711950	0.8935534	1.0280860	0.8358617	0.1754738	0.4291057	0.5722358	0.5858064	0.8877966	0.7047823	0.8194561	0.4249346	0.4032177	0.1214092	0.5523580	0.0577681	0.9170237	0.5417738	0.2311018	0.8886441	0.2177048	0.7830747	0.4681281	0.8325192	0.9422308	0.3102299	0.8493404	0.3135397	0.6598958	0.5185992	0.6684260	0.8221727	0.9884595	0.4240701	0.1449993	0.2369048	0.9366826	0.0272900	0.0722309	0.3974856	0.6933583	0.6129799	0.3943022	0.9572904	0.9431022	0.4232748	0.1118106	0.4339648	0.5927608	0.1176613	1.1098316	0.5182909	0.8345914	0.0302501	0.4692701	0.1636792	0.2590381	0.9838970	0.3429828	0.5728877	0.9308562	0.5083945	0.3447794	0.3757125	0.6969976	0.8806923	0.1443973	0.5844407	1.0117262	0.4075877	0.1565481	0.3056207	0.0582869	0.9224891	0.3572122	0.3255235	0.8042397	0.5674973	0.7952901	0.5259722	0.6227870	0.0090875	0.0174873	0.6355843
600	0.0350610	0.2940897	0.7295928	0.4669493	0.4555212	0.0001071	0.0191146	0.0281177	0.6618735	0.6017917	0.1478783	0.0904768	0.0180147	0.0783651	0.8633248	0.1816047	0.5062777	0.9762537	1.0757408	0.8234020	0.1626224	0.5242587	0.6442565	0.5361434	0.8622415	0.8215857	0.8585502	0.4266574	0.3274981	0.0915293	0.4895160	0.0637903	0.7904648	0.7443768	0.2415859	0.8664485	0.2380839	0.6142364	0.3528554	0.8019897	0.7751284	0.3388052	0.5863959	0.1549844	0.7030170	0.4810304	0.5771750	0.7615691	1.0129198	0.3726697	0.1055941	0.2035367	0.9049083	0.0108044	0.2877598	0.4417035	0.7359286	0.6411768	0.4890885	0.9442647	0.9213303	0.3026853	0.2592309	0.4504572	0.5560233	0.0874687	0.8538831	0.4773849	0.8328920	0.0332652	0.4699532	0.2288382	0.2843654	0.8699253	0.3203285	0.6154264	0.8668242	0.2527934	0.2734136	0.4082779	0.7415581	0.9017454	0.1401275	0.5218384	1.0512020	0.4046463	0.1575002	0.2842560	0.1867069	0.8830355	0.3916655	0.3276279	0.7446819	0.5210110	0.6294078	0.5672924	0.5958749	0.0150035	0.0194490	0.7141070
650	0.0433897	0.4254413	0.8798194	0.2835257	0.4425442	0.0003663	0.0349427	0.0173844	0.5667055	0.4584260	0.1168861	0.1000606	0.0139659	0.0905988	1.0401306	0.3148865	0.4580163	0.9953776	0.8823789	0.8100354	0.1021829	0.5522316	0.7446192	0.6276393	0.9075428	0.7257528	0.8510386	0.3905902	0.2733894	0.0874357	0.4854952	0.0716553	0.7018451	0.7614012	0.2337800	0.9216291	0.2099023	0.6769172	0.2795439	0.5629917	0.7477771	0.4030245	0.3009559	0.1083829	0.7169781	0.3796494	0.5376542	0.7484331	1.0200450	0.3337361	0.0942932	0.2130664	0.9314149	0.0024894	0.5429094	0.4195632	0.7226546	0.5996116	0.5389303	0.9746259	0.9067236	0.3095483	0.3600327	0.4156109	0.6285594	0.1791878	0.9722983	0.5893568	0.7239955	0.0454816	0.4006809	0.1596626	0.2481802	0.8939679	0.3334030	0.5606959	0.9255757	0.1697110	0.2126545	0.5052887	0.7321141	0.9876790	0.1163749	0.4295634	1.0195727	0.4385785	0.1624267	0.3020777	0.3608812	0.8369903	0.3693990	0.3504836	0.6394212	0.5043029	0.5958963	0.5982661	0.4403165	0.0230461	0.0304461	0.8027107
700	0.0281635	0.4664902	1.0439685	0.2335583	0.4727092	0.0010616	0.0306909	0.0148714	0.6555376	0.2587321	0.1509457	0.1115994	0.0019867	0.1142644	1.0970010	0.3536566	0.4371840	0.9581979	0.9318270	0.8745598	0.0917652	0.5517080	0.8426610	0.6946618	0.9305007	0.5711688	0.8089035	0.3039044	0.1951574	0.0526234	0.4252654	0.0872542	0.6772966	0.8091195	0.2470282	0.8291724	0.1594869	0.7494046	0.3508998	0.3098035	0.7712153	0.4648118	0.1850957	0.0928000	0.7732210	0.4545949	0.5549984	0.8014221	0.8725957	0.3093736	0.0695380	0.2506277	0.9902193	0.0148813	0.6422979	0.4712986	0.6437429	0.4728512	0.5057847	0.9533609	0.9663196	0.3875844	0.4578465	0.4035462	0.6004864	0.3499447	0.9665112	0.5979738	0.6508141	0.0297380	0.3623290	0.1981393	0.2287857	0.9224105	0.3197339	0.4481443	0.8743669	0.0930499	0.1586769	0.5270803	0.6611687	0.9955874	0.1145846	0.5373197	1.0133667	0.4057507	0.2202137	0.2943519	0.4838336	0.8915865	0.4085764	0.3841140	0.5756335	0.4560857	0.5279786	0.6046759	0.3208595	0.0331222	0.0224381	0.9445392
750	0.0224674	0.5660401	0.9443832	0.2030121	0.4233889	0.0029690	0.0256615	0.0255775	0.7459790	0.2245551	0.0936107	0.1202371	0.0020349	0.0933918	0.9367188	0.3373260	0.5332574	0.9531214	0.9244450	0.8908579	0.0893793	0.6510641	0.8404375	0.7736231	0.7694628	0.7609492	0.9852500	0.2651637	0.2281616	0.0549265	0.5304111	0.0860622	0.7780387	0.7587669	0.2335662	0.9224175	0.2073944	0.7227399	0.3528871	0.1149011	0.9171620	0.3808879	0.1204683	0.0596868	0.8493891	0.5691505	0.5622577	0.8766673	0.8935097	0.3184832	0.0469619	0.2522301	0.9338085	0.0046719	0.7248107	0.4513445	0.6793558	0.3791764	0.5727700	0.9711049	1.0150129	0.4747221	0.3068411	0.2726291	0.5927986	0.4459685	1.0028158	0.6137896	0.5950267	0.0389648	0.3546664	0.2510170	0.2062664	0.9818730	0.2534492	0.4278235	0.8470729	0.0773013	0.1961295	0.5236012	0.6737819	0.9910937	0.1230184	0.5560795	0.9678851	0.3454262	0.2201452	0.2941824	0.4936892	0.8143465	0.4715412	0.4408725	0.4903332	0.4539165	0.4114113	0.6746062	0.2626841	0.0284265	0.0311413	0.9230681
800	0.0253789	0.5836862	0.9169850	0.1662985	0.4495079	0.0001758	0.0338698	0.0188425	0.8967885	0.2879347	0.0960147	0.1085206	0.0017823	0.1045356	0.9278866	0.3764674	0.5302350	0.9635873	0.9567976	0.8995592	0.0624723	0.6529287	0.8459514	0.8632639	0.8028578	0.7646335	0.9996525	0.1969941	0.3123577	0.0634424	0.4371225	0.0788524	0.6213728	0.7771245	0.2928716	0.9594776	0.3317000	0.7591395	0.3624329	0.0399218	0.9218833	0.4346900	0.1031836	0.0448773	0.7959498	0.5414832	0.5310390	0.8531089	0.9043105	0.3482306	0.0428534	0.3390815	0.8480563	0.0043818	0.8118295	0.4154483	0.7482502	0.2901578	0.4544868	0.9410578	0.8047816	0.5423533	0.2870274	0.3641372	0.5892406	0.5289806	1.0244471	0.6894035	0.4593533	0.0306879	0.3436595	0.2162605	0.2335692	0.8599532	0.2687552	0.4850289	0.8230584	0.0965693	0.1937557	0.6419757	0.7573667	1.0000291	0.1195782	0.6159307	1.0458207	0.2878848	0.2433948	0.3260107	0.5632635	0.7419164	0.4696406	0.3555065	0.4517058	0.4950597	0.3431215	0.6965760	0.2052706	0.0349056	0.0958894	0.9968778
850	0.0105045	0.6239712	0.9905990	0.1577259	0.4692950	0.0019598	0.0277802	0.0179196	0.8657301	0.3627440	0.0937610	0.1188186	0.0058937	0.1146601	0.8414901	0.3651446	0.4653736	1.0005775	0.9494596	0.7994113	0.0454023	0.6256419	0.9417046	0.8811552	0.9222768	0.7050578	1.1177808	0.1435758	0.3635839	0.0403127	0.4661132	0.0991309	0.6496967	0.7943310	0.2491374	0.8832633	0.3489003	0.8175450	0.3456889	0.0302787	0.9134103	0.4032127	0.0906589	0.0593909	0.7544293	0.6039336	0.6004409	0.8266908	0.9108770	0.3422145	0.0547852	0.2927084	0.8931950	0.0010329	0.7575154	0.3973366	0.7841505	0.2247031	0.4305370	1.0495256	0.8240684	0.4712668	0.2199884	0.3382527	0.6043152	0.5603948	1.0380703	0.7279680	0.4866880	0.0391092	0.3940358	0.2368685	0.2848787	0.8984998	0.2853073	0.5130871	0.9014851	0.1670106	0.2392593	0.6499128	0.7554747	0.9718911	0.1044203	0.6716610	1.1043966	0.3264384	0.2499126	0.3264348	0.5651374	0.7051108	0.4684476	0.3278352	0.4332081	0.5661498	0.2782318	0.6826610	0.2814641	0.0302629	0.2843067	0.9687886
900	0.0088428	0.6192356	1.1099613	0.1072881	0.3810500	0.0000566	0.0225037	0.0250456	0.9118162	0.3838355	0.1360349	0.0919219	0.0000000	0.1169509	0.8911720	0.3588666	0.5267014	1.0074738	0.9915214	0.8504211	0.0726336	0.5682501	0.8926663	0.9387163	0.9595810	0.6063361	0.9484466	0.1448129	0.3415575	0.0464119	0.4813165	0.0894991	0.5917926	0.8106996	0.2736642	0.8630050	0.3304513	0.8178227	0.3068882	0.0100252	0.9563989	0.3486459	0.0652719	0.0625324	0.7049798	0.5128201	0.5315250	0.8648783	0.9097119	0.2812290	0.0657304	0.2692857	0.9151398	0.0034205	0.7945983	0.4106380	0.7429775	0.2467332	0.4123201	1.0673052	0.8047630	0.5701495	0.2460649	0.2579420	0.5259492	0.5197573	0.9786043	0.7045476	0.4883054	0.0492391	0.3567368	0.1371291	0.2460773	0.8357205	0.3090387	0.6168864	0.9903294	0.2412926	0.2679807	0.7279948	0.7491195	0.9290156	0.1104498	0.6695883	1.0684114	0.2844438	0.2433716	0.4120632	0.6018869	0.8557872	0.4957061	0.3033649	0.4139800	0.5765304	0.2412479	0.5950391	0.1920962	0.0261484	0.3742421	0.9572302
950	0.0123783	0.5396863	0.9827682	0.1291090	0.4704705	0.0021870	0.0320478	0.0219329	0.8595046	0.4125353	0.1534712	0.1102402	0.0059600	0.1066763	0.8136896	0.4218909	0.4149711	1.0070559	0.9705016	0.8530095	0.0554351	0.6219833	1.0349177	1.0154800	1.0114928	0.7079476	0.9008188	0.1267365	0.3404866	0.0351238	0.3865016	0.1004706	0.7018102	0.8231314	0.2754196	0.8273834	0.2695717	0.8280297	0.2983843	0.0090061	0.9100180	0.3507087	0.0998262	0.1245563	0.7039173	0.5555052	0.5582474	0.8399280	0.8993295	0.3383416	0.0652794	0.2533610	0.9351691	0.0030866	0.8592033	0.4073568	0.6638199	0.2671083	0.4967269	1.0415990	0.7757542	0.5788045	0.2087555	0.2379336	0.5234059	0.4326190	1.0288610	0.6615802	0.4831720	0.0463012	0.3078991	0.1759441	0.2242692	0.9365775	0.3128457	0.6683365	0.9421183	0.2172672	0.2613858	0.6570608	0.8387119	0.9142257	0.0890861	0.7031597	0.9755480	0.3113738	0.2187489	0.4501330	0.5651079	0.8231726	0.4683366	0.1789855	0.4055298	0.5903864	0.1383584	0.4881982	0.2707267	0.0427106	0.4913673	1.0201099
1000	0.0101828	0.5955549	0.9423171	0.1263792	0.3451558	0.0012004	0.0470732	0.0248863	0.7333525	0.4628099	0.1517353	0.1395032	0.0019329	0.0975868	0.8848399	0.4124838	0.4486592	1.0411293	0.9335100	0.9488641	0.0513447	0.6007782	1.0990312	0.8815482	1.0260376	0.7411975	0.9994074	0.1043050	0.2353696	0.0357551	0.3629443	0.0859458	0.7434120	0.8072745	0.2536025	0.8780281	0.2914228	0.7597412	0.3395620	0.0135079	0.8391814	0.4383995	0.0753481	0.1048948	0.6713530	0.6331907	0.5717593	0.8862873	0.8872355	0.2904273	0.0686384	0.3459807	0.9503132	0.0043797	0.8122397	0.4217550	0.8197266	0.2669281	0.4506325	1.0030376	0.7639039	0.5427008	0.3164358	0.2766501	0.5205235	0.5218947	0.8792114	0.7104197	0.4075332	0.0447999	0.3005740	0.1864955	0.2453037	0.8857248	0.2582326	0.4721340	0.9395926	0.1999147	0.2814384	0.6272315	0.9292646	1.0140523	0.1077498	0.6477650	0.9311107	0.2876495	0.2460440	0.4315007	0.5124734	0.6721135	0.4859808	0.0837164	0.3739020	0.6245604	0.0749769	0.5348813	0.2239596	0.0380097	0.4637880	0.9928733

0	0.0094491	0.6355617	1.0459758	0.0876986	0.4170952	0.0015965	0.0357302	0.0201856	0.7842026	0.5482911	0.1482550	0.1067167	0.0074763	0.0795139	0.9263252	0.4386615	0.5117037	1.0187251	0.9869150	0.9112762	0.0675828	0.6396705	0.9879649	0.9056811	1.0249936	0.8053086	0.8415975	0.0956169	0.2807776	0.0361236	0.3476186	0.0945586	0.7647381	0.8073502	0.2691465	0.9854445	0.2644993	0.7761342	0.3511720	0.0142404	0.9503393	0.3956488	0.0912837	0.0721673	0.8039584	0.5632487	0.5721011	0.9104100	0.8750489	0.3877912	0.0490860	0.3690556	1.0040851	0.0016799	0.7496314	0.4296180	0.7445798	0.3138374	0.4763448	0.9977159	0.8917758	0.5763065	0.2317245	0.3844034	0.5377636	0.4876338	1.0898320	0.8135737	0.5024926	0.0491368	0.3912071	0.2335426	0.3169327	0.9297559	0.3112694	0.3637340	0.9584119	0.1589398	0.2670455	0.6498318	0.7931145	1.0351174	0.1402507	0.6535788	1.0095359	0.4184859	0.2245238	0.5131035	0.6073464	0.7854143	0.4606182	0.1309775	0.4648780	0.5528648	0.0723851	0.5781484	0.2784400	0.0363961	0.5378107	0.9932421
50	0.1276011	0.7818442	1.0541187	0.2580641	0.5377697	0.0003034	0.0391774	0.2919111	0.5820946	0.4149131	0.0932400	0.1000566	0.0007788	0.0701942	0.8105557	0.4594983	0.4795655	0.9734925	0.9344096	0.7592663	0.0546663	0.8396822	0.9321026	1.0331272	0.8221781	0.8920815	0.8891736	0.0906704	0.2259583	0.0619659	0.3392551	0.0669715	0.5667914	0.5331692	0.3745223	0.9818973	0.6580285	0.7674136	0.2445278	0.0326909	0.8907275	0.4456965	0.0908431	0.0833498	0.6304452	0.2626691	0.7299234	0.9777376	0.9864454	0.3666245	0.0912824	0.3475817	0.8161931	0.0010706	0.7230312	0.5630726	0.7935789	0.2774011	0.3993740	1.0400092	0.7571343	0.5579206	0.1810406	0.2604119	0.3521943	0.4780556	1.0303440	0.7564623	0.4601304	0.0653418	0.3839662	0.2145841	0.3404675	0.8844309	0.2643255	0.5116467	0.8243584	0.3457600	0.1968366	0.5492614	0.7796117	0.9165443	0.1423044	0.6642421	0.8753204	0.3992887	0.3432141	0.5284894	0.7819178	0.7231839	0.5654702	0.1961855	0.4404302	0.5631097	0.0739516	0.5713936	0.2175948	0.0179426	0.5809245	0.9942539
100	0.2566277	0.8737355	0.9453276	0.3867520	0.6054191	0.0006181	0.0903067	0.5495594	0.4041261	0.5008852	0.1267641	0.1126157	0.0096527	0.0132699	0.9426040	0.3358938	0.5662991	0.8650705	0.7880408	0.6906440	0.0506520	0.8585264	0.9588829	0.9485310	0.9058831	0.9459396	0.9020051	0.0728588	0.2531526	0.0742013	0.3730238	0.1541564	0.3628018	0.3334476	0.4981943	0.5977219	0.8607868	0.7816937	0.1964005	0.0235533	0.9307144	0.4687574	0.0735423	0.0939266	0.6828713	0.1352383	0.6364812	0.8324071	0.9384982	0.3748016	0.1985130	0.4275844	0.9345122	0.0250806	0.7543566	0.5371139	0.6896499	0.2336343	0.2935825	0.9890706	0.8882543	0.5242425	0.1516246	0.2835430	0.2900415	0.6095359	1.0004466	0.7560364	0.4211501	0.0654624	0.3653799	0.2427694	0.4661606	0.8348418	0.2491970	0.4659160	0.8709169	0.3953456	0.1658043	0.4968626	0.6645887	0.8425305	0.2422685	0.7160050	0.9247592	0.3988721	0.4347089	0.6045844	0.6901005	0.6924109	0.4735318	0.1862956	0.5678021	0.4882013	0.2246170	0.6458667	0.2303996	0.0255452	0.5712939	0.9993256
150	0.2994798	0.9154084	1.0311068	0.4742579	0.6634656	0.0018589	0.2746103	0.7232335	0.2529436	0.4760172	0.2577831	0.1059920	0.0055816	0.0076771	0.8341167	0.3043750	0.5113300	0.9814046	0.8101838	0.5406798	0.0913583	0.9641846	0.9698583	0.9814920	0.8529094	0.9658283	0.8906370	0.0874791	0.4344298	0.1353556	0.3893391	0.3765210	0.3289957	0.1890784	0.6530707	0.2760651	0.9153357	0.8722679	0.1256498	0.0273890	0.9518120	0.5618790	0.0643359	0.1425415	0.7883547	0.0669333	0.5950306	0.7553864	0.8330483	0.3284888	0.2164704	0.4362157	1.0249345	0.1636980	0.8325265	0.5378748	0.5885913	0.2915604	0.2422361	0.9575520	0.8792083	0.5038566	0.2023595	0.2962168	0.2119096	0.7947698	0.9555908	0.7766670	0.5426077	0.0668911	0.3201835	0.2580496	0.6204013	0.7813448	0.2611694	0.5687055	0.8789593	0.5363824	0.1070528	0.4929369	0.6667379	0.7825675	0.3018308	0.9179719	0.8627909	0.4562612	0.5805183	0.6963045	0.6701389	0.6908470	0.4364053	0.1169500	0.5633218	0.5893006	0.2741585	0.5944097	0.3169786	0.0423235	0.4969527	0.9843208
200	0.2878731	0.8395060	0.9436406	0.4978544	0.6851157	0.0286460	0.3926613	0.7103108	0.1914450	0.4958852	0.3971234	0.0864528	0.0079424	0.0024480	0.8166662	0.3166239	0.4507626	1.0653818	0.8022121	0.4927395	0.1583934	1.0150989	1.0453451	1.0404642	0.8451791	0.9499107	0.9116100	0.0876414	0.6438957	0.1556492	0.4574707	0.4825776	0.3264825	0.1636613	0.7720437	0.1226554	0.8695917	0.8335536	0.1472719	0.0215386	1.0450717	0.6181539	0.0678893	0.1431915	0.8445608	0.0867052	0.4785337	0.5500134	0.8003931	0.3186935	0.2157351	0.3769705	1.0139706	0.4032166	0.7448887	0.5057985	0.5862776	0.3034640	0.2334357	0.8497200	0.8404029	0.5149149	0.1830583	0.3231923	0.1281194	0.7444043	0.9749855	0.8137229	0.5250893	0.1758885	0.2682359	0.1673672	0.7800513	0.7509101	0.2187886	0.7068672	0.7653337	0.6466961	0.0682047	0.5543092	0.6320677	0.7239724	0.4140662	0.9987149	0.7531260	0.6038810	0.6418550	0.7768202	0.6891899	0.6097403	0.5311127	0.0735506	0.5918392	0.6259512	0.3501952	0.6314980	0.4032203	0.0507200	0.5104304	1.0646799
250	0.3293209	0.8614198	0.9750326	0.4509874	0.6310681	0.0634845	0.4224965	0.7735709	0.1692040	0.4980307	0.4349358	0.0883141	0.0045476	0.0096451	0.8948429	0.2800657	0.4544419	0.9874693	0.8020408	0.4760360	0.2008134	0.9824355	0.9926156	1.0556822	0.8530857	0.9777688	0.8078303	0.1053598	0.7463214	0.1628048	0.4785709	0.5399752	0.3060870	0.1250073	0.7755255	0.1027266	1.0125739	0.7443100	0.1308468	0.0299221	0.9991843	0.6446547	0.0935146	0.1254396	0.9599413	0.0739206	0.3707653	0.4221177	0.7735932	0.2487418	0.1832827	0.5139054	0.9591116	0.5480985	0.8492027	0.5388113	0.4438636	0.3819375	0.2661827	0.9107034	0.6305136	0.4631781	0.1933164	0.4122266	0.0843213	0.7723925	0.9521117	0.7525920	0.5394813	0.2232574	0.2693607	0.0970196	0.8931171	0.8175470	0.2608491	0.8157684	0.7704143	0.5650569	0.0466751	0.5619732	0.5657746	0.6379622	0.4413653	0.9744128	0.7266679	0.7060661	0.7046817	0.9072704	0.7255241	0.5139083	0.5529337	0.0485859	0.6074317	0.7373201	0.3669429	0.7686165	0.5369808	0.0376185	0.5295808	0.8951853
300	0.4094257	0.7795951	0.9218773	0.4804186	0.5115750	0.0711116	0.4973360	0.8340488	0.1400792	0.4449724	0.4119889	0.1113069	0.0062526	0.0104997	0.8999467	0.2629296	0.4522895	1.0040403	0.7852835	0.4614840	0.2530842	1.0561189	1.0642907	1.0711784	0.8388105	0.9325039	0.8143941	0.1059427	0.7170937	0.1303113	0.4841433	0.6029091	0.3072537	0.1095892	0.8868251	0.0906641	0.9464474	0.7619952	0.1208957	0.0316616	0.9299106	0.6507080	0.0845597	0.1639697	0.8495306	0.0992259	0.2982772	0.3975208	0.7550043	0.3044327	0.2160464	0.5232613	1.0175766	0.7132267	0.8886074	0.4417978	0.4766833	0.4398993	0.3095492	0.8748700	0.6083074	0.5540207	0.1377842	0.4211488	0.0786411	0.7397217	0.9091253	0.7312851	0.5638974	0.2527808	0.3068768	0.0554905	0.9090211	0.7481529	0.1924246	0.8934465	0.7943673	0.4731081	0.0544601	0.5432015	0.5526802	0.7196778	0.4518416	0.8755064	0.6929034	0.7255127	0.7644933	0.9449584	0.7397082	0.4113776	0.7308794	0.0499453	0.6121703	0.8256943	0.4843847	0.7356171	0.6906741	0.0549607	0.5016996	0.9641231
350	0.4620843	0.8742451	0.9933503	0.5970067	0.5142288	0.0694456	0.4626448	0.8446767	0.1239975	0.4808632	0.3877516	0.1246964	0.0051335	0.0022096	0.6811834	0.2868595	0.4210461	0.9940291	0.8404646	0.3990037	0.3079463	1.0011850	1.0091768	1.0650267	0.8915529	0.9539206	0.7859096	0.0927309	0.7147837	0.1226373	0.4978002	0.6614538	0.3309203	0.1394016	1.0595445	0.1008320	1.0002005	0.8593644	0.0528104	0.0308999	1.0522216	0.7197451	0.0600977	0.1947750	0.7815804	0.1331776	0.1867011	0.4142709	0.7312441	0.2766575	0.1908868	0.5085855	0.9528981	0.7047172	0.8980600	0.3733775	0.4717147	0.4361321	0.3592633	0.9179006	0.5231592	0.5101686	0.1792255	0.4020566	0.0599558	0.6948758	1.0072269	0.6711535	0.6024873	0.3318671	0.3221349	0.0416784	1.0186800	0.7532827	0.1710461	0.9003921	0.7889222	0.5640809	0.0345026	0.5380481	0.5536533	0.7484518	0.4691246	1.0343367	0.7202331	0.7065896	0.8167975	0.8125532	0.8193291	0.4699000	0.6017696	0.0671763	0.5208857	0.8434091	0.4812659	0.7399458	0.7236187	0.0486059	0.4743664	1.0971549
400	0.4513597	0.8974036	0.9931764	0.5381833	0.4942874	0.1016812	0.5811694	0.8408867	0.1243045	0.4077798	0.3475897	0.0825804	0.0104910	0.0046362	0.7058132	0.3679266	0.3808276	1.1054991	0.8278356	0.5631537	0.2916455	1.0164776	0.9716294	1.0560074	0.7860500	1.0762511	0.6422447	0.0483740	0.6824517	0.1423877	0.4257067	0.6184855	0.3418159	0.1534105	0.9483693	0.1144922	0.9954452	0.7796716	0.0924280	0.0130500	1.0196107	0.7024530	0.0843490	0.1560256	0.7239560	0.1104252	0.1960352	0.4227694	0.7242653	0.2748730	0.2037162	0.5172444	0.9707706	0.7488807	0.9792655	0.3593517	0.4166547	0.3635193	0.4215118	0.8350936	0.4728316	0.4584933	0.1322371	0.3632404	0.0642987	0.6809240	1.0332662	0.6107943	0.5957662	0.3436870	0.3247263	0.0450044	0.9620207	0.7671658	0.1977469	0.8713028	0.8852836	0.6213163	0.0653052	0.5656306	0.6319769	0.9011296	0.5029827	1.0025206	0.6890841	0.7352053	0.7350656	0.8953318	0.7276539	0.3980054	0.6620561	0.0755472	0.5458805	0.8783192	0.3944192	0.6645331	0.6763663	0.0308370	0.4880647	1.0585625
450	0.4386058	0.9042049	1.0389865	0.4885351	0.4711079	0.1328630	0.4841471	0.7936319	0.1639785	0.4804269	0.3912882	0.0882271	0.0353313	0.0042829	0.7637466	0.3137025	0.3842876	1.0399550	0.7377910	0.5660588	0.3563661	0.9848622	0.9042852	1.1119387	0.7555898	1.0108373	0.7337468	0.0767610	0.7527121	0.1914696	0.5133505	0.6294500	0.3488645	0.1785024	0.8968076	0.1512385	1.0661813	0.7909808	0.1234469	0.0110432	0.9166730	0.6725931	0.0750631	0.1860753	0.7487682	0.1210016	0.1504114	0.3894411	0.6491213	0.3353160	0.2089567	0.5251096	0.9658123	0.8572593	0.8509008	0.3412757	0.4742519	0.3857498	0.4491024	0.8585503	0.4452911	0.4371700	0.1488816	0.3645784	0.0929054	0.6606161	0.9690375	0.6880264	0.6021694	0.3749697	0.3375518	0.0673762	1.0298493	0.7998434	0.2179880	0.8092687	0.8270440	0.5359101	0.0621070	0.7060434	0.5429835	0.7772865	0.5118164	0.9849072	0.6710007	0.7435634	0.7063725	0.9330549	0.7090345	0.3326263	0.5988310	0.1086289	0.5678682	0.8205098	0.5371032	0.7074786	0.7311493	0.0515084	0.4970202	1.0666407
500	0.3637112	0.9586184	0.9515324	0.4713915	0.3874727	0.1285320	0.4692512	0.8265857	0.1370263	0.4444883	0.3405660	0.0649835	0.0427614	0.0047648	0.7503991	0.3442750	0.3824126	1.1194115	0.7707350	0.6016206	0.4132554	1.0160218	0.9684056	0.9274308	0.7015116	0.9916324	0.6945858	0.0785159	0.7806961	0.1688704	0.4431698	0.6433494	0.2897655	0.1543765	0.9417553	0.1521588	0.9983544	0.8092802	0.1419597	0.0280154	0.9551281	0.6662344	0.0670582	0.1213807	0.7770056	0.1131344	0.1530700	0.3544615	0.6701167	0.3242416	0.2410793	0.4600648	0.9776727	0.9034387	0.7964839	0.3311423	0.4430704	0.4189402	0.5214769	0.8552068	0.5213970	0.3599502	0.1610398	0.3765455	0.1019397	0.6366504	1.1137016	0.6398059	0.5364808	0.3988665	0.3553159	0.0752573	0.9458545	0.9341435	0.2661032	0.7935793	0.7641427	0.5027774	0.0316327	0.6530430	0.5915976	0.7539505	0.4782343	0.9332787	0.6100516	0.7823100	0.7216601	0.8815443	0.7150452	0.3685531	0.5013050	0.1540972	0.5435853	0.9181253	0.4469934	0.7374971	0.7094682	0.0382354	0.4330848	1.2113841
550	0.3609853	0.7758783	0.9948029	0.3966398	0.3165723	0.1326508	0.4323154	0.5727197	0.3774808	0.2796600	0.3669129	0.0747824	0.0286464	0.0512472	0.7914591	0.2945825	0.4679974	0.9884818	0.7534726	0.6773041	0.3738283	0.8831729	0.9915544	0.8949527	0.6872668	0.7805930	0.7351685	0.0881383	0.7688736	0.1842016	0.4598457	0.6958972	0.3762968	0.4552123	0.8802215	0.2630230	0.5381891	0.8357538	0.2057164	0.0184632	1.0315848	0.7017079	0.0567454	0.1814925	0.7817864	0.5793625	0.1605934	0.3360540	0.6064416	0.3483338	0.1848401	0.4891670	0.9505895	0.9190150	0.9946371	0.2439849	0.4631901	0.3944827	0.5898420	0.9313936	0.4980550	0.4040603	0.2312627	0.3690159	0.2358395	0.5495002	1.0078970	0.7035440	0.4782654	0.4225026	0.3974940	0.0484307	0.8683899	0.7468886	0.2419019	0.8366385	0.7354419	0.4578360	0.0620774	0.5600058	0.6429914	0.7496372	0.3906374	0.9595964	0.5771013	0.6883492	0.6315185	0.8098500	0.5016736	0.4551336	0.5668027	0.1799167	0.5341466	0.9635074	0.4164539	0.7519181	0.6947646	0.0294507	0.4651147	1.0556091
600	0.2418207	0.7419666	1.0455978	0.2033574	0.2144407	0.1336534	0.3844715	0.3231632	0.6202740	0.1304101	0.2245905	0.0799966	0.0600295	0.1110982	0.6531286	0.3258681	0.5134478	0.9546746	0.8699074	0.8870779	0.3522542	0.7463236	0.9491423	0.9643792	0.7540300	0.7085194	0.7536001	0.0752459	0.8217752	0.1289098	0.4235200	0.6237366	0.5766345	0.8204740	0.8758362	0.6066370	0.4360503	0.8683480	0.2585855	0.0215161	1.0239288	0.5849426	0.0621051	0.1387154	0.8109831	0.8118654	0.1742729	0.4440690	0.6385375	0.3172913	0.1065538	0.5067342	0.9942700	0.8155576	0.8997560	0.1628421	0.5682647	0.3749367	0.6899822	1.0285445	0.4771273	0.5120933	0.3808483	0.3774617	0.3849941	0.3433353	0.9720981	0.7606799	0.5031380	0.4515626	0.4137769	0.0880280	0.7913216	0.7959041	0.2329151	0.7779518	0.8203559	0.4805602	0.1612856	0.5908142	0.7609845	0.9859358	0.3114637	1.0200513	0.7080720	0.6745377	0.5613961	0.7119075	0.4901679	0.4407469	0.5181405	0.1993299	0.4034047	0.9457205	0.3473593	0.7536002	0.5458489	0.0371134	0.3996870	0.9510668
650	0.2127110	0.6918467	0.9903733	0.1738662	0.1604648	0.1001722	0.2529742	0.1513845	0.7603622	0.0822617	0.1489941	0.0855919	0.0267458	0.1617603	0.7647328	0.3831997	0.5645024	0.8499273	0.9135036	0.9292449	0.2853328	0.7069454	0.9841591	1.0028751	0.7568295	0.6201874	0.8432793	0.0714252	0.7322718	0.0899595	0.5681442	0.3918913	0.6134344	0.9512534	0.6121248	0.8964840	0.7228475	0.8076417	0.3099635	0.0362586	0.9653823	0.5301237	0.0959185	0.1425256	0.6743872	1.0087136	0.2008232	0.5960823	0.7175407	0.2211808	0.0645700	0.4154832	0.8357313	0.5516593	0.8163256	0.0846762	0.6676819	0.2847259	0.7384775	0.9333205	0.4819699	0.5934839	0.4166893	0.3410864	0.4676074	0.3339481	1.0420082	0.7373219	0.4680692	0.4899987	0.4559332	0.1602450	0.6627831	0.8397988	0.2647329	0.6712509	0.8465315	0.4987828	0.2701143	0.6673054	0.7889200	1.1025707	0.2259394	1.0097571	0.7689902	0.6249418	0.5511595	0.5730837	0.5155543	0.5547169	0.4262317	0.1828757	0.4126017	0.8715716	0.2599910	0.8124431	0.3988336	0.0293217	0.4983093	0.8882657
700	0.1719009	0.6802470	0.9809703	0.1396996	0.1555492	0.0579432	0.0985605	0.0779213	0.9700340	0.0904914	0.1309825	0.0825259	0.0238972	0.1096730	0.8227440	0.4503599	0.5161533	0.9843977	1.0000555	1.0682383	0.1911376	0.5844147	0.9858501	1.0041823	0.8028172	0.6364894	0.9093182	0.0880542	0.7675053	0.0999008	0.5726320	0.2483797	0.5984733	0.9202037	0.4476422	0.9927189	0.7228314	0.8086665	0.2695774	0.0328366	1.0272165	0.4291610	0.1064130	0.1511291	0.5957333	0.9856654	0.2697941	0.6996700	0.7547664	0.2404838	0.0758525	0.3472626	0.7946628	0.3163589	0.8031272	0.0697206	0.7405010	0.3046468	0.7453847	0.9836887	0.5832558	0.6647107	0.3539091	0.2793833	0.4850556	0.4664455	0.9997437	0.8267827	0.5140693	0.3880462	0.4173842	0.2441043	0.5677295	0.8805058	0.2892950	0.8827388	0.8387114	0.4065037	0.3266954	0.7153274	0.8972214	1.0181982	0.1599556	1.0611993	0.8313650	0.4644883	0.4486189	0.4646770	0.3377554	0.6488462	0.4401327	0.3202141	0.3545084	0.8121090	0.2265024	0.8108345	0.2786157	0.0435403	0.4455473	0.9496914
750	0.1402225	0.7146936	1.0046388	0.1835675	0.2770046	0.0329297	0.0488213	0.0422442	0.9480921	0.0618195	0.1715599	0.1035257	0.0249099	0.1281150	0.8144883	0.5217196	0.4620309	0.9488499	1.0109696	1.0095092	0.1152231	0.6308540	0.9669278	1.0332038	0.8579127	0.6732373	0.8695084	0.0862346	0.6901888	0.0967877	0.5391420	0.1809799	0.5655868	0.8747164	0.3821343	1.0391222	0.7481035	0.7030365	0.3556995	0.0112588	0.8963987	0.4628276	0.1006091	0.1704852	0.6100713	0.9613214	0.4607818	0.7575870	0.8407170	0.2972293	0.0849902	0.3622289	0.7680830	0.2418252	0.7627006	0.1072253	0.7773716	0.3232251	0.6641175	0.9659901	0.5681862	0.5985073	0.3348623	0.2778122	0.5346851	0.5242132	0.9166587	0.8807208	0.6145874	0.2314804	0.3942812	0.2374802	0.5739527	0.8583441	0.2747000	0.7430122	0.9236837	0.2920102	0.4330394	0.7539728	0.9330212	0.9201299	0.1440225	0.9414278	0.9461692	0.3648170	0.4834276	0.4110680	0.3231758	0.6183154	0.4597775	0.3418787	0.3593568	0.7249651	0.2065089	0.6701296	0.2816922	0.0297322	0.4514520	0.9603609
800	0.1108431	0.6623454	0.9818621	0.2773359	0.4065720	0.0179305	0.0219655	0.0200406	1.0566145	0.0632304	0.1584609	0.1182115	0.0054222	0.1199513	0.8769964	0.5622437	0.4623504	1.0365690	0.9664401	0.9739463	0.0887782	0.6887179	0.9684217	1.0129647	0.7176621	0.6240327	0.7985457	0.1048138	0.5422823	0.0682445	0.4484968	0.1818224	0.6636935	0.9199833	0.2811412	0.9893392	0.6497138	0.6842558	0.3698886	0.0339146	0.8705717	0.4083588	0.1156417	0.1710411	0.5377895	0.7350984	0.5407219	0.8574686	0.9254047	0.2884757	0.1477455	0.3499623	0.7518698	0.1437965	0.6650646	0.1192642	0.7730420	0.2927428	0.5072133	0.9844002	0.6250020	0.6230156	0.3817162	0.3174086	0.5462504	0.5689629	1.0157793	0.8395520	0.5516718	0.1198471	0.3817011	0.2715180	0.4624322	0.9390325	0.2558379	0.7156331	0.9752520	0.3096574	0.4700874	0.6985640	0.9064245	1.0660767	0.1689575	0.9593055	0.9824772	0.2646619	0.4218974	0.3740395	0.2968625	0.5976376	0.4624990	0.3212924	0.4191326	0.7077687	0.2580871	0.6670156	0.2710589	0.0373900	0.4984303	0.9104885
850	0.0898384	0.6472474	0.9227177	0.2624782	0.5093355	0.0177123	0.0320803	0.0159535	1.0698918	0.0765359	0.1991420	0.0917226	0.0064289	0.1547313	0.8880218	0.5480589	0.4402566	1.0516589	0.9518018	0.8122636	0.1089110	0.6251378	0.9371200	0.9907949	0.7204692	0.6842991	0.9210711	0.1115864	0.4792936	0.0695999	0.4815158	0.1465229	0.6146205	0.8677090	0.2432957	0.9338175	0.4654629	0.7790054	0.3773367	0.0263403	0.9369895	0.4769465	0.1106517	0.1909727	0.5597782	0.6395038	0.4957806	0.8895624	1.0558315	0.2674409	0.1647046	0.4099408	0.6780247	0.0947568	0.7555453	0.2217459	0.8164390	0.2608893	0.4453611	0.9918892	0.6708186	0.5825692	0.3408598	0.3080366	0.5853199	0.5834518	0.9088187	0.6651372	0.5144395	0.0774686	0.3837997	0.2704951	0.4108650	0.8472376	0.2280264	0.6973313	0.8989927	0.2753701	0.4158264	0.7050119	0.8253820	1.1500104	0.1611061	0.8400926	0.9684375	0.3465222	0.3212085	0.4115127	0.3899963	0.5709970	0.4390831	0.3659565	0.4420387	0.5956704	0.3251646	0.6389181	0.2925951	0.0389644	0.5627465	0.8405418
900	0.0602355	0.6465939	0.9352354	0.2796965	0.4839065	0.0074287	0.0365711	0.0245290	1.1065028	0.0718242	0.2163793	0.0856241	0.0078609	0.1104456	0.8891905	0.5524370	0.4651321	0.9838698	1.0126213	0.8959490	0.0908043	0.7082650	1.0120336	1.0698861	0.7239170	0.7325172	0.8580976	0.0652029	0.4626622	0.0556588	0.4663469	0.1244458	0.5877739	0.9426424	0.2185613	1.0251317	0.4129879	0.7689055	0.4157415	0.0185592	0.9340429	0.5326007	0.1200953	0.1442200	0.6205900	0.5866092	0.5736446	0.7703516	0.9518508	0.3045261	0.1598113	0.4369820	0.6406391	0.0525444	0.7426010	0.2868629	0.7889292	0.3683655	0.4259010	0.9999103	0.7159687	0.5713417	0.4235050	0.3004044	0.5668160	0.5524432	0.9306324	0.7104676	0.5419060	0.0422003	0.3700507	0.2501491	0.3711630	0.8642235	0.2275615	0.8273692	0.8741291	0.2619233	0.3862797	0.6925186	0.8218204	1.0315003	0.1500823	0.9190720	0.9823376	0.2969087	0.2501403	0.3888012	0.3807577	0.6193365	0.3986764	0.3328953	0.4525380	0.5340376	0.3394262	0.6498202	0.3144430	0.0449347	0.5063775	0.7970572
950	0.0390900	0.5701356	0.9306382	0.2406174	0.4532037	0.0052505	0.0158363	0.0271546	1.0460918	0.0621358	0.1397987	0.0790509	0.0109419	0.0955031	0.7955748	0.4943517	0.4943204	0.9880500	0.9981356	0.8947203	0.0877994	0.6269899	1.0517619	1.0868728	0.8064243	0.7313578	0.7669419	0.1184662	0.3813921	0.0511280	0.3980515	0.1224548	0.5495665	0.8915174	0.2802292	1.0587372	0.4918103	0.8088874	0.3646542	0.0164343	1.0361608	0.4955045	0.0943127	0.1254149	0.6508106	0.6006614	0.5688971	0.7774782	0.8972739	0.3438722	0.1357291	0.4374657	0.6057920	0.0412215	0.7179683	0.2961325	0.7525261	0.3920354	0.4419445	0.9899333	0.6892826	0.6080580	0.4258596	0.3589290	0.6109744	0.5356632	0.9895067	0.6521043	0.4530495	0.0392581	0.3547394	0.2345404	0.3195921	0.9434381	0.2538870	0.6468415	0.8713040	0.1866437	0.3713073	0.6418484	0.8462180	0.9151407	0.1799110	0.8572861	0.9121571	0.2992685	0.2180783	0.3542361	0.4809268	0.5998366	0.4643592	0.3001239	0.3977821	0.6102940	0.2815494	0.6709102	0.3299220	0.0387397	0.5215807	0.8214908
1000	0.0315748	0.6198118	1.0066310	0.2268259	0.4815054	0.0012210	0.0273467	0.0146682	1.0631141	0.0839589	0.1487130	0.1031104	0.0063533	0.1072846	0.8097166	0.4754451	0.5377106	0.8672302	0.9260040	0.9430242	0.0801721	0.6247553	1.0284436	1.0335601	0.8367571	0.6125277	0.8345653	0.1165701	0.3173664	0.0514209	0.4217309	0.1501664	0.5880939	0.8488293	0.2572463	0.9819008	0.3783625	0.8485548	0.3662882	0.0149460	1.0037034	0.5317434	0.0795743	0.0900958	0.8050304	0.6213192	0.6300088	0.7816320	0.9317936	0.2608439	0.1241509	0.5058044	0.5781870	0.0167281	0.7790125	0.3101907	0.7604646	0.3470057	0.4985474	0.9756834	0.7608980	0.5965940	0.3212777	0.3774145	0.5934371	0.5514271	0.9898608	0.7652036	0.3891358	0.0401082	0.3468184	0.2583695	0.2721023	1.0261537	0.2585661	0.6522571	0.8668512	0.2710288	0.3173870	0.6374830	0.8059029	0.9739299	0.1551609	0.8273721	0.9118568	0.2942868	0.1882286	0.4230365	0.4423566	0.6031634	0.4692600	0.3299330	0.3923544	0.5914451	0.2651169	0.6017010	0.3762414	0.0191159	0.4687300	0.9713653

0	0.0094491	0.6355617	1.0459758	0.0876986	0.4170952	0.0015965	0.0357302	0.0201856	0.7842026	0.5482911	0.1482550	0.1067167	0.0074763	0.0795139	0.9263252	0.4386615	0.5117037	1.0187251	0.9869150	0.9112762	0.0675828	0.6396705	0.9879649	0.9056811	1.0249936	0.8053086	0.8415975	0.0956169	0.2807776	0.0361236	0.3476186	0.0945586	0.7647381	0.8073502	0.2691465	0.9854445	0.2644993	0.7761342	0.3511720	0.0142404	0.9503393	0.3956488	0.0912837	0.0721673	0.8039584	0.5632487	0.5721011	0.9104100	0.8750489	0.3877912	0.0490860	0.3690556	1.0040851	0.0016799	0.7496314	0.4296180	0.7445798	0.3138374	0.4763448	0.9977159	0.8917758	0.5763065	0.2317245	0.3844034	0.5377636	0.4876338	1.0898320	0.8135737	0.5024926	0.0491368	0.3912071	0.2335426	0.3169327	0.9297559	0.3112694	0.3637340	0.9584119	0.1589398	0.2670455	0.6498318	0.7931145	1.0351174	0.1402507	0.6535788	1.0095359	0.4184859	0.2245238	0.5131035	0.6073464	0.7854143	0.4606182	0.1309775	0.4648780	0.5528648	0.0723851	0.5781484	0.2784400	0.0363961	0.5378107	0.9932421
50	0.0090805	0.6726709	1.0716422	0.0988132	0.3167232	0.0021806	0.0235795	0.0238397	0.7531908	0.5035359	0.1149638	0.0933648	0.0170797	0.1107587	0.8873663	0.3706161	0.3575096	1.1270056	0.8606683	0.8631900	0.0835598	0.7017464	1.0038047	0.5361184	0.7354208	0.8116266	0.8424372	0.0654947	0.2480046	0.0812970	0.1775811	0.0842877	0.5198590	0.8890364	0.3209769	0.7880390	0.2000391	0.7311145	0.4495816	0.1415989	0.9172518	0.4361836	0.0690170	0.0667545	0.7868124	0.2652181	0.6167301	0.7239702	0.8162124	0.3297918	0.0457334	0.3027487	0.9595066	0.0062615	0.7721130	0.4223398	0.7966214	0.2837978	0.4524937	0.9426560	0.7096191	0.5083682	0.1526445	0.2733051	0.3166227	0.5516599	0.9920351	0.7475451	0.5595327	0.0614425	0.2613510	0.4172074	0.2825074	0.7938590	0.2536053	0.4114391	0.8621629	0.3497196	0.2284910	0.6552556	0.5835570	0.9169813	0.1023565	0.6933790	1.0268885	0.2642192	0.2987989	0.5536160	0.4666794	0.8534297	0.4741796	0.3217847	0.4456451	0.5486587	0.0925746	0.6221235	0.2669608	0.0370077	0.5424858	0.9838102
100	0.0129973	0.7230402	1.0748438	0.1092545	0.2185801	0.0011747	0.0472099	0.0188608	0.9250519	0.4296867	0.1591787	0.0950384	0.0109222	0.1122046	0.9143434	0.3788607	0.3065008	1.1177960	0.9888041	0.6010732	0.0559531	0.6649098	1.0506360	0.2299448	0.6318513	0.9528670	0.8518170	0.0784527	0.3878562	0.1053764	0.0707288	0.0951210	0.3543741	0.8353110	0.3259646	0.6397280	0.1299817	0.7242300	0.4660554	0.2470129	0.8658194	0.3952751	0.0649975	0.0480813	0.8416460	0.1198544	0.5582638	0.7534351	0.8287703	0.2977744	0.0687888	0.3291153	0.9860405	0.0426789	0.8255278	0.4645588	0.7495984	0.2766428	0.5281650	0.9312265	0.6535747	0.5433134	0.1623574	0.3339956	0.1935344	0.5034544	0.9643366	0.8495950	0.6818762	0.0802458	0.2059570	0.6644806	0.3259709	0.8423553	0.2587780	0.2803437	0.8726830	0.3650892	0.2030707	0.6321837	0.5475775	0.9546423	0.1116210	0.6747109	1.0068232	0.1642727	0.3231383	0.5570968	0.4560819	0.7697372	0.4634971	0.2943533	0.5042073	0.5182735	0.1749487	0.6522316	0.3073033	0.0193751	0.3206456	0.9921677
150	0.0125245	0.6106594	1.1189086	0.0753152	0.1404890	0.0041308	0.0285725	0.0300842	0.8753826	0.4516486	0.2279233	0.0964007	0.0050499	0.0956428	0.8679983	0.4141100	0.2741616	0.9768320	0.8059176	0.4505415	0.0685952	0.6420398	1.0305176	0.0896919	0.5651348	0.9792019	0.7334146	0.0882496	0.4455938	0.1057158	0.0605928	0.2174311	0.3558627	0.7405222	0.3949192	0.3129672	0.0698664	0.7861480	0.4487915	0.3011234	0.8930172	0.4158077	0.0543992	0.0349082	0.8476029	0.1586690	0.4921401	0.6753853	0.9448783	0.2665768	0.0888931	0.3584818	0.8437728	0.1366264	0.8116463	0.3992008	0.8589702	0.3130740	0.4617793	0.9469190	0.5563487	0.6077025	0.2726119	0.4798553	0.1001517	0.5644591	0.7945782	0.6782394	0.8217995	0.2216453	0.1368448	0.8672211	0.4711645	0.9420031	0.1773361	0.2313159	0.8669408	0.3586316	0.1398719	0.6780529	0.4128710	0.7956010	0.1220771	0.6181816	0.9546606	0.2025263	0.3687081	0.4924748	0.5269135	0.7636254	0.4832796	0.3475214	0.4495693	0.5843351	0.1917584	0.6106791	0.3542922	0.0457691	0.2101251	0.9487303
200	0.0311250	0.6535618	1.1078614	0.0335908	0.1333679	0.0049458	0.0424149	0.0303546	0.7909271	0.4881932	0.2847358	0.1085231	0.0029522	0.1109838	0.8380191	0.4485116	0.2862747	1.0359964	0.7330213	0.4142561	0.0614059	0.7404174	0.9862215	0.0705310	0.5159928	1.0574954	0.6639701	0.1155750	0.4950626	0.1266869	0.0917390	0.3701871	0.2981035	0.8501724	0.5281473	0.1989023	0.0879812	0.7317847	0.4886193	0.2576999	0.9123727	0.4701719	0.0495470	0.0240790	0.9348109	0.2039891	0.4594150	0.5561894	0.9203632	0.2524385	0.1316649	0.4034357	0.6759012	0.1660422	0.7686950	0.3104605	0.7671024	0.3755645	0.4799776	0.8350034	0.4056771	0.5953651	0.3015135	0.4700177	0.0362401	0.5158648	0.7956814	0.6670125	0.8133442	0.2824062	0.0596275	0.8190920	0.6204432	0.9140002	0.1890648	0.2327537	0.8310171	0.4431649	0.1074376	0.7328252	0.3947810	0.7736178	0.1316920	0.6664285	0.9825100	0.1770342	0.4383326	0.4781585	0.6750140	0.6168951	0.5684962	0.3447643	0.3685494	0.6202946	0.2343310	0.6302604	0.4144763	0.0799904	0.1117623	0.9573881
250	0.0168518	0.6930777	1.0305389	0.0580339	0.1350989	0.0001381	0.0381761	0.0291176	0.7327064	0.3907227	0.2326794	0.1007624	0.0037959	0.1051557	0.8047667	0.4929588	0.3101217	1.0857617	0.8189678	0.3985921	0.0547526	0.8233171	0.9642301	0.0210696	0.5396964	0.9104411	0.7036581	0.1266033	0.5681718	0.1458956	0.1076003	0.5333405	0.3465789	0.8883767	0.6519131	0.1840027	0.0790991	0.7983835	0.5090003	0.2559457	0.8656324	0.3839000	0.0845784	0.0304551	0.8928182	0.1855050	0.3325215	0.4002181	0.8779464	0.2965057	0.1580165	0.4164157	0.4868121	0.2840818	0.7100272	0.2135423	0.7575718	0.4256308	0.4578822	0.8791653	0.3351267	0.5906891	0.3523501	0.5026923	0.0134446	0.5214796	0.7350263	0.6564858	0.8929311	0.4117236	0.0334369	0.6285185	0.7017449	0.8609487	0.1375346	0.2632762	0.9024479	0.3893003	0.1314298	0.7707386	0.3717736	0.7275941	0.1394227	0.7231120	1.0509520	0.2120386	0.5118400	0.5643869	0.7661963	0.6943470	0.5948852	0.3770697	0.3464848	0.6733496	0.2408225	0.7879750	0.5452733	0.0686710	0.0582376	0.9907009
300	0.0248557	0.7283241	1.0562783	0.0351850	0.1402752	0.0003193	0.0321720	0.0152584	0.7862419	0.4537166	0.1899230	0.1177529	0.0099427	0.1135685	0.8113793	0.5007112	0.3186831	1.0072026	0.8692107	0.4792246	0.0632649	0.7592099	0.8220043	0.0251653	0.4775993	0.8987148	0.6833681	0.1343095	0.6419167	0.1801223	0.1389534	0.5009223	0.4185424	0.9106234	0.7643618	0.2901205	0.1265581	0.7745770	0.4810534	0.3225559	0.8442205	0.3846140	0.0914913	0.0479255	0.8732247	0.2324651	0.2150902	0.3855840	0.8040270	0.2154051	0.2016270	0.4142472	0.4129677	0.3910236	0.7528180	0.1445589	0.8516360	0.3922019	0.4268172	0.9326438	0.2209543	0.5609101	0.3725036	0.3575158	0.0133871	0.5112740	0.6855891	0.6625472	0.8851029	0.5081021	0.0276526	0.6911995	0.7904423	0.9125868	0.1840322	0.3532145	0.8621893	0.1913452	0.1185146	0.7552028	0.3701419	0.7482215	0.1374884	0.6878731	1.0215179	0.2142615	0.5165476	0.6396202	0.6991472	0.5851040	0.6207380	0.4196351	0.3307853	0.8398584	0.2528238	0.7452048	0.5092350	0.0824027	0.0504120	0.9173349
350	0.0409272	0.6331843	1.0701986	0.0646350	0.1761090	0.0009257	0.0481569	0.0101395	0.7603435	0.4194556	0.1944050	0.1342691	0.0057715	0.1180421	0.7651713	0.4430790	0.3229474	0.8992683	0.8663823	0.4330716	0.0675022	0.7043646	0.9413030	0.0261683	0.4595661	0.9856731	0.7099979	0.0855753	0.5628041	0.2090251	0.1736851	0.4855479	0.3798303	0.9430432	0.7043743	0.3322916	0.0964421	0.7420550	0.5428406	0.3265812	0.8813114	0.3969282	0.0740513	0.0559484	0.8735695	0.1788864	0.1376922	0.4636903	0.7543640	0.2043499	0.2204061	0.3790104	0.4452508	0.4876621	0.7860408	0.0949058	0.7676270	0.4179614	0.5202552	1.0138606	0.1616404	0.5956694	0.3112369	0.3403114	0.0031765	0.4722630	0.7286968	0.5771901	0.8426458	0.5930471	0.0242452	0.6871139	0.9354025	0.9192072	0.2508431	0.4693013	0.8867836	0.1483446	0.0970640	0.7061870	0.3656151	0.7562493	0.1046962	0.7097737	0.9890868	0.1950041	0.5197037	0.6187854	0.5630750	0.6203308	0.6292767	0.4053864	0.3005899	0.8805675	0.2564585	0.8480644	0.5420994	0.0888711	0.0434900	0.9521961
400	0.0645666	0.5908369	0.9514312	0.0522387	0.1436220	0.0000698	0.0257418	0.0117572	0.6799822	0.2952951	0.2165193	0.0981849	0.0027145	0.1266897	0.8271875	0.4524379	0.3146861	0.9940238	0.8607175	0.4473943	0.0740796	0.5914560	1.0509574	0.0199155	0.6330294	0.9483803	0.7266205	0.1089519	0.5272644	0.1663930	0.1575662	0.4270358	0.3820659	0.9759094	0.7347895	0.3020537	0.0827503	0.7548447	0.4748107	0.3732118	0.8746512	0.3895621	0.1010986	0.0561794	0.8867832	0.2633886	0.1734951	0.4990690	0.7328125	0.1933448	0.2156576	0.3522395	0.4261265	0.5446275	0.7711236	0.0494470	0.6852525	0.3880067	0.4982232	0.9194923	0.1708450	0.5991570	0.2603553	0.3127601	0.0072741	0.4824584	0.6954482	0.6769985	0.7968420	0.5163060	0.0356143	0.7072497	0.9321452	0.9168252	0.2709835	0.5160988	0.8695954	0.1679635	0.0901406	0.7512776	0.3694510	0.8076433	0.0871429	0.7176059	0.9740634	0.2070462	0.4577871	0.7087928	0.5597774	0.6713675	0.6833663	0.3933136	0.3278777	0.8900638	0.2297924	0.8297247	0.5531489	0.0747979	0.0451357	0.9333660
450	0.0552455	0.5908087	0.9664899	0.0577160	0.1526666	0.0026886	0.0276037	0.0091068	0.7957690	0.1811115	0.1695882	0.0835425	0.0030150	0.1327180	0.9278065	0.4219086	0.3754101	1.0131296	0.8951140	0.4280405	0.0493087	0.6621499	1.0303476	0.0377651	0.4934957	0.9306620	0.7762308	0.0987024	0.5202098	0.2488564	0.2143428	0.4379087	0.3567871	1.0569990	0.6903014	0.4203411	0.1032012	0.6871226	0.4647447	0.2863454	1.0281999	0.3667242	0.0959608	0.0542934	0.8213183	0.2358830	0.1842813	0.4743002	0.7144362	0.1415559	0.1795039	0.3106328	0.3959925	0.5379078	0.7944886	0.0246429	0.8004217	0.3281144	0.4056327	0.9702318	0.1917464	0.6574534	0.3104083	0.2434784	0.0200662	0.5803832	0.6796794	0.6078083	0.8321237	0.5931715	0.0401314	0.7172122	0.9135971	0.9585409	0.2790304	0.5048639	0.8497133	0.1058158	0.1132603	0.8658440	0.3818903	0.7835863	0.0921669	0.7833010	0.9449452	0.1932277	0.5040230	0.6700966	0.4884201	0.6463022	0.5876770	0.4100046	0.3498394	0.8096436	0.2030455	0.8749772	0.5874268	0.0665193	0.0399629	0.9761541
500	0.0430857	0.7217148	1.0503461	0.0415255	0.2178057	0.0022279	0.0274761	0.0138484	0.9382578	0.0720270	0.0978917	0.0984631	0.0000000	0.1389500	0.9140247	0.4067913	0.3484954	1.0926670	0.8802929	0.4001198	0.0500682	0.6337221	1.0098516	0.0312166	0.4583548	1.0230118	0.7452723	0.0907662	0.4779852	0.2450211	0.2168684	0.4183216	0.3099561	1.0099899	0.5885063	0.4057720	0.1091095	0.7465630	0.5250478	0.2557936	1.0120918	0.3559829	0.0961583	0.0423515	0.9092211	0.2497442	0.2057090	0.5713910	0.7448600	0.1627399	0.2238126	0.3471779	0.2838726	0.5717189	0.8172089	0.0154398	0.7433598	0.3479154	0.4302237	0.9524013	0.2021854	0.6453690	0.2569734	0.2494165	0.0137638	0.5158423	0.7287704	0.6369233	0.8589902	0.5650769	0.0298069	0.7607852	0.8544414	0.9280366	0.2387478	0.4895216	0.8787860	0.0950984	0.1372892	0.8624109	0.4053399	0.8189409	0.1110471	0.7123357	0.9863191	0.1918037	0.5594611	0.6665015	0.5307255	0.6710675	0.5825462	0.3672727	0.3404681	0.8318076	0.2044252	0.8230822	0.5694250	0.0971689	0.0696018	0.9819047
550	0.0374810	0.7029288	1.0156047	0.0254840	0.4035050	0.0000220	0.0304017	0.0269986	0.9311444	0.1195710	0.0989887	0.1048138	0.0108123	0.1201086	0.8987459	0.4606833	0.3601328	1.0171879	0.8871083	0.5269911	0.0724653	0.5921072	1.0059955	0.4604035	0.5960329	0.8302653	0.6929045	0.0863961	0.5653885	0.1733961	0.3541630	0.4777928	0.4314831	0.9806515	0.5944387	0.5062253	0.1484605	0.7369054	0.4691648	0.1629527	0.9422890	0.3958278	0.0651454	0.0262934	0.8642051	0.6051284	0.2560343	0.4573672	0.7796828	0.1567319	0.1960138	0.3405431	0.2417834	0.5768094	0.7651809	0.0124807	0.7641342	0.3350942	0.4591650	1.0279566	0.2439796	0.6392887	0.0973114	0.2661641	0.1679219	0.4763872	0.7190746	0.6726964	0.7757011	0.4638333	0.1126799	0.5176758	0.8772964	0.8789131	0.2976620	0.5720105	0.9002081	0.1431755	0.1445585	0.9031404	0.5593734	0.7290111	0.1210140	0.7013518	0.9296591	0.2007726	0.5657554	0.7139399	0.4783747	0.7738984	0.6878936	0.3243816	0.3223027	0.8066137	0.1716441	0.8426348	0.4527890	0.0791304	0.0519039	0.9480359
600	0.0443038	0.6327045	0.9754543	0.0929209	0.4522305	0.0032099	0.0400840	0.0152372	1.0461201	0.0769918	0.1070551	0.0908413	0.0101806	0.1101708	0.8695854	0.4229744	0.4155005	0.9140360	0.9882580	0.6784376	0.0568141	0.5844146	1.0247327	0.7333809	0.6133207	0.7477035	0.7240246	0.0928396	0.6246365	0.1483039	0.5570804	0.3477541	0.7203148	1.0173992	0.5152268	0.7706202	0.3980189	0.6795179	0.3885962	0.0559223	0.8924177	0.4362019	0.0724335	0.0270633	0.7405322	0.8622441	0.2919831	0.6119190	0.9471819	0.1751802	0.1472632	0.2868530	0.3228676	0.6050359	0.6784997	0.0138166	0.7708454	0.3502671	0.4644498	0.8887623	0.3022951	0.6030002	0.0702110	0.2886629	0.3753655	0.4673594	0.8700913	0.6776794	0.5836798	0.3337960	0.2355856	0.3317622	0.7875079	0.9405209	0.3074102	0.6347868	0.9279996	0.3504840	0.2152096	0.8636443	0.6719428	0.9389986	0.1291650	0.7020998	0.9920965	0.2806814	0.4658634	0.6576415	0.5951300	0.7613451	0.6153938	0.3295535	0.3080448	0.7326537	0.1008726	0.7621169	0.4103095	0.0465085	0.0683837	0.9662033
650	0.0670627	0.6061406	1.0166629	0.1336236	0.4533541	0.0084808	0.0330222	0.0112096	1.0722902	0.0282430	0.0833721	0.0850341	0.0045887	0.0862908	0.8809089	0.4405794	0.4805398	0.9492599	0.9190875	0.8758944	0.0874287	0.6359796	1.0548062	0.8986227	0.7225902	0.6951441	0.8239728	0.1198736	0.6296754	0.1220997	0.5724082	0.2034859	0.6904905	0.9907002	0.3724884	0.9057146	0.5659323	0.6935031	0.4317527	0.0312602	0.9612807	0.4523276	0.0473943	0.0536133	0.6231859	0.9307240	0.3153857	0.8122542	0.8388302	0.1548293	0.1294387	0.3303904	0.4163216	0.5137772	0.6667794	0.0177164	0.8738430	0.3187732	0.4590362	0.8873971	0.4060866	0.5263514	0.0907469	0.2630247	0.4063362	0.5154293	0.9337568	0.7639062	0.5198780	0.1681377	0.3210229	0.2463120	0.7099871	0.8582483	0.3539394	0.6189647	0.9125448	0.4993025	0.3709500	0.7406688	0.7880059	0.9524242	0.1044939	0.6982401	0.9673196	0.4085605	0.2879145	0.5854959	0.6040325	0.8588007	0.5566309	0.3677528	0.3498336	0.7388929	0.1220095	0.7512187	0.4264192	0.0435892	0.2062376	0.9382460
700	0.0828413	0.5693668	1.0526395	0.1817362	0.5045113	0.0044847	0.0199127	0.0172817	1.0319350	0.0337143	0.0907972	0.0923217	0.0019106	0.1051927	0.8571472	0.4168081	0.4630570	0.9390158	0.9513823	0.8443989	0.0760805	0.6878561	1.0121501	0.9588515	0.7768238	0.5779000	0.8039303	0.1610771	0.7551568	0.0987088	0.5242922	0.1265220	0.6864727	0.9039976	0.3147775	1.0019520	0.5805494	0.6977380	0.3540999	0.0247763	0.9198113	0.4325370	0.0692157	0.1060842	0.5976629	0.8112616	0.3845426	0.8925740	0.8981707	0.2502687	0.1191614	0.2954890	0.4590760	0.3534107	0.6803555	0.1229172	0.8005891	0.2493637	0.4486934	0.9573600	0.5982606	0.5305507	0.0539458	0.2906963	0.4815319	0.5625932	0.9406178	0.7660412	0.4095273	0.1302464	0.4110474	0.1828226	0.4867802	0.8755649	0.3284718	0.6425545	0.9514941	0.5464413	0.4224408	0.8327033	0.8912277	0.9532882	0.1095593	0.7892340	1.0125621	0.3179571	0.1844766	0.4666526	0.4075779	0.9538324	0.4790141	0.3793866	0.3857377	0.7245351	0.1376058	0.6455493	0.2824606	0.0473554	0.3709834	0.9451816
750	0.0609148	0.6229520	1.0561406	0.2518132	0.5144775	0.0079269	0.0292757	0.0218032	0.9672405	0.0462871	0.1378886	0.0865784	0.0039562	0.1041751	0.8775039	0.3580159	0.4574819	1.0276821	0.9648659	0.8181429	0.0917679	0.6536823	0.9829121	1.0298160	0.6936515	0.6440045	0.9051633	0.1429231	0.7166913	0.0653556	0.4963417	0.0878490	0.6302311	0.9080723	0.2985798	0.9263252	0.5333348	0.7259081	0.4013131	0.0170484	0.9586638	0.4102683	0.0721708	0.1012057	0.5155936	0.7178299	0.6080012	0.9211408	0.8890561	0.2392725	0.1076637	0.2827760	0.4778511	0.1326067	0.7259317	0.1957209	0.7994272	0.2632492	0.4791666	1.0869427	0.7341347	0.5232598	0.1650441	0.3223821	0.5800214	0.6349940	1.0205237	0.7420882	0.4188764	0.0694839	0.3695863	0.1119523	0.4312443	0.9140558	0.3075179	0.7529898	0.8921998	0.4956554	0.3670919	0.8635269	0.9354999	1.0520555	0.1206709	0.8493572	1.0380914	0.3377729	0.1525910	0.3343177	0.3329473	0.9499377	0.4597377	0.3221841	0.4481261	0.6420047	0.1283757	0.6759555	0.2134041	0.0364817	0.5253281	1.0228273
800	0.0727719	0.6254096	1.0505308	0.2554611	0.5517844	0.0113507	0.0317344	0.0114267	0.9693399	0.0359043	0.1411096	0.0787801	0.0039887	0.1347989	0.7586833	0.3717641	0.4067672	1.0439570	0.9900969	0.7851039	0.0826257	0.5670138	1.0141959	1.0271313	0.7594482	0.5552503	0.9737695	0.1117681	0.5075055	0.0523111	0.4418960	0.1052678	0.5341141	0.8738978	0.2357740	0.9078778	0.4213935	0.6975946	0.3470797	0.0182083	0.9148431	0.4447023	0.0522711	0.1140520	0.6074292	0.5768135	0.6900467	0.8362812	0.8948154	0.3164598	0.1097708	0.3614589	0.5178770	0.0729436	0.7849182	0.3140352	0.8619040	0.2617820	0.4237609	1.0306473	0.7181308	0.5945351	0.2156035	0.3083441	0.6375089	0.6313825	1.0253177	0.6735743	0.4791671	0.0875909	0.3967852	0.1557598	0.3312192	0.8665462	0.3070210	0.7799560	0.8270469	0.4831955	0.4137527	0.8115914	0.8979355	1.0745430	0.1430807	0.7412140	0.9581435	0.3471377	0.1597894	0.3517200	0.4142056	0.7409900	0.5173872	0.2998376	0.5035174	0.6264786	0.1468884	0.6693121	0.2233712	0.0306468	0.5665193	1.0525033
850	0.0622092	0.6820530	1.1599348	0.2168328	0.4635018	0.0057130	0.0398474	0.0093983	1.0040107	0.0729610	0.1252902	0.0638366	0.0107109	0.1268662	0.8379930	0.4206243	0.4513552	0.9890766	1.0038653	0.8353051	0.0518011	0.6504092	1.0276875	0.9362335	0.7844824	0.5713576	0.8661585	0.1033572	0.3206785	0.0323742	0.3253385	0.1335732	0.5593692	0.8723923	0.2457985	0.9496428	0.2664080	0.7648852	0.3783364	0.0135449	0.9242920	0.4755511	0.0781841	0.1174048	0.7237940	0.4572022	0.6061821	0.8225925	0.8839776	0.3061502	0.0843423	0.3233684	0.5373977	0.0321867	0.7955074	0.4084779	0.8709339	0.2835184	0.4779460	1.0520799	0.7106176	0.5491779	0.3799078	0.3475496	0.6627007	0.5433969	1.0789845	0.7086379	0.4987741	0.0496408	0.4094399	0.1906153	0.3143422	0.8592807	0.2666095	0.6563424	0.9415601	0.4430106	0.3132150	0.7345911	0.8479168	0.9449060	0.1557806	0.7436724	0.9443160	0.4012265	0.1597560	0.3183509	0.5048262	0.7476788	0.4541513	0.2479704	0.4299669	0.5482198	0.1730205	0.7223120	0.2545722	0.0220180	0.5594607	0.9672859
900	0.0590144	0.7444603	1.0047821	0.1593356	0.4901717	0.0004529	0.0493090	0.0313477	1.0459850	0.0475214	0.1412544	0.0974897	0.0025433	0.0966471	0.9340806	0.4863875	0.4219734	1.0206771	1.0476914	0.8096813	0.0770345	0.7245364	0.9344720	1.0341343	0.7417775	0.6508651	0.9536842	0.0756177	0.2935235	0.0380861	0.3491937	0.1501700	0.6577930	0.9111440	0.3027044	0.7454354	0.2453865	0.7291255	0.4028985	0.0187393	0.8942214	0.5108914	0.0783947	0.0862266	0.7908498	0.4138147	0.6344298	0.8831637	0.8781029	0.3336459	0.1002526	0.3874214	0.4535199	0.0174622	0.7402177	0.4595437	0.7636993	0.2789286	0.4310891	0.9958206	0.7231712	0.4633444	0.3116147	0.3611542	0.6099166	0.5270561	1.0066493	0.7281379	0.4177523	0.0369693	0.3895640	0.2063627	0.2937361	0.8390497	0.2719486	0.5798345	0.8911496	0.2481406	0.2565438	0.7229327	0.7057092	0.9768956	0.1291552	0.7783711	0.9723420	0.3352623	0.1786088	0.3256574	0.5234190	0.7925549	0.4544404	0.2116683	0.3770559	0.5650494	0.1465676	0.6145002	0.2395927	0.0157349	0.5337380	0.8256850
950	0.0269243	0.7091156	0.9866112	0.1274294	0.4810253	0.0006659	0.0187902	0.0129694	1.0299559	0.0655359	0.0916459	0.0965601	0.0076260	0.1135172	1.0290094	0.3997994	0.4666331	0.9814234	0.9815228	0.9009213	0.0705992	0.5769160	1.0481240	1.0899745	0.7809637	0.7177723	0.9235170	0.0772775	0.2710810	0.0224652	0.3563282	0.1294699	0.7028836	0.8693011	0.3192313	0.7976496	0.1936351	0.7542091	0.3930915	0.0203124	0.9481389	0.5396194	0.0722932	0.1031773	0.7418110	0.4937506	0.6352821	0.8115847	0.9003457	0.2540926	0.0886889	0.3375939	0.4682954	0.0075856	0.7764277	0.4334389	0.7527865	0.2639968	0.3890536	1.0373898	0.7014941	0.4375983	0.3368397	0.2813556	0.5594822	0.5006376	0.9548302	0.7168342	0.3941159	0.0520506	0.3960269	0.2105497	0.3218229	0.9131848	0.2863044	0.3807826	0.8801679	0.2108734	0.2353576	0.6205155	0.7605108	0.9482083	0.1171901	0.7433052	0.8901556	0.3225987	0.2107067	0.3400622	0.4984845	0.7411818	0.5249763	0.2877841	0.3502744	0.5262721	0.1188741	0.6586061	0.2152350	0.0349764	0.5228899	0.9048115
1000	0.0214972	0.6339024	1.0172534	0.1525666	0.5144707	0.0019538	0.0332089	0.0164514	1.0762802	0.2168022	0.0662970	0.0761254	0.0078160	0.0973917	0.9668320	0.4520166	0.3835176	1.0524395	0.9600466	0.9376710	0.1092444	0.6227294	0.9742556	0.9756872	0.8251687	0.6539755	0.8494435	0.0635050	0.1931268	0.0168419	0.3883531	0.0975544	0.6564311	0.8137319	0.3574343	0.8010385	0.2266187	0.6732735	0.3878653	0.0366301	0.9770232	0.5344816	0.0668678	0.0806028	0.7475580	0.5025683	0.5519998	0.7825274	0.8670174	0.3128756	0.0728842	0.3260591	0.4440090	0.0034042	0.7954061	0.3883702	0.7838700	0.2488534	0.3732680	0.8900734	0.7591521	0.5101320	0.2169488	0.3389834	0.4670301	0.5411451	0.9297157	0.8383819	0.4101887	0.0533299	0.3634344	0.2290876	0.2908617	0.9479540	0.3060457	0.4196324	0.9659936	0.1925276	0.2416661	0.6781671	0.7659880	1.0365449	0.0940235	0.6895820	0.8843655	0.3101912	0.2182997	0.4208750	0.5125598	0.7540832	0.4633730	0.2911440	0.3574121	0.5857533	0.1319708	0.6280570	0.2062263	0.0270025	0.5545227	0.9104922

0	0.0094491	0.6355617	1.0459758	0.0876986	0.4170952	0.0015965	0.0357302	0.0201856	0.7842026	0.5482911	0.1482550	0.1067167	0.0074763	0.0795139	0.9263252	0.4386615	0.5117037	1.0187251	0.9869150	0.9112762	0.0675828	0.6396705	0.9879649	0.9056811	1.0249936	0.8053086	0.8415975	0.0956169	0.2807776	0.0361236	0.3476186	0.0945586	0.7647381	0.8073502	0.2691465	0.9854445	0.2644993	0.7761342	0.3511720	0.0142404	0.9503393	0.3956488	0.0912837	0.0721673	0.8039584	0.5632487	0.5721011	0.9104100	0.8750489	0.3877912	0.0490860	0.3690556	1.0040851	0.0016799	0.7496314	0.4296180	0.7445798	0.3138374	0.4763448	0.9977159	0.8917758	0.5763065	0.2317245	0.3844034	0.5377636	0.4876338	1.0898320	0.8135737	0.5024926	0.0491368	0.3912071	0.2335426	0.3169327	0.9297559	0.3112694	0.3637340	0.9584119	0.1589398	0.2670455	0.6498318	0.7931145	1.0351174	0.1402507	0.6535788	1.0095359	0.4184859	0.2245238	0.5131035	0.6073464	0.7854143	0.4606182	0.1309775	0.4648780	0.5528648	0.0723851	0.5781484	0.2784400	0.0363961	0.5378107	0.9932421
50	0.0046652	0.7858004	1.0088035	0.1148944	0.4271301	0.0011783	0.0260777	0.2448381	0.7214233	0.5327454	0.0842978	0.1820582	0.0025031	0.1600893	0.9374056	0.3707655	0.2663261	0.9706891	0.9147745	0.8413956	0.0765393	0.6432765	0.9810290	1.0139313	0.8808618	0.6466776	0.9054180	0.0989111	0.1230495	0.0139799	0.3882269	0.0494574	0.7147522	0.7654745	0.2431472	0.8945506	0.2183771	0.6625409	0.2781594	0.0275716	0.9164471	0.4320667	0.1018005	0.0396213	0.7372863	0.4077590	0.6580686	0.9397261	0.6123522	0.5044921	0.0524090	0.4182136	1.0305792	0.0483909	0.8090253	0.5607065	0.7061185	0.2285719	0.5120964	1.1640298	0.8311424	0.5773633	0.1734144	0.3193699	0.4504335	0.4959114	1.0152351	0.6666548	0.3536107	0.2803710	0.3819984	0.2357242	0.2798453	0.8987603	0.2694545	0.2976135	0.8914191	0.1845390	0.2374914	0.5822657	0.5924732	0.7951812	0.0894135	0.7536596	0.9849771	0.3512795	0.1940892	0.6399678	0.5730591	0.8142941	0.5489831	0.3203253	0.3729168	0.6542671	0.1079007	0.6890039	0.2339346	0.0318659	0.6088307	0.9571550
100	0.0110309	0.8861491	0.9592943	0.1003845	0.4072522	0.0003281	0.1218910	0.5553033	0.7111569	0.4612436	0.0996413	0.2751865	0.0058497	0.1108089	0.9226681	0.3443939	0.1356270	1.0335884	0.8870452	0.8236240	0.0658694	0.5427017	0.9852588	0.9840211	0.7841504	0.6836629	0.9867135	0.1107073	0.0518976	0.0087786	0.5536558	0.0403147	0.6279899	0.8551219	0.2427487	0.7218385	0.1687237	0.7306041	0.1247662	0.0291067	1.0532113	0.4853809	0.0865374	0.0430461	0.7593129	0.4677916	0.6917826	0.9489050	0.4705438	0.7005606	0.0298896	0.5412448	0.9735266	0.1484282	0.7239457	0.5701646	0.7219365	0.2073715	0.4266235	1.1239047	0.8589533	0.5638151	0.1027849	0.3018534	0.4778989	0.4664101	1.0699222	0.7886316	0.2482145	0.3737260	0.3189275	0.1585168	0.2493719	0.8756252	0.2931778	0.1990708	0.9432574	0.1720090	0.2141715	0.6105119	0.6024247	0.8750655	0.0870583	0.8789364	1.0034868	0.3596743	0.2919544	0.7604391	0.5061084	0.8503732	0.5016812	0.5740077	0.3573563	0.5628568	0.0970032	0.6898341	0.2136780	0.0653900	0.6509187	1.0238760
150	0.0169525	0.9996349	0.8476838	0.1396892	0.4939840	0.0028034	0.1627750	0.6411039	0.7085666	0.4442064	0.1160550	0.3617985	0.0022814	0.1195249	0.8762134	0.2976174	0.0723963	1.0578058	0.8803691	0.7336790	0.0704370	0.6368305	1.0058665	0.9700847	0.7830724	0.7345677	1.0251372	0.0952782	0.0229939	0.0078914	0.5389336	0.0584688	0.6156665	0.8488976	0.2767888	0.7405158	0.1920180	0.7339525	0.0634259	0.0201814	1.0101300	0.4273821	0.0744520	0.0650439	0.7718999	0.4659637	0.7028941	0.8771532	0.4241387	0.7994912	0.0118526	0.4963098	0.9757577	0.1806064	0.6829917	0.5715109	0.7212897	0.1793379	0.4796030	1.0901936	0.8783396	0.5952823	0.1026043	0.2895138	0.4912353	0.5797835	1.0329039	0.7701754	0.1447009	0.4374234	0.3522808	0.1230715	0.2484096	0.8398028	0.3255730	0.1810734	0.9786865	0.1645376	0.2059732	0.5101538	0.5890935	0.7922155	0.1027866	0.9458967	1.0694231	0.3385473	0.3193033	0.8563753	0.5990579	0.7355498	0.5364058	0.7234107	0.4084090	0.5765367	0.0940267	0.7233660	0.2007270	0.1819642	0.7228493	1.0343434
200	0.0139424	0.9735795	1.0644872	0.1184392	0.4751790	0.0066811	0.1916018	0.6571785	0.8024036	0.4310062	0.1062723	0.3504328	0.0043158	0.1143916	0.7923558	0.3175655	0.0667022	1.0066835	0.9560552	0.8025766	0.0382002	0.7063590	0.9344527	0.9848513	0.7078621	0.6418118	0.9946792	0.0684707	0.0110982	0.0222376	0.6822054	0.0606269	0.7227682	0.8604641	0.2755053	0.8029419	0.2397960	0.7305321	0.0446731	0.0240915	0.8528237	0.4044206	0.0811857	0.0670632	0.8828632	0.4167559	0.6929701	0.8569753	0.4247109	0.9038572	0.0070980	0.4345681	1.0159814	0.2124283	0.7051811	0.5442138	0.7945054	0.1785925	0.3862171	1.0494248	0.9029796	0.5788361	0.0963951	0.2920097	0.5131836	0.4760955	0.9876053	0.7734756	0.1370266	0.4728541	0.3539443	0.1622592	0.2790131	0.8288560	0.2810251	0.1773569	0.9388900	0.1913566	0.2279174	0.5269903	0.6144839	0.7688412	0.1020302	0.9297575	1.0831258	0.3179099	0.3046089	0.9266265	0.5820533	0.6696983	0.5444195	0.7349444	0.4663299	0.5862292	0.1239782	0.8344865	0.1991915	0.3155982	0.7692031	1.0288703
250	0.0154924	0.9393635	0.9723020	0.0926608	0.4073305	0.0241292	0.2591759	0.7362359	0.8725644	0.4369992	0.0682526	0.3388284	0.0048558	0.1096558	0.8504950	0.3252831	0.0503297	0.9827549	0.9125194	0.8801273	0.0530560	0.6145885	0.9480197	0.9935666	0.7669932	0.6641433	0.9507646	0.0507739	0.0063062	0.0149219	0.6513785	0.0479770	0.7316348	0.9184958	0.3229805	0.9765848	0.2398671	0.7622927	0.0407619	0.0164833	0.9633074	0.3859547	0.0672281	0.0561713	0.8447677	0.4348057	0.5984098	0.8774749	0.4544009	0.9045700	0.0030861	0.4585289	0.9451658	0.2242356	0.7084002	0.5487385	0.8072005	0.1830151	0.5130238	0.9555520	0.8597399	0.5234741	0.0669869	0.3104518	0.5006207	0.5427793	1.0170146	0.7637492	0.1344104	0.4441356	0.3428995	0.0739310	0.3029184	0.8543750	0.2935686	0.1847201	0.9801314	0.2327386	0.2381968	0.4578820	0.6836931	0.8527334	0.1089169	0.9829910	1.0239850	0.3501301	0.3266445	0.9081002	0.5652828	0.8729231	0.6437141	0.8423629	0.4534330	0.5576289	0.0836894	0.9356240	0.2171281	0.4167111	0.7309612	1.0756707
300	0.0188569	0.8859870	0.9239700	0.0912085	0.4492920	0.0273100	0.3005158	0.7888207	0.8299205	0.4652906	0.0818382	0.3768972	0.0025819	0.0872385	0.8574743	0.3593076	0.0875920	0.9706186	0.9142113	0.8716343	0.0556056	0.6579015	0.9616239	0.9814452	0.7317684	0.6279194	0.8703706	0.0383967	0.0052186	0.0117517	0.6131861	0.0718514	0.7074286	0.9435188	0.2854097	0.8528960	0.2230198	0.7520259	0.0207618	0.0249362	0.9809667	0.4790411	0.0680495	0.0689915	0.7648610	0.4356484	0.6171031	0.8045818	0.3909155	0.8717326	0.0026422	0.5212743	0.9873778	0.1740753	0.7467590	0.5130784	0.7910026	0.1755661	0.3891902	1.0090105	0.9159991	0.5628737	0.0380168	0.2625425	0.5046444	0.5205463	0.9111912	0.7473863	0.1408266	0.4233317	0.4044814	0.1289955	0.2771916	0.8259904	0.3849461	0.2150092	0.9058304	0.3998667	0.2580023	0.4662906	0.6466841	0.9582801	0.1478836	0.9860429	0.9369135	0.3651317	0.3106427	0.8783987	0.5405811	0.8647069	0.5901424	0.8464744	0.4224706	0.5336745	0.1130084	0.9731434	0.2373779	0.4281048	0.7619962	1.0153131
350	0.0194246	0.8923782	0.9391110	0.1278019	0.4150606	0.0515988	0.2635828	0.8136647	0.7452531	0.4381135	0.0733270	0.3988945	0.0065337	0.0968044	0.8545296	0.3121333	0.0539024	0.9803416	0.9390892	0.8561597	0.0586936	0.7391213	0.9378343	1.0124743	0.7467948	0.6268210	0.7612365	0.0515017	0.0064767	0.0141991	0.6723246	0.0813188	0.7041618	0.8257966	0.3033747	0.8948184	0.1505391	0.7343961	0.0103838	0.0199260	1.0586848	0.4447333	0.0744789	0.0499809	0.7859848	0.4304621	0.6724760	0.8357581	0.4322382	0.8979616	0.0024695	0.4877279	1.0274271	0.1768798	0.6800842	0.5330390	0.8084059	0.1900347	0.3949209	1.0130682	1.0129688	0.6149410	0.0136643	0.2764290	0.4639230	0.4709657	0.9808744	0.8268360	0.1349529	0.3955504	0.4008317	0.0546555	0.2623677	0.8065014	0.3442033	0.2438067	0.8766944	0.2989131	0.2102603	0.4459153	0.6475127	0.8466735	0.1022389	0.9302698	0.9280520	0.3861376	0.2957233	0.8518924	0.6292886	0.7812577	0.5397896	0.7109654	0.4384593	0.5250792	0.1218536	0.9144188	0.2585502	0.4443210	0.7926300	0.9975167
400	0.0101389	0.9860317	0.8810368	0.1061150	0.3382648	0.0316686	0.3035317	0.7893052	0.7665576	0.4243826	0.0752379	0.3887818	0.0065152	0.0760120	0.8407836	0.3243308	0.0730794	0.9978013	0.8790310	0.8594306	0.0763523	0.7363903	0.9280114	0.9160582	0.6930173	0.6437963	0.7159635	0.0651008	0.0028946	0.0133590	0.6018390	0.0727318	0.6978586	0.7541000	0.3336499	0.8376700	0.1965148	0.7027022	0.0266235	0.0271504	0.9811514	0.4920552	0.0904182	0.0659835	0.8428684	0.3753734	0.6616939	0.8635953	0.4253273	0.8957615	0.0021960	0.5325608	0.8897210	0.1771328	0.7926347	0.5876532	0.7830482	0.1790492	0.4332941	0.9408074	0.8940438	0.5366231	0.0234653	0.2787013	0.5286269	0.4653038	0.9749791	0.8452249	0.1629454	0.4181226	0.4363157	0.0607652	0.2653694	0.8610724	0.3436920	0.1565506	0.8566298	0.1823354	0.2153317	0.4982157	0.6460360	0.8903644	0.1001322	1.0040894	0.8880042	0.3626030	0.3226522	0.7784628	0.6150958	0.7866773	0.4796453	0.7221449	0.4064888	0.5957675	0.1284562	0.8692086	0.2695746	0.4132078	0.7280401	0.9385288
450	0.0112656	0.9701371	0.9474265	0.1170571	0.4011807	0.0465357	0.3307114	0.7834899	0.7662787	0.4469565	0.0572870	0.3297531	0.0112781	0.0957488	0.9215032	0.3000853	0.0625074	1.0801998	0.9961567	0.7516934	0.0748992	0.5918710	0.9376603	0.9047715	0.6524380	0.6898485	0.6988001	0.0364680	0.0005471	0.0115322	0.7066025	0.0708026	0.7385283	0.7882420	0.2999562	0.7249221	0.1342207	0.6899065	0.0484090	0.0162807	0.9670896	0.4648884	0.0835224	0.0594675	0.7872827	0.4254397	0.6952951	0.8444774	0.4370990	0.9156366	0.0002050	0.3738567	0.9567447	0.2070973	0.8137959	0.5245530	0.7788666	0.2572661	0.4037563	0.9974150	0.8285586	0.5276653	0.0263281	0.2554265	0.5784063	0.5174262	0.9637893	0.8512345	0.1592985	0.4768808	0.4571161	0.0781150	0.3509317	0.8634388	0.3379767	0.1846747	0.9115232	0.1123946	0.2409958	0.4775055	0.6001333	0.8805448	0.0706055	0.9582184	0.9231598	0.3046027	0.2728459	0.8187158	0.5442667	0.7971968	0.4869722	0.7363138	0.4176350	0.5774856	0.1391149	0.8586778	0.2766003	0.4167410	0.7055091	0.9276394
500	0.0056043	0.9425835	1.0144923	0.0996991	0.4051241	0.0416061	0.3757738	0.8257763	0.8292767	0.4201844	0.0753707	0.3346313	0.0080406	0.1144558	0.8505571	0.3043152	0.0519747	0.9789325	0.9843069	0.8111932	0.0606542	0.5613376	0.9771511	1.0455145	0.6290283	0.7732782	0.6972644	0.0412310	0.0043409	0.0182466	0.6344904	0.0530207	0.7703717	0.7331366	0.2921777	0.7663284	0.1560502	0.7248996	0.0271341	0.0188495	0.9101697	0.4723581	0.0814487	0.0670484	0.7630567	0.4465589	0.6904051	0.8485753	0.4354690	0.9429774	0.0007845	0.4532720	0.8460646	0.2423119	0.8078634	0.4930517	0.8003494	0.2435806	0.4398839	1.0739157	0.8488411	0.5497990	0.0215340	0.2397913	0.4907177	0.4963071	0.9957580	0.7861197	0.1542510	0.5283899	0.4617225	0.0925255	0.3006782	0.8256079	0.3748056	0.1794464	0.8851300	0.1644308	0.2007552	0.4535766	0.6020107	0.8714341	0.0788575	0.9746219	0.8531817	0.3197757	0.3121904	0.8553172	0.4854868	0.8538299	0.4513218	0.7528561	0.3850678	0.5253651	0.1247298	0.7839813	0.2642973	0.3138018	0.6801093	1.0416009
550	0.0071324	0.7799400	0.9140626	0.0720466	0.3362709	0.0514138	0.3811701	0.5987987	0.7471675	0.5019979	0.1063481	0.2604366	0.0144083	0.1213930	0.8065831	0.3223496	0.3431278	0.9936547	0.9780637	0.7959811	0.0526862	0.6732183	0.9748456	0.9584889	0.6860077	0.7246883	0.5931535	0.0550784	0.0260461	0.0253962	0.4382704	0.0552481	0.7118714	0.8189320	0.2449571	0.8485746	0.1684194	0.8036767	0.1971059	0.0161364	0.9528398	0.4363302	0.0926414	0.0746421	0.7529465	0.4294100	0.6268908	0.8353427	0.5327197	0.6395870	0.0008953	0.3720601	0.8585801	0.1508938	0.6961596	0.5001553	0.8043294	0.2718081	0.4745138	1.0059262	0.7841455	0.5259583	0.0424727	0.2499493	0.4436093	0.5484897	0.9446934	0.7534250	0.2631974	0.3513195	0.4459036	0.1097319	0.3008926	0.8293305	0.3990403	0.2113885	0.9785231	0.1994332	0.2036850	0.4142997	0.6155527	0.9519670	0.0994630	0.8279446	0.9143365	0.3434036	0.3505644	0.7518558	0.4804974	0.9108210	0.4801333	0.5788055	0.4322192	0.5651966	0.1189263	0.7646228	0.1945697	0.2502982	0.6541433	0.9551182
600	0.0042180	0.7079105	0.9983422	0.0893596	0.3147524	0.0778095	0.2951379	0.3276709	0.7464766	0.5269765	0.1271549	0.1603557	0.0173947	0.1117434	0.7546271	0.3508761	0.4222121	1.0081470	0.9950619	0.7772873	0.0428217	0.6203152	1.1406810	0.9982444	0.7052585	0.6824959	0.6154096	0.0703780	0.0948329	0.0469844	0.4211028	0.0345833	0.7398342	0.8860864	0.2938315	0.9158759	0.1545359	0.7445606	0.3782217	0.0137712	0.9381088	0.4308967	0.0871376	0.0694659	0.7960286	0.4815176	0.5511342	0.8064135	0.7341477	0.4803077	0.0020506	0.2896548	0.9009078	0.0695644	0.6102645	0.4718314	0.7085386	0.3497849	0.5413353	1.0098793	0.7862255	0.5135803	0.0762773	0.2636982	0.4464517	0.4562113	1.0064304	0.7427229	0.3948622	0.1145600	0.4569471	0.1365393	0.2556711	0.8185626	0.3635019	0.2385783	0.9897322	0.1277918	0.2217381	0.5155432	0.7259497	0.9371404	0.1099681	0.7581323	0.9295839	0.3198403	0.3766726	0.6966754	0.4600101	0.8593785	0.4847233	0.3128128	0.3796317	0.5476774	0.1327277	0.7107274	0.2214954	0.1240550	0.6151673	1.0533750
650	0.0149708	0.7000531	1.0386057	0.1323381	0.2469059	0.0511620	0.2311134	0.1529613	0.7294048	0.4795436	0.1493548	0.0909830	0.0392177	0.1218301	0.7740001	0.4041963	0.4755317	0.9523625	0.9433615	0.8609039	0.0308303	0.5955261	1.1929754	1.0152182	0.6472143	0.6297531	0.6413588	0.0601767	0.1718312	0.0337137	0.4067706	0.0328614	0.7764443	0.8212257	0.2839327	0.8505638	0.2183346	0.7202110	0.3891455	0.0184130	0.9071800	0.4633863	0.0706457	0.0490116	0.7724184	0.4925688	0.6062610	0.8864441	0.8412971	0.3712733	0.0036161	0.3090891	0.9211267	0.0419018	0.6834537	0.5561069	0.7688148	0.4038935	0.4032208	0.9744123	0.7199989	0.5985098	0.2312989	0.2879012	0.5099222	0.3999144	0.9805513	0.7255073	0.4808401	0.0906410	0.4000673	0.2376483	0.2246862	0.7737638	0.3020861	0.2912763	0.9038013	0.2220425	0.1988054	0.5459775	0.7957882	0.9037885	0.1062818	0.7545319	0.9202749	0.3480269	0.4282610	0.6408824	0.4791132	0.8409150	0.4555600	0.2442104	0.3625945	0.5450445	0.0934007	0.6250673	0.1815494	0.0741824	0.5201928	1.0368438
700	0.0166698	0.6326244	1.0205480	0.0947856	0.3174007	0.0349344	0.1816623	0.0674701	0.6888204	0.3999887	0.1645981	0.0906591	0.0153994	0.1122107	0.7804035	0.4475108	0.4394229	0.9825212	0.8582804	0.8720996	0.0490911	0.6476270	1.1233566	1.0381767	0.5953971	0.6695261	0.7118820	0.0878738	0.2367488	0.0331653	0.3810437	0.0521962	0.7854844	0.7274991	0.2353493	0.8747305	0.2338941	0.7091208	0.3536867	0.0081514	0.9506815	0.4214221	0.0777033	0.0826615	0.7946648	0.4504955	0.5266460	0.9270087	0.7949262	0.3948561	0.0211678	0.2950553	0.9881121	0.0200377	0.6699051	0.5013249	0.7892304	0.3540618	0.4791283	0.9764965	0.6986952	0.5285122	0.3254579	0.3001985	0.5850781	0.4923196	0.9902453	0.7601841	0.4838599	0.1030028	0.3869200	0.2483227	0.2751207	0.8306562	0.2758573	0.3502438	0.9257052	0.2005054	0.1874142	0.6094405	0.8379932	0.9867339	0.1002400	0.5613881	0.8958396	0.3647186	0.4421367	0.6546751	0.5937764	0.8020446	0.5138810	0.2033828	0.4238994	0.5260590	0.0736806	0.6128535	0.2341501	0.0414367	0.4671650	1.0561522
750	0.0222085	0.6500533	1.0881893	0.1266491	0.3914885	0.0117807	0.0906077	0.0417614	0.7902951	0.3855540	0.1117560	0.1070899	0.0146249	0.1186794	0.8072263	0.4829858	0.5232726	0.9294106	0.9066489	0.8034253	0.0640556	0.7487958	1.0179528	1.1149866	0.7252662	0.6879342	0.7474547	0.0814568	0.1934581	0.0395538	0.3915095	0.0595076	0.7556742	0.7777817	0.2256393	0.8609069	0.2849345	0.7483852	0.3423467	0.0218593	1.0009745	0.4436202	0.0703618	0.0449917	0.7987169	0.5428613	0.5898832	0.8041956	0.8839663	0.4012473	0.0342358	0.4209838	0.9205322	0.0077594	0.7304686	0.6708888	0.8388200	0.3514464	0.4722888	1.1035910	0.7079853	0.5112052	0.2860706	0.3161056	0.5354808	0.5046329	1.0486024	0.7392084	0.4535125	0.0772143	0.3628585	0.2951718	0.2195803	0.8420087	0.3221289	0.3557954	0.9080407	0.1720394	0.2094456	0.6274847	0.7602934	0.9994450	0.0977277	0.5555405	1.0008109	0.3712229	0.3668126	0.6211712	0.5444513	0.6581355	0.5978172	0.0826989	0.4090020	0.5941324	0.0717479	0.5249636	0.2207843	0.0369453	0.5297661	1.1033133
800	0.0242201	0.6864073	0.9633273	0.1417139	0.4173888	0.0077408	0.0531912	0.0375612	0.8324082	0.3398631	0.0898625	0.0906765	0.0103108	0.1271414	0.9030848	0.4210606	0.5362180	0.9274966	0.9863662	0.8190996	0.0546499	0.6128359	0.9642066	1.0080872	0.7365104	0.6999428	0.8418186	0.0933790	0.2489268	0.0332375	0.3911016	0.0504727	0.7017516	0.8141566	0.3083769	0.8811865	0.3162068	0.6953357	0.4219762	0.0216199	0.9435552	0.4693266	0.0576027	0.0537309	0.7225476	0.5969068	0.6033112	0.8181040	0.9864544	0.3988029	0.0739065	0.3210190	0.9472012	0.0102594	0.6824670	0.5624897	0.8258643	0.3734391	0.4242897	1.1024101	0.6636167	0.5774338	0.2249199	0.2566851	0.5557470	0.4931069	1.0418441	0.7475740	0.4589267	0.0574033	0.4004497	0.2654591	0.2298682	0.8374864	0.3013490	0.4230549	1.0332509	0.2134895	0.2718710	0.6408690	0.7549916	0.9972005	0.0844631	0.5863341	1.0219525	0.3423743	0.3543815	0.5379877	0.6229181	0.6598104	0.5511961	0.1407384	0.4217434	0.6067164	0.1124139	0.5067457	0.2130238	0.0494685	0.5409046	1.0952866
850	0.0115359	0.7304412	0.9031412	0.0968974	0.4660993	0.0000000	0.0332338	0.0298293	0.8448917	0.3059256	0.1013711	0.0872633	0.0058972	0.1022691	0.8273808	0.4254415	0.4927145	0.8960094	1.0233163	0.8087594	0.0451612	0.6490191	1.0446932	0.9313483	0.6963198	0.7190365	0.8121433	0.0933115	0.2291676	0.0401403	0.3686219	0.0586513	0.6138914	0.8237377	0.3108363	0.9092163	0.2988769	0.7287866	0.4007617	0.0141933	0.8866660	0.4903056	0.0644659	0.0846622	0.8019000	0.5193189	0.5408880	0.7835640	0.8224118	0.3489322	0.0898306	0.3163203	1.0436154	0.0078281	0.6838211	0.5959312	0.6961854	0.3269600	0.4712764	0.9699124	0.7008310	0.5390341	0.1547357	0.2337804	0.5010573	0.5393088	1.0014402	0.7245517	0.4237414	0.0517903	0.3820259	0.2468834	0.2377014	0.7842419	0.3804833	0.4532600	0.9083530	0.4805630	0.3150596	0.5579133	0.8395504	1.0035175	0.1120560	0.5646312	1.0372061	0.3161723	0.3341283	0.5019329	0.5461462	0.7101700	0.5148039	0.1277791	0.4220767	0.6337685	0.1033972	0.5336978	0.1856218	0.0305002	0.5541915	1.0021947
900	0.0141405	0.7488248	1.0402915	0.0771473	0.4714055	0.0016265	0.0292829	0.0281589	0.9779991	0.3573080	0.1069509	0.0817037	0.0081681	0.1049504	0.9192861	0.3602378	0.5086983	0.8893970	0.9303687	0.8564801	0.0679530	0.6168720	0.9090463	0.9444633	0.7827534	0.6556475	0.7906772	0.0776133	0.3174700	0.0587725	0.4410739	0.0851266	0.5658468	0.8210559	0.2772305	0.9018285	0.2615043	0.6792224	0.3982527	0.0290125	0.9261799	0.4021692	0.0694640	0.0514434	0.7873184	0.4816532	0.4248152	0.7518329	0.8117927	0.3698679	0.0645942	0.3852376	0.9645937	0.0036879	0.7513047	0.5335520	0.7241690	0.2703667	0.4055833	1.0412860	0.7659770	0.5758582	0.1187830	0.2726282	0.5273267	0.5326743	1.0258405	0.7834166	0.4745201	0.0544351	0.4095327	0.2096171	0.3175147	0.8348892	0.3025721	0.4097554	0.9340633	0.4153324	0.2701662	0.6600020	0.7560360	0.9113761	0.1065624	0.6146884	1.0767763	0.3183929	0.3111544	0.5815570	0.4928592	0.6986064	0.5366455	0.1282499	0.4399584	0.5228213	0.1068558	0.5468829	0.1904142	0.0243631	0.4840925	1.0332939
950	0.0208203	0.5952417	1.0111929	0.1198156	0.4418077	0.0030996	0.0211256	0.0291986	0.9182811	0.4176126	0.1372872	0.0727998	0.0047636	0.1281115	0.8540476	0.3635050	0.5859248	0.9579566	0.8582005	0.8182978	0.0766371	0.6732373	0.8688277	1.1112623	0.8565977	0.6918578	0.8673670	0.1088317	0.3053547	0.0439724	0.4197299	0.0920367	0.6953073	0.8834523	0.2685244	0.9320788	0.3036985	0.6494382	0.3557709	0.0209914	0.7983100	0.4324271	0.0671949	0.0847584	0.7563760	0.6234462	0.4538901	0.8022510	0.7834430	0.3295016	0.0647969	0.3100325	0.9433575	0.0017250	0.7604205	0.5096834	0.7472776	0.2759162	0.3641607	1.0116739	0.7542769	0.5977819	0.1151741	0.2630306	0.5259658	0.5024836	1.0024204	0.7720976	0.4299541	0.0616744	0.4113128	0.1610472	0.3364377	0.8853049	0.3207418	0.4350171	0.9520678	0.3389103	0.2173989	0.6487778	0.7901653	0.9296352	0.0923776	0.6994532	1.0756913	0.3665286	0.2593365	0.5752370	0.5204201	0.7246924	0.5026865	0.1850137	0.4311736	0.5943034	0.1237227	0.6405920	0.1999549	0.0249535	0.5392203	0.9479694
1000	0.0127363	0.6428713	0.9579136	0.1771268	0.4932940	0.0036694	0.0380250	0.0231949	0.8737918	0.4102783	0.0999805	0.0629233	0.0042117	0.1548046	0.8638770	0.3699004	0.5992568	0.8776588	0.8516835	0.8064214	0.0831407	0.6490672	0.8901645	1.0208083	0.8158809	0.6494921	0.8259125	0.1320914	0.3887968	0.0717550	0.4800133	0.0784044	0.7005129	0.8885359	0.2506085	0.9110578	0.4322943	0.7571495	0.3332322	0.0110674	0.8192968	0.3985182	0.0771206	0.0609420	0.6505150	0.7367217	0.5691826	0.8368219	0.8492497	0.3572116	0.0626591	0.3035978	0.9309818	0.0040622	0.7972195	0.4842627	0.7375401	0.2855833	0.3543324	1.0577034	0.8295399	0.5717221	0.1344114	0.2264751	0.5560217	0.4216937	0.9783363	0.6946311	0.4061902	0.0342043	0.4045259	0.1724922	0.3273414	0.8558437	0.2952714	0.5434794	0.8757831	0.2805333	0.2944871	0.6270052	0.8865757	0.9001722	0.1162381	0.7090852	1.2170767	0.3933249	0.2065857	0.5074210	0.5346138	0.6743782	0.5322119	0.2377930	0.4284915	0.6055058	0.1522891	0.5491166	0.2376769	0.0350888	0.5651572	0.9791757

0	0.0094491	0.6355617	1.0459758	0.0876986	0.4170952	0.0015965	0.0357302	0.0201856	0.7842026	0.5482911	0.1482550	0.1067167	0.0074763	0.0795139	0.9263252	0.4386615	0.5117037	1.0187251	0.9869150	0.9112762	0.0675828	0.6396705	0.9879649	0.9056811	1.0249936	0.8053086	0.8415975	0.0956169	0.2807776	0.0361236	0.3476186	0.0945586	0.7647381	0.8073502	0.2691465	0.9854445	0.2644993	0.7761342	0.3511720	0.0142404	0.9503393	0.3956488	0.0912837	0.0721673	0.8039584	0.5632487	0.5721011	0.9104100	0.8750489	0.3877912	0.0490860	0.3690556	1.0040851	0.0016799	0.7496314	0.4296180	0.7445798	0.3138374	0.4763448	0.9977159	0.8917758	0.5763065	0.2317245	0.3844034	0.5377636	0.4876338	1.0898320	0.8135737	0.5024926	0.0491368	0.3912071	0.2335426	0.3169327	0.9297559	0.3112694	0.3637340	0.9584119	0.1589398	0.2670455	0.6498318	0.7931145	1.0351174	0.1402507	0.6535788	1.0095359	0.4184859	0.2245238	0.5131035	0.6073464	0.7854143	0.4606182	0.1309775	0.4648780	0.5528648	0.0723851	0.5781484	0.2784400	0.0363961	0.5378107	0.9932421
50	0.1056139	0.6079801	0.8705292	0.1717299	0.4399524	0.0431903	0.0503532	0.2702018	0.6043780	0.3381222	0.1222246	0.1063237	0.0037202	0.0869350	0.8658508	0.4338219	0.3981893	1.1044237	0.9388495	0.9477418	0.0712479	0.6482741	1.1557139	0.7197143	0.9306258	0.7044104	0.9745454	0.1160380	0.2116989	0.0172821	0.3346671	0.0853436	0.7507589	0.6084282	0.2169343	0.9683790	0.2138594	0.7247980	0.3779746	0.0292519	0.9862702	0.4159927	0.0595182	0.0810960	0.7824766	0.4065770	0.5944410	0.8314878	0.8495823	0.3341460	0.1872696	0.4036643	0.9808450	0.0009089	0.6904479	0.4536088	0.6829727	0.2528803	0.4382006	0.9360954	0.8233772	0.6460009	0.3072143	0.2946269	0.4802426	0.5076952	0.9766872	0.7364538	0.3633541	0.0613572	0.3542731	0.1289655	0.2685022	0.8749164	0.2947719	0.5524700	0.8596880	0.2764669	0.2347658	0.5975194	0.6929132	0.9554295	0.1035593	0.6086977	1.0037791	0.4285051	0.2905490	0.4312466	0.5476574	0.8517428	0.4293303	0.3585958	0.4374013	0.5486778	0.1338142	0.5776676	0.2729041	0.0172104	0.4548171	0.9588226
100	0.2354852	0.6027549	0.9160929	0.1343098	0.3650371	0.0758871	0.0721206	0.5031797	0.3763032	0.1581139	0.1483869	0.0722353	0.0046807	0.0839118	0.9477261	0.4800785	0.4956624	1.0006033	0.8444050	0.8075925	0.0648248	0.5900087	1.0908148	0.7926109	0.9711860	0.6737928	0.8170852	0.1155341	0.1473821	0.0154917	0.2677968	0.0391882	0.7253413	0.4140280	0.2253734	0.9603304	0.1457668	0.7256799	0.4397447	0.0112849	0.9744384	0.3746280	0.0876202	0.0793271	0.8855475	0.3344611	0.7007315	1.0047262	0.8877548	0.3312452	0.3269744	0.4488303	0.8784299	0.0002417	0.5469521	0.5529721	0.6568740	0.2325988	0.4383515	0.8546212	0.7933353	0.7434841	0.3043902	0.2994665	0.3876331	0.4964054	0.8807325	0.6923224	0.3210138	0.0567363	0.3471477	0.0464606	0.2463017	0.8705778	0.2812188	0.4966325	0.8367633	0.2441754	0.1782351	0.5681176	0.7131163	0.9014942	0.0901976	0.6922792	1.0207075	0.3758967	0.4027836	0.3189725	0.6194578	0.8782309	0.3064219	0.4294082	0.5387625	0.5057222	0.0880189	0.6083463	0.2544454	0.0188695	0.4054417	0.9444976
150	0.2922013	0.5540828	1.0778159	0.0673224	0.2993822	0.1154143	0.1374024	0.6943966	0.2707324	0.0863605	0.1219770	0.0801751	0.0102426	0.1004536	0.9376682	0.4250766	0.5263554	0.9341763	0.9073689	0.8933937	0.0444364	0.6780317	0.9820373	0.7841381	0.9167293	0.6659852	0.8225110	0.1057152	0.0962184	0.0177066	0.3356400	0.0229138	0.7400882	0.3425827	0.2257334	1.0395267	0.0981952	0.6810876	0.4867596	0.0306114	0.9376112	0.3910990	0.0891100	0.0535194	1.0147464	0.2742234	0.7287310	0.9216253	0.8876951	0.3219793	0.4611809	0.4541974	0.6924876	0.0020197	0.6578851	0.5965234	0.5421980	0.2968683	0.4643478	0.9344032	0.7057741	0.7059030	0.4152949	0.2360847	0.3255081	0.4430601	0.8640055	0.6630225	0.2376235	0.0693065	0.3763688	0.0080873	0.2561245	0.9990692	0.2725301	0.3464113	0.8938384	0.1659034	0.1736684	0.4637851	0.5903982	0.9297362	0.1198817	0.8023386	0.9654711	0.3246081	0.4829207	0.2235822	0.5993987	0.8917110	0.3577100	0.4029759	0.5143274	0.5553990	0.0731103	0.5340848	0.2341903	0.0174791	0.3217001	0.9962394
200	0.4064606	0.5955465	0.9184131	0.0615083	0.1971437	0.1024335	0.2729977	0.7405426	0.2913974	0.0356852	0.0970086	0.0863009	0.0245824	0.0846981	0.8276469	0.4034839	0.4939548	0.9259084	0.8887365	0.9661428	0.0476452	0.5942969	0.9323915	0.8580641	0.7997928	0.6165035	0.8560972	0.1045608	0.0842343	0.0256718	0.3106541	0.0178660	0.7596858	0.2638666	0.1821235	1.1299811	0.0891464	0.7685789	0.5162956	0.0273310	0.8914735	0.4282749	0.0940624	0.0368245	1.0312601	0.1864317	0.9196938	1.0149657	0.7984221	0.3456822	0.5012354	0.3266409	0.4497350	0.0032338	0.6474347	0.6589358	0.5272925	0.2862771	0.5789897	0.9805958	0.5980645	0.7520073	0.3849090	0.2149462	0.2589648	0.3976184	0.7467119	0.6498675	0.1895591	0.0870104	0.3975745	0.0109964	0.2337537	0.9480399	0.2923657	0.2859320	0.8787345	0.1528972	0.1611947	0.3954001	0.6293249	0.9229432	0.1430533	0.8045327	0.9472133	0.2826162	0.5851916	0.1602191	0.5688994	1.0451967	0.4998347	0.4330191	0.5575039	0.5297260	0.0661169	0.4822684	0.2276142	0.0215849	0.3044602	0.9708955
250	0.4848879	0.5534329	1.0561525	0.0545275	0.0852451	0.1037011	0.2781665	0.7655836	0.2702164	0.0243959	0.1239701	0.1052505	0.0296326	0.1033879	0.8971379	0.4220399	0.5165478	0.8755350	0.7364514	0.8975098	0.0313813	0.6236864	0.9602420	0.7624159	0.7598483	0.6484181	0.8351953	0.0888713	0.0816541	0.0296418	0.3127565	0.0119815	0.7845575	0.2386234	0.2221087	1.0370341	0.0550943	0.7923437	0.5558846	0.0223171	0.9700768	0.4161354	0.0922911	0.0386390	1.0253764	0.1410987	0.9266969	1.0533983	0.9317923	0.3422557	0.5728896	0.3882555	0.3315650	0.0013995	0.6228160	0.5698269	0.4561017	0.3055800	0.4973771	0.8972198	0.4439415	0.7646470	0.4205323	0.2248270	0.2278579	0.3788095	0.6241540	0.5076560	0.2404124	0.1650911	0.4786384	0.0064739	0.2545348	1.0100177	0.2882792	0.2338229	0.9406379	0.1042590	0.1294036	0.5088416	0.6273693	0.8415392	0.0873115	0.8145273	1.0653347	0.2352187	0.6384689	0.1683702	0.5567256	1.0280773	0.4977989	0.4376036	0.5643135	0.5340676	0.0332345	0.4219473	0.1655416	0.0212217	0.2388133	0.9525277
300	0.4683774	0.5611017	1.0282563	0.0620929	0.1377730	0.1555082	0.3339512	0.7173359	0.2359630	0.0153843	0.2300319	0.0715551	0.0672425	0.1186373	0.8817265	0.3680826	0.5305176	0.8241454	0.6986117	0.9249280	0.0252954	0.6049773	1.0181272	0.8674955	0.8077186	0.7930294	0.8744440	0.0905345	0.0719033	0.0281047	0.3243713	0.0104313	0.8267533	0.2152433	0.2209341	1.0322834	0.0266299	0.8150440	0.5271796	0.0441969	1.0129630	0.4705979	0.0962344	0.0337456	0.9897401	0.1486082	0.8954246	1.0055296	0.9909024	0.3661251	0.6199085	0.3787816	0.2823712	0.0070112	0.5653415	0.6777624	0.4561821	0.3180673	0.4800823	0.8454923	0.3221680	0.7004651	0.5034569	0.2462519	0.1741255	0.4205620	0.4401414	0.5830136	0.2375067	0.2137122	0.4721496	0.0115350	0.2097841	0.8550509	0.2296929	0.2304447	0.9560861	0.0719881	0.0886912	0.5097422	0.5080806	0.9354242	0.0947204	0.8701580	1.0935252	0.2551103	0.7415376	0.2379940	0.5975903	0.9603254	0.5477455	0.4479980	0.4987636	0.5812550	0.0313020	0.4897875	0.1881960	0.0293537	0.1877620	1.0136237
350	0.4069948	0.5881956	1.0684442	0.0675637	0.1259989	0.1744852	0.3573929	0.8067726	0.3010919	0.0198428	0.1725633	0.0758655	0.0706751	0.1256658	0.8236738	0.4575588	0.5319525	0.8338864	0.6878222	0.9347587	0.0235039	0.6410126	0.9275938	0.7353297	0.8849302	0.9112507	0.8608079	0.0608408	0.1373455	0.0372904	0.3214258	0.0086376	0.8365738	0.2073274	0.2568844	1.0147647	0.0370952	0.7486335	0.4831588	0.0396787	0.9522635	0.4014288	0.1060426	0.0229155	0.9679615	0.1789559	0.7798418	0.9537040	0.9486299	0.3115586	0.5403167	0.3666202	0.2112313	0.0089935	0.5685881	0.7024846	0.4498183	0.3226521	0.5402630	1.0223884	0.2904410	0.7065351	0.6161135	0.2516524	0.1628078	0.3933518	0.4469321	0.5676437	0.1960204	0.2440808	0.4353907	0.0288986	0.1719190	0.8955004	0.2547609	0.2812585	0.8868987	0.0616328	0.1071367	0.4028114	0.5224997	0.9595636	0.0989677	0.8096022	1.1247355	0.2569162	0.7832907	0.2497491	0.7066384	0.8463741	0.4763244	0.4426990	0.5578509	0.5382787	0.0595342	0.4317950	0.2104900	0.0236485	0.1708662	1.0291354
400	0.4196751	0.6236786	1.1163013	0.0893469	0.1246405	0.1817923	0.2998359	0.6905872	0.2912312	0.0118118	0.1465423	0.1241690	0.0610835	0.1230006	0.8583179	0.4628922	0.5390519	0.9447513	0.7191155	0.9134591	0.0175745	0.5913316	0.9570413	0.8142914	0.8538552	0.9053089	0.8639368	0.0681071	0.0778276	0.0306239	0.2698345	0.0065476	0.8428829	0.2288871	0.2129486	0.9780813	0.0488727	0.7644114	0.4709755	0.0203838	0.9789336	0.4182383	0.0910142	0.0343212	1.0795828	0.2042507	0.7324410	0.9878833	0.8931532	0.3658999	0.5885131	0.3858343	0.1575639	0.0092789	0.5967114	0.6753128	0.4204804	0.2487145	0.4578621	0.9350296	0.2884755	0.7152476	0.5418847	0.2246137	0.1659188	0.4301255	0.3715730	0.5669561	0.1832223	0.2758722	0.4027134	0.0158385	0.2142275	0.9308350	0.2291014	0.2564205	0.8570403	0.1062084	0.0751104	0.3988112	0.5536160	1.0563779	0.0976176	0.8344311	0.9926715	0.2824585	0.7855543	0.2549493	0.5850708	0.9326226	0.4429206	0.3851042	0.5742947	0.5144383	0.0629932	0.4657659	0.1894287	0.0262846	0.1892958	0.9678913
450	0.4174576	0.5467808	0.9711077	0.0886880	0.1103956	0.1783184	0.2812671	0.7695895	0.2535269	0.0138138	0.1479037	0.1114682	0.0465841	0.1096600	0.7888729	0.5130297	0.5440813	0.9050584	0.7762257	0.8751225	0.0210170	0.6606074	0.9333873	0.8044337	0.8500583	0.8201707	0.7850761	0.0605445	0.0702390	0.0197584	0.3172472	0.0003230	0.8593095	0.3015430	0.2249991	0.9849327	0.0476628	0.7743520	0.5143865	0.0086864	1.0560487	0.3916300	0.0750330	0.0447845	1.0419273	0.2164610	0.6609474	0.9644859	0.9336363	0.3895518	0.6005226	0.3107889	0.1559381	0.0712286	0.5786980	0.6512902	0.4212271	0.2332450	0.5452189	1.0399988	0.2611685	0.7008814	0.5997316	0.2414174	0.2391208	0.3413456	0.4782937	0.6010238	0.1483023	0.2484170	0.4951186	0.0010217	0.2341565	0.9509481	0.2540392	0.1993232	0.8650714	0.1054654	0.0739129	0.4429402	0.5424031	0.9402372	0.0834434	0.8284938	0.9225530	0.2584542	0.8577653	0.2325082	0.6528210	1.0053252	0.4871692	0.3800741	0.5884602	0.5773084	0.0687067	0.4229187	0.2205619	0.0247995	0.2607152	1.0090740
500	0.4387993	0.4721391	0.9679762	0.0638573	0.1145454	0.1818280	0.2956187	0.7053130	0.2452064	0.0099145	0.1090412	0.1059850	0.0677881	0.1559083	0.9191433	0.4765031	0.5283298	0.8758564	0.8297774	0.8921712	0.0215347	0.5565736	0.8825250	0.8311049	0.8589022	0.8745666	0.8200944	0.0641412	0.0998076	0.0284209	0.3214985	0.0024279	0.7358596	0.2986440	0.2573045	0.8206724	0.0652180	0.7192761	0.5497369	0.0138382	0.9555099	0.4441881	0.0907817	0.0244389	1.0191171	0.2377778	0.6783043	0.9555042	0.8410655	0.3529387	0.6134280	0.3097678	0.1154455	0.3242023	0.5392076	0.6391221	0.3349245	0.3310325	0.5139916	0.9767752	0.2518635	0.7190076	0.5712278	0.2301266	0.2619567	0.3376105	0.4463025	0.6439344	0.1697706	0.3208892	0.4975997	0.0073110	0.2354370	0.9397162	0.3023915	0.1907187	0.9594410	0.1428230	0.0986385	0.4425516	0.5742398	0.9936976	0.0829510	0.8678443	0.8523566	0.2497282	0.8496976	0.2600417	0.5856789	0.9573338	0.4529434	0.3758218	0.5498855	0.5111555	0.0559396	0.4654602	0.2385173	0.0165828	0.2723921	0.9352532
550	0.3519303	0.4434863	1.0507698	0.0308746	0.0745431	0.1305965	0.2758135	0.4970220	0.4380787	0.0139680	0.1486361	0.1220852	0.0575543	0.1293762	0.8326089	0.4647362	0.4095809	0.9537568	0.8245958	0.8652820	0.0452464	0.5389591	0.9002076	0.8266698	0.8951714	0.9712570	0.8132170	0.0734279	0.1318614	0.0266962	0.3016154	0.0192696	0.8115070	0.4100829	0.2297092	0.6769987	0.0523081	0.7351082	0.4096471	0.0207050	0.9166070	0.4294653	0.1183803	0.0442275	0.9749400	0.2724549	0.6993695	0.9181577	0.8265927	0.3752202	0.4580138	0.3385510	0.1034671	0.2341595	0.5779009	0.6217246	0.5247307	0.2847070	0.4941749	0.9984915	0.2427826	0.6625287	0.4992483	0.2121484	0.2970028	0.3689709	0.4675976	0.7206675	0.2136163	0.3320370	0.4246641	0.1721964	0.1995638	0.8321741	0.2920519	0.1624201	0.8754087	0.1056143	0.1337613	0.4050865	0.5321860	0.9921873	0.0836451	0.8602216	0.9150949	0.2491906	0.7499948	0.3115845	0.5938348	0.8223146	0.5640332	0.2297303	0.5880025	0.5939799	0.0585801	0.4852143	0.2841015	0.0266756	0.3458365	1.0020559
600	0.1923069	0.5352745	1.1070660	0.0246498	0.0934037	0.1161670	0.2565997	0.2113600	0.6760874	0.0137443	0.1134206	0.1386087	0.0435209	0.1271028	0.7966865	0.5504969	0.4781500	0.9799328	0.9804457	0.8873680	0.0585108	0.5621491	0.8868244	1.0124863	0.8588103	1.0327804	0.8601851	0.0658255	0.1539222	0.0237269	0.2974089	0.0418397	0.7495540	0.6802495	0.2611999	0.6357729	0.1191603	0.7061544	0.3709757	0.0490418	1.0012641	0.4471235	0.0939500	0.0433010	0.9446243	0.3916223	0.6690290	0.8220674	0.8888325	0.3713949	0.2061107	0.3692796	0.1285429	0.1229866	0.6716757	0.6560989	0.5609239	0.3122654	0.3448534	1.0551076	0.2332960	0.5495217	0.2570964	0.2065391	0.4313794	0.3422378	0.4973022	0.6938538	0.3287755	0.3381487	0.4582837	0.2719165	0.2519183	0.8809741	0.2960865	0.1340929	0.9178480	0.0938961	0.1250141	0.4608052	0.6660514	0.8917581	0.1110896	0.7676863	0.9665870	0.2419550	0.6275199	0.5108477	0.6792615	0.7617951	0.7538922	0.2131479	0.5018663	0.5630725	0.0465940	0.5217829	0.2424158	0.0315746	0.4378040	0.9994365
650	0.0887192	0.6228740	1.1549260	0.0185172	0.1454692	0.0772339	0.1037258	0.1085793	0.9200274	0.0161534	0.1187025	0.0994458	0.0235882	0.1654583	0.8544066	0.5387405	0.5124934	0.9344238	1.0070386	0.8880224	0.0475238	0.5776047	0.9106127	1.0867855	0.8243608	0.9055899	0.8091001	0.0572612	0.2249030	0.0258350	0.3876081	0.0458992	0.7998844	0.8429540	0.2869821	0.7992520	0.1622518	0.7373467	0.3283764	0.0420589	0.9939491	0.4111581	0.0844285	0.0503753	0.8597563	0.4170771	0.6021429	0.7910766	0.8225210	0.3524009	0.1311331	0.3964185	0.1182989	0.0626223	0.7119025	0.5617895	0.6538367	0.2770514	0.3450015	1.0700066	0.2810845	0.5230288	0.1558232	0.1915650	0.4128802	0.3341053	0.7556134	0.7682413	0.3697989	0.2976342	0.4206739	0.2896405	0.2689733	0.8853082	0.3196500	0.2108555	0.8606685	0.1271318	0.1571146	0.4964176	0.6465967	1.0137253	0.1412546	0.7965860	0.9091606	0.2157992	0.5996945	0.6972361	0.6099557	0.7108575	0.7207310	0.2992190	0.4534294	0.5709706	0.0416997	0.5310711	0.2515217	0.0176187	0.3862732	1.0023027
700	0.0759702	0.7707162	1.1977865	0.0334865	0.2210043	0.0481717	0.0779073	0.0722366	0.9715817	0.0270528	0.1349173	0.0924753	0.0221761	0.1212719	0.7787748	0.4657168	0.4887623	1.0945741	0.9186979	0.8683213	0.0606549	0.6334283	0.9219764	1.0246679	0.7218527	0.8295777	0.7600188	0.0693419	0.2235948	0.0218283	0.3484927	0.0638520	0.7786558	0.7578974	0.2922424	0.8697331	0.2243213	0.7507147	0.3430723	0.0366751	0.9329257	0.4892527	0.0693847	0.0662789	0.9359471	0.5063730	0.5480675	0.8449333	0.7578949	0.3030325	0.0775680	0.4522711	0.1425587	0.0212688	0.6279363	0.6012905	0.7229698	0.2512557	0.4498165	0.9957695	0.2647625	0.5524815	0.0915453	0.1772085	0.4245772	0.3632056	0.9219755	0.7168923	0.2764079	0.2019854	0.3285608	0.3107698	0.2528040	0.8886654	0.2923800	0.3314409	0.9583256	0.1740359	0.1910143	0.5558998	0.8071847	0.9056075	0.1075213	0.6867842	0.9389478	0.2612333	0.5000579	0.7829057	0.5069674	0.6899336	0.7638254	0.4046523	0.4692296	0.5445129	0.0590082	0.5215907	0.2938053	0.0350054	0.3791279	0.9291264
750	0.0644389	0.6217967	0.9667384	0.0697669	0.3523188	0.0186665	0.0608602	0.0326636	1.0410893	0.0465549	0.0997366	0.0936190	0.0121208	0.0982843	0.8839093	0.4734431	0.4255097	1.1353767	0.9658782	0.8223994	0.0708178	0.6186202	0.8952933	0.9543624	0.6694583	0.7887136	0.6830369	0.1059939	0.1660027	0.0245795	0.4223946	0.0463024	0.8730681	0.8008531	0.2704125	0.8840647	0.2744089	0.7317083	0.4191355	0.0174463	0.8827139	0.4115943	0.0895078	0.0957614	0.7351765	0.5077686	0.6315435	0.8482266	0.8144322	0.3152759	0.0844721	0.4012878	0.1727889	0.0087222	0.6957589	0.6290351	0.7503972	0.2283150	0.4239071	0.9777359	0.3196883	0.5000902	0.1101212	0.2378643	0.4182921	0.3565601	0.8705744	0.6700184	0.3628681	0.1416522	0.3618549	0.2512147	0.2537381	0.8417627	0.3405929	0.3029037	0.9767233	0.2070803	0.2548410	0.5804515	0.7857810	0.9912475	0.1469998	0.5701804	0.9313651	0.2915400	0.4692400	0.7681058	0.5274302	0.7231993	0.5943088	0.3749252	0.4387233	0.6037027	0.0554018	0.5768182	0.2657655	0.0348566	0.4084135	0.9551918
800	0.0338132	0.6245247	1.0333139	0.1120358	0.4466494	0.0101949	0.0268900	0.0227196	1.0212780	0.0645284	0.1056826	0.0765246	0.0023586	0.0914859	0.8897890	0.3956792	0.4116193	1.0397699	0.9091429	0.8301574	0.0345305	0.6674817	0.9207908	0.9665100	0.6765602	0.7094518	0.6932178	0.0847733	0.1655272	0.0275509	0.3976109	0.0501128	0.7837461	0.8016119	0.2765840	0.8422434	0.2393647	0.7403025	0.4157024	0.0383637	0.9314865	0.4421793	0.0854216	0.0667104	0.7557825	0.4207676	0.5658900	0.8544203	0.8022792	0.3441630	0.0645350	0.4342684	0.2086473	0.0028379	0.7104284	0.6548585	0.6809717	0.2870689	0.4837937	0.9469125	0.4287251	0.5041929	0.0926648	0.2353563	0.4507473	0.4999497	1.0204516	0.6812852	0.3966612	0.0887353	0.4323029	0.2479959	0.2970666	0.8663248	0.3169811	0.2997915	0.9266342	0.1695541	0.2390373	0.6354836	0.7945686	1.0496227	0.1057473	0.5378123	0.9368800	0.3253326	0.4014992	0.6225995	0.5964565	0.7866417	0.5457705	0.3598908	0.3703647	0.6281621	0.0550236	0.5707475	0.2755330	0.0286606	0.4523484	0.9355665
850	0.0187485	0.6473025	0.8684064	0.1156072	0.4615540	0.0065437	0.0302677	0.0108282	0.9966106	0.2310157	0.1219736	0.1078526	0.0091667	0.0944547	0.7789262	0.3822296	0.3691471	1.0180591	0.9163913	0.8267975	0.0760713	0.6439665	0.9798087	0.9955517	0.6917114	0.7442309	0.7591496	0.0684510	0.1621153	0.0332669	0.3746551	0.0424203	0.6653588	0.7876546	0.2444946	0.7859666	0.1915923	0.7407304	0.4433860	0.0118973	0.8552416	0.4624705	0.0945821	0.0612570	0.8094656	0.4988185	0.5901420	0.8322583	0.9392027	0.3550172	0.0964251	0.3344591	0.2729263	0.0017810	0.6684360	0.5335850	0.7542802	0.3231643	0.5743640	0.9640053	0.6079096	0.5274746	0.1247891	0.2568874	0.4404485	0.5197540	1.0381536	0.7366207	0.3873875	0.0630224	0.3950133	0.2167374	0.2782947	0.8075071	0.3009927	0.2463352	0.8675588	0.2499977	0.2220692	0.6155796	0.8218322	0.9800643	0.1041903	0.5021020	0.7831593	0.2585695	0.4135422	0.4869370	0.5313936	0.7585681	0.5126892	0.3854100	0.3849655	0.6523926	0.0780479	0.5305039	0.2656401	0.0181816	0.5619181	0.9684913
900	0.0232070	0.5551290	0.9850355	0.1030045	0.4818584	0.0033111	0.0270515	0.0163591	1.0143925	0.3087675	0.0946763	0.0787903	0.0100618	0.1135835	0.8482211	0.3624406	0.4429232	1.0064172	1.0238636	0.8647468	0.0538593	0.5631846	0.9999538	1.0048021	0.7431555	0.6303518	0.7710051	0.0606806	0.1196206	0.0260604	0.3432404	0.0356941	0.6706060	0.8212466	0.2910648	0.7860454	0.2409866	0.7167288	0.4103672	0.0100445	0.9330928	0.4306979	0.0897586	0.0416714	0.8194191	0.4906322	0.5299639	0.7391712	0.9532492	0.3186859	0.0718616	0.3332322	0.4652325	0.0007091	0.7266471	0.5421375	0.7698148	0.2814518	0.5431996	0.9611313	0.7009649	0.6076625	0.1532859	0.2288160	0.4504418	0.5155474	1.0696147	0.7433038	0.4093115	0.0419176	0.3653794	0.2256945	0.2981188	0.9507282	0.3381623	0.2673425	0.8937186	0.2055153	0.2225016	0.6637443	0.8347188	0.8754059	0.0934432	0.4518728	0.9640981	0.3292759	0.3717441	0.4165954	0.5029400	0.7276001	0.6178486	0.2133908	0.4050093	0.6276593	0.0701457	0.5927700	0.2531474	0.0236387	0.4932718	0.9862964
950	0.0134084	0.6091051	1.0285129	0.0903401	0.4399061	0.0009176	0.0338245	0.0205161	0.8903542	0.3530980	0.1108300	0.0788759	0.0086774	0.0898275	0.8975081	0.3461435	0.4931458	0.9650333	0.8683406	0.9540660	0.0749510	0.5724893	1.0451259	1.0038164	0.8529900	0.6144425	0.7631142	0.0853761	0.1752778	0.0320402	0.4729498	0.0668566	0.8176278	0.8075807	0.2699534	0.9115444	0.2642372	0.7073639	0.4061316	0.0218897	0.9750429	0.4094861	0.0765842	0.0610189	0.8207235	0.5403961	0.4691019	0.7818510	0.9043369	0.3100525	0.0896344	0.3130831	0.6618079	0.0070927	0.8284764	0.5523058	0.8052521	0.3255886	0.5420552	0.9977070	0.7107261	0.6129219	0.0926282	0.2541344	0.4509373	0.4880988	1.0084734	0.7099311	0.4768724	0.0233567	0.3811867	0.1655605	0.2760951	0.9620225	0.3241213	0.2953436	0.9064420	0.1791029	0.2358629	0.6338355	0.7996056	0.9344391	0.0838891	0.4949017	0.9203590	0.2952726	0.3335291	0.5059937	0.4630777	0.7541939	0.6334267	0.1751094	0.4229167	0.6425229	0.0789704	0.6448060	0.2846111	0.0311578	0.4660779	0.9917521
1000	0.0137815	0.5554111	1.0104416	0.1032339	0.4403140	0.0005510	0.0338420	0.0267241	0.8909908	0.4404158	0.1382016	0.0954122	0.0039913	0.1260947	0.8743697	0.3224917	0.3946502	1.0110123	0.9058919	0.9853078	0.0800671	0.6664246	1.1340269	1.0069684	0.8381386	0.6518121	0.8075788	0.1235606	0.2298305	0.0436344	0.4208564	0.0491793	0.7450348	0.8080078	0.2461048	0.9369051	0.3259127	0.7150687	0.3745852	0.0350780	0.9973276	0.4699936	0.0877054	0.0714515	0.7477956	0.6485124	0.4864254	0.7335650	0.9056949	0.3171187	0.0721947	0.2729076	0.8210230	0.0068333	0.7214869	0.5608789	0.7874078	0.2889691	0.4683804	0.9303540	0.7565721	0.6232217	0.1520615	0.2672976	0.4321049	0.5388064	1.0561074	0.6473365	0.5170448	0.0319245	0.3492086	0.2575106	0.2537280	0.9268309	0.3401193	0.3200160	0.8506580	0.2162239	0.2505692	0.6330463	0.7568494	0.9154604	0.0785386	0.5316812	0.9784567	0.3319730	0.3088767	0.5299996	0.5845498	0.7324689	0.6018016	0.2201979	0.3929426	0.6328739	0.0654762	0.6671259	0.2950439	0.0355570	0.4546811	1.0103556

0	0.0094491	0.6355617	1.0459758	0.0876986	0.4170952	0.0015965	0.0357302	0.0201856	0.7842026	0.5482911	0.1482550	0.1067167	0.0074763	0.0795139	0.9263252	0.4386615	0.5117037	1.0187251	0.9869150	0.9112762	0.0675828	0.6396705	0.9879649	0.9056811	1.0249936	0.8053086	0.8415975	0.0956169	0.2807776	0.0361236	0.3476186	0.0945586	0.7647381	0.8073502	0.2691465	0.9854445	0.2644993	0.7761342	0.3511720	0.0142404	0.9503393	0.3956488	0.0912837	0.0721673	0.8039584	0.5632487	0.5721011	0.9104100	0.8750489	0.3877912	0.0490860	0.3690556	1.0040851	0.0016799	0.7496314	0.4296180	0.7445798	0.3138374	0.4763448	0.9977159	0.8917758	0.5763065	0.2317245	0.3844034	0.5377636	0.4876338	1.0898320	0.8135737	0.5024926	0.0491368	0.3912071	0.2335426	0.3169327	0.9297559	0.3112694	0.3637340	0.9584119	0.1589398	0.2670455	0.6498318	0.7931145	1.0351174	0.1402507	0.6535788	1.0095359	0.4184859	0.2245238	0.5131035	0.6073464	0.7854143	0.4606182	0.1309775	0.4648780	0.5528648	0.0723851	0.5781484	0.2784400	0.0363961	0.5378107	0.9932421
50	0.0257733	0.6033491	0.7682388	0.2974642	0.4849167	0.0833595	0.0359468	0.0353733	0.7954628	0.4043654	0.1244748	0.0840898	0.0078589	0.0903438	0.8587971	0.3426142	0.4687421	0.9510457	0.8633253	1.0111573	0.2088499	0.7724477	1.0150651	1.0853248	0.8821211	0.7432463	0.9519424	0.3342401	0.3267017	0.0522430	0.3099035	0.0688500	0.6149440	0.6871763	0.2859919	0.9223186	0.2625798	0.7790721	0.2698744	0.4756734	0.9422207	0.4788325	0.0677364	0.0934181	0.6270986	0.3921692	0.6963354	0.9655117	0.9397705	0.3190934	0.0433939	0.3761726	0.9054384	0.0117818	0.8357383	0.4998333	0.8166659	0.3248155	0.4834386	0.9477824	0.8640670	0.5009366	0.2064482	0.3264233	0.4956105	0.5203803	1.0827058	0.7956350	0.5826719	0.0339344	0.3563266	0.2179959	0.2784847	0.8932898	0.2724953	0.3680655	0.9125614	0.2211513	0.5012507	0.6489091	0.8596902	0.8727742	0.1324977	0.6601353	1.0182818	0.3912014	0.2413377	0.4510220	0.5190754	0.6825622	0.4455208	0.3207265	0.4643542	0.6086645	0.1112182	0.6068013	0.2247618	0.0414512	0.4697728	1.0336901
100	0.0223110	0.5191894	0.5377055	0.2919823	0.3218127	0.1866404	0.0334127	0.0218376	0.9210950	0.3615777	0.1358597	0.0839514	0.0315423	0.0413580	0.9484982	0.3537481	0.4455736	0.8291694	0.7183596	0.9414193	0.4109999	0.8532496	1.0181530	0.8574416	0.8294435	0.6999677	0.9729951	0.6221581	0.3182748	0.0531447	0.3872308	0.1109980	0.5520102	0.7802647	0.3307109	0.8453985	0.1472832	0.8622069	0.1331831	0.7601475	1.0153312	0.5225214	0.0683007	0.0592343	0.4870026	0.4205897	0.6703902	0.9381751	0.9224409	0.3662542	0.0568844	0.4077592	1.0440112	0.0138530	0.8352053	0.5319464	0.8758012	0.3209257	0.5223425	0.9580723	0.7365898	0.3170851	0.2753329	0.3252484	0.4305119	0.4995107	1.0423828	0.7642260	0.6837856	0.0654074	0.3711135	0.2824155	0.2973184	0.9110231	0.1956054	0.4737242	0.9726722	0.2476980	0.6899691	0.5592212	0.8194089	0.9358907	0.2112665	0.7109430	0.9047096	0.3815531	0.2764281	0.4461971	0.4853814	0.7253318	0.4631063	0.3309193	0.4170132	0.6310127	0.1462060	0.6134297	0.2409351	0.0378781	0.2711795	1.1416664
150	0.0164758	0.4574079	0.5182666	0.3570159	0.1625903	0.2267013	0.0193367	0.0149889	0.7983627	0.3710810	0.1719420	0.0749152	0.0694549	0.0193575	0.8794281	0.3011052	0.5768228	0.9555365	0.7600942	0.8317206	0.5024333	0.9285115	0.9487297	0.5114986	0.8587389	0.6262896	0.9740127	0.7797068	0.2487975	0.0394514	0.3183878	0.1940448	0.5449684	0.7925309	0.3238271	0.8048595	0.0813646	0.8342281	0.0624201	0.8435699	0.8970350	0.5013452	0.0777273	0.0795872	0.4824793	0.4493300	0.6536003	0.8600929	0.8461152	0.3565976	0.0831280	0.4750683	0.8995864	0.0125961	0.9355122	0.4349007	0.9739058	0.3224047	0.5421535	1.0398210	0.6788307	0.2545798	0.3515999	0.3091598	0.4128583	0.4440355	0.9634203	0.7286062	0.7811830	0.0901414	0.3760552	0.1866862	0.3350418	0.8929431	0.1455068	0.4326725	0.9709071	0.2672049	0.7597375	0.5323210	0.8346266	0.9075407	0.2417598	0.6932727	1.0100612	0.3554881	0.3852469	0.3678815	0.4128434	0.6647054	0.3947293	0.3920626	0.4163122	0.5758537	0.1358078	0.5564917	0.2106505	0.0242100	0.1197653	1.0799896
200	0.0092589	0.4362638	0.4593947	0.3238306	0.0681566	0.2745457	0.0456811	0.0190989	0.8375426	0.4058709	0.2238431	0.0872779	0.1164438	0.0067770	0.8079964	0.3869029	0.5400833	0.9400730	0.7852388	0.8219698	0.5239328	0.9575358	1.0759708	0.2863161	0.9249997	0.6881121	0.9696318	0.8603958	0.1842231	0.0767216	0.3981041	0.2753294	0.4859172	0.6545683	0.3857255	0.8479679	0.0977568	0.7971936	0.0265675	0.8106192	0.9615495	0.5173810	0.0785799	0.0532974	0.4322828	0.4104347	0.5918937	0.9136670	0.9583955	0.3402199	0.1234767	0.4740201	0.7004873	0.0030697	0.9594655	0.3277976	1.1048470	0.2595685	0.6286406	0.9616407	0.5640571	0.1662991	0.3313634	0.3373873	0.4677469	0.2212231	0.7875151	0.7589067	0.8880723	0.1826228	0.3294539	0.1827029	0.4071048	0.9090954	0.1244692	0.2983886	0.9495059	0.2869810	0.8601044	0.4929502	0.8325114	0.9455351	0.2885499	0.6183506	0.9883024	0.4094073	0.4319048	0.3656572	0.4878680	0.6242631	0.3801404	0.4181772	0.4034942	0.5326077	0.1656940	0.5223608	0.2615527	0.0262030	0.0701329	1.0787620
250	0.0037439	0.4267080	0.4766231	0.3426407	0.0320323	0.2644274	0.0398561	0.0107274	0.9237455	0.3977209	0.2100002	0.1260671	0.1962651	0.0086517	0.7835992	0.2996388	0.5352593	0.9490894	0.7299961	0.8065517	0.5230881	1.0709819	1.0331432	0.2784766	0.9192464	0.6795842	0.9458456	0.9667222	0.2634014	0.0913115	0.4154774	0.3196026	0.4846133	0.6733815	0.4301323	0.8102369	0.0928806	0.8095098	0.0258732	0.8853714	0.9582545	0.5058081	0.0758581	0.0356864	0.3787056	0.4596666	0.5256545	0.8669098	0.9232510	0.3517095	0.1237406	0.4847588	0.5903770	0.0037219	1.0022918	0.1898953	1.1240851	0.2542842	0.6784218	0.9447895	0.4334826	0.1837861	0.3701495	0.3547201	0.5722145	0.1215087	0.7544412	0.7417644	0.8112296	0.3432348	0.3294328	0.1894457	0.5367842	0.8946435	0.1260869	0.3109927	0.9897906	0.2602362	0.8938074	0.4526469	0.8161267	0.9614922	0.3646404	0.6462434	1.0726747	0.4858589	0.5289437	0.3932966	0.4331161	0.5297367	0.3912229	0.4257857	0.3877975	0.6356995	0.1436750	0.6102979	0.2631598	0.0226992	0.0228852	0.9612772
300	0.0136115	0.3729277	0.3997222	0.3945116	0.0438788	0.2726219	0.0294906	0.0231208	0.8228453	0.4547825	0.2667814	0.0991662	0.2104869	0.0133712	0.6968351	0.2768011	0.4673222	0.8855642	0.6326051	0.8011538	0.5941055	1.0692985	0.9804878	0.2048489	0.9788083	0.6334710	0.9958105	0.9281550	0.3464114	0.1276101	0.4419022	0.4050208	0.4760466	0.8336939	0.4394198	0.9204446	0.0870867	0.8043135	0.0084696	0.9564589	0.9004000	0.4919163	0.0732824	0.0378369	0.3801512	0.5532868	0.6528651	0.8934792	0.8851020	0.2819414	0.1464768	0.5542477	0.4729209	0.0103473	0.9971104	0.1527640	1.0605412	0.3169408	0.7563694	0.9522199	0.3888580	0.1894970	0.4811968	0.4374769	0.6042119	0.1228714	0.6608777	0.6611730	0.8282512	0.4284652	0.2879976	0.2142085	0.5352795	0.9083331	0.0822594	0.3114510	0.9235043	0.2100854	0.9115752	0.5208179	0.8175059	0.9519496	0.3110184	0.6144299	1.0039323	0.4937752	0.4845465	0.3761300	0.3768436	0.4916643	0.4100874	0.4198333	0.2737763	0.7265724	0.1725416	0.5657453	0.2638891	0.0188247	0.0079631	0.9705370
350	0.0089558	0.4029690	0.3859077	0.3838557	0.0573427	0.2480883	0.0286249	0.0243889	0.7785592	0.4489973	0.2352439	0.0745509	0.1707351	0.0107033	0.7141547	0.2979004	0.5042672	0.9700310	0.6600678	0.8537195	0.5322535	1.0346097	0.9584690	0.2058845	0.9636440	0.6803442	0.9486509	0.9522517	0.3537179	0.0929402	0.4137753	0.4683842	0.4810845	0.7542510	0.4020756	0.9098809	0.0981215	0.8173617	0.0197173	0.8795812	0.9750873	0.6116415	0.0681529	0.0347940	0.4216254	0.4967020	0.6115495	0.7957102	0.8735951	0.2636407	0.1423538	0.5113606	0.5314046	0.0077210	0.9984306	0.0704057	1.0179961	0.3507405	0.6538872	1.0410048	0.3513387	0.1918243	0.4453681	0.3586815	0.6132150	0.1494628	0.7602400	0.6776291	0.7234261	0.5676667	0.2850601	0.1447472	0.6468525	0.8614426	0.0941974	0.5003862	0.8979468	0.2753044	0.9501606	0.4801299	0.8972807	0.9139593	0.3167891	0.5915957	0.7722796	0.5720660	0.4983618	0.3777477	0.4268722	0.6256776	0.4230198	0.3878962	0.3663628	0.7344323	0.1485697	0.4976504	0.2584395	0.0254177	0.0052444	0.9958735
400	0.0228399	0.3886448	0.4583639	0.3720424	0.0571585	0.2833631	0.0277097	0.0188446	0.7537677	0.4057321	0.2989876	0.0699940	0.1528998	0.0258169	0.6733250	0.2336199	0.5739378	0.8959256	0.5978391	0.8660313	0.5684615	0.9277402	1.0334268	0.1600909	0.9523361	0.6583198	1.0193543	1.0218020	0.3813931	0.0626720	0.4624949	0.4962332	0.4199497	0.8044890	0.3825173	0.9909843	0.1583319	0.8179806	0.0178081	0.9609801	0.9692379	0.6431408	0.0707538	0.0481057	0.4102395	0.5960364	0.4817318	0.7657408	0.7149875	0.2944644	0.1274326	0.4547322	0.6759042	0.0107192	1.0027228	0.0458612	1.1352748	0.3382066	0.7113164	1.0885084	0.2873736	0.1831276	0.5969216	0.3301164	0.5489429	0.1772157	0.8223864	0.5883468	0.7885726	0.5418036	0.3183904	0.1239699	0.6041458	0.9182620	0.0988574	0.4681813	0.9201702	0.3032402	1.0232274	0.4923200	0.8413426	0.9605628	0.2828192	0.7158979	0.8896534	0.5564279	0.4819762	0.4125029	0.4765424	0.5833156	0.4390070	0.3498236	0.3316699	0.7401630	0.1556752	0.6258642	0.3077876	0.0261265	0.0016217	1.0196346
450	0.0095053	0.4199139	0.4502396	0.3640048	0.0468873	0.2357634	0.0293907	0.0216325	0.7118313	0.4172477	0.3418807	0.1083741	0.1842543	0.0115698	0.6877507	0.3056781	0.5976156	0.9278557	0.6974707	0.9137993	0.5285494	0.8514856	0.9941633	0.1177945	1.0134530	0.6535469	0.9412631	0.9624750	0.2726149	0.0695629	0.4156743	0.6353922	0.4219834	0.7937269	0.3900618	0.8967688	0.1111077	0.7711803	0.0079381	0.9622499	0.9343683	0.5795488	0.0702249	0.0372885	0.3673471	0.6781362	0.4070665	0.8445662	0.7487610	0.2863446	0.1798885	0.4291245	0.6648291	0.0020786	0.9204109	0.0296712	1.0894943	0.3932109	0.6754876	1.0476185	0.3059767	0.2002121	0.5758363	0.3702571	0.5446291	0.1414504	1.0421281	0.5568580	0.7479645	0.4794630	0.2908925	0.1230381	0.6038154	0.8860947	0.0915213	0.5985390	0.9248883	0.3444305	0.9963920	0.5454648	0.8488293	1.0708572	0.3491976	0.7092906	0.8433005	0.6432244	0.5026210	0.3982350	0.6143266	0.5023531	0.4054414	0.3733909	0.3198804	0.7308555	0.2152036	0.6704525	0.2740899	0.0235996	0.0002786	1.0404826
500	0.0163759	0.3807620	0.4080176	0.4365956	0.0443221	0.2663839	0.0289225	0.0216623	0.7144114	0.4121901	0.2486204	0.0801921	0.1774887	0.0135288	0.6662029	0.3595655	0.4876856	0.9384094	0.7056668	0.9110500	0.5665870	0.9559795	1.0615796	0.1916711	1.0292826	0.7253350	0.9896081	1.0106465	0.2415028	0.1083691	0.3665270	0.7317714	0.3630554	0.7481456	0.4367837	0.9172961	0.1986450	0.7653485	0.0083374	0.9352636	1.0303605	0.6393155	0.0697579	0.0422610	0.3068533	0.6557310	0.5484025	0.8713260	0.8516155	0.2327480	0.1981800	0.4797599	0.7557929	0.0000000	0.9745673	0.0101412	0.9614801	0.4038134	0.7866176	1.0083103	0.2783661	0.1575378	0.5619234	0.3407519	0.6237055	0.1150450	0.9461698	0.5394439	0.7871919	0.4704583	0.3360512	0.1479596	0.5251581	0.8049656	0.0615457	0.4217562	0.9199668	0.2781535	0.9585564	0.5944321	0.8522288	1.0200407	0.2921550	0.6710615	0.8771764	0.6401842	0.4620317	0.3747374	0.5686873	0.4910754	0.3708164	0.4034222	0.2795650	0.7821460	0.2350039	0.6818050	0.2570218	0.0276655	0.0002318	1.0154613
550	0.0113328	0.3316356	0.5920478	0.4139129	0.0499712	0.2332549	0.0196881	0.0275939	0.7937103	0.4215653	0.3141656	0.1010327	0.1656270	0.0633429	0.8063887	0.3272209	0.4833425	1.0190793	0.7768512	0.9270656	0.3714228	0.8004984	0.9532032	0.1914437	1.0117148	0.7406418	0.9641211	0.7034470	0.3028355	0.0918504	0.2312692	0.7728110	0.3732522	0.7509957	0.3858838	1.0704415	0.1688336	0.7879777	0.1397735	0.4457514	1.0256683	0.6482974	0.0688660	0.0528186	0.4744388	0.5182336	0.6004027	0.9085445	0.8238334	0.2390899	0.2162941	0.5029942	0.7509909	0.0032998	0.8302670	0.0079564	0.8619111	0.3880138	0.7741004	0.9447859	0.3191266	0.2574925	0.5130584	0.3711051	0.6232593	0.1019577	0.9738278	0.5228007	0.7317540	0.4955355	0.3861780	0.1630368	0.5186130	0.7992150	0.0782248	0.3980992	0.9583143	0.2698139	0.8175122	0.5547788	0.8605413	0.9953691	0.2585376	0.7244314	0.9023827	0.5731348	0.4864163	0.3671032	0.4782128	0.4839809	0.3494897	0.4232260	0.2891669	0.8671573	0.1903671	0.7296624	0.2528728	0.0325624	0.0229241	1.0152445
600	0.0108367	0.3719145	0.7736428	0.2586054	0.0605537	0.1295856	0.0462023	0.0172157	0.8252064	0.4484008	0.2895710	0.1061850	0.1371166	0.1139447	0.8464007	0.3714222	0.5772466	0.8571023	0.8546475	0.9106730	0.2218432	0.7596749	0.8796588	0.3717933	0.9672254	0.6943905	0.9618717	0.4202681	0.3379763	0.0822347	0.1894177	0.7655487	0.4653828	0.7934640	0.3497691	1.0113472	0.1271916	0.7450113	0.2694955	0.1577601	1.0321119	0.6427625	0.1087061	0.0681373	0.6439715	0.4604411	0.6595549	0.9207817	0.9043551	0.2023917	0.2236971	0.4735693	0.7538331	0.0066107	0.8401209	0.0141508	0.8419883	0.3399589	0.7920574	0.9259021	0.2904023	0.3220632	0.4485898	0.3528082	0.6113175	0.0775097	0.8920875	0.5047769	0.6594610	0.4666784	0.3426540	0.1545931	0.4552045	0.7632669	0.0776086	0.4036182	0.9203372	0.2363866	0.4937998	0.5351845	0.8168874	1.0160265	0.2463079	0.7363820	0.9038099	0.5352274	0.4753070	0.4191657	0.5437691	0.4788009	0.3881006	0.4136483	0.2859344	0.9955829	0.1338725	0.7545055	0.2263128	0.0276171	0.0277833	1.0413752
650	0.0124872	0.4623711	0.9352056	0.2132595	0.1028253	0.0617500	0.0293258	0.0301952	0.8278950	0.3848285	0.2289505	0.0789625	0.0755309	0.0983586	0.8970571	0.4710564	0.5416608	0.9384457	0.9912972	0.7896615	0.1225129	0.7006624	0.8645660	0.5841676	0.8583477	1.0234153	1.0203624	0.2473177	0.4343497	0.0530332	0.2172146	0.5876613	0.5734413	0.7845064	0.3709867	0.9596602	0.1721720	0.7868885	0.2529219	0.0541809	0.9822423	0.5719104	0.0955221	0.0520093	0.6602072	0.5542539	0.6486807	0.9136021	0.9156576	0.2638446	0.2120572	0.3943734	0.8184423	0.0084384	0.7294201	0.0160783	0.7784181	0.3327154	0.6407170	0.9087969	0.3515386	0.4355984	0.4354768	0.2917710	0.5356652	0.1188495	0.9053878	0.4970795	0.5544572	0.4231588	0.3176947	0.2434313	0.4960236	0.8108159	0.0893540	0.4685239	0.9509020	0.1184115	0.4173290	0.6037512	0.7938708	0.9902994	0.2029036	0.7689646	0.8197995	0.5559749	0.4641472	0.5039209	0.5564486	0.5143670	0.3592049	0.3835334	0.2994239	1.0284117	0.1054818	0.6584740	0.2202184	0.0289584	0.0442973	1.1420787
700	0.0195930	0.6160662	1.0641648	0.2187194	0.2112855	0.0308212	0.0182552	0.0486315	0.8727281	0.3721608	0.1565817	0.0976769	0.0230188	0.0827222	0.9480607	0.4410269	0.4825742	0.9180004	0.9433214	0.7409443	0.0681062	0.6328732	0.8033917	0.7579231	0.8360392	0.8558526	1.0798938	0.2646712	0.4301601	0.0230317	0.2908822	0.3453026	0.5739629	0.8282408	0.3362213	0.8751139	0.2124122	0.6886767	0.3306919	0.0296963	0.9138456	0.5139558	0.0977343	0.0457226	0.7761460	0.5102745	0.6691312	0.9099166	0.8835011	0.2324959	0.2375467	0.4027382	0.8634369	0.0017875	0.8133932	0.0128700	0.7447328	0.2483323	0.4523528	0.9098882	0.3939144	0.5833754	0.4153095	0.3620863	0.5787492	0.2927073	0.9384221	0.5858553	0.5095998	0.3512700	0.2992540	0.2306658	0.4402568	0.8098198	0.1287346	0.4458835	0.9236643	0.1119479	0.3721398	0.5971365	0.7677236	0.9851419	0.1516605	0.8134440	0.9156574	0.5323656	0.4888698	0.4333684	0.5580565	0.4523193	0.5000908	0.3322908	0.3232599	0.9645637	0.1433788	0.7145191	0.2158905	0.0193154	0.2079401	1.1027009
750	0.0275644	0.6439070	0.9694741	0.1309072	0.3203228	0.0119426	0.0443753	0.0420192	0.8926161	0.3425283	0.1281816	0.0809682	0.0158151	0.1152339	0.8948616	0.5074390	0.5293634	0.8463036	0.8852456	0.7994478	0.0627674	0.6075478	0.9108681	0.8923827	0.8269857	0.6985401	0.9975905	0.2103874	0.2922627	0.0246285	0.2960585	0.2434935	0.5931606	0.7572553	0.2816589	0.9360943	0.2738876	0.6756771	0.3298430	0.0309644	0.9604757	0.4812641	0.0825309	0.0647317	0.8283890	0.5223254	0.5894310	0.8056499	0.8770171	0.2386236	0.1709963	0.4562192	0.7849358	0.0033179	0.8278349	0.0344531	0.7656449	0.2657979	0.4584417	0.9390731	0.4208316	0.5042058	0.4098765	0.3130987	0.5171341	0.3922226	0.8695078	0.6456020	0.4845983	0.2150248	0.3238473	0.2106843	0.4380089	0.7899373	0.1486881	0.5080984	0.9900523	0.1364096	0.3174710	0.6315015	0.7957251	1.0045056	0.1576317	0.7721609	0.9384487	0.5055285	0.4760162	0.4570867	0.6681628	0.6397918	0.5266274	0.3630438	0.3734647	0.8862557	0.1235623	0.7046397	0.2124633	0.0150660	0.3859450	1.0070652
800	0.0216056	0.6013712	0.9896854	0.0923608	0.4043536	0.0069913	0.0293091	0.0410791	0.8744618	0.2526996	0.1387459	0.0530255	0.0175881	0.0988680	0.9047351	0.4848903	0.5697873	0.9165418	0.8871985	0.7864777	0.0841547	0.5825572	0.8979865	0.9523620	0.8842792	0.6740230	0.9765228	0.1502433	0.2246009	0.0535519	0.3614656	0.1924053	0.6314463	0.7560468	0.2445389	0.9896859	0.2784956	0.6930099	0.3337088	0.0247786	0.9730604	0.4962389	0.0830252	0.0630360	0.8323989	0.4925126	0.6451621	0.7746839	0.8301407	0.2198308	0.1453245	0.4903475	0.8240678	0.0006081	0.7935590	0.0990728	0.7085297	0.2562619	0.4648221	1.0086050	0.5523311	0.5026194	0.3308670	0.3210583	0.4569499	0.4979357	0.8825536	0.6810628	0.4182196	0.1250558	0.2749452	0.2112783	0.3416140	0.7874433	0.2134143	0.3982785	0.9495110	0.2411571	0.3092723	0.6388699	0.7828608	0.9129854	0.1288721	0.6314704	0.8897864	0.4324720	0.4458537	0.4923031	0.5874783	0.7115208	0.5280241	0.3292099	0.3650144	0.8294200	0.1009613	0.5588243	0.2081944	0.0283746	0.4219067	1.0195230
850	0.0134447	0.6068138	1.0938104	0.1095043	0.4511577	0.0024380	0.0406661	0.0220051	0.9492619	0.3061093	0.0994675	0.0730688	0.0091719	0.0747580	0.8934232	0.4943481	0.5571080	0.9524163	0.9870783	0.8616923	0.0704212	0.6080152	1.0879160	0.9901652	0.8731903	0.6559791	1.0642337	0.1324712	0.3199320	0.0432779	0.3939646	0.1273689	0.6476406	0.8440138	0.2428489	0.9891095	0.2243485	0.6795126	0.3167480	0.0164294	0.8995807	0.5305614	0.0870552	0.0557726	0.7376402	0.4240588	0.6274813	0.8045114	0.7551264	0.2496569	0.1471125	0.4027365	0.7683463	0.0031032	0.8046196	0.1833439	0.7330892	0.2440616	0.4763833	0.9308366	0.5945689	0.6230035	0.3086079	0.2753114	0.4702739	0.5133898	0.9552862	0.6975274	0.4213457	0.0778523	0.3298465	0.2642365	0.3271883	0.8171864	0.2863038	0.3883241	0.9089699	0.2172834	0.2959806	0.6609968	0.7666489	0.9464771	0.1282865	0.7060831	0.9922045	0.3309921	0.3753853	0.5683840	0.6025917	0.7108866	0.5287735	0.3379399	0.3659863	0.6709509	0.0905857	0.5674682	0.2197273	0.0163713	0.5047795	1.0265507
900	0.0116761	0.6146703	1.0692066	0.1000651	0.4325337	0.0026883	0.0272268	0.0256452	0.9398413	0.4028101	0.0976566	0.0902902	0.0028589	0.0635511	0.9398829	0.5144579	0.4519688	1.0257338	1.0087856	0.7897750	0.0790971	0.5892372	1.0829218	0.8588280	0.9241653	0.6426603	0.9271400	0.1267254	0.3145104	0.0468731	0.4535976	0.1238445	0.6754481	0.7855380	0.2300387	0.8218768	0.2611138	0.6541857	0.3141314	0.0244993	0.9439261	0.5059377	0.1133783	0.0508755	0.8518638	0.4799317	0.5099043	0.8099375	0.7584287	0.2962929	0.1590690	0.3394068	0.8751834	0.0041739	0.8486059	0.2742749	0.7839890	0.2232654	0.4511978	0.8990564	0.6874851	0.5884525	0.2016839	0.2781413	0.3815046	0.5504779	1.1125631	0.7033680	0.3111404	0.0666294	0.3317803	0.2179627	0.2955102	0.8473634	0.3144351	0.4872209	0.8139063	0.1640815	0.2657285	0.6278668	0.7857449	0.9737920	0.1111769	0.7138772	0.8909964	0.2833301	0.4035768	0.5420944	0.5494694	0.7373539	0.5610441	0.3182207	0.3468366	0.6314611	0.0926132	0.6167811	0.2523607	0.0376925	0.5566643	1.0230419
950	0.0191540	0.5172690	0.9703029	0.1295731	0.5086223	0.0035533	0.0348732	0.0163652	0.8640825	0.3812789	0.0880786	0.0725842	0.0042719	0.1028642	0.9272229	0.4201473	0.4796771	0.9949920	1.0107617	0.7910043	0.0427589	0.6469224	1.0333687	0.9909469	0.9423747	0.6853505	0.9380476	0.0966477	0.2828679	0.0428722	0.4843364	0.1093034	0.7489979	0.7889710	0.2559951	0.8821728	0.2256716	0.6738217	0.2987518	0.0208742	0.9912559	0.4593581	0.0819699	0.0597038	0.8607726	0.4965958	0.5575746	0.8820668	0.7903087	0.2607839	0.1361143	0.3375127	0.9146853	0.0029178	0.7141505	0.4262382	0.7380481	0.2799036	0.5231481	0.9788886	0.6796732	0.6287599	0.0843460	0.3391609	0.4685954	0.4875470	0.9128028	0.7916117	0.3659996	0.0603207	0.3338128	0.2053157	0.2589836	0.8855798	0.3101135	0.5213638	0.8248652	0.1427387	0.2982809	0.6329798	0.8294462	0.9837512	0.1274803	0.6736217	0.8926569	0.2122857	0.3118671	0.4591068	0.5590869	0.8201042	0.5392190	0.2988618	0.4804057	0.5598492	0.1078967	0.6750067	0.2130803	0.0324585	0.4829642	0.9699613
1000	0.0054824	0.5922280	0.9192279	0.1196400	0.4590820	0.0007652	0.0297084	0.0141393	0.7721613	0.4132497	0.1203996	0.0909555	0.0048185	0.0789881	0.9475001	0.4111998	0.4274470	1.0238494	1.0324233	0.8717794	0.0434623	0.7164603	1.0017248	0.9419481	0.9309841	0.7752771	0.9635059	0.0863204	0.2931495	0.0495560	0.3720681	0.0814219	0.6965593	0.8531106	0.3148536	1.0168710	0.2682376	0.7045886	0.3414191	0.0237522	0.9599304	0.4199515	0.0906067	0.0543157	0.8526131	0.4882907	0.6937293	0.7746298	0.8572004	0.2664545	0.0781957	0.4231435	0.9329677	0.0102800	0.7207709	0.3659351	0.7467623	0.2485359	0.3803092	1.0547534	0.7194224	0.5908660	0.1058774	0.2259013	0.4978412	0.5236118	0.8982338	0.7739267	0.4422035	0.0530663	0.3677280	0.2127660	0.2713136	0.8962186	0.2568546	0.4791124	0.9293346	0.1528495	0.2581803	0.6501790	0.8585003	1.0175878	0.1035064	0.6589948	1.0264305	0.2756391	0.2666633	0.5863932	0.5606372	0.8089163	0.5930067	0.2752884	0.4774983	0.5863378	0.0845472	0.6610470	0.2192240	0.0275909	0.5533153	1.1081011

0	0.0094491	0.6355617	1.0459758	0.0876986	0.4170952	0.0015965	0.0357302	0.0201856	0.7842026	0.5482911	0.1482550	0.1067167	0.0074763	0.0795139	0.9263252	0.4386615	0.5117037	1.0187251	0.9869150	0.9112762	0.0675828	0.6396705	0.9879649	0.9056811	1.0249936	0.8053086	0.8415975	0.0956169	0.2807776	0.0361236	0.3476186	0.0945586	0.7647381	0.8073502	0.2691465	0.9854445	0.2644993	0.7761342	0.3511720	0.0142404	0.9503393	0.3956488	0.0912837	0.0721673	0.8039584	0.5632487	0.5721011	0.9104100	0.8750489	0.3877912	0.0490860	0.3690556	1.0040851	0.0016799	0.7496314	0.4296180	0.7445798	0.3138374	0.4763448	0.9977159	0.8917758	0.5763065	0.2317245	0.3844034	0.5377636	0.4876338	1.0898320	0.8135737	0.5024926	0.0491368	0.3912071	0.2335426	0.3169327	0.9297559	0.3112694	0.3637340	0.9584119	0.1589398	0.2670455	0.6498318	0.7931145	1.0351174	0.1402507	0.6535788	1.0095359	0.4184859	0.2245238	0.5131035	0.6073464	0.7854143	0.4606182	0.1309775	0.4648780	0.5528648	0.0723851	0.5781484	0.2784400	0.0363961	0.5378107	0.9932421
50	0.0102115	0.7109806	1.0258512	0.1323221	0.5474385	0.0814875	0.3607121	0.0117085	0.7001161	0.3359347	0.1351187	0.0654378	0.0146891	0.0593855	0.6830184	0.4126191	0.4169640	1.1248846	0.8470537	0.9343461	0.0813470	0.6662007	1.0538167	1.0864777	0.9183784	0.8353447	0.9177122	0.1297468	0.1962347	0.0402217	0.3558826	0.0728568	0.6545317	0.8528659	0.2589298	0.8968503	0.2149088	0.7575216	0.3695165	0.0111192	0.9356430	0.4803546	0.0845020	0.0478283	0.8797757	0.4817784	0.5373787	0.8033526	0.9378398	0.3905140	0.2213389	0.2855382	0.9769112	0.0115706	0.7496504	0.4229256	0.8348035	0.2151359	0.5019131	1.0909178	0.8271643	0.5380386	0.3064729	0.2623809	0.5254235	0.3043741	0.9738669	0.8805583	0.4899291	0.0676679	0.4113574	0.2159289	0.3148301	0.9936865	0.3068670	0.3689344	0.8317826	0.2048861	0.2529839	0.7842751	0.6810849	1.0178906	0.1008456	0.6226169	0.9426244	0.3866503	0.2592147	0.4399815	0.5366151	0.8691250	0.5557687	0.0919582	0.4609643	0.6089839	0.1791123	0.5036936	0.2499105	0.3257461	0.4767233	1.0754102
100	0.0130213	0.8630033	0.9821579	0.1005839	0.4731458	0.2208799	0.5668194	0.0219099	0.8122089	0.2042263	0.1022957	0.0571069	0.0381435	0.0514872	0.6195995	0.3857251	0.3135904	1.0613281	0.8593178	0.9032536	0.0786494	0.6644609	0.9658658	1.1021230	0.9162636	1.0497625	0.9143057	0.0587275	0.2282494	0.0686855	0.3721734	0.0425871	0.7086837	0.8183510	0.2592181	0.9597353	0.2665001	0.7452276	0.4821000	0.0067287	0.9556398	0.4016299	0.0617811	0.0635829	0.7354034	0.5463329	0.5627139	0.9101868	0.9415485	0.3780827	0.3866856	0.3101638	0.9818374	0.0062731	0.7452099	0.4691629	0.8152227	0.1718321	0.5146761	0.9970690	0.8448174	0.6635848	0.3667596	0.2822599	0.4593597	0.1537753	0.9768363	0.7487621	0.5538286	0.0470360	0.4301580	0.2349647	0.3019777	1.0069570	0.2844026	0.3879254	0.8763241	0.2862133	0.2466584	0.9407713	0.7510144	0.9322309	0.1090274	0.5375825	0.9574198	0.3433960	0.2026242	0.4910146	0.6348717	0.8202247	0.5751803	0.0632600	0.4194717	0.6211153	0.2049500	0.5437751	0.2687242	0.6786476	0.5189558	1.2072973
150	0.0151976	0.8505540	0.9497239	0.1086669	0.4560435	0.3439017	0.6856494	0.0300964	0.8588736	0.1429332	0.1152618	0.0771882	0.1051134	0.0246293	0.5751814	0.3536669	0.2937353	1.0576913	0.9384389	0.9054926	0.0605696	0.6599109	0.9518503	0.9423459	0.8969779	0.9676538	0.9199590	0.0946180	0.2800265	0.0673872	0.4840753	0.0587012	0.5730190	0.8385379	0.2792996	0.8842029	0.3129584	0.7939692	0.4936075	0.0314254	0.8744616	0.4036958	0.0576222	0.0583344	0.6696323	0.5375092	0.4971035	0.8552498	0.9139168	0.3095715	0.5488677	0.3546795	1.0171292	0.0468244	0.7942363	0.4302315	0.7235823	0.1015582	0.4752259	0.9499718	0.7660221	0.5758394	0.2127734	0.2518445	0.5051179	0.0570856	1.0562492	0.6733468	0.6284998	0.0591248	0.4301878	0.3082052	0.2945212	0.8919368	0.2642503	0.5167105	0.9152903	0.4454955	0.2457863	1.0543022	0.8176237	0.9658269	0.1513001	0.5954331	1.0022660	0.2981816	0.1849207	0.5212167	0.5397584	0.7316332	0.5238391	0.1005987	0.4343406	0.5933097	0.1948894	0.5690411	0.2670104	0.7504672	0.5371292	1.1359807
200	0.0087593	0.9815750	1.0444507	0.0826455	0.3305141	0.4147189	0.6822386	0.0274122	0.9976013	0.1090833	0.1376506	0.0849711	0.2087486	0.0269063	0.4479909	0.3777351	0.2848653	1.0507754	1.0377170	0.8107471	0.0551898	0.6316545	1.0381783	0.8268085	0.9135997	0.9994653	1.0257146	0.0736459	0.2423108	0.0413247	0.4090901	0.0711274	0.5667604	0.8717086	0.3159429	0.8812320	0.3458984	0.7771134	0.4952289	0.0224774	0.8814064	0.4608120	0.0799885	0.0688838	0.6394206	0.5100146	0.5422517	0.7970130	0.9381157	0.3818875	0.5576390	0.3364948	1.0050248	0.0451108	0.6920504	0.4609128	0.7127038	0.0650602	0.4442444	0.9687768	0.7096652	0.5192249	0.1491976	0.3040748	0.4335443	0.0251000	1.0264481	0.7456368	0.6853269	0.0753583	0.3944048	0.2682150	0.3461966	0.8306189	0.2566655	0.6253189	0.9317683	0.5073090	0.2623076	1.0505026	0.7945027	0.8929806	0.1665085	0.6611291	0.9424217	0.3161932	0.2124444	0.4608960	0.5339833	0.7889969	0.4465208	0.2256413	0.4193489	0.5476010	0.2047562	0.5532160	0.2446006	0.9237000	0.5380895	1.1518691
250	0.0127127	1.0097407	1.0959920	0.1175767	0.3538168	0.4041456	0.7618354	0.0237776	0.9381361	0.1127670	0.1851326	0.0656865	0.2938739	0.0151749	0.5119584	0.4151746	0.2985837	1.0055637	0.9977451	0.7902237	0.0563079	0.6392541	1.0339206	0.9978783	1.0483842	0.9806730	0.9318763	0.0703352	0.2451775	0.0282159	0.4232768	0.0993679	0.5338781	0.9244909	0.2915883	1.0543817	0.2675979	0.7463929	0.4590837	0.0156829	0.8995407	0.4035786	0.0979078	0.0557351	0.6494188	0.6048233	0.5053987	0.8140066	0.8500961	0.3920398	0.5805204	0.3505142	0.9558160	0.0274848	0.7713545	0.4851846	0.6876019	0.0579217	0.4413848	0.9461677	0.6890209	0.4933695	0.1793026	0.2553773	0.4744749	0.0211279	1.0078837	0.7469369	0.6044486	0.0636295	0.4590039	0.3276241	0.3936286	0.8375480	0.2820203	0.7328718	0.9672224	0.3458820	0.2837471	0.9325819	0.8677379	0.9250351	0.1343786	0.6313855	0.9370590	0.2971172	0.2989436	0.4514778	0.5450197	0.8266584	0.4980748	0.2920572	0.4059301	0.5678077	0.1767428	0.6725292	0.2236265	0.9768371	0.6010209	1.0921803
300	0.0130277	0.9871629	0.9825814	0.1754932	0.3753573	0.4136597	0.7913482	0.0158078	0.9714408	0.0958858	0.1274831	0.0925966	0.2654275	0.0322901	0.4630557	0.4571948	0.2728367	0.9799010	0.9587941	0.8503441	0.0563482	0.6907479	1.0087610	0.9643410	0.9643897	1.0532492	0.9939457	0.0859215	0.1951024	0.0276184	0.3760952	0.1233195	0.6485661	0.9429786	0.2435505	1.0228021	0.3283050	0.8503759	0.5370890	0.0248069	0.9268519	0.4397942	0.1095442	0.0574797	0.7426201	0.5911778	0.5270891	0.8400846	0.8830363	0.4397467	0.5656780	0.4124858	0.8510205	0.0157032	0.7964401	0.5202222	0.7475732	0.0507549	0.4314477	0.8851887	0.6318709	0.5933127	0.2719674	0.3067442	0.6169173	0.0100450	0.8749599	0.6940142	0.6261903	0.1175708	0.4725958	0.2948828	0.3680484	0.8380393	0.2986659	0.6680748	1.0036658	0.2849406	0.3062668	1.0436367	0.9754260	0.9751836	0.1342963	0.6649715	0.9697453	0.3391434	0.3023099	0.4100832	0.4593959	0.6797135	0.5197672	0.2823548	0.3992820	0.5029296	0.1940230	0.6325973	0.2268398	0.9813700	0.5333842	1.0345468
350	0.0127401	0.9000013	0.9853050	0.1704516	0.3662867	0.4894320	0.7073587	0.0134747	0.9764881	0.1241789	0.1656673	0.1299463	0.2984298	0.0450150	0.3961924	0.4221245	0.3126547	0.9202209	0.8821133	0.8546522	0.0673318	0.6408357	1.0666182	0.9583673	0.9855511	1.0995490	1.0643111	0.0572316	0.1674057	0.0266435	0.3137458	0.0906698	0.6695627	0.9333838	0.2827238	0.8206630	0.3123560	0.7899918	0.5053442	0.0259131	0.8879942	0.4414617	0.1005412	0.0760245	0.6578044	0.5802303	0.5266860	0.7441003	0.8922744	0.4813477	0.5880232	0.3477755	0.8703045	0.0014244	0.7445151	0.4380754	0.7850638	0.0589069	0.4661791	0.8939876	0.5582335	0.5322342	0.3346977	0.2795478	0.5615317	0.0092636	0.9141965	0.6518972	0.6599156	0.0891851	0.4186711	0.2558922	0.3468595	0.8217857	0.2896061	0.6460014	0.9631551	0.3036342	0.2665860	0.9175589	0.8736299	0.9709029	0.1264513	0.5833597	1.0687850	0.3158862	0.2550398	0.2985220	0.5518738	0.7019616	0.4604540	0.2763488	0.3896048	0.5217464	0.2332617	0.5867962	0.2325072	1.0362795	0.5541872	1.0467575
400	0.0204550	0.9353485	0.9387858	0.1364375	0.2821500	0.5479396	0.6993549	0.0210890	0.9748737	0.1383853	0.1293941	0.1173612	0.3757870	0.1033631	0.3902807	0.4135020	0.3399993	0.9653913	0.8814847	0.8890453	0.0653431	0.6360390	0.9820595	0.9335217	0.9840350	0.9508979	1.0516885	0.0733066	0.1172724	0.0367020	0.3290915	0.0738531	0.6706368	0.8126803	0.3054628	0.7801382	0.2876605	0.7568833	0.5598097	0.0229668	0.8972989	0.4451872	0.0624341	0.0818417	0.6601219	0.5747309	0.5229730	0.8476231	0.8718870	0.4087544	0.6313262	0.4034005	0.9151076	0.0008636	0.7398643	0.4528866	0.7676066	0.0630320	0.5309541	0.8976345	0.5999398	0.4890831	0.3338051	0.2916818	0.5034109	0.0058146	0.9404712	0.7067006	0.6852036	0.0903453	0.4589935	0.2654230	0.3108986	0.8902353	0.3186134	0.5151960	0.9654816	0.3058643	0.2606095	0.9532923	0.9054199	0.9614538	0.0944357	0.5993200	1.0045398	0.2700148	0.2997984	0.3489298	0.5693081	0.7287170	0.4956258	0.3241812	0.4910006	0.5040870	0.2807548	0.6677683	0.2437729	0.9972136	0.5781873	0.9492695
450	0.0081075	1.0511089	1.0333080	0.1449551	0.2884322	0.5114520	0.7704266	0.0270563	0.9993958	0.1326443	0.1478829	0.1757271	0.2883775	0.0682495	0.4241942	0.4477599	0.3393560	0.9660452	0.8605331	1.0112408	0.0398558	0.5700208	0.9387099	0.9577232	0.9921094	1.0441418	1.0474915	0.0761750	0.1051868	0.0362194	0.3795962	0.0765776	0.7001942	0.8081440	0.2630025	0.8336711	0.2722158	0.6789329	0.5051618	0.0222179	0.8822932	0.4503733	0.0853221	0.0986282	0.5854911	0.5110197	0.6220188	0.8767005	0.8623191	0.4231742	0.6466335	0.4680332	0.9137932	0.0041982	0.6997322	0.4451282	0.7187790	0.0594333	0.4731766	0.9492159	0.6155556	0.5006609	0.2998730	0.3121953	0.5489525	0.0052345	1.0128983	0.6279545	0.6134764	0.0788446	0.4597454	0.2900839	0.2962227	0.8206991	0.2914254	0.4044341	0.9903287	0.3209048	0.2880543	0.9818913	0.8392197	1.0530566	0.1397854	0.4908668	0.9832277	0.3074238	0.3624267	0.3339526	0.5154375	0.8070150	0.4111101	0.2631236	0.4533930	0.5647181	0.2848354	0.6222475	0.2536137	1.0381556	0.5641167	1.0046899
500	0.0130947	1.0042844	0.9550456	0.1823463	0.2791747	0.4750769	0.8271309	0.0254161	1.0375074	0.1248713	0.1676629	0.1389283	0.3060918	0.0785195	0.3796296	0.4902702	0.4027931	1.0035778	0.9639154	0.8457158	0.0575793	0.5823099	0.9032418	0.9942309	0.9112019	1.0231996	0.9571556	0.0708634	0.1250349	0.0389308	0.3804790	0.0820969	0.6220360	0.7373423	0.2240933	0.8106027	0.1955368	0.6937342	0.4848733	0.0154820	0.8329958	0.4849704	0.0745242	0.0753241	0.6663603	0.5391329	0.6720909	0.8709442	0.8449170	0.3002500	0.5215698	0.3755261	0.8370433	0.0057380	0.7339803	0.4703648	0.7012008	0.0587234	0.4604677	0.9511357	0.5748629	0.4646133	0.3057888	0.3033715	0.5219147	0.0037774	1.0067189	0.6577527	0.6094682	0.0749301	0.4435098	0.2718270	0.2274972	0.8709698	0.2711050	0.4285994	1.0980271	0.3226045	0.2830748	0.9008900	0.7493737	1.0108810	0.1243787	0.5024853	1.0401011	0.3037170	0.4244231	0.3835396	0.5983500	0.7109935	0.3963746	0.2738791	0.4068883	0.6138983	0.2798793	0.5614949	0.2046863	1.0037598	0.6055456	0.9589806
550	0.0171765	0.9320488	0.8762401	0.1564061	0.1496135	0.3494540	0.4665661	0.0131467	0.9925869	0.2947362	0.1766680	0.0830979	0.3010665	0.1974656	0.5102866	0.4761403	0.4740831	0.9811246	1.0119119	0.8295645	0.0480856	0.6713145	0.9030605	1.1405258	0.9448329	0.8635596	0.9138244	0.0574847	0.1522118	0.0349620	0.3821839	0.1011440	0.6530729	0.7630660	0.2484109	0.8856961	0.2083077	0.7167331	0.4077961	0.0171154	0.8546700	0.5586468	0.0817885	0.1045106	0.7508945	0.4450935	0.6598638	0.8297543	0.9283082	0.3058321	0.3558406	0.3934780	0.7683024	0.0046859	0.7333912	0.4692828	0.6771461	0.1538153	0.5398976	0.9975156	0.5864113	0.5023095	0.4085969	0.3064234	0.5409395	0.0115097	1.0170706	0.6893926	0.6429611	0.0944785	0.4545788	0.2584395	0.2618570	0.8676963	0.2588839	0.4907035	1.0335947	0.2267510	0.2620821	0.7794960	0.8624139	0.9147648	0.0832642	0.4736286	1.0322955	0.3500381	0.4274413	0.3308629	0.5838087	0.6440857	0.4522432	0.2881184	0.3675145	0.6330131	0.1912801	0.6139119	0.1798376	0.6351912	0.5648862	0.8855721
600	0.0173920	0.7724537	0.8739551	0.1133009	0.0804938	0.1991957	0.1936099	0.0176435	1.0498763	0.4141016	0.1850445	0.1036929	0.2396231	0.1822138	0.7546345	0.5507479	0.4410224	0.9600229	0.8192310	0.7310885	0.0607109	0.7093101	1.0181039	1.0597006	0.9426395	0.9055174	0.9162389	0.0880327	0.1910719	0.0368557	0.3245954	0.0704378	0.7215462	0.7607218	0.2614849	0.7810327	0.2321013	0.7153119	0.4326715	0.0320071	0.9562132	0.5138612	0.0656310	0.0550326	0.7650283	0.4237110	0.6288480	0.8540540	0.9243260	0.2897932	0.2637861	0.4189986	0.6585281	0.0044940	0.7336224	0.4882544	0.6646384	0.2768827	0.4395415	1.0385287	0.4596599	0.5976445	0.3616571	0.2811062	0.5497240	0.0230476	1.0645910	0.6700277	0.4994491	0.2020692	0.3810272	0.2589480	0.2506425	0.8749593	0.3204105	0.3199720	0.9981493	0.1813902	0.2669539	0.6211441	0.8068896	0.9894511	0.0882502	0.5220588	1.0525011	0.3600048	0.4427512	0.3280506	0.6333328	0.6446160	0.5298079	0.3717426	0.3410497	0.5867466	0.1256784	0.6354978	0.1843261	0.2774966	0.5488424	0.8867101
650	0.0177612	0.6885405	0.8301804	0.0561888	0.0875233	0.0954964	0.1063381	0.0207856	0.8554890	0.4640456	0.1227328	0.0822972	0.1254868	0.1625032	0.9027455	0.5564561	0.5453020	0.9796599	0.8090100	0.7714164	0.0607203	0.7153722	1.0067882	1.2058196	0.9658285	0.9441897	0.8680030	0.1009107	0.1897366	0.0353200	0.3373507	0.0985375	0.7304698	0.8350920	0.3349644	0.7600944	0.1940474	0.7247375	0.3914496	0.0337226	0.9805671	0.4651137	0.0649946	0.0565126	0.8251016	0.4880669	0.6438882	0.8119680	0.8823787	0.3366242	0.1662396	0.3994159	0.7808489	0.0041439	0.7615180	0.4979955	0.7203335	0.2237612	0.3459121	0.9591477	0.3125495	0.7077301	0.3639880	0.2931844	0.5804597	0.1074299	0.9229234	0.6657631	0.4044043	0.2496709	0.3552748	0.2607021	0.3376472	0.8260379	0.2505985	0.3653906	0.9166384	0.2437503	0.1686849	0.6427483	0.7563616	0.9894868	0.1417741	0.5889559	1.1312295	0.3574163	0.4901829	0.4513675	0.6657334	0.6346284	0.5637048	0.3662316	0.3072672	0.5965573	0.1048888	0.6277791	0.2530035	0.1315231	0.5675559	0.9162303
700	0.0190989	0.6297043	0.9498272	0.0495241	0.1505326	0.0354235	0.0436922	0.0140553	0.9169292	0.4275740	0.1184496	0.0768419	0.0829302	0.1125105	0.8418835	0.4484199	0.4893800	1.0244899	0.9555431	0.8025470	0.0375712	0.7185178	0.9523452	1.0347041	0.9303238	0.9266767	0.8520135	0.0875882	0.2128772	0.0447293	0.3390328	0.0625986	0.7703240	0.7373525	0.3484965	0.8576766	0.1919182	0.7495885	0.3476062	0.0167925	0.9577975	0.4410236	0.0675691	0.0637202	0.7700201	0.4426862	0.6148255	0.8434847	0.7805608	0.3333171	0.1303941	0.4269936	0.8339737	0.0020275	0.8591868	0.5024387	0.6814127	0.2489836	0.4508482	1.0039278	0.2646903	0.7195529	0.2329851	0.2382850	0.5677376	0.2934189	1.0630700	0.6559995	0.3885248	0.2822615	0.3649891	0.3062311	0.4274593	0.8042701	0.2492404	0.3927338	0.9908640	0.2940956	0.1968632	0.6342306	0.7801545	1.0203243	0.1480125	0.6372161	1.1197456	0.3534879	0.4784952	0.6196032	0.5994721	0.6787441	0.5820902	0.3597592	0.3223532	0.5769416	0.0945074	0.6115301	0.2463034	0.0725711	0.5629955	1.0093953
750	0.0252003	0.5167935	1.0187885	0.0447663	0.3345816	0.0082566	0.0462043	0.0173143	0.8621217	0.3673697	0.1153809	0.0758189	0.0381714	0.1398233	0.8630068	0.3997114	0.3954128	1.0128622	0.8304059	0.8591180	0.0519232	0.6236637	0.9212946	1.1429910	0.8407844	0.7750610	0.7708922	0.0883381	0.2475715	0.0384960	0.3484555	0.0698498	0.6692836	0.8020430	0.3319822	0.8927508	0.2333076	0.7580722	0.3699876	0.0177025	0.9292065	0.4661141	0.0761068	0.0442066	0.8541336	0.5211348	0.6302190	0.8448438	0.8233314	0.3388345	0.1213024	0.4728444	0.8138906	0.0001794	0.7600141	0.5679614	0.7069281	0.3099264	0.4720926	0.9345963	0.3303666	0.6303244	0.1146262	0.2212993	0.5058698	0.4431237	1.0513876	0.7437950	0.3719528	0.2008246	0.3622474	0.2915583	0.4006286	0.8002487	0.2728422	0.3645888	1.0544630	0.3064854	0.2063181	0.6551636	0.7767793	1.0671418	0.1287208	0.6331158	1.0900763	0.3502577	0.4789936	0.6499936	0.5011430	0.7337070	0.5662648	0.2654232	0.3969029	0.5732051	0.0828707	0.6827105	0.2114199	0.0668173	0.4989456	0.9923565
800	0.0268882	0.5138544	1.0568477	0.0709650	0.4064385	0.0045654	0.0370418	0.0114981	0.8797117	0.3030879	0.0881737	0.0985677	0.0166802	0.1078035	0.9452452	0.3793063	0.4297426	0.8402371	0.9126597	0.8295741	0.0313960	0.5851159	1.0730246	0.9737678	0.7951812	0.6446213	0.8274562	0.1138249	0.2348449	0.0334877	0.3917488	0.0455241	0.6759719	0.8192977	0.3364932	0.8038253	0.2822997	0.7253525	0.3902312	0.0182844	1.0026149	0.4749243	0.1010510	0.0398862	0.7834575	0.4681464	0.5702004	0.8515132	0.8409855	0.3258467	0.0786475	0.4057255	0.9331517	0.0015954	0.7120832	0.5895475	0.7067328	0.3367156	0.4545582	0.9388573	0.4591654	0.5451097	0.0923799	0.2160543	0.4663723	0.4661489	1.0075595	0.7412808	0.4244862	0.1494212	0.4007973	0.2459533	0.3675069	0.9064613	0.3064390	0.3848561	1.1013427	0.2365374	0.1822700	0.7448326	0.6744870	0.9466131	0.0977592	0.5863348	1.0109986	0.3482887	0.4295988	0.8188403	0.5156138	0.8011257	0.6126507	0.1957896	0.3710688	0.5666573	0.1318536	0.6583558	0.2393100	0.0345318	0.5392915	1.0036222
850	0.0172514	0.5381271	1.0990470	0.1226010	0.3926520	0.0040179	0.0257079	0.0211085	0.8587969	0.3189606	0.1081099	0.0933866	0.0061684	0.1274712	0.9699199	0.3678157	0.5128553	0.9203552	0.8778537	0.8245425	0.0480205	0.6386550	0.9850930	1.0168991	0.8262961	0.6838160	0.8337019	0.1204953	0.2378577	0.0384026	0.3721722	0.0748588	0.6090297	0.8757497	0.2880744	0.8923458	0.2377585	0.6316675	0.3433124	0.0218119	0.9698278	0.4252463	0.0816905	0.0788872	0.8216465	0.4825770	0.6110412	0.9254668	0.8161584	0.3651632	0.0691497	0.3418810	0.9680349	0.0007208	0.7150346	0.5803523	0.7054730	0.2832506	0.4831565	0.9924750	0.6113876	0.5515752	0.1234238	0.2764077	0.5176691	0.4878634	1.0152289	0.7011331	0.4401755	0.1246348	0.4054077	0.2513984	0.3383803	0.8658758	0.2846283	0.3773920	0.9777634	0.1658846	0.1534229	0.6293267	0.8017279	1.0311802	0.1011721	0.6345347	1.0033428	0.3198770	0.3699595	0.7298734	0.6150553	0.7775985	0.5542193	0.1729524	0.4450164	0.5646812	0.1604193	0.6523579	0.2520121	0.0210721	0.5148739	0.8644088
900	0.0125941	0.6262247	1.0865324	0.1100611	0.4951279	0.0034874	0.0362436	0.0139821	0.9037286	0.4038504	0.1146947	0.0824219	0.0061099	0.1179844	0.9715299	0.4041733	0.5278606	0.9227136	1.0014894	0.8264015	0.0533451	0.6294830	1.1054222	1.0194887	0.8321130	0.6365424	0.8834542	0.1274466	0.2070662	0.0450553	0.4165637	0.0820777	0.6951546	0.8314762	0.2533652	1.0162595	0.2656542	0.6644916	0.3321067	0.0261619	0.9348802	0.3866391	0.1013957	0.1052215	0.8605782	0.5251817	0.6268071	0.8903331	0.8326838	0.2808719	0.0824474	0.2788858	0.9476707	0.0047735	0.7729640	0.5472497	0.7680685	0.3017257	0.4672698	0.9070929	0.6928813	0.6046905	0.1670141	0.2859499	0.4153534	0.4828160	0.9707885	0.6221173	0.4669341	0.0737607	0.3737550	0.2001610	0.3214826	0.7733915	0.2509782	0.3991498	0.8854863	0.2043576	0.2262811	0.6285008	0.7988094	0.9943263	0.0762245	0.6256551	1.1362612	0.3267913	0.3302601	0.6339390	0.5672235	0.8496623	0.5456515	0.2350781	0.4212240	0.4989142	0.1060319	0.5897312	0.1973342	0.0329209	0.5817785	0.8985621
950	0.0183805	0.6213438	1.1135776	0.0764446	0.5057444	0.0012802	0.0261239	0.0140894	0.8949269	0.4275557	0.1056403	0.0858796	0.0030666	0.1689842	0.9911486	0.3720715	0.5021612	0.9493136	0.8989241	0.8714180	0.0608315	0.6438635	1.0664186	0.9893620	0.8492502	0.6207525	0.9045009	0.1145824	0.2407639	0.0393668	0.3959540	0.0590689	0.6730528	0.8606861	0.3059851	0.9551330	0.3117484	0.7404157	0.3965291	0.0230472	0.8963986	0.3759053	0.0931263	0.1001637	0.7767650	0.4989299	0.6365250	0.8462008	0.7773158	0.2512593	0.0790633	0.2584180	0.9637360	0.0021769	0.7080180	0.4814446	0.8437266	0.3166707	0.4647036	1.0997530	0.7212245	0.6007142	0.1678220	0.2740320	0.4289583	0.5585370	0.9724340	0.7306074	0.5224661	0.0637904	0.3465720	0.2024018	0.2959136	0.8071328	0.2699391	0.3518656	0.8793428	0.1678027	0.2408036	0.6008886	0.7097298	1.0272305	0.0934292	0.6093280	1.0578576	0.3232772	0.3328681	0.5402959	0.5693224	0.8252841	0.5578734	0.2864290	0.4272587	0.4999562	0.1424174	0.5742683	0.2117155	0.0438051	0.5719937	0.9329062
1000	0.0126135	0.6631967	1.0863717	0.0904616	0.4963632	0.0003635	0.0203345	0.0162315	0.9161719	0.4518346	0.1108006	0.1027742	0.0039477	0.1065138	0.9251494	0.3855306	0.5026621	0.9170264	0.9817547	0.9057768	0.0611079	0.6574718	1.0253682	1.0258078	0.7817511	0.7157607	0.9056661	0.1315860	0.2489189	0.0393545	0.4038179	0.0572906	0.7567703	0.7928772	0.2910236	0.9120290	0.2949621	0.6923117	0.4156276	0.0405748	0.8284222	0.3897831	0.0505131	0.0704738	0.7269179	0.4532711	0.5848075	0.7562352	0.8836592	0.2787161	0.0887721	0.2886320	1.0094874	0.0020897	0.8181887	0.5186417	0.7995091	0.3046492	0.4055500	1.0097878	0.7130063	0.5650201	0.1936620	0.1965924	0.4205000	0.5397019	1.0823487	0.6950509	0.4725521	0.0655669	0.4200393	0.2525069	0.3438853	0.8414076	0.3101204	0.4329162	0.9152807	0.2305560	0.3090679	0.6189223	0.7993291	0.9381111	0.1218835	0.7083473	0.9948935	0.3082517	0.2787093	0.6378396	0.5490804	0.7856370	0.5807343	0.2711616	0.4505621	0.5482035	0.1093037	0.5566696	0.2617361	0.0068517	0.5803431	1.0103391

0	0.0094491	0.6355617	1.0459758	0.0876986	0.4170952	0.0015965	0.0357302	0.0201856	0.7842026	0.5482911	0.1482550	0.1067167	0.0074763	0.0795139	0.9263252	0.4386615	0.5117037	1.0187251	0.9869150	0.9112762	0.0675828	0.6396705	0.9879649	0.9056811	1.0249936	0.8053086	0.8415975	0.0956169	0.2807776	0.0361236	0.3476186	0.0945586	0.7647381	0.8073502	0.2691465	0.9854445	0.2644993	0.7761342	0.3511720	0.0142404	0.9503393	0.3956488	0.0912837	0.0721673	0.8039584	0.5632487	0.5721011	0.9104100	0.8750489	0.3877912	0.0490860	0.3690556	1.0040851	0.0016799	0.7496314	0.4296180	0.7445798	0.3138374	0.4763448	0.9977159	0.8917758	0.5763065	0.2317245	0.3844034	0.5377636	0.4876338	1.0898320	0.8135737	0.5024926	0.0491368	0.3912071	0.2335426	0.3169327	0.9297559	0.3112694	0.3637340	0.9584119	0.1589398	0.2670455	0.6498318	0.7931145	1.0351174	0.1402507	0.6535788	1.0095359	0.4184859	0.2245238	0.5131035	0.6073464	0.7854143	0.4606182	0.1309775	0.4648780	0.5528648	0.0723851	0.5781484	0.2784400	0.0363961	0.5378107	0.9932421
50	0.0164662	0.7798718	0.9925191	0.1290732	0.4682188	0.0008875	0.0289625	0.0253718	0.8484634	0.4030823	0.1185605	0.0961903	0.0006216	0.0414642	0.9450353	0.3203473	0.4504620	1.0284181	0.9021376	0.8592072	0.1766156	0.6349049	0.9386893	0.9616923	0.8823111	0.6951722	0.9093602	0.1569132	0.2536802	0.0911727	0.3908353	0.0881771	0.6459824	0.7229791	0.2160363	0.9312844	0.2934937	0.7300891	0.4549446	0.0345617	0.8480531	0.4445159	0.0526530	0.0795775	0.7650033	0.5070599	0.5924919	0.8514059	0.8570831	0.3104947	0.2061693	0.2884930	0.9395703	0.0044328	0.7689974	0.5983163	0.7446756	0.1715727	0.4255910	1.0575308	0.7650397	0.5353779	0.1832772	0.2393857	0.5453194	0.4097035	0.9014752	0.7261673	0.4775631	0.0302180	0.3488153	0.1275665	0.2635564	0.8241577	0.2854815	0.3969934	0.8901341	0.6463133	0.2640275	0.5639361	0.8626039	0.9154224	0.0929742	0.6915540	1.0494395	0.4425319	0.2282803	0.5523099	0.5265256	0.6354349	0.6925443	0.2925450	0.3861201	0.5298649	0.0976534	0.6283742	0.4408305	0.1375876	0.4326689	1.0398058
100	0.0164570	0.8284273	0.9547818	0.1376667	0.5542628	0.0021052	0.0303893	0.0328438	0.8262926	0.4094087	0.0971326	0.1032957	0.0131926	0.0193097	0.9295186	0.3533637	0.4356660	0.9492556	0.8401603	0.8885511	0.2450597	0.6698578	1.0000804	0.9815351	0.9273159	0.7369539	0.9407781	0.1269333	0.5080352	0.1543152	0.4408818	0.0943390	0.6697255	0.7286393	0.2894859	0.8822486	0.1987246	0.7220540	0.4079218	0.0321067	0.8442675	0.4971804	0.0682900	0.0920736	0.8055116	0.5064591	0.6441908	0.8973616	0.8685436	0.3695927	0.4198322	0.2593643	1.0132364	0.0630056	0.8242591	0.4757039	0.7084322	0.0797771	0.4265745	1.0073355	0.7041817	0.5435298	0.2037702	0.2749496	0.5245014	0.3147757	0.9471868	0.6163375	0.4323605	0.0405124	0.2908243	0.0275199	0.2287302	0.8214721	0.2715542	0.4709210	0.8925204	0.5425940	0.2500528	0.7320638	0.7493677	0.9134079	0.0987944	0.6430961	1.0535357	0.6074002	0.2701401	0.5120485	0.4100828	0.5236054	0.6898916	0.2936395	0.4572237	0.5458153	0.0859076	0.8226699	0.5746031	0.2841302	0.4426990	1.0988014
150	0.0197968	0.8559311	0.9323317	0.1335521	0.5194471	0.0043400	0.0239410	0.0305540	0.8351599	0.4653384	0.1208294	0.0634908	0.0077397	0.0188131	0.9713342	0.4094641	0.5054311	0.8992956	0.9335670	0.9115222	0.2775962	0.5654924	1.1528837	0.9330477	1.0036393	0.6991636	0.9485322	0.0941587	0.6453965	0.2466232	0.5322536	0.0725955	0.6996212	0.8698243	0.3061739	0.7792253	0.2106574	0.7170017	0.3611215	0.0215891	0.8828139	0.5067586	0.0643879	0.0576318	0.7974765	0.4674009	0.6773600	0.9063932	0.8522181	0.4427099	0.5064523	0.2672035	0.9973889	0.1399502	1.0463453	0.3631436	0.7119337	0.0596416	0.4982682	0.9892513	0.7234552	0.6575771	0.2119417	0.2739323	0.5945867	0.2790675	0.9371358	0.6544032	0.4833923	0.0353381	0.2401686	0.0157909	0.2468416	0.8520468	0.2800554	0.5964068	0.8467468	0.4526869	0.1766974	0.7000860	0.7564348	0.9458440	0.0879552	0.6251567	0.9952636	0.8249734	0.3444303	0.4464310	0.2982218	0.5808372	0.6855116	0.3015219	0.4966020	0.5660974	0.0766344	0.8396732	0.5944385	0.4236627	0.4857952	1.0844825
200	0.0412284	0.9906862	0.8814642	0.1245732	0.6307281	0.0026177	0.0130710	0.0519661	0.8130845	0.3539896	0.1381006	0.0806774	0.0006336	0.0273413	0.9562703	0.3898669	0.4706431	1.0320550	0.9960951	0.8709052	0.3118765	0.6194822	1.1676997	0.9432445	0.9802032	0.7807089	0.9620306	0.0424498	0.7701858	0.2826222	0.5405963	0.0810114	0.6827095	0.7876286	0.2683621	0.7138755	0.2199114	0.7157618	0.2867470	0.0247199	0.9874286	0.4505012	0.0610536	0.0647113	0.8136912	0.3861734	0.7393350	0.9116150	0.8677192	0.4265195	0.4955639	0.3926952	0.9462108	0.1800475	1.0836222	0.2166442	0.8239093	0.0250437	0.5094302	0.9657037	0.6342206	0.6147191	0.1829442	0.2909809	0.5689338	0.2920833	0.9983052	0.7857379	0.4707031	0.0553799	0.2225983	0.0040517	0.2496134	0.8484234	0.3480435	0.7223696	0.9284977	0.3506350	0.2150644	0.7688990	0.7283649	1.0087415	0.0961029	0.7569208	1.0524562	0.9113691	0.3928744	0.4815820	0.2960730	0.5480869	0.6889873	0.2889554	0.4372392	0.6953411	0.0788517	0.9570076	0.6221209	0.3966893	0.5065310	0.9477583
250	0.0580170	0.8934968	0.8636305	0.0964320	0.6495750	0.0009410	0.0366130	0.0370105	0.8349901	0.1867331	0.1337534	0.0935343	0.0045143	0.0312131	0.9960033	0.3633830	0.4566707	1.1521677	0.9684986	0.8948147	0.3807442	0.5570199	1.0423636	0.9635357	0.9270759	0.7388210	0.8372321	0.0578701	0.7476629	0.2609541	0.5822046	0.0795395	0.6659536	0.7782518	0.2614729	0.6692014	0.1379160	0.7496588	0.3002717	0.0164550	1.0108404	0.5002363	0.0546958	0.0520657	0.8816368	0.3557586	0.6045020	0.7838188	0.9355728	0.3578430	0.6074172	0.3681731	0.9506939	0.2136834	1.0336182	0.1560195	0.7971083	0.0167516	0.5171082	1.0953983	0.5920130	0.6862501	0.1998199	0.2882828	0.4438976	0.2509995	0.9734681	0.8671075	0.4983104	0.0246200	0.1922898	0.0007444	0.2081974	0.8251251	0.3563739	0.7402669	0.9154321	0.3869122	0.2412987	0.7675621	0.7426350	1.0910411	0.0996444	0.7342151	1.0824934	0.9518580	0.4296639	0.5123530	0.2863334	0.5019682	0.7771523	0.2131694	0.4432741	0.6145352	0.0565501	0.9705599	0.5857365	0.3793549	0.4969701	0.9171497
300	0.0777816	0.8965560	0.8542727	0.0942994	0.5679467	0.0001897	0.0396249	0.0411269	0.9721206	0.1166123	0.1544051	0.0934699	0.0017578	0.0251036	0.9327382	0.4307951	0.4112950	1.0712581	0.8844355	0.8737011	0.3245260	0.5999256	0.9631822	0.8939127	0.9216425	0.7517330	0.7351418	0.0533035	0.7114224	0.2429791	0.7246686	0.0682947	0.6708894	0.7515194	0.2961723	0.6825240	0.1896219	0.8109497	0.3633192	0.0515255	0.9113459	0.4758014	0.0649840	0.0523055	0.8082109	0.4022665	0.6440759	0.8433325	0.9280603	0.3803348	0.6571624	0.3179340	0.8135015	0.2649339	1.0975383	0.1347581	0.7214606	0.0233986	0.5373940	1.0604725	0.6649511	0.6658082	0.2871926	0.2989059	0.4888295	0.2797743	1.0724511	0.8609505	0.4477972	0.0620898	0.2216883	0.0017484	0.1986450	0.8429358	0.3208063	0.6970374	0.9575129	0.4679602	0.2003497	0.7054182	0.7154308	1.0360674	0.0938880	0.7871092	0.9667456	0.8307025	0.3611743	0.4682635	0.2476333	0.5746450	0.7202000	0.2447317	0.4095078	0.5408278	0.0407208	0.9317373	0.6578460	0.4779762	0.4593373	1.0501962
350	0.0730183	0.9188729	0.8671878	0.0984559	0.4969467	0.0006634	0.0613758	0.0415145	0.9387946	0.0435305	0.1305787	0.0802059	0.0018909	0.0171618	1.0137970	0.4709621	0.3769056	0.9870172	0.9365967	0.8864594	0.2990643	0.7476602	1.0003551	0.9692004	0.7967449	0.7638896	0.8089428	0.0595812	0.7783658	0.2442613	0.6401999	0.0950460	0.7053084	0.8068774	0.2920429	0.7422347	0.1766135	0.7974139	0.3231523	0.0349341	0.9019249	0.4611213	0.0724235	0.0565054	0.8720826	0.5088656	0.5343836	0.8733938	0.9085923	0.3562933	0.6961800	0.4140719	0.6866566	0.2788190	1.0478551	0.1868778	0.7572266	0.0274620	0.5534793	0.8744796	0.6453494	0.6181795	0.2786492	0.3016665	0.4747681	0.2724421	0.9545826	0.8095783	0.4672174	0.0534266	0.1841903	0.0025787	0.2266000	0.9101554	0.3415939	0.6998662	0.8721731	0.3389134	0.1933074	0.7251842	0.6946141	0.9766635	0.1046001	0.7886591	0.9477149	0.7914794	0.3461482	0.4593412	0.2726450	0.5208150	0.7918607	0.2978774	0.4286578	0.5527401	0.0337762	0.8667004	0.7743102	0.4463266	0.4220427	1.0603200
400	0.0792301	0.9275883	0.8924345	0.1018769	0.6641804	0.0028986	0.0459509	0.0244998	1.0228357	0.0299347	0.1259023	0.0938036	0.0008152	0.0084602	0.9924788	0.4373700	0.4582845	0.9329452	0.9331267	0.7597418	0.2756641	0.6451382	0.9509474	1.0492145	0.8421824	0.7660200	0.6796186	0.0543706	0.7629303	0.2874102	0.7221843	0.0869152	0.6937115	0.7681589	0.3365217	0.8248885	0.2685636	0.7529560	0.4990599	0.0218053	0.9415445	0.4689738	0.0609159	0.0338957	0.8909685	0.5045676	0.4983836	0.8428685	0.9301202	0.4453725	0.6139055	0.4784734	0.5567788	0.2472216	1.0426568	0.1601378	0.6882544	0.0302361	0.5328073	1.0153647	0.6449326	0.6613334	0.2362027	0.2734443	0.4635282	0.2486567	0.9163791	0.7736232	0.4401187	0.0766242	0.1832929	0.0030413	0.2783307	0.8957674	0.3665060	0.7703996	0.9177600	0.2839234	0.2077506	0.7128293	0.7711490	0.9913645	0.1444454	0.7631487	0.9037225	0.8527952	0.4036912	0.4492656	0.2557215	0.5542076	0.8337020	0.3471691	0.4838632	0.5421115	0.0569951	0.8099646	0.6943573	0.4312104	0.3701561	1.0234110
450	0.0935239	0.8825048	0.8934015	0.1122781	0.5732751	0.0003934	0.0247480	0.0197245	1.0427229	0.0193083	0.1029205	0.0920192	0.0072224	0.0073397	0.9732125	0.4293475	0.4592349	0.9457239	0.8818105	0.7907212	0.2841509	0.5694375	0.8337471	1.0213178	0.7841611	0.6770239	0.7049598	0.0563633	0.6688000	0.3077858	0.7441072	0.0681816	0.7017759	0.8090652	0.2405401	0.8997552	0.3506769	0.6739016	0.4309351	0.0178140	0.8857468	0.4136224	0.0653736	0.0683509	0.7951629	0.5869151	0.4862520	0.9120224	1.0199618	0.5268893	0.6193447	0.3713750	0.4821971	0.2336177	0.9978747	0.1379510	0.7305776	0.0325529	0.5602555	1.0383184	0.5460935	0.6065746	0.1535645	0.2230541	0.5004042	0.3325975	1.0001780	0.7250584	0.4311596	0.0853618	0.2197769	0.0014575	0.2674018	0.9402853	0.2875212	0.6938582	0.8520558	0.4094939	0.2543383	0.6540287	0.8696054	1.0227393	0.1126132	0.7847389	0.8426659	0.8160958	0.4348545	0.3165207	0.2598957	0.5536133	0.8620190	0.3594999	0.4427108	0.5399523	0.0523764	0.8377831	0.6245914	0.3695621	0.4569491	0.8882896
500	0.0787398	0.8405236	0.8728228	0.1606684	0.5832895	0.0012236	0.0256719	0.0328457	1.0570925	0.0330018	0.1171338	0.0810956	0.0051886	0.0120401	0.9554404	0.3881082	0.5475374	0.8663177	0.9110088	0.7982416	0.2997961	0.6067341	0.9798665	1.1429804	0.7226121	0.7006169	0.7536345	0.0911283	0.7017277	0.2762299	0.7675971	0.0742111	0.5730094	0.9139975	0.2359058	0.9710739	0.4033733	0.7719704	0.3443371	0.0199676	0.9666507	0.4259296	0.0563775	0.0899119	0.7055159	0.5703162	0.6410394	0.9214797	0.9215353	0.4675294	0.5901098	0.3252797	0.4804588	0.3271684	0.9981608	0.1211925	0.6902035	0.0385033	0.4393518	1.1573278	0.5043848	0.6112358	0.1169385	0.2712887	0.5563488	0.3678064	0.9742620	0.7632564	0.3895975	0.0429451	0.1976178	0.0066442	0.2390766	0.8482444	0.3116396	0.5976451	0.7428523	0.4304224	0.2806276	0.7039635	0.9653054	0.9585721	0.1210463	0.7505076	0.9114293	0.7141105	0.3558039	0.2761983	0.1831166	0.5659993	0.7745014	0.2640400	0.4956125	0.5779667	0.0764543	0.8828066	0.6716494	0.4171531	0.4657812	0.9223683
550	0.0541199	0.8086462	1.0851250	0.1567466	0.6613318	0.0015581	0.0215873	0.0200778	1.0517252	0.0697565	0.1335947	0.0671872	0.0017909	0.0600732	0.8866774	0.4346998	0.5825480	1.1083702	0.8927567	0.8774782	0.2399842	0.6800503	0.9527562	1.0704330	0.7131468	0.8044029	0.7890526	0.0775933	0.6953773	0.2319329	0.6876516	0.0698104	0.7320150	0.7797122	0.2473090	0.9708530	0.3252342	0.8007595	0.4277300	0.0315147	1.0825108	0.4555876	0.0443872	0.1054468	0.7121038	0.4769162	0.6253685	0.8570970	0.9475751	0.3748071	0.4405457	0.3226137	0.4061405	0.3954972	0.9184429	0.1088175	0.8182510	0.1574301	0.4461198	1.1547715	0.6756095	0.5572796	0.1583565	0.2562745	0.5700824	0.4042232	1.0463998	0.6803465	0.3420793	0.0547748	0.2399160	0.0935308	0.2520808	0.8177720	0.3163362	0.6550348	0.9204919	0.4743004	0.3165949	0.7222607	0.8586566	1.0287712	0.1256539	0.8680809	0.9016145	0.5834336	0.2676461	0.3514385	0.1569253	0.6955497	0.6808363	0.2901189	0.4878241	0.6051611	0.0945923	0.8034949	0.5202128	0.2811487	0.5063700	0.8839789
600	0.0519504	0.6366814	1.0362605	0.1615656	0.6693768	0.0016657	0.0204250	0.0083321	1.0812736	0.0712743	0.1389835	0.0704930	0.0046420	0.1008420	0.8752774	0.4506502	0.5172951	1.0098717	0.8993760	0.9690125	0.1674636	0.6256877	0.9759024	1.0739315	0.7194556	0.7236464	0.7461745	0.0775659	0.7724061	0.1437914	0.6131839	0.0673898	0.6253604	0.8524953	0.2597217	0.8428548	0.2728977	0.7636970	0.3431836	0.0181506	0.9140992	0.4558511	0.0418155	0.0698428	0.7549723	0.5133802	0.6075204	0.8604313	0.9790426	0.3184947	0.2971289	0.3734920	0.4500564	0.5068297	0.7489166	0.1450378	0.7324079	0.2854948	0.4444568	1.0082826	0.7352859	0.6504069	0.2314983	0.2919180	0.5166153	0.3737236	1.0179972	0.7394243	0.4195215	0.0519427	0.3106023	0.1943131	0.2847869	0.8489454	0.2526158	0.6701990	0.8771834	0.5449378	0.2609520	0.6901287	0.7496970	1.0121058	0.1272460	0.8382901	0.8808198	0.4345780	0.1973242	0.4046183	0.2132250	0.7670598	0.5632394	0.2972384	0.4513059	0.6287528	0.0863390	0.7008873	0.4456404	0.1536729	0.5561231	1.0114510
650	0.0700816	0.6233870	1.0071223	0.1484873	0.5281214	0.0018975	0.0438442	0.0165946	1.0418669	0.0518913	0.1284309	0.0636341	0.0046043	0.1042801	0.9413099	0.4592776	0.4615450	0.9926109	0.9146613	0.9297836	0.1142065	0.5851654	0.9745372	1.0415882	0.7373966	0.6667937	0.8029696	0.0932466	0.6892701	0.0797191	0.5870539	0.0683929	0.6436524	0.7760721	0.2620375	0.9191583	0.1984391	0.7131457	0.3268427	0.0139446	0.9594507	0.4670000	0.0558419	0.0595084	0.7602299	0.4412866	0.5376858	0.8341149	1.0430732	0.3344310	0.1695248	0.3665522	0.4910437	0.3967056	0.7269906	0.2303833	0.7381176	0.2692713	0.4481532	1.0877189	0.8042049	0.6348216	0.2905747	0.3198435	0.5550410	0.4748215	0.9389240	0.6893184	0.3635605	0.0435597	0.3493617	0.2108376	0.2894353	0.8088768	0.2251081	0.7766318	0.8179440	0.6177382	0.2431211	0.7072848	0.7779406	0.8399510	0.1240257	0.8689966	0.9888925	0.4573380	0.1580241	0.3766232	0.3769452	0.7450539	0.5457094	0.2362274	0.4288886	0.6207683	0.0561213	0.7123567	0.3550745	0.0676109	0.5738341	0.9967952
700	0.0903513	0.5905517	0.9671700	0.1477401	0.5263726	0.0033150	0.0501351	0.0246396	1.0062807	0.0449839	0.1185484	0.0951269	0.0018800	0.1043434	0.8744528	0.4949718	0.4710292	1.0598426	0.9437266	0.9637446	0.0990792	0.6361270	0.9927438	0.9974014	0.7256688	0.6542362	0.8030558	0.0838461	0.5315700	0.0397634	0.4490078	0.1043091	0.5495798	0.8510049	0.2921000	0.8754865	0.2101351	0.7557217	0.3635399	0.0182561	1.0265622	0.5118344	0.0844343	0.0523048	0.7659394	0.5313215	0.5853795	0.8541775	0.9126495	0.3323487	0.1008720	0.3147538	0.4704051	0.2265615	0.7852291	0.3642821	0.6959042	0.2684348	0.4729351	1.0012890	0.7987677	0.6163873	0.2557799	0.2170746	0.5366097	0.5257353	1.0097186	0.6714942	0.3749147	0.0430135	0.3328515	0.1735369	0.2646231	0.9035817	0.2759985	0.7881128	0.8963463	0.4060207	0.2086875	0.6208796	0.6586597	0.9425731	0.1345699	0.7494127	1.0349928	0.3925163	0.1823938	0.3540291	0.5760865	0.7084045	0.5268808	0.2998300	0.5130482	0.5378103	0.0535128	0.7401883	0.2988231	0.0265033	0.5216236	1.0490800
750	0.0946259	0.7181542	1.0055678	0.1262282	0.4586196	0.0034151	0.0530658	0.0223205	1.0282258	0.0299680	0.1334631	0.0703818	0.0048300	0.0928862	0.8561885	0.4220582	0.4834110	1.0637400	0.9969573	0.9431637	0.0970214	0.6495322	1.0176341	0.8576031	0.8160159	0.6001867	0.9694551	0.1005636	0.3517712	0.0339314	0.3708320	0.1026969	0.7002789	0.9227861	0.2678290	0.9822894	0.2293896	0.7037762	0.3420835	0.0185629	0.9568241	0.5058415	0.0868931	0.0625472	0.7609881	0.5393691	0.6205523	0.8727477	0.8290575	0.3680968	0.1121612	0.4331422	0.4687459	0.1083280	0.6867050	0.4334767	0.7137313	0.3114163	0.4013564	1.0424427	0.7749510	0.6513866	0.2585706	0.2675599	0.4942438	0.5240743	0.8862204	0.6984658	0.3936230	0.0203710	0.3813552	0.2095333	0.2448011	0.8602496	0.2452946	0.6820644	1.0122656	0.1860467	0.1929536	0.6716909	0.7215454	0.9234807	0.1347956	0.7463916	1.0659085	0.3049366	0.1950642	0.3492393	0.5742416	0.7646812	0.5140477	0.3441251	0.4674546	0.5260034	0.0723348	0.6890821	0.2726885	0.0297766	0.5797680	0.9393985
800	0.0596627	0.6823662	0.9545663	0.1401076	0.4681598	0.0038194	0.0247958	0.0149705	1.0237473	0.0399918	0.1223109	0.0639658	0.0052131	0.0666809	0.8701828	0.3910165	0.4307866	1.0002110	0.9636314	0.9026774	0.1060626	0.6585150	0.9564677	0.9606930	0.7145237	0.6758749	0.8932457	0.1223070	0.3054711	0.0448874	0.3913512	0.1051505	0.6790703	0.8118849	0.2788363	0.8901940	0.2686322	0.6958997	0.2972557	0.0242969	0.8970101	0.4732210	0.0812843	0.0682115	0.7917181	0.4245612	0.6253564	0.8367835	0.7962029	0.3382492	0.0962037	0.4215077	0.4215775	0.0508859	0.7342944	0.3778126	0.7421024	0.3056370	0.4263447	0.9649662	0.8006650	0.5568967	0.2874146	0.2831529	0.5563692	0.5330443	0.9136598	0.7182097	0.3533027	0.0351902	0.3744852	0.1801373	0.2654710	0.8601435	0.2403982	0.6416121	0.9554707	0.1226019	0.2567952	0.6763946	0.6947506	0.9438938	0.1541344	0.7815391	1.0776276	0.3511326	0.2080228	0.3189473	0.4993349	0.7258078	0.5445076	0.3369354	0.4315659	0.5328136	0.0783668	0.6386628	0.2230589	0.0346130	0.5027372	0.9349837
850	0.0353292	0.7274553	0.9383279	0.1412135	0.4992921	0.0000365	0.0258035	0.0257792	0.9972234	0.0287968	0.0795729	0.0761302	0.0189296	0.1025779	0.7961364	0.3320553	0.4859386	0.9902370	0.9262372	0.9208210	0.0919860	0.6646320	0.9753578	0.9358094	0.7377497	0.7484500	0.9494752	0.1197228	0.3092841	0.0463250	0.4167290	0.0873032	0.6567028	0.7351853	0.3094722	0.8517360	0.2061951	0.7408173	0.3782157	0.0174955	0.9430247	0.4655274	0.1221840	0.0568842	0.8007883	0.4359176	0.6071018	0.8190254	0.8465887	0.2822882	0.0885692	0.3577661	0.4528672	0.0220794	0.6992602	0.4124313	0.7775844	0.2420716	0.4452220	0.9055003	0.8054661	0.4500817	0.2044925	0.2824648	0.5671196	0.5484943	0.9219115	0.7519798	0.3758819	0.0414651	0.3739080	0.1539476	0.2859440	0.8668800	0.2575259	0.6552778	0.8196979	0.1866323	0.2316177	0.6006323	0.7083696	0.9896568	0.1316512	0.6923693	1.1227690	0.2666391	0.2848981	0.3100686	0.5087516	0.7001145	0.5699131	0.2396986	0.4586597	0.5523513	0.0687597	0.6435065	0.2761542	0.0210449	0.5743418	1.0093726
900	0.0474252	0.6409253	1.0313296	0.1557485	0.4656614	0.0029993	0.0375958	0.0200477	0.9942489	0.0637048	0.1087124	0.0748715	0.0037726	0.1540493	0.8823107	0.3161622	0.4764208	1.0091325	0.8651413	0.8023622	0.0942348	0.5920347	0.9728157	0.9382845	0.8406105	0.7579033	0.9159603	0.1111623	0.2889660	0.0395094	0.4117887	0.0964818	0.6318705	0.7677772	0.3214244	0.7750005	0.2084409	0.8127712	0.3403753	0.0085242	0.9256537	0.4549858	0.0913029	0.0439242	0.7669204	0.4852133	0.5398712	0.7747066	0.8203184	0.2426602	0.0948252	0.3121927	0.4463735	0.0044248	0.7535090	0.5408895	0.7053043	0.3104135	0.4348202	0.9978460	0.7881626	0.5051389	0.1549336	0.2709839	0.6350179	0.4719485	1.0210587	0.7815291	0.4501160	0.0550061	0.3900286	0.2226393	0.3615342	0.9764413	0.3342037	0.4973825	0.7875260	0.1158517	0.2245659	0.6300591	0.7294162	0.9120807	0.1505011	0.7245227	1.0674306	0.2714508	0.2662068	0.3328536	0.5220546	0.7653771	0.5813622	0.2094773	0.4656001	0.6356396	0.1407002	0.6922408	0.2714008	0.0410647	0.5727825	0.9680631
950	0.0576518	0.7010142	0.9815597	0.1595379	0.3657327	0.0025772	0.0420701	0.0304047	0.9595376	0.0638692	0.1339226	0.0714391	0.0018095	0.1548389	0.8619674	0.3301219	0.4279459	0.9737555	0.9524637	0.8013706	0.0586840	0.5509168	0.8945824	0.9368506	0.8500788	0.6987647	0.9537473	0.1212266	0.2479820	0.0397810	0.3144915	0.0812938	0.7715729	0.8894892	0.2841948	0.8835573	0.2719922	0.7810662	0.4131197	0.0078521	0.9694576	0.4598859	0.0610091	0.0453834	0.7066573	0.6683021	0.4898053	0.7682428	0.8548013	0.2272900	0.0765729	0.2834798	0.4307750	0.0024954	0.7252874	0.5105260	0.7760632	0.2849927	0.3945233	0.9422797	0.8062750	0.5119449	0.1489896	0.2926518	0.5384352	0.4751702	1.0565294	0.7932211	0.4969637	0.0542189	0.3628581	0.2399524	0.3223953	0.9489241	0.3467327	0.5379450	0.7564154	0.1610227	0.2548896	0.6622938	0.7520364	0.9977253	0.1288741	0.5424771	1.0041507	0.3301644	0.2693783	0.3507112	0.6535059	0.8083644	0.5196790	0.1239023	0.3734494	0.6295585	0.1374010	0.6156895	0.3275738	0.0403942	0.5089649	0.9909150
1000	0.0374367	0.6742330	0.9833864	0.1702827	0.4257620	0.0004077	0.0390520	0.0160891	0.9951399	0.0492686	0.1571925	0.1072472	0.0057665	0.1348957	0.8554981	0.4299338	0.5478892	0.8947256	0.9473419	0.8079269	0.0631458	0.5770054	1.0054814	1.0092778	0.7965875	0.5776256	0.9683744	0.0922334	0.2674617	0.0348666	0.3346808	0.0553388	0.7447074	0.8724985	0.2375034	1.0049206	0.3846042	0.7397381	0.3719708	0.0113317	0.9173013	0.4836085	0.0745237	0.0541038	0.7431783	0.6003780	0.4867260	0.7281767	0.9103938	0.2539389	0.0792376	0.2940950	0.4443536	0.0048492	0.6658413	0.5236635	0.7618609	0.2742608	0.4206126	0.9469330	0.8696984	0.5636314	0.2676698	0.2937966	0.4727768	0.5116283	1.0325266	0.7246510	0.4539350	0.0538405	0.3729158	0.2085339	0.3064117	0.8924417	0.3051049	0.4533911	0.9116605	0.3311707	0.3181499	0.6406018	0.7449061	0.9480457	0.0829114	0.6661993	0.9965326	0.3771009	0.2340008	0.3105503	0.7218495	0.7058138	0.5248058	0.1534798	0.3891785	0.6617806	0.1412683	0.6510852	0.2672101	0.0343103	0.5051534	0.9348550

0	0.0094491	0.6355617	1.0459758	0.0876986	0.4170952	0.0015965	0.0357302	0.0201856	0.7842026	0.5482911	0.1482550	0.1067167	0.0074763	0.0795139	0.9263252	0.4386615	0.5117037	1.0187251	0.9869150	0.9112762	0.0675828	0.6396705	0.9879649	0.9056811	1.0249936	0.8053086	0.8415975	0.0956169	0.2807776	0.0361236	0.3476186	0.0945586	0.7647381	0.8073502	0.2691465	0.9854445	0.2644993	0.7761342	0.3511720	0.0142404	0.9503393	0.3956488	0.0912837	0.0721673	0.8039584	0.5632487	0.5721011	0.9104100	0.8750489	0.3877912	0.0490860	0.3690556	1.0040851	0.0016799	0.7496314	0.4296180	0.7445798	0.3138374	0.4763448	0.9977159	0.8917758	0.5763065	0.2317245	0.3844034	0.5377636	0.4876338	1.0898320	0.8135737	0.5024926	0.0491368	0.3912071	0.2335426	0.3169327	0.9297559	0.3112694	0.3637340	0.9584119	0.1589398	0.2670455	0.6498318	0.7931145	1.0351174	0.1402507	0.6535788	1.0095359	0.4184859	0.2245238	0.5131035	0.6073464	0.7854143	0.4606182	0.1309775	0.4648780	0.5528648	0.0723851	0.5781484	0.2784400	0.0363961	0.5378107	0.9932421
50	0.0937923	0.7449355	0.8449726	0.1175308	0.4239759	0.0024740	0.0494096	0.0424862	0.6917278	0.3727170	0.0950449	0.1124350	0.2383290	0.1360976	0.8984699	0.3787682	0.5251917	0.8737448	1.0321927	0.9224398	0.0971347	0.6664648	0.9730656	0.9525779	0.8928261	0.6988581	0.8784832	0.0645453	0.4155591	0.1441149	0.3890037	0.1117679	0.6967336	0.5844964	0.2642196	0.7854404	0.4814420	0.6514547	0.3075963	0.0252939	0.9163538	0.3642115	0.0748399	0.1248484	0.7172658	0.2953172	0.6067968	0.8633928	0.8387046	0.3446057	0.0984008	0.4249048	0.9543086	0.0177612	0.6621523	0.4442993	0.8419766	0.3360185	0.6161051	0.9988487	0.7107668	0.4700659	0.2525026	0.3644086	0.4789295	0.5192910	0.8687454	0.7403805	0.5127789	0.0406339	0.2848524	0.3131104	0.2862369	0.9215485	0.4681981	0.5088631	0.9201769	0.3889138	0.2276626	0.4476663	0.7255934	0.9327428	0.1601865	0.5802986	1.0209529	0.4800519	0.3834817	0.5331032	0.4902912	0.7509164	0.4701855	0.3750633	0.5246363	0.5045855	0.1197624	0.6087637	0.2337693	0.0284400	0.5636093	0.9411130
100	0.2476731	0.6691588	0.7878768	0.1001409	0.4709325	0.0039558	0.0312485	0.0350607	0.8719383	0.1918759	0.0519600	0.1103198	0.3705450	0.1290700	0.8111025	0.3425372	0.5294724	0.8888867	0.9329864	0.8183795	0.1059240	0.6467175	1.0025887	1.0056259	0.9721324	0.6581962	0.7928629	0.0619838	0.6967433	0.2509962	0.4632148	0.1133039	0.6568287	0.3961401	0.2038132	0.6421656	0.5141507	0.5651567	0.3500388	0.0307086	0.9558615	0.4048457	0.0708612	0.1507696	0.8968431	0.2997053	0.5033524	0.7687086	0.8984742	0.3266175	0.1064882	0.3911204	0.9767344	0.1792484	0.6139755	0.3885199	0.7646127	0.2852858	0.8286798	1.0634928	0.7935123	0.4168709	0.2185334	0.4313955	0.4841640	0.6156904	0.9320560	0.6663487	0.4820939	0.0205305	0.3385142	0.2582832	0.2992547	0.8820793	0.6238793	0.6440418	0.9280240	0.3331193	0.1833323	0.2995930	0.6774263	0.9894059	0.1785127	0.6841351	0.9931624	0.6376572	0.5910412	0.5482898	0.3530244	0.6837648	0.4513220	0.6795553	0.6141432	0.6301142	0.1456713	0.5603698	0.1828584	0.0286110	0.5271217	0.8643203
150	0.3651092	0.5843394	0.7137774	0.0849722	0.5754041	0.0087081	0.0323306	0.0232770	0.8873922	0.1141980	0.0442375	0.1209278	0.3894622	0.1191661	0.8706929	0.2716155	0.4992626	0.8713759	0.9092373	0.9178782	0.1095177	0.6335803	0.9527228	0.9320105	0.8810085	0.7000411	0.7609745	0.0679058	0.8276911	0.3385231	0.5463708	0.1048726	0.7369592	0.2668925	0.2065230	0.6193137	0.5704300	0.5861211	0.3070050	0.0275962	0.9560104	0.3884435	0.0727015	0.1336392	0.7928235	0.3530542	0.5189715	0.6687736	0.8884244	0.2778189	0.1029322	0.3162833	0.9611025	0.4263045	0.5226074	0.3390706	0.7595917	0.2931322	0.9695983	1.0217399	0.8052998	0.4558255	0.1001882	0.4818395	0.4911075	0.6919038	0.9798753	0.7326726	0.5279803	0.0447286	0.3623039	0.2009956	0.3306255	0.8708895	0.6411407	0.6413365	0.9168403	0.3589259	0.1882029	0.2081660	0.6502070	1.1082952	0.1625789	0.8127153	1.0243394	0.6996352	0.6848713	0.5021277	0.1482390	0.7816220	0.5845326	0.8156266	0.8165237	0.5992954	0.2222421	0.5243761	0.1994204	0.0156561	0.5572619	0.9795502
200	0.4102381	0.4387007	0.6261408	0.1155289	0.6830833	0.0104739	0.0294696	0.0442712	0.9476884	0.0616639	0.0549419	0.1186500	0.3887754	0.1278512	0.9097559	0.2702589	0.5207824	0.8745946	0.8918822	0.8733855	0.1311702	0.6608892	0.9743145	0.8680279	0.7913538	0.7588356	0.7979682	0.1153382	0.9520986	0.3814120	0.7428605	0.0670435	0.7300515	0.2264467	0.2701064	0.7211244	0.5580676	0.5177890	0.3365214	0.0046946	0.8940414	0.3285903	0.0832470	0.1156888	0.7988608	0.4513197	0.4580119	0.7311454	0.9079031	0.2837555	0.0744110	0.3376767	0.8450866	0.5980296	0.5326822	0.4372735	0.6830342	0.2849661	0.9528170	0.9738275	0.8178304	0.5321253	0.0591365	0.4316874	0.5028982	0.7016492	0.9719294	0.7221447	0.6197010	0.0347117	0.3993082	0.1973919	0.2701949	0.9564967	0.6790617	0.6343764	0.9158628	0.3396901	0.2213232	0.2090082	0.6664580	1.0276112	0.1677740	0.8391018	0.9444316	0.7363928	0.8325995	0.5520092	0.1452431	0.8416640	0.6167212	0.7970460	0.7944031	0.5490214	0.2200926	0.5321809	0.2426371	0.0095788	0.5756277	1.0813909
250	0.5784676	0.3830475	0.6541381	0.1620463	0.7368675	0.0090168	0.0366190	0.0224784	0.9638277	0.0627585	0.0257332	0.1412504	0.4948777	0.0691616	0.9508553	0.2708737	0.5778238	0.8399112	0.9333618	0.8827898	0.1487071	0.7055770	0.8854972	1.0022287	0.7668003	0.8153759	0.9690081	0.1659024	0.9831879	0.3901484	0.6541608	0.0744117	0.7477835	0.3223367	0.2533099	0.8738380	0.5843592	0.5333262	0.3611506	0.0136991	0.7873344	0.2788382	0.0587343	0.0992854	0.7257943	0.5195636	0.3843475	0.7071291	0.8626404	0.3294748	0.0687169	0.3162258	0.8394450	0.6149512	0.4949714	0.5033514	0.6689561	0.2767572	1.0013969	1.1488041	0.8271108	0.5701916	0.0360061	0.5108635	0.5094691	0.6901757	1.0278832	0.6497375	0.5475754	0.0305554	0.4239529	0.2398673	0.2991942	0.8983250	0.7173102	0.5686276	0.8991594	0.3407043	0.2215541	0.1848967	0.7146815	1.0285866	0.1886552	0.9464966	1.1576570	0.7175683	0.8482349	0.5181801	0.1224619	0.8706175	0.5064374	0.7125330	0.8686204	0.5770124	0.2392037	0.5331762	0.2378189	0.0219584	0.5622194	1.0634540
300	0.6909009	0.4719290	0.7618046	0.1798923	0.7801784	0.0035441	0.0324651	0.0081861	1.0166377	0.0538753	0.0343120	0.2023434	0.4719208	0.0676442	0.8884749	0.2149143	0.5832095	0.8751481	0.9490141	0.8813212	0.1362851	0.6461490	0.9601229	1.0153107	0.8157475	0.7780214	1.0065382	0.1455862	1.0919163	0.4103915	0.7769013	0.0882832	0.7736508	0.3282987	0.2310950	0.8412231	0.5414828	0.5559376	0.3071812	0.0203785	0.7629684	0.3742585	0.0690331	0.1067523	0.6885992	0.4796016	0.5117885	0.7451632	0.8498742	0.3395868	0.0706932	0.3750824	0.7848716	0.6691027	0.4686104	0.5107568	0.6392595	0.2742843	0.9529774	1.0707300	0.8316483	0.4162451	0.0475527	0.5922844	0.5690489	0.7010423	0.9357688	0.6443373	0.4883501	0.0143262	0.5135563	0.2696759	0.3203087	0.8809383	0.7042708	0.6312201	0.8378500	0.5102874	0.2521829	0.1305813	0.7558250	1.1101774	0.2254223	0.7760471	1.0040079	0.7739171	0.8354899	0.3657794	0.1564194	0.9124692	0.4746317	0.7662080	0.7916947	0.5595313	0.3145152	0.4936894	0.3176534	0.0260511	0.5329661	0.9284960
350	0.6691379	0.4893261	0.7729912	0.1934922	0.7391666	0.0004056	0.0440258	0.0061816	1.0463418	0.0416888	0.0467400	0.1912283	0.4615212	0.0987315	0.9087160	0.1505519	0.6077791	0.9230520	0.9697618	0.7977510	0.1447360	0.6687636	0.9081567	0.8995201	0.9078269	0.8020147	0.9819221	0.1536680	1.0276187	0.4368154	0.8316280	0.0844373	0.6591932	0.2989932	0.1985848	0.8622748	0.5474963	0.4819261	0.2846135	0.0263223	0.7661539	0.3541447	0.0611041	0.1298562	0.8033836	0.4374670	0.5568917	0.7768452	0.9126515	0.3522844	0.0383245	0.3386151	0.7492305	0.7241891	0.5002532	0.4522840	0.5744580	0.2319006	0.8559461	1.0915564	0.9083968	0.4755609	0.0461713	0.6765397	0.5601994	0.5960888	0.8277268	0.6263045	0.5128222	0.0224332	0.4527918	0.2392264	0.2793562	0.8289679	0.6841982	0.6081627	0.8413423	0.3841336	0.2554390	0.2040013	0.7843585	0.9487344	0.2392125	0.7648698	1.0515927	0.7748157	0.8280308	0.2987799	0.0846142	0.8848726	0.5154252	0.7494807	0.7642247	0.5903089	0.2748142	0.4884264	0.2890162	0.0255800	0.5571153	0.9886201
400	0.6921696	0.4718096	0.6383983	0.1634150	0.7096265	0.0004013	0.0479471	0.0160080	1.0190912	0.0545178	0.0399826	0.1627626	0.3771619	0.1112892	0.7975228	0.1564976	0.4932007	0.9366195	0.8367677	0.8621991	0.1522477	0.6599471	1.0267799	1.0402417	0.9620218	0.6805821	0.9024515	0.1723021	0.9050422	0.4041938	0.7205397	0.0655331	0.6812851	0.2229977	0.1897613	0.7730029	0.6248657	0.5234168	0.2561371	0.0249041	0.7566479	0.3861134	0.0748572	0.1794610	0.7712445	0.4300481	0.5775741	0.7760910	0.8847005	0.3066434	0.0636507	0.3283755	0.7757874	0.6545163	0.5701967	0.4288705	0.6227849	0.2181279	0.8004711	1.0409062	0.9733764	0.4229330	0.0341455	0.7064134	0.5598323	0.5677657	0.9441844	0.7032572	0.5260705	0.0148480	0.5906277	0.2147586	0.2733642	0.8444338	0.7565321	0.6698630	0.8227619	0.3759408	0.3034846	0.1310413	0.6793221	1.0214269	0.2696900	0.7618681	1.0175348	0.8002865	0.7840189	0.2940593	0.0602035	0.8353789	0.4328934	0.6830540	0.8021508	0.5872283	0.3183756	0.4735872	0.2551540	0.0266106	0.6121826	1.0084383
450	0.5995130	0.4696487	0.6754538	0.1781393	0.7602512	0.0030891	0.0371796	0.0183010	0.8685952	0.0676739	0.0306108	0.1199167	0.4552487	0.1270951	0.9548992	0.1499444	0.4173263	0.8911516	0.9326528	0.8555044	0.1741637	0.7270577	1.0334188	0.9915669	0.9064095	0.7486200	0.9349590	0.1246333	0.9074269	0.3827470	0.6937420	0.0677124	0.6831390	0.2811509	0.2095475	0.7942107	0.5252839	0.4989356	0.3458843	0.0099241	0.7589584	0.3327732	0.0776485	0.1592220	0.7692912	0.3925484	0.5501458	0.8256543	0.8507174	0.2977382	0.0892218	0.3036109	0.7746389	0.7448230	0.5064398	0.4615407	0.5702189	0.2442403	0.9539566	0.9974234	0.9907869	0.3976235	0.0215470	0.7415082	0.5562708	0.6994748	0.8874078	0.6701066	0.5419816	0.0226171	0.5463679	0.2534584	0.2757777	0.7798234	0.6705209	0.6153118	0.8037440	0.3493575	0.2613207	0.1260993	0.7118799	0.8706901	0.2688992	0.8369304	0.9619309	0.8130089	0.8687200	0.3090206	0.0598003	0.7625431	0.4893459	0.7243663	0.7634734	0.6174914	0.3326297	0.5260660	0.2127292	0.0170123	0.5623954	1.0260982
500	0.5251787	0.3789813	0.7235808	0.1834525	0.7080216	0.0025571	0.0272121	0.0248832	0.9649808	0.0859063	0.0230685	0.1623250	0.4084517	0.1120439	1.0357303	0.1746844	0.4929809	0.9727890	0.8883390	0.8982489	0.1253822	0.6821050	0.9272214	1.0450399	0.9398840	0.6851434	0.9131076	0.1812710	0.8894561	0.4175731	0.6663802	0.1024277	0.6251336	0.2757264	0.1939982	0.6965655	0.5147372	0.5185232	0.3475311	0.0179260	0.7786639	0.3093602	0.0809103	0.1667522	0.7414539	0.3748022	0.6808096	0.8988790	0.9946963	0.2773608	0.0670567	0.3150120	0.7508457	0.6589297	0.5255842	0.5252515	0.6125013	0.2742009	1.0298788	0.9861406	1.0071434	0.4421831	0.0383808	0.6922884	0.5856301	0.5992715	0.8742303	0.6433220	0.5342009	0.0080898	0.5660900	0.2667464	0.2797244	0.8205559	0.7077922	0.6290524	0.7249983	0.3580541	0.2058571	0.1631461	0.7341592	1.0460097	0.2968503	0.8209167	0.8794152	0.8443222	0.8509996	0.2757883	0.0198205	0.9342941	0.5014874	0.7088599	0.9048906	0.6491105	0.4206460	0.4351590	0.2208284	0.0260858	0.5733800	0.9260950
550	0.5321006	0.4162680	0.9188914	0.2023690	0.8258160	0.0000936	0.0177884	0.0074936	1.0621697	0.0641184	0.0580866	0.1592435	0.2460577	0.0983059	0.9240680	0.1714294	0.5010969	1.0237367	0.8798631	0.8297452	0.1183237	0.6431262	0.9593065	0.9271294	0.9426454	0.6996388	0.9731198	0.2583483	0.8800845	0.3578597	0.6906228	0.1021523	0.5740168	0.4246147	0.2388371	0.7542793	0.3142217	0.5974659	0.3440733	0.0232117	0.7872986	0.3814092	0.0593130	0.1223130	0.7843164	0.3439442	0.6470207	0.7831690	0.9713488	0.3363544	0.0514436	0.2429566	0.7113686	0.7042373	0.6443321	0.5091595	0.6247022	0.2573609	0.7941241	0.9877477	1.0159181	0.4921312	0.0331719	0.5486985	0.5623156	0.5073241	0.9494619	0.6289099	0.5450561	0.0064890	0.5585042	0.2328081	0.2702189	0.9087750	0.5061064	0.6446945	0.7237591	0.2716598	0.1866328	0.2456853	0.7170057	1.0545793	0.2724770	0.8013539	0.9291799	0.6169572	0.6461230	0.2521502	0.0394766	0.9780482	0.5612140	0.4509929	0.8042084	0.6304355	0.4555033	0.4754124	0.2160071	0.0306921	0.6037532	1.0202065
600	0.5015710	0.4150870	0.9290581	0.1343984	0.7307013	0.0002536	0.0244727	0.0344561	1.0195691	0.0513859	0.0764910	0.1270989	0.0561994	0.0711082	0.9690192	0.1904987	0.4607016	0.9557068	0.8552171	0.8507876	0.0905417	0.5763353	0.9270838	0.8970725	0.9088907	0.7881049	1.0401497	0.2481806	0.7920653	0.1910061	0.6506295	0.1265270	0.5893643	0.6144721	0.3189641	0.7460992	0.1415143	0.6848249	0.3109877	0.0281308	0.8663189	0.4500921	0.0769746	0.1052047	0.8168257	0.3898288	0.6228041	0.7734464	0.9171164	0.3580259	0.0554248	0.2745373	0.7049426	0.6859380	0.7349302	0.4045066	0.6550738	0.2315388	0.5182677	1.1133970	0.9800970	0.5904097	0.0577237	0.4361581	0.5389799	0.4892330	0.9190775	0.6636461	0.5255325	0.0228552	0.5404849	0.1909512	0.2643503	0.9327121	0.3218902	0.6541603	0.7867078	0.2539738	0.1862606	0.5108883	0.7825847	0.9942632	0.2423940	0.7318679	0.9409203	0.4595178	0.5183251	0.2391681	0.0689482	0.9603465	0.4218420	0.3534118	0.6425581	0.4676174	0.3527879	0.4527835	0.1886987	0.0208552	0.5766055	1.0088476
650	0.3913976	0.4911039	0.9459888	0.1279509	0.5586827	0.0016624	0.0163401	0.0270759	1.0393780	0.0557739	0.1237988	0.0923517	0.0166103	0.0894672	0.8779010	0.2400521	0.4955752	0.9231854	0.8492556	0.8954420	0.0803047	0.5885597	1.0356836	0.9140882	0.9315553	0.7325196	1.0223415	0.2295976	0.6945009	0.1156997	0.6076012	0.1208113	0.6727564	0.7047841	0.2774235	0.6227444	0.1883101	0.7503952	0.3259015	0.0293284	0.8978482	0.3984397	0.0723673	0.0769337	0.8065821	0.3285072	0.6051968	0.7178409	0.9091489	0.2597418	0.0620231	0.3137966	0.6738912	0.5211487	0.6751487	0.2495750	0.6666126	0.2744895	0.5021826	1.0151123	0.9665483	0.5918918	0.0936888	0.3162593	0.4684588	0.5171679	0.9107121	0.7558572	0.6182230	0.0250986	0.4675164	0.1790397	0.3280301	0.9540451	0.2683543	0.7098435	0.8909662	0.2180050	0.2388897	0.5505993	0.6659308	0.8902515	0.2135660	0.7046148	0.9297717	0.3759317	0.3690758	0.3213806	0.2396695	0.9967906	0.5686248	0.3928927	0.5768952	0.4401516	0.2795741	0.5302973	0.2675874	0.0208289	0.5444578	0.9409460
700	0.2871656	0.4915909	0.8770431	0.1084222	0.5136139	0.0003939	0.0615126	0.0329353	0.9622604	0.0476830	0.1522561	0.0739878	0.0060869	0.1189912	0.9266635	0.2971208	0.4743096	0.9573998	0.9531899	0.8839775	0.0501086	0.5674735	1.0673098	0.8836117	0.9503946	0.7933688	0.9854951	0.2546987	0.6191690	0.0761448	0.5079757	0.0989232	0.6153365	0.7332171	0.3562980	0.7641909	0.1455105	0.7995884	0.3434000	0.0194090	0.8791470	0.4034379	0.0715636	0.0576952	0.7601095	0.4846628	0.4794811	0.7770657	0.8762714	0.2833232	0.0544021	0.3272267	0.5559268	0.2760176	0.7642842	0.2383301	0.8259380	0.2405158	0.4413157	1.0072037	0.9303509	0.6523131	0.1831978	0.2481340	0.4040662	0.4726131	1.0542546	0.7607441	0.5577097	0.0246548	0.4824036	0.1753259	0.3031120	0.9170741	0.2560373	0.6722821	0.9335059	0.2670682	0.2516166	0.5812979	0.7891167	0.8967999	0.1800983	0.6302045	0.9267566	0.3300643	0.3037568	0.4066696	0.3886087	0.8605267	0.5322752	0.3425700	0.4774617	0.4387459	0.2087134	0.5991337	0.3386960	0.0167255	0.5784184	0.8377888
750	0.2222603	0.5992240	1.0099235	0.1518951	0.4329621	0.0053423	0.0592510	0.0184260	1.0310683	0.0427999	0.1370383	0.0768153	0.0081630	0.0782907	0.9286119	0.3458036	0.4807083	1.0008505	0.9594395	0.8617735	0.0752177	0.6310086	1.1182182	1.0120949	1.0349113	0.7369060	0.9338040	0.2011558	0.5245216	0.0499605	0.4597349	0.0751478	0.6135288	0.7820093	0.3281300	0.8227893	0.2227086	0.7636477	0.3521093	0.0033273	0.8623416	0.4429441	0.0682658	0.0665274	0.7690862	0.6166406	0.4913314	0.7941595	0.7835594	0.3005410	0.0678971	0.2841876	0.5889515	0.1336761	0.7823386	0.2945229	0.7617630	0.2658867	0.5360196	0.8862639	0.8868081	0.6553399	0.2741718	0.3024476	0.4619166	0.4567906	0.9852480	0.7019660	0.5129355	0.0304419	0.4259784	0.2106561	0.2995789	1.0032848	0.2664148	0.7318430	0.8843089	0.2537125	0.2306648	0.6508572	0.7771891	1.0730622	0.1743977	0.7346820	0.8891873	0.3846758	0.2364821	0.4025556	0.5115406	0.8202945	0.4720951	0.2781385	0.4592812	0.4993923	0.1111678	0.5690808	0.3572824	0.0216749	0.4858801	0.9324930
800	0.1624588	0.6042292	1.0835069	0.1895485	0.5404775	0.0071642	0.0464547	0.0140098	0.9345778	0.0239861	0.1373188	0.0810472	0.0056160	0.0634296	0.8651094	0.3590779	0.4917323	0.9080261	0.9833603	0.8496468	0.1056346	0.6936464	1.0296840	0.7135312	1.0072097	0.6958202	0.9934266	0.1361396	0.3965832	0.0511537	0.4155528	0.1106337	0.6367726	0.7816606	0.3167544	0.8478515	0.3172994	0.7230215	0.3532551	0.0168655	0.9106273	0.4725330	0.0946532	0.0741160	0.7620747	0.6187489	0.5272714	0.7562672	0.8301703	0.2933250	0.0680433	0.3318282	0.5645962	0.0942518	0.7633547	0.4265142	0.7877660	0.2779506	0.5102248	0.8832295	0.8221612	0.6394985	0.2835988	0.2876164	0.5418042	0.4880028	1.0524889	0.6521540	0.5287530	0.0410208	0.4100749	0.2241497	0.3055418	0.9100583	0.2637784	0.6432451	0.8749433	0.2354333	0.2368429	0.7540605	0.7710224	1.0591260	0.1361937	0.7492617	0.9240555	0.3578146	0.2420336	0.3242580	0.5185883	0.7805634	0.5179534	0.2102182	0.4530211	0.5403265	0.1097474	0.5429474	0.3168663	0.0231427	0.4369596	0.9679670
850	0.1301835	0.5819126	1.0328000	0.1680484	0.4897329	0.0019768	0.0324484	0.0188784	0.8900730	0.0189937	0.1629452	0.0704542	0.0013186	0.0757110	0.9694915	0.4480262	0.4901725	1.0116386	0.9552934	0.9542408	0.0939311	0.5850935	1.0932020	0.9500750	0.9853094	0.6837125	1.0102517	0.1548133	0.3610667	0.0363512	0.4039479	0.1252665	0.6458975	0.7703659	0.3692569	0.8974294	0.4325258	0.7189458	0.3580800	0.0261008	0.9810555	0.4972516	0.0681769	0.0718135	0.7265551	0.6370716	0.5273657	0.8251103	0.8516084	0.2601266	0.0703218	0.3534238	0.5024527	0.0346599	0.7919019	0.4786853	0.7844046	0.2413441	0.4563586	0.8738962	0.8359447	0.6439022	0.3232652	0.2053742	0.4722439	0.5303037	1.0241432	0.6882786	0.4837718	0.0839486	0.4217710	0.2124078	0.3111039	0.8898087	0.2497222	0.6741259	0.7887513	0.2362648	0.3041895	0.6599644	0.7880760	0.9601774	0.1220231	0.7812270	1.0028128	0.3522181	0.2239998	0.3325819	0.6214038	0.7716474	0.4538579	0.2229437	0.4260070	0.5623841	0.0991216	0.5169552	0.3016129	0.0275622	0.4539890	1.0003130
900	0.0604253	0.6180593	1.0327239	0.1623627	0.5061441	0.0000517	0.0347731	0.0229694	0.9452235	0.0417813	0.1565730	0.0924452	0.0026821	0.0844486	0.9573600	0.5474982	0.4591146	1.0526315	0.9264344	0.9025946	0.0797150	0.7443267	1.1281619	0.9841173	0.9896331	0.6035736	1.0231587	0.1786528	0.2731409	0.0414275	0.4161895	0.1213652	0.5594427	0.7963648	0.3097695	0.8395803	0.4744830	0.6812357	0.3603890	0.0309512	0.9341938	0.4726235	0.0599624	0.1038923	0.7492977	0.6092488	0.5869872	0.7422169	0.8780650	0.3036277	0.0687773	0.4081251	0.4406263	0.0154500	0.7286929	0.4552887	0.7666540	0.2230469	0.4422985	0.9470381	0.8101290	0.6005659	0.3540816	0.2701485	0.5891875	0.5590890	1.0865995	0.6700565	0.4587444	0.0792807	0.4061256	0.2167518	0.3258489	0.8226400	0.2552506	0.5565510	0.8208806	0.3344814	0.3612939	0.7062010	0.7465987	0.9744819	0.1064614	0.7474335	1.0473631	0.3661423	0.1687381	0.3321164	0.5659104	0.7930733	0.4424950	0.2474608	0.4395003	0.5699153	0.1078859	0.5780465	0.3007072	0.0225065	0.5017426	1.0379899
950	0.0374482	0.6006221	0.9531960	0.1333233	0.5148847	0.0007384	0.0316254	0.0095728	0.8853136	0.0326658	0.0698996	0.0887098	0.0062962	0.1211051	1.0461898	0.4266947	0.3902315	1.0525111	0.9650876	0.9006665	0.0585512	0.7281238	1.1225645	0.9970409	0.9326781	0.7083387	1.0017023	0.1569664	0.2618211	0.0246818	0.4070778	0.1271248	0.5478095	0.8365589	0.3334554	0.8355224	0.4139430	0.7085320	0.4031628	0.0200326	0.9288687	0.4218844	0.0737280	0.0801060	0.7814676	0.5109271	0.5419528	0.7887193	0.8495194	0.2794597	0.0627867	0.3599626	0.4637780	0.0043802	0.7232730	0.4113269	0.8479547	0.2501986	0.5210187	0.9963091	0.6712609	0.5528908	0.2656363	0.3242415	0.5605224	0.5198192	0.9920987	0.6915216	0.4560911	0.0488738	0.3990286	0.2518954	0.3101072	0.9157591	0.2126106	0.5248036	0.8859034	0.3968095	0.3239937	0.6834435	0.9262963	1.0420406	0.1286719	0.7432234	1.0465604	0.3005825	0.1572995	0.3234152	0.6014451	0.7868879	0.4858938	0.2431564	0.4327761	0.5723114	0.1173635	0.6866334	0.2636157	0.0188386	0.5850560	1.0110687
1000	0.0250719	0.5139174	0.9612796	0.1327985	0.4757339	0.0004047	0.0328658	0.0231323	0.9838799	0.0906314	0.1041343	0.0874311	0.0023350	0.0940304	0.8342729	0.3901846	0.4791954	1.0310111	0.9916052	0.9101441	0.0445859	0.6617335	1.0692036	1.0409997	0.9942032	0.6658109	1.0071797	0.1298072	0.2239102	0.0380137	0.3518521	0.1095733	0.6356151	0.8747025	0.2882858	0.9730496	0.2555387	0.8685468	0.4005271	0.0055057	0.8645628	0.4579646	0.1054062	0.0747669	0.8065909	0.5224807	0.5611150	0.8803258	0.8159160	0.2949558	0.0786739	0.3584450	0.5311715	0.0012631	0.6505151	0.3633130	0.7891455	0.2544485	0.4792950	1.0120864	0.7691794	0.5859580	0.1389924	0.2818632	0.5635073	0.5603574	0.9829575	0.6788344	0.4627504	0.0272318	0.3837688	0.2260231	0.3321465	0.8508483	0.2429317	0.5127931	0.9651259	0.3422836	0.2744017	0.5797897	0.8517326	0.9313835	0.1064780	0.6357908	0.9579695	0.3260101	0.1481973	0.3317828	0.5281690	0.7858924	0.5068604	0.1467165	0.4127744	0.5079054	0.1280515	0.7079352	0.2433924	0.0313869	0.5483986	1.0320302

0	0.0094491	0.6355617	1.0459758	0.0876986	0.4170952	0.0015965	0.0357302	0.0201856	0.7842026	0.5482911	0.1482550	0.1067167	0.0074763	0.0795139	0.9263252	0.4386615	0.5117037	1.0187251	0.9869150	0.9112762	0.0675828	0.6396705	0.9879649	0.9056811	1.0249936	0.8053086	0.8415975	0.0956169	0.2807776	0.0361236	0.3476186	0.0945586	0.7647381	0.8073502	0.2691465	0.9854445	0.2644993	0.7761342	0.3511720	0.0142404	0.9503393	0.3956488	0.0912837	0.0721673	0.8039584	0.5632487	0.5721011	0.9104100	0.8750489	0.3877912	0.0490860	0.3690556	1.0040851	0.0016799	0.7496314	0.4296180	0.7445798	0.3138374	0.4763448	0.9977159	0.8917758	0.5763065	0.2317245	0.3844034	0.5377636	0.4876338	1.0898320	0.8135737	0.5024926	0.0491368	0.3912071	0.2335426	0.3169327	0.9297559	0.3112694	0.3637340	0.9584119	0.1589398	0.2670455	0.6498318	0.7931145	1.0351174	0.1402507	0.6535788	1.0095359	0.4184859	0.2245238	0.5131035	0.6073464	0.7854143	0.4606182	0.1309775	0.4648780	0.5528648	0.0723851	0.5781484	0.2784400	0.0363961	0.5378107	0.9932421
50	0.0165268	0.5573506	1.0514299	0.1164645	0.4663501	0.0216851	0.0310348	0.0134318	0.8252428	0.3666247	0.2663594	0.0849350	0.0007951	0.1259383	0.8742602	0.4079170	0.2902366	1.0582104	0.9297224	0.8118810	0.0678057	0.7580424	1.0717787	1.0284948	0.6815702	0.6606499	0.9405713	0.0846952	0.3643813	0.0380978	0.3732387	0.0323919	0.6613252	0.7598951	0.2401890	0.9617147	0.1996850	0.7457800	0.3613187	0.4090457	1.0151043	0.4989368	0.0587109	0.0460071	0.7133683	0.4728495	0.5680055	0.7978703	0.8915563	0.3280001	0.0619799	0.4045499	0.9381569	0.0005482	0.7248476	0.7076805	0.7979102	0.2841132	0.4671023	1.0359605	0.7372605	0.5683882	0.4219218	0.2454856	0.4797993	0.4979578	0.8434528	0.7057898	0.4758826	0.0465385	0.3929686	0.1992112	0.2654430	1.0291300	0.3027820	0.5186876	0.8229252	0.5775915	0.1948631	0.8067406	0.7034694	1.0081479	0.1283125	0.6943615	0.9037489	0.3455587	0.2402141	0.4748206	0.6038078	0.7485400	0.4980619	0.3169826	0.3259305	0.6607880	0.0578854	0.6735343	0.2824429	0.0264228	0.4203212	0.9524247
100	0.0255691	0.5752723	1.0852314	0.1168673	0.4360891	0.0351039	0.0259253	0.0195701	0.8048646	0.3923877	0.3908158	0.1134608	0.0040055	0.1210696	0.7763469	0.3944575	0.1981326	0.9233049	0.9319213	0.9289737	0.0750799	0.9925993	0.9834701	1.0817048	0.5514373	0.7291205	0.9168707	0.0831344	0.5115582	0.0165668	0.3986652	0.0570918	0.7145706	0.8202651	0.3045508	0.9341681	0.1917454	0.7136524	0.4541868	0.7238301	1.0239682	0.3849262	0.0593252	0.0511151	0.7755477	0.6108556	0.5873055	0.9031782	0.8851404	0.3619107	0.0696035	0.4618594	0.8954473	0.0013039	0.7676683	0.8569924	0.7868699	0.3030831	0.4684297	1.0157229	0.7070794	0.5786709	0.6526570	0.2497706	0.5390458	0.4588580	0.6534443	0.7718531	0.5175734	0.0527820	0.3955755	0.1641590	0.2497491	0.9258603	0.2113941	0.7669551	0.8061842	0.4193549	0.2304747	0.8920897	0.7069329	1.0008613	0.1426041	0.7192691	0.8649622	0.2802886	0.2160566	0.4671626	0.6786157	0.6714917	0.5306126	0.3805735	0.3397542	0.7165016	0.0561023	0.6172232	0.3251559	0.0326596	0.2685283	0.9743018
150	0.0233817	0.6367792	1.0115431	0.1483019	0.3604285	0.0599702	0.0295163	0.0526375	0.8717200	0.3476214	0.4098874	0.1232384	0.0142949	0.1546485	0.9563047	0.3681909	0.1639776	0.9494962	0.9705063	0.8017167	0.0465923	1.0796148	1.0015055	1.0130440	0.5182952	0.7048677	0.8569014	0.0780249	0.5795255	0.0275609	0.3921180	0.0722452	0.7157156	0.8124887	0.3190103	0.8434292	0.3206034	0.7642400	0.5345206	0.9304136	0.9132947	0.3515315	0.0503266	0.0455341	0.7020638	0.4469014	0.5631909	0.9127740	0.8674028	0.3471423	0.1252811	0.5585783	0.8519521	0.0021226	0.8129762	0.8470799	0.7636586	0.3588369	0.4126756	1.0670596	0.5459603	0.5084787	0.7723924	0.3284983	0.5894861	0.4130590	0.5910420	0.7440796	0.4472518	0.0242642	0.3429740	0.1664468	0.2686371	1.0054793	0.1289253	0.8846453	0.8210368	0.4681810	0.2319816	0.8833784	0.6075248	0.8972062	0.1742032	0.7268934	0.8871880	0.2685197	0.2076560	0.5204685	0.8822771	0.5462012	0.4985817	0.3571511	0.3741296	0.7733724	0.0440286	0.7361871	0.3293235	0.0565461	0.1518848	1.0286574
200	0.0172094	0.6415805	1.1034304	0.1435486	0.2903072	0.0623956	0.0266299	0.0513751	0.8570206	0.3263636	0.4294296	0.0908144	0.0224595	0.0856506	0.8793730	0.3470482	0.1476591	1.0291151	0.9584155	0.7689861	0.0489182	1.0621997	1.1142878	1.1093416	0.5057835	0.7171088	0.8497096	0.0676051	0.5859383	0.0372259	0.3952562	0.0808841	0.6144088	0.8872574	0.4034657	1.0254980	0.2846462	0.7599535	0.6191420	0.8910114	0.8814002	0.3906334	0.0522079	0.0672373	0.6770539	0.4701257	0.5555001	0.8971625	0.8362128	0.3539665	0.1233703	0.6401201	0.8674264	0.0025908	0.8198562	0.8813762	0.6636725	0.4144373	0.4874438	1.0471541	0.4942537	0.5344051	0.7154540	0.2794647	0.6000966	0.2996831	0.6436721	0.6294181	0.3866822	0.0702657	0.3714910	0.1904818	0.2658498	0.8832750	0.0973042	0.9619817	0.8467701	0.4518399	0.2647986	0.9509038	0.7609518	0.9640227	0.1936916	0.8289114	0.8554307	0.2805511	0.2646110	0.4668635	0.8290665	0.4728058	0.4361431	0.3565172	0.3646212	0.8371152	0.0394247	0.6365890	0.4146041	0.1223322	0.1117619	1.0178149
250	0.0504950	0.6338872	0.9470910	0.1067723	0.2997060	0.0688230	0.0429026	0.0216024	0.8951165	0.3553107	0.3701931	0.0755145	0.0106502	0.1033445	0.8355944	0.3015449	0.1381291	1.0977395	1.0330414	0.8144875	0.0640874	1.0614429	1.0251955	1.1094503	0.5326141	0.7487903	0.8215382	0.0384421	0.5545077	0.0347981	0.4104415	0.0795129	0.6321209	0.8378881	0.4431452	1.0211821	0.2270641	0.7706672	0.5927539	0.8822538	0.9805815	0.4185939	0.0662464	0.0757242	0.6585257	0.4015376	0.6288419	0.8436055	0.8233908	0.3242495	0.1686193	0.6085994	0.8420199	0.0001656	0.8595890	0.9280239	0.7154877	0.5021829	0.4406600	0.8558904	0.4361708	0.5787194	0.6725641	0.2950261	0.5378170	0.2672568	0.6547180	0.7158725	0.3793833	0.1076355	0.3648588	0.2267995	0.3330485	1.0033019	0.1230216	0.9578991	0.8172317	0.4460765	0.2702537	0.9171261	0.8513921	1.0503255	0.2238217	0.8201272	0.8924938	0.3403639	0.3417186	0.5348357	0.7745436	0.5016444	0.4997932	0.4121420	0.3406882	0.8387929	0.0349242	0.5141770	0.3917858	0.1411363	0.0912111	0.9831442
300	0.0606085	0.5881023	0.9982346	0.0977759	0.2667661	0.0679015	0.0223763	0.0318693	0.9273062	0.1741125	0.3851754	0.0877914	0.0026499	0.0887081	0.9246807	0.2846100	0.1273165	1.1212271	0.8965858	0.7838509	0.0546788	1.0844188	1.0964606	1.2083164	0.4813069	0.7150033	0.7002481	0.0417241	0.5139060	0.0307042	0.2914332	0.1005994	0.6662365	0.8310491	0.4278841	0.9042235	0.1906565	0.7441030	0.5934752	0.9177555	0.9438168	0.4321355	0.0609022	0.0607370	0.7368751	0.4663387	0.6191009	0.9535716	0.8462132	0.2978529	0.1680912	0.6024099	0.8663099	0.0023440	0.8286775	0.9213824	0.6940899	0.4601618	0.4806074	0.8925087	0.3692659	0.6087649	0.7640315	0.2436139	0.5352578	0.2179566	0.6081303	0.7917961	0.4251348	0.1103057	0.3794500	0.2990792	0.3948070	0.9485655	0.0910521	0.8845465	0.8682690	0.4241255	0.2539814	0.9890694	0.8290641	0.8270568	0.2195977	0.7728910	0.8002774	0.3126192	0.3306488	0.5109638	0.7022353	0.4313364	0.4985596	0.4023604	0.3225945	0.8916867	0.0395745	0.5613233	0.4761721	0.1961965	0.0677486	0.9464277
350	0.0617947	0.5954157	1.0417376	0.0895177	0.2149797	0.0807131	0.0163492	0.0390098	0.9314100	0.0955486	0.4691685	0.1035375	0.0068729	0.1201708	0.8460743	0.2874125	0.0874388	1.1002445	0.9119981	0.8371405	0.0520224	1.0894320	0.9744919	1.0848792	0.4820854	0.7600222	0.6259851	0.0589120	0.5080648	0.0233624	0.2869428	0.1209696	0.6583568	0.8454792	0.4645608	0.9044044	0.1585903	0.8223428	0.6210102	0.9087015	1.0033366	0.4149637	0.0872753	0.0583836	0.7731853	0.4280771	0.6643640	0.8745334	0.8544115	0.3064233	0.1574869	0.6123411	0.7738659	0.0043114	0.7570285	0.7629502	0.7197040	0.4863366	0.3687426	0.8994327	0.3127480	0.5397820	0.7894697	0.2603703	0.5652334	0.1952351	0.6169073	0.7875748	0.4849646	0.1162433	0.3462997	0.2064337	0.3987163	0.9935955	0.0903938	0.8541077	0.9197695	0.3668501	0.2214991	0.9172424	0.7778714	0.9558472	0.2104258	0.7323127	0.7789557	0.2934458	0.3387114	0.5461177	0.7840651	0.4495456	0.5799936	0.3762418	0.2912522	0.9201410	0.0144255	0.5675074	0.5073280	0.2605912	0.0708440	0.9372360
400	0.0522526	0.6414461	1.0096588	0.0783298	0.2063289	0.0805319	0.0241648	0.0407496	0.9955618	0.0771017	0.4095250	0.0649615	0.0039764	0.1144267	0.9074738	0.2505985	0.1245369	0.9724665	0.9261065	0.8889015	0.0563287	1.0186772	1.0349719	0.9501981	0.4666483	0.8154230	0.6553493	0.0721585	0.5680140	0.0172409	0.3630866	0.1314153	0.6172422	0.8190062	0.4807773	0.9624047	0.1799074	0.7544784	0.6681914	0.8707753	0.9653689	0.4216987	0.0794078	0.0430085	0.7445802	0.3598999	0.6577193	0.8255318	0.8684928	0.3347140	0.1414448	0.6475374	0.6150672	0.0033544	0.7090681	0.8185395	0.6219083	0.5006492	0.4951476	0.9214579	0.2852179	0.5193176	0.7255137	0.2112843	0.4989094	0.1661850	0.6525161	0.8025441	0.5039412	0.1763735	0.3391009	0.1506533	0.3812578	0.9298608	0.1131129	0.8974679	0.8937957	0.2024137	0.2186360	0.9545428	0.7938677	0.9368442	0.2449226	0.6777715	0.7812593	0.2585135	0.3738931	0.5741358	0.8607652	0.4050758	0.5431674	0.3332137	0.3144373	1.0346998	0.0125277	0.6692322	0.4222426	0.3021326	0.0684122	1.0162345
450	0.0522289	0.6545784	0.9209758	0.1189597	0.1813344	0.0668820	0.0206748	0.0388542	1.0251520	0.0611105	0.3969707	0.0596278	0.0088179	0.1387955	0.9067730	0.3255742	0.1459121	1.0197787	0.9364391	0.8263673	0.0440519	0.8928732	0.9415849	1.0047229	0.3594370	0.7449156	0.6916016	0.0594664	0.5352450	0.0300652	0.3900379	0.1196701	0.6249737	0.8035484	0.4892241	0.8608309	0.1800043	0.7252585	0.5625853	0.8623140	0.9891679	0.4009359	0.0673374	0.0396790	0.7477709	0.4117132	0.5978917	0.8967145	0.8317289	0.3309444	0.1773195	0.6416306	0.4623874	0.0019376	0.7973171	0.7898467	0.6524144	0.5190700	0.5474153	0.9438599	0.2464951	0.5737399	0.7476713	0.2072742	0.4121176	0.1808272	0.6401775	0.7953464	0.4810296	0.2136569	0.3473518	0.1923997	0.4671558	0.9694766	0.0907391	0.8805822	0.8838256	0.1987587	0.2062262	0.8532374	0.6981215	0.9791872	0.2262058	0.7156992	0.7804272	0.2476164	0.3911327	0.5127905	0.9894674	0.4038503	0.5064683	0.3435150	0.2950176	1.0434574	0.0197841	0.6867759	0.4311061	0.3303172	0.0625389	1.0477605
500	0.0468326	0.6562438	0.9651561	0.0960837	0.2588863	0.0971978	0.0340504	0.0253918	0.9866871	0.0737914	0.3992003	0.1005496	0.0283730	0.0990582	0.9237588	0.3831221	0.1532435	0.9013605	0.8585108	0.8570276	0.0754517	1.0194454	0.8916794	1.0059323	0.3526536	0.7355242	0.6591428	0.0628642	0.5776796	0.0306214	0.3612329	0.1077251	0.6928589	0.7738991	0.5034739	0.9354284	0.1694879	0.7661808	0.6393357	0.8967086	0.8705541	0.4113654	0.0914540	0.0663625	0.7457314	0.4621650	0.6851735	0.8446378	0.8934438	0.2525214	0.1967475	0.5939907	0.3344396	0.0007260	0.7325254	0.7999311	0.5993289	0.4885769	0.5053821	0.9321592	0.2292365	0.5328059	0.7740535	0.2367196	0.4710555	0.1739921	0.6572779	0.8431036	0.4477330	0.2305819	0.4227558	0.2081180	0.3907134	1.0227183	0.0821071	0.9433547	0.9060027	0.2449009	0.2407547	0.9000021	0.7678829	0.8813075	0.1958766	0.7658974	0.8093542	0.2642575	0.3987614	0.4373180	0.8964507	0.4614100	0.4313723	0.3422398	0.2879722	0.9173967	0.0115667	0.6845508	0.3692788	0.2985148	0.0611010	0.9484631
550	0.0423645	0.6003493	0.9418330	0.0610834	0.2118022	0.0666410	0.0297409	0.0189018	1.0009750	0.0523627	0.3651804	0.1253344	0.0264423	0.1199439	0.9003606	0.3790612	0.3691181	0.9289407	0.9201725	0.7747832	0.0696168	0.7844246	0.9464748	1.0193815	0.4376150	0.6502890	0.6560061	0.0807141	0.3516714	0.0343438	0.3190722	0.1163379	0.5977447	0.6908010	0.4790074	0.9045528	0.1562723	0.7395518	0.6169258	0.4945514	0.9976644	0.4256156	0.0823113	0.0456514	0.7313636	0.4381150	0.6401876	0.8347871	0.8879567	0.3271476	0.1675988	0.5137138	0.2979568	0.0020687	0.7503431	0.7041214	0.6420667	0.4541307	0.4491735	0.9100087	0.2189995	0.6067058	0.6908436	0.2472611	0.4105674	0.1733923	0.8529321	0.8042381	0.4156497	0.2255660	0.3692027	0.2380352	0.4825960	0.9307607	0.0773133	0.8282654	0.8910457	0.1891002	0.2533012	0.8111842	0.7053767	0.9286473	0.1945298	0.8085048	0.8747617	0.3053397	0.4210979	0.5370493	0.8172824	0.5041190	0.5030949	0.4212227	0.2990301	0.9181324	0.0259189	0.5932915	0.3645755	0.2766079	0.0682942	0.9695007
600	0.0354713	0.5257461	1.0435512	0.0651158	0.3092271	0.0298759	0.0352173	0.0324868	0.9843724	0.0396950	0.2347670	0.1146049	0.0147844	0.1032987	0.8652760	0.4291478	0.4793903	0.8870033	0.9142127	0.8267025	0.0474414	0.6694364	0.9419706	0.9991371	0.5286814	0.6323632	0.5889449	0.0824925	0.2361435	0.0606723	0.3853697	0.0829240	0.8659830	0.7476365	0.3966855	0.8867639	0.1839055	0.7065030	0.5896826	0.1583956	0.9007034	0.3306595	0.0920313	0.0425480	0.7829212	0.4873770	0.5751301	0.8547498	0.9389645	0.2702451	0.1418896	0.4390164	0.3007580	0.0023859	0.7984453	0.5973832	0.6689685	0.4626881	0.4555940	1.0584431	0.1837406	0.6241810	0.5342535	0.2542547	0.5113624	0.2554428	0.9886326	0.8885854	0.4037059	0.2086513	0.4277432	0.2788607	0.5679377	0.9269264	0.1261365	0.5305589	0.8882706	0.1736479	0.2055224	0.6497352	0.7743436	0.9565042	0.1714462	0.6862155	0.9195023	0.3889448	0.4929319	0.5523536	0.8276201	0.4939134	0.4871126	0.3925926	0.2974520	0.8835726	0.0394364	0.5458378	0.4022681	0.2139096	0.0542699	1.0902378
650	0.0306146	0.6083985	1.0207872	0.0967363	0.2849201	0.0168251	0.0286098	0.0292492	0.9688896	0.1103123	0.1366755	0.1135991	0.0170923	0.1162731	0.8529977	0.4620929	0.5139659	0.8836476	0.9558731	0.7663592	0.0416095	0.6444519	0.9573381	0.9504983	0.5228897	0.6310232	0.6534971	0.1349919	0.2084757	0.0447589	0.3949515	0.0665240	0.6141794	0.8037582	0.3962577	0.9178695	0.1926868	0.7112712	0.5031406	0.0512689	0.9015674	0.3962403	0.0923673	0.0752180	0.7467157	0.5507914	0.7176146	0.8383312	0.9097787	0.2913723	0.1319734	0.3405319	0.3138185	0.0045046	0.7982857	0.5534445	0.7389851	0.4780201	0.4549863	1.1150053	0.2804385	0.6339200	0.3876324	0.2604256	0.5135101	0.3781028	0.9592859	0.8004565	0.4203617	0.1815892	0.3102006	0.2524761	0.5147543	0.9345460	0.1976539	0.4315530	0.9390697	0.2077077	0.2617948	0.6196475	0.7630825	0.9872568	0.1363007	0.6313163	0.9139595	0.3329056	0.4345924	0.5611775	0.7017363	0.5054440	0.5127701	0.3611003	0.3642839	0.8252141	0.0305871	0.5821434	0.3056855	0.0819457	0.0793419	0.9731652
700	0.0308101	0.6121152	1.0190528	0.1133644	0.3412415	0.0113176	0.0185866	0.0120063	0.9952674	0.1732149	0.1076598	0.0801363	0.0062753	0.0931363	0.9731123	0.4414381	0.5116820	1.0019756	0.8796628	0.8114572	0.0787315	0.6028413	1.0259727	0.9772854	0.6086821	0.6748782	0.7855601	0.1223212	0.2698450	0.0344639	0.3601636	0.0867655	0.6104463	0.7846182	0.2915208	0.9419864	0.2199778	0.6528162	0.4276733	0.0214219	0.8872319	0.4724671	0.0809347	0.0537531	0.7215414	0.4163212	0.7512025	0.8950549	0.8313771	0.3102066	0.1437823	0.3265192	0.3547996	0.0002297	0.7765613	0.5473993	0.8253738	0.4286774	0.4093553	0.9964969	0.3874555	0.5624854	0.2768610	0.2452391	0.5244611	0.5205226	0.9949249	0.8540239	0.4432299	0.1174751	0.3725883	0.2309459	0.4796105	0.8493306	0.2438529	0.3940444	0.9331139	0.2138212	0.2724235	0.5882859	0.7709399	1.0124785	0.1259412	0.5637660	1.0521247	0.3125726	0.4369197	0.4707470	0.5978246	0.6997893	0.3885538	0.3252468	0.3319111	0.7638468	0.0475139	0.6299856	0.3062223	0.0466172	0.2062506	0.9498211
750	0.0195312	0.6397353	1.0728269	0.1181055	0.4329253	0.0010342	0.0222425	0.0201901	0.9446695	0.2498497	0.1192776	0.1025912	0.0002201	0.0931290	0.9602401	0.4130404	0.5652949	0.9931198	0.8739955	0.8320735	0.0888185	0.5939876	1.0461044	0.9704077	0.7124733	0.6351576	0.8376281	0.0972131	0.2377901	0.0369863	0.3506748	0.1019984	0.6332942	0.7796680	0.3187533	0.8326306	0.1895279	0.6741696	0.4006035	0.0154912	0.9042296	0.5023068	0.0449963	0.0518002	0.7995399	0.3783493	0.6959046	0.8986622	0.8615382	0.3589218	0.1551561	0.3360569	0.5089501	0.0003239	0.7613451	0.5873844	0.7601363	0.4005724	0.3551338	0.9158513	0.5645894	0.6096581	0.1917493	0.3412885	0.5244046	0.5136511	1.0608501	0.7658878	0.4430786	0.0787986	0.3560928	0.1477560	0.3341403	0.8405625	0.3016707	0.3255596	0.8784206	0.1933088	0.2381677	0.6043911	0.7995237	1.0111707	0.1279414	0.5999463	0.9607472	0.2964551	0.3904382	0.4504703	0.6562521	0.7577111	0.4478387	0.3175818	0.3938161	0.6423175	0.0724935	0.6020476	0.2375605	0.0374589	0.4159893	1.0452285
800	0.0152415	0.5670254	1.0376774	0.1027398	0.4406333	0.0010557	0.0112240	0.0173884	0.9754566	0.3348394	0.1206934	0.0903512	0.0006711	0.1006612	0.9605368	0.3520711	0.5180328	0.9581719	0.8679777	0.8051268	0.0790007	0.5833281	1.0457864	1.0615068	0.7595966	0.6709270	0.8086892	0.0592238	0.1878270	0.0412521	0.3944054	0.1085290	0.5769312	0.7905386	0.2951767	0.8570653	0.1381712	0.7616931	0.3624091	0.0122730	1.0299370	0.4247206	0.0633504	0.0585067	0.9145825	0.4001487	0.7108328	0.8137599	0.9338882	0.3007871	0.1331526	0.3365793	0.5902701	0.0020146	0.7263304	0.5028852	0.7704153	0.3375031	0.4208214	0.9448307	0.6655501	0.6054385	0.1950773	0.2910343	0.5391079	0.5055866	1.0323817	0.7871007	0.4741056	0.0892700	0.3517539	0.1160205	0.3367611	0.9072461	0.2681947	0.4189585	0.9606396	0.4226859	0.1957048	0.6002468	0.6805150	1.0223242	0.1260570	0.6185817	0.9518330	0.3662275	0.4178108	0.3783737	0.5722508	0.8857863	0.5853316	0.1990428	0.3513683	0.5866590	0.0745309	0.5802531	0.2611449	0.0367868	0.4754421	1.0889977
850	0.0148015	0.5241115	0.9224297	0.1128167	0.4013260	0.0000000	0.0351711	0.0266908	0.9635225	0.4311616	0.0862565	0.1042833	0.0044645	0.0700817	0.9852337	0.3639548	0.4935360	0.9912154	0.9557666	0.8310834	0.0526887	0.6572041	1.0531227	1.1344139	0.8665837	0.6790107	0.7274978	0.0827550	0.2249325	0.0229126	0.3309902	0.0795804	0.7105256	0.7905761	0.2849709	0.7563158	0.1500520	0.7511104	0.3553514	0.0183655	0.9792428	0.4549665	0.0709042	0.0621950	0.9228637	0.4282752	0.6219297	0.7539935	0.9004526	0.3273868	0.0964408	0.3089244	0.6560602	0.0024331	0.7824527	0.5442868	0.6604997	0.3012738	0.4911589	1.0146825	0.7433583	0.6345795	0.1354788	0.2624277	0.6333179	0.5299320	0.8412109	0.7453560	0.4590657	0.0643345	0.3385094	0.1385210	0.3234078	0.8773755	0.3166123	0.2969548	0.9193428	0.4020910	0.2396938	0.6746350	0.7859007	1.0092944	0.0908739	0.5503259	0.9785622	0.3842560	0.4016320	0.3962205	0.4915849	0.7452889	0.5349987	0.1476632	0.4098636	0.6749581	0.0760612	0.5599528	0.2068470	0.0378193	0.4894179	1.0166568
900	0.0227605	0.6424229	0.8962692	0.0962329	0.4073721	0.0005164	0.0290906	0.0291044	0.8611291	0.4446626	0.0909330	0.0899611	0.0034676	0.1059105	1.0177161	0.3669080	0.5253758	1.0113746	0.9770707	0.8468640	0.0586857	0.5624800	1.0061111	1.1558917	0.8822349	0.7221107	0.8759557	0.0799408	0.2519127	0.0233729	0.3494950	0.0707812	0.7233306	0.7781486	0.3222164	0.7695718	0.1814836	0.7319744	0.3367913	0.0120779	0.9783342	0.4250078	0.0453462	0.0553293	0.8821360	0.4652920	0.4994554	0.8118274	0.8591755	0.3132254	0.0933857	0.2904434	0.7518593	0.0002066	0.7105775	0.5500315	0.7862922	0.2907969	0.4990872	1.0151837	0.8184662	0.5440690	0.1132584	0.2511951	0.4974493	0.5131258	0.8872815	0.6494278	0.4487450	0.0531380	0.3916213	0.1927791	0.3120670	0.8239456	0.2460461	0.2992242	0.8652893	0.4422362	0.2247950	0.5693167	0.7913014	0.9918428	0.0849422	0.6145059	1.0501123	0.3509822	0.3777588	0.4494000	0.5373406	0.7568424	0.5716199	0.1466220	0.4041292	0.5544526	0.0804899	0.6621110	0.2169608	0.0296212	0.5658343	1.0001027
950	0.0143993	0.4976305	0.9205541	0.0714245	0.4383985	0.0002409	0.0459172	0.0218132	0.7920537	0.4223078	0.0682279	0.0945714	0.0049327	0.0869428	0.9311654	0.3341852	0.4353133	0.9953410	0.9083791	0.8718097	0.0366296	0.5822375	1.0642288	1.0064862	0.8207666	0.6490528	0.8631834	0.1172186	0.2275222	0.0281307	0.3735417	0.0821264	0.7079832	0.7728139	0.3263088	0.7412040	0.3009653	0.7554720	0.3272971	0.0113412	0.9359972	0.4977729	0.0443448	0.0222897	0.7404762	0.5811992	0.5496523	0.7677356	0.8723065	0.3585159	0.0679876	0.2905519	0.8706631	0.0028966	0.7765620	0.5013615	0.7868215	0.3272523	0.4856037	0.9592540	0.8513436	0.4615391	0.1015546	0.2095403	0.5226962	0.5140782	0.9643908	0.7318174	0.4186043	0.0697743	0.4061179	0.1450734	0.2755202	0.8854890	0.3371285	0.3749341	0.9388002	0.5245413	0.2737739	0.5888888	0.8183936	1.0706156	0.0828045	0.6026995	1.0889192	0.3585573	0.3618641	0.4944547	0.5555375	0.7915729	0.5837473	0.1021583	0.4135169	0.5479941	0.1262344	0.6211061	0.2082399	0.0237996	0.5153981	0.9866403
1000	0.0079328	0.5872006	1.0772953	0.0854683	0.4936356	0.0003725	0.0273657	0.0167877	0.7939559	0.3927290	0.0700966	0.0869114	0.0030917	0.0915036	0.9757314	0.3650428	0.4711365	0.9999333	0.9820495	0.9222176	0.0489599	0.6099717	1.0489552	0.9384570	0.8743136	0.7003204	0.9309696	0.1162267	0.2394874	0.0472200	0.4044498	0.0572994	0.7181140	0.8534210	0.3256173	0.7490003	0.3499402	0.7104429	0.3559783	0.0193281	0.9553870	0.5140716	0.0566237	0.0571087	0.6805558	0.7057992	0.4366448	0.7862186	0.8606928	0.3364805	0.0981969	0.2552084	0.8936763	0.0015771	0.7639763	0.5050884	0.7853715	0.2818405	0.4785866	0.9350444	0.8461467	0.5962182	0.0587437	0.2603795	0.4821384	0.5112452	1.0213338	0.7117440	0.4130875	0.0649825	0.4188258	0.2247496	0.2518885	0.8564330	0.3424166	0.4729108	0.9360496	0.6236274	0.2877169	0.5765958	0.7569401	1.0035189	0.0785436	0.6321994	1.0794167	0.2665511	0.3416117	0.6027731	0.4740821	0.8395698	0.4724945	0.1113868	0.3975304	0.6320312	0.1299720	0.6886592	0.1920948	0.0347968	0.5916858	0.8912803

0	0.0094491	0.6355617	1.0459758	0.0876986	0.4170952	0.0015965	0.0357302	0.0201856	0.7842026	0.5482911	0.1482550	0.1067167	0.0074763	0.0795139	0.9263252	0.4386615	0.5117037	1.0187251	0.9869150	0.9112762	0.0675828	0.6396705	0.9879649	0.9056811	1.0249936	0.8053086	0.8415975	0.0956169	0.2807776	0.0361236	0.3476186	0.0945586	0.7647381	0.8073502	0.2691465	0.9854445	0.2644993	0.7761342	0.3511720	0.0142404	0.9503393	0.3956488	0.0912837	0.0721673	0.8039584	0.5632487	0.5721011	0.9104100	0.8750489	0.3877912	0.0490860	0.3690556	1.0040851	0.0016799	0.7496314	0.4296180	0.7445798	0.3138374	0.4763448	0.9977159	0.8917758	0.5763065	0.2317245	0.3844034	0.5377636	0.4876338	1.0898320	0.8135737	0.5024926	0.0491368	0.3912071	0.2335426	0.3169327	0.9297559	0.3112694	0.3637340	0.9584119	0.1589398	0.2670455	0.6498318	0.7931145	1.0351174	0.1402507	0.6535788	1.0095359	0.4184859	0.2245238	0.5131035	0.6073464	0.7854143	0.4606182	0.1309775	0.4648780	0.5528648	0.0723851	0.5781484	0.2784400	0.0363961	0.5378107	0.9932421
50	0.0165359	0.6776645	0.9919562	0.1725182	0.3820397	0.1537988	0.0421510	0.3172778	0.6180638	0.6007526	0.1013086	0.0722170	0.0035768	0.1202134	0.7227012	0.3588842	0.4486559	1.0503074	0.9690225	0.6650969	0.0962332	0.6900184	0.9607705	0.9823239	0.6741400	0.6443024	0.9660892	0.1103567	0.4509243	0.0497829	0.3679922	0.0726594	0.6419947	0.7494788	0.3087000	0.8856301	0.2522249	0.7496476	0.3397783	0.0353975	0.9970088	0.4248521	0.4032533	0.0876409	0.7028021	0.4875295	0.6574515	0.8774920	0.9436631	0.5300780	0.1186512	0.4138607	0.9863509	0.0038839	0.7855432	0.5162351	0.8676562	0.2832670	0.4452789	0.9077057	0.7637129	0.5839517	0.3324525	0.1909699	0.6658211	0.4727510	0.9998075	0.7033917	0.4330072	0.2219681	0.3353061	0.2187971	0.2839705	0.9924477	0.3094538	0.5022487	0.9306664	0.1106318	0.4198454	0.5100507	0.7494862	0.9237037	0.1246735	0.6766516	1.0633918	0.3632358	0.3053961	0.4267494	0.5614492	0.7569480	0.7065192	0.2887502	0.4325702	0.6021434	0.1458331	0.5847373	0.3269759	0.0058393	0.5482134	0.9995170
100	0.0504696	0.7013852	1.0158690	0.2242136	0.1579010	0.2845191	0.1239162	0.6516930	0.5567745	0.6637495	0.1522466	0.0820458	0.0350010	0.0439140	0.5347922	0.3081581	0.4553361	1.0101568	1.1070540	0.4292061	0.0791299	0.6546547	0.8870118	0.9435919	0.4082391	0.7070074	0.9129068	0.1117830	0.5398353	0.0450686	0.3793970	0.0538240	0.7204877	0.8093063	0.2776633	0.8115620	0.2647588	0.7566677	0.3812799	0.3938679	0.9905161	0.3887523	0.6890184	0.0894432	0.5553014	0.3603817	0.5890294	0.7961586	0.9656635	0.7537573	0.1095995	0.3297347	0.9155989	0.0042539	0.6821684	0.5964022	0.8228859	0.3777158	0.4824557	0.8775608	0.6935488	0.5418718	0.3320036	0.1468231	0.7329738	0.3657864	1.0858153	0.7976869	0.6173829	0.3606613	0.3262146	0.2308136	0.2926226	0.9816404	0.2734242	0.6477274	0.9543388	0.1490703	0.5812502	0.3979273	0.7739429	0.9199138	0.1122885	0.7053775	1.0609089	0.4166534	0.2722993	0.4285582	0.4252283	0.7986824	0.7480859	0.4795457	0.4459201	0.7039780	0.2582216	0.5627790	0.5111463	0.0152512	0.4669977	0.8771924
150	0.0562902	0.6668189	0.9659849	0.3384396	0.0715941	0.3746401	0.1436893	0.8898772	0.5419946	0.5976552	0.1271288	0.1032465	0.1012022	0.0838474	0.4633399	0.3865795	0.4895173	0.9887894	1.0268978	0.2432797	0.0475363	0.6727021	1.0214500	0.9935281	0.1997072	0.7016264	0.9652202	0.0868995	0.5145646	0.0363591	0.3906958	0.0360180	0.6713573	0.8631829	0.2495519	0.8028332	0.1777247	0.6950232	0.3561437	0.7762538	0.9506668	0.2731275	0.8921032	0.0881401	0.4903444	0.4213556	0.6437296	0.9259621	0.8101342	0.8756161	0.1223392	0.3171099	0.9576806	0.0053413	0.7517501	0.5677445	0.7685477	0.4284466	0.4024158	0.9683713	0.6028630	0.4362048	0.4489545	0.1593113	0.8448544	0.1309768	0.9054481	0.6823900	0.7657127	0.4914432	0.3641598	0.2292118	0.3169752	0.9916631	0.2441695	0.6107931	0.9364503	0.0755996	0.6826655	0.3608202	0.8191081	0.7005107	0.1091389	0.6587220	0.9562414	0.4019371	0.2230654	0.3864483	0.5084631	0.9020601	0.8882020	0.6405809	0.4780262	0.6816138	0.3852873	0.5384610	0.6894471	0.0478478	0.2848481	0.9436073
200	0.0618563	0.6240499	0.9596912	0.3560422	0.0227573	0.3786658	0.1373328	0.8959231	0.5406296	0.5851947	0.1678456	0.0973301	0.1428923	0.0942981	0.4459124	0.4055056	0.4584067	0.9462141	0.9784754	0.1482540	0.0788277	0.5907868	1.0504084	1.0012158	0.1556357	0.9085625	0.7921157	0.0316642	0.5120608	0.0371496	0.3413459	0.0552510	0.5797002	0.8879072	0.3159792	0.8849140	0.1022588	0.6876350	0.3322166	0.8841915	0.7737011	0.2495990	0.8946507	0.0766286	0.4911063	0.4390039	0.7345491	0.8092909	0.8381171	0.8658002	0.1765256	0.2627735	0.9358511	0.0000270	0.7519407	0.5637522	0.8365846	0.5421272	0.3375669	0.9724020	0.4573679	0.3691672	0.4932652	0.1740124	0.8203272	0.0577611	0.8852951	0.5942375	0.6252739	0.6213684	0.4027579	0.2601921	0.3718582	0.9193859	0.2930291	0.7273303	0.9065460	0.0972216	0.8038854	0.3077346	0.8122383	0.6682965	0.1209488	0.6393912	0.9755444	0.4960090	0.1634831	0.3430655	0.5428563	0.9086929	0.9558002	0.7428262	0.6113049	0.6354249	0.5252896	0.5549164	0.7582809	0.0861177	0.1890313	0.8670537
250	0.0523900	0.6221913	0.8973663	0.4152729	0.0334599	0.3892095	0.1380389	0.9617355	0.5571569	0.4712101	0.1982703	0.1306089	0.1163276	0.1138012	0.4635602	0.4961167	0.5923925	0.9497217	0.9572003	0.0926099	0.0843167	0.6677595	1.0215555	0.9767559	0.0904022	0.9530806	0.7059601	0.0352911	0.5551732	0.0408780	0.3325829	0.1016304	0.5397359	0.7448734	0.3169510	0.8098168	0.0871229	0.7256465	0.3357393	0.9368249	0.6392824	0.3009751	0.9309673	0.0528210	0.4059610	0.3266062	0.6847947	0.8231304	0.9432299	0.9097216	0.2345737	0.2357353	0.8537686	0.0090010	0.7113873	0.5410407	0.7800929	0.5751849	0.4493764	1.0076024	0.3508342	0.3079067	0.4725942	0.2171403	0.7544920	0.0225562	0.7991341	0.5169806	0.5144829	0.8138718	0.4257584	0.2763802	0.3958711	0.9237273	0.2972780	0.7214639	0.8536819	0.0880404	0.7796595	0.3011030	0.8895381	0.6382103	0.1333734	0.5704274	0.9878941	0.4698871	0.1695615	0.2938232	0.4743925	0.8631186	0.9746470	0.8559228	0.6732642	0.7541111	0.5456439	0.5517714	0.7572913	0.1770239	0.1928495	0.9437853
300	0.0616750	0.6137705	0.8827976	0.4691014	0.0165853	0.3881879	0.1330608	0.9307262	0.5949032	0.4998847	0.2030494	0.1208285	0.1359046	0.1072894	0.5139603	0.4950837	0.5415517	0.9076919	0.9923648	0.0814645	0.0869949	0.7020625	1.0270433	1.0137800	0.0895901	1.0443717	0.6427982	0.0376924	0.4507073	0.0263292	0.3472553	0.1430925	0.5232068	0.7111192	0.3144914	0.7021966	0.0738818	0.6994727	0.2695236	1.0387421	0.6091600	0.3033722	1.0256516	0.0552811	0.3710590	0.4069064	0.7893918	0.8160167	0.8870543	0.9157031	0.2918487	0.2731208	0.8186168	0.0025122	0.6571989	0.5025537	0.7577709	0.6664732	0.4166448	0.9347696	0.2330525	0.2968801	0.4359136	0.2584814	0.7885363	0.0113800	0.8746060	0.4616486	0.4233688	0.8957246	0.4550808	0.2951021	0.4087549	0.9834797	0.1994463	0.6080813	0.9205710	0.0960872	0.7577648	0.2505341	0.8193543	0.7058336	0.1117556	0.5143975	0.9638258	0.4335419	0.1366801	0.2173325	0.5431840	0.8438652	0.9508804	0.7941195	0.6915257	0.7330675	0.6613198	0.5499278	0.6715629	0.2015944	0.1956820	0.9575504
350	0.0494711	0.5512496	0.8088464	0.4983561	0.0227907	0.3968897	0.1531406	0.9476177	0.5587985	0.5214408	0.2795002	0.1121308	0.1374480	0.1163277	0.4914709	0.5305320	0.4873000	0.9590318	0.9460868	0.0796575	0.0703156	0.8133116	0.9944501	1.0226734	0.0862636	0.9450377	0.6034870	0.0265438	0.3831598	0.0212270	0.3700760	0.2335834	0.5330065	0.6424001	0.2757548	0.8516972	0.0651817	0.6954719	0.3187420	1.0133467	0.6242605	0.3041301	0.9705979	0.0663816	0.3907624	0.3934824	0.6662619	0.7990840	0.9489110	0.9055633	0.4051189	0.2747264	0.7431726	0.0013411	0.6767497	0.3892643	0.8240546	0.7523003	0.4301202	0.9502737	0.2503801	0.2176842	0.4316332	0.3160628	0.8224811	0.0105891	0.8161363	0.4675536	0.4407165	0.8490783	0.5129379	0.2820695	0.4313567	1.0433365	0.1758855	0.6088103	0.8534488	0.1090952	0.8146177	0.2672354	0.9279778	0.7341873	0.1024359	0.4574990	0.9130568	0.4527239	0.1224163	0.1376127	0.6501462	0.8729029	0.8901234	0.8657952	0.6582199	0.6343217	0.6241739	0.5211589	0.5966315	0.2196315	0.1415109	1.0193063
400	0.0455245	0.5221753	0.8161784	0.5858684	0.0207096	0.4458876	0.1888587	0.8268539	0.5985423	0.5246261	0.3306967	0.0893364	0.1285130	0.0962354	0.5140849	0.4516338	0.4948742	1.0309390	0.9442253	0.0472128	0.1022134	0.8741297	1.0746989	1.0299766	0.0823135	1.1365960	0.6013312	0.0306739	0.4179749	0.0481119	0.3415890	0.2509414	0.5538433	0.7346542	0.2884723	0.8159757	0.0196678	0.6500741	0.3199996	1.0371933	0.6332581	0.2614113	1.0285658	0.0371321	0.3370418	0.3849666	0.6775392	0.7659188	0.9466069	1.0029490	0.4124917	0.3873826	0.5916739	0.0030621	0.6649218	0.3194662	0.7474762	0.7634716	0.5008729	0.9639758	0.2029125	0.1577566	0.4239624	0.3227773	0.7923603	0.0025710	0.7518316	0.3799280	0.4705414	0.8340131	0.4728560	0.2800192	0.4878349	1.0135117	0.1607507	0.5534358	0.8265225	0.1069030	0.8314654	0.2086683	0.8851464	0.6792512	0.1455462	0.4383562	0.8493077	0.5444623	0.0914069	0.1219519	0.6622853	0.8085821	0.9322297	0.9045141	0.6870370	0.6957451	0.5587534	0.5643606	0.5565353	0.2211063	0.1658963	0.9191998
450	0.0437585	0.6259197	0.8497263	0.6581138	0.0261597	0.4479061	0.1648557	0.8752170	0.4989384	0.6200858	0.2896685	0.0844343	0.2019002	0.0866547	0.5143428	0.4835721	0.4152783	1.0787570	1.0366147	0.0409820	0.0869028	0.6877166	1.0373269	1.0329032	0.0866932	0.9916451	0.6073177	0.0252171	0.4200888	0.0368539	0.3245350	0.2884776	0.5073958	0.7709523	0.2890364	0.7812727	0.0425678	0.7547981	0.3649890	0.9484428	0.6491655	0.2761380	0.9683870	0.0372050	0.4235299	0.4464926	0.6035501	0.7670236	0.8786806	1.1476072	0.4519086	0.3857148	0.5365650	0.0085817	0.7319810	0.1708075	0.7488760	0.7736125	0.4679892	1.0617124	0.1550146	0.1425855	0.5284132	0.3053703	0.8849845	0.0017565	0.8171306	0.4773744	0.3953227	0.8539912	0.4366996	0.2503611	0.4301189	0.9210123	0.1588072	0.5123467	0.8451322	0.1395752	0.8670025	0.2278287	0.8852103	0.6887010	0.1526264	0.4895837	0.9386699	0.5653684	0.0946298	0.1507593	0.6076136	0.7975483	0.9480148	0.8658193	0.6845454	0.6117996	0.5300194	0.5600570	0.5993053	0.1622679	0.1431299	1.0589594
500	0.0647926	0.6146055	0.7551762	0.6399843	0.0144628	0.4276422	0.1308498	0.9007156	0.4711960	0.6103230	0.2625678	0.1076325	0.1527218	0.0963122	0.3698905	0.5053142	0.3758592	1.1023420	0.9648243	0.0470160	0.0696465	0.7478829	0.9778184	0.9444040	0.0642420	0.9602920	0.6983474	0.0262658	0.4911621	0.0339602	0.3695956	0.3000967	0.5310281	0.7864202	0.3092298	0.8443758	0.0791425	0.6944213	0.3696779	1.0143209	0.6899193	0.3564507	0.9060365	0.0469870	0.4531433	0.4887027	0.5512125	0.7707232	0.8664574	1.0645984	0.4488949	0.3401213	0.5559176	0.0028922	0.7678422	0.1335217	0.8118613	0.6965292	0.4072718	1.0349371	0.1775032	0.1258288	0.5108009	0.3944385	0.8765372	0.0033226	0.8486393	0.4186450	0.4113632	0.8392713	0.4632009	0.2294419	0.4364154	0.9045155	0.1453916	0.5615997	0.9367309	0.1830857	0.8411355	0.2320199	0.8656265	0.6521189	0.1502115	0.5124321	0.9339147	0.5436969	0.0869275	0.1156789	0.6996726	0.7658009	0.9273243	0.9014864	0.6587531	0.6430322	0.5786258	0.5778923	0.5744347	0.1576558	0.1481270	1.0159775
550	0.0461531	0.5993429	0.8109663	0.5788192	0.0322291	0.3422794	0.1938659	0.5769378	0.5883501	0.4325405	0.1902597	0.1168203	0.1782034	0.1286718	0.6084328	0.5207959	0.3827908	1.0063128	0.9715667	0.2297998	0.0769151	0.7878331	0.9937600	1.0019884	0.3489993	0.9850274	0.6188175	0.0330216	0.2848582	0.0312704	0.3957057	0.2760143	0.5685450	0.7621770	0.3135157	0.8505655	0.1430382	0.7306037	0.3426640	1.0511145	0.7083036	0.3416227	0.7592101	0.0308767	0.5380627	0.5722616	0.5576458	0.7566816	0.8656371	0.8232983	0.4420434	0.2986164	0.6868826	0.0007845	0.7040293	0.1136386	0.6600678	0.6572425	0.3907108	0.9889162	0.1960561	0.1288590	0.5034762	0.3836639	0.7901742	0.0029815	0.8091318	0.4261899	0.4254224	0.6286810	0.4905391	0.2208011	0.4825764	0.8898062	0.1411918	0.5458187	0.8728234	0.1769694	0.6156754	0.3222313	0.8424801	0.7402611	0.1651740	0.6110042	0.8276224	0.5421602	0.0966058	0.1754523	0.7631023	0.7860174	0.6407687	0.7871246	0.6739013	0.6059255	0.5627853	0.4695571	0.5370417	0.1447096	0.1205609	1.0056801
600	0.0226245	0.5904096	0.7832524	0.5072658	0.0352143	0.1755500	0.1454481	0.2772234	0.6738952	0.2271113	0.2063012	0.0730229	0.1511307	0.1153387	0.8930282	0.5253158	0.4269720	1.0026512	0.9433480	0.5040242	0.0697143	0.7221316	1.1095957	1.0097389	0.6734826	0.9596638	0.4826433	0.0414909	0.1598677	0.0359967	0.3779550	0.2393748	0.4707563	0.7892705	0.3576077	0.8200308	0.1911362	0.6983141	0.3856674	0.8662225	0.8305723	0.3326510	0.4603198	0.0375904	0.5542583	0.4897682	0.5739436	0.8008975	0.8435084	0.4759379	0.3867330	0.3694603	0.5625897	0.0020454	0.7089538	0.1072404	0.7181070	0.5984010	0.4372968	0.9749839	0.2141876	0.1410588	0.4559411	0.4849324	0.7029369	0.0176778	0.9035838	0.4665915	0.4381628	0.5502973	0.4509676	0.2388979	0.5851631	0.9210132	0.1496491	0.4259786	0.8443667	0.1560762	0.4482983	0.4096078	0.7466067	0.7215758	0.1681941	0.6595421	0.7700589	0.4945804	0.1222175	0.1658465	0.7292155	0.7070218	0.5263711	0.6120113	0.6525025	0.5045435	0.5705316	0.5462660	0.4244087	0.1745378	0.0773964	1.0276830
650	0.0106979	0.5955166	0.8665671	0.4447278	0.0747632	0.0930453	0.0991850	0.1798492	0.8292072	0.2910843	0.1775388	0.1014817	0.1113771	0.1188345	0.8601647	0.5131887	0.4839512	0.9896818	0.9276908	0.5919549	0.0848378	0.6520444	1.0944428	1.0806434	0.6239372	0.9737119	0.5296192	0.0699718	0.0932307	0.0273972	0.4308964	0.2586640	0.5005714	0.8798337	0.4084678	0.8594999	0.2117932	0.7224652	0.3681607	0.4958156	0.9169508	0.4030750	0.2405879	0.0595354	0.6131894	0.5102819	0.5142090	0.8708917	0.8601871	0.2730668	0.2985952	0.3695792	0.5376820	0.0003781	0.8141148	0.1606747	0.7875157	0.5640436	0.4740313	0.9230041	0.2676159	0.2339838	0.5264900	0.4710996	0.6209954	0.1293128	1.0391955	0.4806479	0.4105476	0.5017754	0.4130113	0.2710828	0.7067789	0.8726615	0.1296326	0.2500307	0.8674147	0.1328420	0.3363962	0.4511320	0.8491252	0.9010178	0.1351278	0.6308274	0.9146031	0.4265711	0.2158468	0.1901692	0.6489723	0.7553936	0.4407221	0.5143076	0.5869348	0.5295979	0.5814672	0.5058344	0.4196964	0.1156933	0.0771877	1.0439644
700	0.0137936	0.5383535	0.9027602	0.3167250	0.1643938	0.0583967	0.0720363	0.1111741	0.9164008	0.4055526	0.1562649	0.1119904	0.0509995	0.1196438	0.8958906	0.4521031	0.4570156	0.9339421	0.9779803	0.7540099	0.0804136	0.7039810	1.0606932	1.0596431	0.5795762	0.8793902	0.6252470	0.0775569	0.1089079	0.0155521	0.4462666	0.2489113	0.4876434	0.8745640	0.3824279	0.8597467	0.2494481	0.6422622	0.4452988	0.1904377	0.9085387	0.5110085	0.1474603	0.0653362	0.6507994	0.4631226	0.5006499	0.8307220	0.8682101	0.2495086	0.2194070	0.4944470	0.6095737	0.0006369	0.7958339	0.1439687	0.7520339	0.5724134	0.4478384	0.9837904	0.3566572	0.3022227	0.4481413	0.4440470	0.5474240	0.3007040	0.8831742	0.6649323	0.3852460	0.4403178	0.4382349	0.3023914	0.7074285	0.9058669	0.1645968	0.1715641	0.9741219	0.1293453	0.3462396	0.5289018	0.8094784	1.0272242	0.1401992	0.5739078	0.8926380	0.3963080	0.2960604	0.2902441	0.6561768	0.7634668	0.5628312	0.4279919	0.4454072	0.6828707	0.5162646	0.5986910	0.3041402	0.0632130	0.0519312	1.1216973
750	0.0146598	0.5836364	1.0007108	0.1399907	0.2391175	0.0283080	0.0641984	0.0518562	0.8373115	0.4369689	0.1770555	0.1156159	0.0350116	0.0922101	0.8574354	0.4859523	0.5578504	0.9827545	0.9624489	0.7420720	0.0804416	0.6511315	1.0210529	0.9505183	0.6026402	0.8288035	0.7306285	0.0894775	0.1389463	0.0315119	0.3223756	0.2282121	0.5155220	0.8300703	0.3361038	0.8798419	0.2553875	0.6082960	0.4370700	0.0716689	0.9513963	0.4728170	0.1031181	0.0618793	0.8259544	0.5497675	0.5503766	0.8197727	0.7511357	0.2760579	0.1694962	0.4818817	0.7093231	0.0000000	0.7410474	0.1518445	0.7217648	0.4814020	0.5152090	1.0062846	0.3956788	0.3920399	0.4050358	0.4195748	0.5369984	0.3714037	0.9395274	0.7216369	0.4156727	0.2222056	0.4297375	0.2897382	0.6134915	0.9852935	0.1780501	0.2088639	0.9876416	0.1398660	0.2208431	0.5688391	0.7982597	1.0221046	0.1304311	0.4406352	0.9193725	0.4279367	0.4067664	0.3489095	0.5798320	0.7024921	0.4932211	0.3988954	0.4174286	0.7196463	0.4673252	0.5967296	0.2343821	0.0405178	0.0531398	1.0905649
800	0.0216221	0.5862757	0.9464079	0.1177232	0.3278064	0.0062860	0.0428661	0.0505512	0.8548533	0.3859192	0.1751284	0.0785209	0.0134185	0.0877400	0.8402651	0.5053648	0.5484188	0.9929380	0.8910021	0.7806773	0.0372538	0.6026064	1.0032177	1.0346727	0.7568026	0.6589171	0.7935754	0.0987633	0.2117040	0.0454904	0.4109161	0.1667401	0.5614964	0.7662108	0.2604891	0.9065738	0.3047505	0.6714900	0.3287483	0.0410148	0.9176878	0.4817096	0.0769629	0.0625460	0.7634684	0.5224045	0.5841763	0.8562179	0.7456620	0.2370650	0.1684523	0.4169902	0.7188584	0.0000905	0.7044815	0.2528601	0.7765292	0.3917144	0.4688521	0.9554418	0.4454403	0.5315771	0.3747456	0.3337091	0.5253883	0.4431776	1.0139468	0.7829413	0.4207374	0.1522304	0.4164829	0.2355599	0.5148601	1.0415953	0.1747626	0.2116431	1.0314960	0.1470034	0.2400806	0.6404478	0.6955263	0.9905992	0.1581009	0.5164644	0.9995096	0.3513307	0.4204106	0.3631188	0.6363369	0.6629486	0.5147862	0.3926534	0.3538406	0.6311582	0.3047984	0.5707882	0.2040481	0.0390421	0.1203534	0.9799853
850	0.0095835	0.6386674	1.0150440	0.1292320	0.4034334	0.0015717	0.0183058	0.0438061	0.9355962	0.4324555	0.1300561	0.0772896	0.0088780	0.0925970	0.7079577	0.4776451	0.4697506	1.0107905	0.8499808	0.8445156	0.0427549	0.6099058	1.0378738	0.9271183	0.7937829	0.7098991	0.8793757	0.0610176	0.2975425	0.0599305	0.3499623	0.1531445	0.5995199	0.7068905	0.2926558	0.8568222	0.2918276	0.7355251	0.3095495	0.0404767	0.8579873	0.4108420	0.0840347	0.0742590	0.8026452	0.4419593	0.6324254	0.8692165	0.8277791	0.2236023	0.1213251	0.3756266	0.8468909	0.0022378	0.7384158	0.2649357	0.7198774	0.3317007	0.4889717	0.8598842	0.5459509	0.5989715	0.3092304	0.2713223	0.4878382	0.4936638	1.1015226	0.7376543	0.4439654	0.0936021	0.4200916	0.2525378	0.3943338	0.9552907	0.2068134	0.2745806	1.0178626	0.1642697	0.2723941	0.6929215	0.7629795	0.9419593	0.1198307	0.5871690	0.9149848	0.3276883	0.3992775	0.4504438	0.6947110	0.6551455	0.5714489	0.3659584	0.4231137	0.5925146	0.1941337	0.5705292	0.2243303	0.0143884	0.2612781	0.9213646
900	0.0092067	0.6128560	1.0292688	0.1151499	0.4448159	0.0007761	0.0330088	0.0304570	0.8621936	0.4170751	0.1029837	0.1092268	0.0039987	0.1071691	0.8570537	0.4779207	0.5049071	1.0950193	0.8269621	0.8304975	0.0694149	0.6413916	1.0519187	0.9711542	0.7661161	0.7160843	0.8923822	0.1294333	0.3251287	0.0420561	0.3356437	0.1808170	0.6041479	0.7074418	0.2452015	0.9089999	0.2265576	0.6877978	0.4223625	0.0221831	0.9062989	0.4535094	0.0609998	0.0591033	0.7919858	0.4729252	0.6134293	0.8457416	0.7973753	0.2109923	0.1180584	0.3200767	0.8480470	0.0056140	0.8165617	0.3806162	0.7695469	0.2820409	0.4649838	0.8844261	0.6488045	0.5873683	0.3476272	0.2754374	0.4986907	0.5081163	1.0632969	0.7495319	0.4074326	0.0795703	0.3947906	0.1639528	0.3452354	0.8347352	0.2431104	0.4625206	1.0325864	0.2264689	0.2390205	0.6805464	0.7465180	1.0505683	0.0875145	0.6587107	0.8674188	0.3286050	0.3501544	0.4106758	0.6279292	0.7154405	0.5781725	0.3561361	0.3929370	0.6221563	0.1478144	0.6170642	0.2180896	0.0062940	0.3579133	0.9582176
950	0.0135881	0.5397400	1.0802131	0.1182101	0.5158091	0.0015451	0.0295793	0.0131975	0.7831972	0.3896584	0.0999871	0.0896998	0.0052031	0.0925147	0.9043888	0.3973634	0.4522410	0.9364003	0.8664859	0.8315665	0.0744667	0.5843847	1.0405804	0.9826285	0.8461061	0.6659059	0.8847461	0.1371642	0.3085197	0.0227568	0.3100248	0.1628560	0.6405192	0.7991394	0.2666993	0.8369189	0.2236304	0.7073411	0.3745646	0.0223433	0.9894682	0.4476325	0.0931192	0.0452119	0.7407693	0.4742442	0.6390738	0.8625181	0.7769783	0.2759978	0.0916090	0.3572072	0.8489562	0.0043762	0.8000452	0.3917884	0.8430419	0.2362273	0.4763908	0.9284038	0.7077523	0.6067869	0.1824899	0.2754113	0.4893939	0.5225117	1.0783071	0.6866590	0.4007359	0.0711242	0.3264614	0.1764648	0.2702668	0.9180420	0.2444006	0.5520204	0.9369954	0.3174533	0.2943221	0.6526299	0.7515475	1.0638191	0.0683243	0.7243494	0.9165509	0.3224563	0.3206742	0.5417589	0.5943215	0.7298675	0.5906180	0.3020577	0.4735857	0.5700736	0.1354057	0.6709715	0.1843718	0.0164901	0.4852999	1.0334556
1000	0.0133700	0.6563494	1.0458260	0.1094518	0.4861175	0.0007995	0.0323516	0.0131788	0.7621859	0.3660821	0.1037572	0.0869290	0.0012820	0.0999670	0.8555525	0.3360981	0.5422237	0.9697011	0.9503187	0.9006702	0.0698036	0.6080253	0.9915109	0.9919545	0.9208131	0.7744640	0.9622817	0.1254618	0.2430613	0.0242695	0.2959811	0.1034630	0.6679584	0.7827492	0.2585598	0.8836294	0.2099646	0.7175217	0.3426394	0.0225224	0.9870633	0.4491109	0.0725556	0.0453339	0.7528161	0.4862134	0.6167105	0.8582790	0.7211897	0.3193508	0.0940621	0.3944438	0.9822830	0.0002125	0.7249050	0.3834732	0.9327408	0.2460275	0.4830167	0.8679796	0.6527494	0.5972830	0.1564183	0.2989681	0.5625941	0.5010765	1.1043800	0.6443057	0.4741637	0.0502493	0.3062419	0.2084962	0.2541362	0.9355956	0.3211738	0.4658319	0.9622387	0.2373727	0.2541989	0.6298848	0.8303127	0.9567262	0.0706310	0.6759036	0.9225253	0.3854137	0.2739310	0.5359620	0.4520534	0.7519547	0.5243041	0.1907852	0.4578373	0.5947081	0.1531079	0.6202446	0.2317291	0.0210609	0.5614218	1.0132406

0	0.0094491	0.6355617	1.0459758	0.0876986	0.4170952	0.0015965	0.0357302	0.0201856	0.7842026	0.5482911	0.1482550	0.1067167	0.0074763	0.0795139	0.9263252	0.4386615	0.5117037	1.0187251	0.9869150	0.9112762	0.0675828	0.6396705	0.9879649	0.9056811	1.0249936	0.8053086	0.8415975	0.0956169	0.2807776	0.0361236	0.3476186	0.0945586	0.7647381	0.8073502	0.2691465	0.9854445	0.2644993	0.7761342	0.3511720	0.0142404	0.9503393	0.3956488	0.0912837	0.0721673	0.8039584	0.5632487	0.5721011	0.9104100	0.8750489	0.3877912	0.0490860	0.3690556	1.0040851	0.0016799	0.7496314	0.4296180	0.7445798	0.3138374	0.4763448	0.9977159	0.8917758	0.5763065	0.2317245	0.3844034	0.5377636	0.4876338	1.0898320	0.8135737	0.5024926	0.0491368	0.3912071	0.2335426	0.3169327	0.9297559	0.3112694	0.3637340	0.9584119	0.1589398	0.2670455	0.6498318	0.7931145	1.0351174	0.1402507	0.6535788	1.0095359	0.4184859	0.2245238	0.5131035	0.6073464	0.7854143	0.4606182	0.1309775	0.4648780	0.5528648	0.0723851	0.5781484	0.2784400	0.0363961	0.5378107	0.9932421
50	0.0110618	0.5836014	0.9862230	0.1565211	0.6091250	0.0038792	0.0380357	0.0225213	0.6446045	0.4785045	0.1489484	0.0903490	0.0000279	0.0590221	0.6609494	0.3875784	0.4732327	0.8727338	1.0881783	0.6520591	0.0553806	0.5512946	0.9819250	0.7373474	0.8022334	0.6209065	0.8189760	0.4050215	0.2487270	0.0327595	0.4873810	0.0560644	0.6597921	0.8097416	0.2178917	1.0050107	0.3480024	0.7710495	0.3702292	0.1182099	0.8429851	0.5071229	0.0945287	0.0977249	0.7262310	0.4858238	0.5912386	0.7976705	0.8623348	0.3268222	0.0544135	0.3442507	0.9523219	0.0002066	0.6369392	0.5765282	0.7391016	0.3014717	0.4849689	0.9994450	0.6519618	0.5739703	0.1432189	0.2900138	0.4608891	0.3089928	1.0127848	0.6305440	0.4661567	0.0659978	0.2544504	0.3173586	0.3078111	0.8818180	0.3639729	0.4629038	0.7894647	0.2219239	0.3138730	0.5461374	0.7070099	1.0945594	0.1060179	0.4450581	0.8810885	0.3484706	0.2290281	0.4215284	0.7055797	0.7254503	0.6248783	0.2735533	0.3970617	0.5222822	0.1110637	0.6173058	0.1952329	0.0417595	0.5003767	0.9836776
100	0.0069093	0.6612707	0.9229189	0.1523245	0.5793621	0.0000000	0.0593727	0.0280834	0.7775940	0.4504379	0.1202603	0.0708448	0.0056677	0.1663578	0.3925069	0.4377801	0.5148218	0.8873050	0.9601528	0.4451803	0.0534153	0.5713825	0.8890526	0.4004162	0.8341256	0.6939601	0.8343266	0.6853206	0.2312864	0.0373030	0.5062564	0.0977886	0.5919109	0.7498548	0.2189387	0.9436697	0.2688187	0.7246471	0.3639509	0.1693503	0.8017813	0.5172874	0.0576508	0.0986680	0.8410222	0.3839426	0.6574120	0.9085294	0.8276845	0.3582172	0.0541892	0.2555323	0.9321330	0.0010278	0.7153747	0.6002636	0.8135184	0.2763901	0.3814096	1.0421143	0.7367794	0.6039272	0.1336526	0.2585768	0.4436505	0.2085664	0.9866358	0.6466275	0.4069507	0.0311594	0.1343567	0.3214862	0.3145581	0.8115693	0.3696408	0.4280692	0.8090288	0.2655001	0.3512128	0.4218402	0.7719414	0.9838493	0.1112643	0.4087258	0.9854968	0.3839627	0.2260118	0.4195386	0.7436841	0.7728277	0.7476749	0.3389356	0.3615015	0.5568744	0.1170722	0.6006946	0.2575068	0.0337759	0.2955174	1.0522112
150	0.0282664	0.6472774	0.8119917	0.1227808	0.6511580	0.0027246	0.0368797	0.0266782	0.6865799	0.5219927	0.1165806	0.0700928	0.0310026	0.2932585	0.3327763	0.4377589	0.4747113	1.0238347	0.8975499	0.3178419	0.0506748	0.6166020	0.8287241	0.1812733	0.7890647	0.6145350	0.7931887	0.8600614	0.2227247	0.0326025	0.5780876	0.0677918	0.6575866	0.7304697	0.2446101	0.7941167	0.2288728	0.7434230	0.3165172	0.1890888	0.8469627	0.4937525	0.0360314	0.0774836	0.9248907	0.4292602	0.6802521	0.8999621	0.8456112	0.4004890	0.0522062	0.2084446	0.9327315	0.0074129	0.6840168	0.5658868	0.7146404	0.2672818	0.4215139	1.1308315	0.8210959	0.5040273	0.0599261	0.2536511	0.4059806	0.1361523	1.1138401	0.5688180	0.3389067	0.0584462	0.0664782	0.2972622	0.4382524	0.8313652	0.4675170	0.4539798	0.8401245	0.3925228	0.3201935	0.3315517	0.7825487	0.9588698	0.0976419	0.3742177	1.0175557	0.3568966	0.2534274	0.4356352	0.8682634	0.6956007	0.7827348	0.3914188	0.3485321	0.5394965	0.0993356	0.5609486	0.2818290	0.0338192	0.1406571	0.9364393
200	0.0336127	0.6130012	0.8614827	0.1195153	0.6093101	0.0052635	0.0345028	0.0353779	0.7160069	0.4995210	0.1015422	0.0946130	0.0529325	0.4549393	0.3031360	0.4212645	0.4930157	1.0583936	0.9092776	0.1888845	0.0555198	0.6391007	0.7879336	0.1010557	0.7720685	0.6199806	0.6727892	0.9269978	0.2307992	0.0282976	0.5670133	0.0726322	0.6391414	0.7167309	0.1994865	0.8938482	0.1904082	0.7200184	0.3025759	0.1803903	1.0195029	0.5436831	0.0571998	0.0729625	0.8923695	0.2811834	0.6380475	0.7359888	0.8513880	0.4178302	0.0902875	0.2327803	0.9348963	0.0046937	0.7093128	0.4984580	0.7583748	0.3075348	0.4597749	1.0543610	0.8494473	0.5628751	0.0329784	0.2596812	0.3905601	0.0975203	1.0484137	0.5348958	0.3761520	0.0916393	0.0503569	0.2900183	0.5314086	0.9482258	0.4511479	0.4732797	0.8223139	0.5584064	0.2685609	0.2651428	0.6231257	0.8047467	0.1031201	0.3397902	0.8913945	0.3638561	0.2395958	0.4257983	0.8754977	0.6722820	0.8169801	0.3377780	0.3277260	0.4581266	0.0678867	0.5996584	0.3007026	0.0435057	0.0899106	0.9010087
250	0.0337242	0.6181528	0.8660053	0.0781263	0.6380128	0.0051519	0.0243207	0.0299079	0.7225172	0.3382698	0.1201106	0.0845211	0.1073693	0.5511884	0.2788052	0.4343037	0.4657818	1.1264839	0.9272145	0.2002618	0.0465267	0.5671792	0.7708443	0.0840110	0.8230878	0.6005765	0.7663734	1.0461606	0.2511325	0.0287249	0.6261452	0.0765032	0.7574124	0.6622770	0.2397541	0.5441937	0.1316136	0.7504527	0.3134755	0.1585501	1.0323399	0.4768367	0.0646208	0.0766155	0.9617904	0.2656175	0.5430245	0.7116418	0.8167390	0.3756549	0.0806011	0.2556534	0.9837559	0.0023824	0.7160086	0.5039473	0.8217265	0.3214696	0.3638505	1.0964507	0.8516430	0.6476082	0.0390526	0.2672531	0.3589400	0.0928273	1.0615990	0.4858801	0.3153862	0.0764887	0.0279418	0.3671715	0.6090299	0.9352908	0.4516296	0.4351166	0.7550512	0.4207665	0.2203598	0.2307239	0.6431415	0.7680949	0.1181477	0.3455838	0.9155699	0.4314354	0.2312892	0.4379952	0.8929955	0.7606009	0.7572205	0.4053821	0.4346587	0.3202551	0.1012976	0.6202238	0.3162266	0.0232535	0.0873895	0.8849739
300	0.0291321	0.5883932	0.7658974	0.0578469	0.6235305	0.0017964	0.0292783	0.0343292	0.7272046	0.3562126	0.1085488	0.0649927	0.1704369	0.4824698	0.2879833	0.3393938	0.3968495	1.0944295	0.9362489	0.1609377	0.0677006	0.6446166	0.7090559	0.0746315	0.7828078	0.6720404	0.6761167	0.9902665	0.2160371	0.0384291	0.5840284	0.0691000	0.8186659	0.6372802	0.3214851	0.6201939	0.1365718	0.7043278	0.3485648	0.1294828	0.9828326	0.4730778	0.0619705	0.0666259	0.9933428	0.3564906	0.4698228	0.6682336	0.8245941	0.3106156	0.0631688	0.2470612	0.8712750	0.0009663	0.6941548	0.5555793	0.7396150	0.3742329	0.3668770	1.0212887	0.7842119	0.5660253	0.0189453	0.2653431	0.4179935	0.0746517	0.8752775	0.4223756	0.2493568	0.1018792	0.0314233	0.2625138	0.6245247	0.8500920	0.5041461	0.3919051	0.8594292	0.3275314	0.1837289	0.2265658	0.6631982	0.8126384	0.0946654	0.2744839	0.9993851	0.3919803	0.2807546	0.4532972	0.8049631	0.6531280	0.8139922	0.3667971	0.4857853	0.2637521	0.0830828	0.5193094	0.3619854	0.0569473	0.0661899	0.9269966
350	0.0119049	0.5735743	0.7577375	0.0672983	0.5049960	0.0031042	0.0253888	0.0193437	0.8109351	0.3632761	0.0945086	0.0827061	0.1573410	0.6241889	0.2305294	0.3411716	0.4766161	1.0924060	0.9692978	0.1444248	0.0789848	0.6672261	0.7189618	0.0747851	0.7777375	0.7377189	0.6693734	1.0782535	0.2102524	0.0583636	0.6681919	0.0572333	0.7657707	0.7307047	0.3600999	0.7551839	0.1431120	0.7184514	0.3939441	0.1567006	0.8960923	0.4538659	0.0690101	0.0598596	0.9299754	0.4201500	0.4863879	0.7150020	0.8520121	0.2956265	0.0591863	0.2156217	0.8549889	0.0004857	0.6765436	0.5635562	0.7782837	0.3212528	0.3767051	1.0426100	0.8135969	0.5729164	0.0115668	0.2657154	0.3587888	0.0960228	0.8292966	0.4122591	0.3130882	0.1813616	0.0137869	0.1892496	0.6952987	0.7934224	0.4811987	0.3395568	0.8526775	0.3131773	0.2307256	0.2519397	0.6050528	0.8132212	0.1200164	0.3139852	1.0112980	0.3359431	0.2636056	0.5517918	0.7791269	0.7286684	0.8135019	0.3638072	0.4832302	0.1772179	0.0726737	0.5519676	0.3310806	0.0323226	0.0528904	0.9312096
400	0.0113413	0.5760396	0.8131817	0.0722194	0.6398533	0.0027098	0.0485032	0.0269607	0.8289759	0.3834766	0.0898294	0.1202875	0.2646094	0.7203879	0.2664104	0.3169863	0.4230340	1.0564339	0.9712950	0.1666093	0.0454275	0.6474117	0.6921264	0.0514995	0.7883140	0.6333595	0.7436298	1.0831360	0.1900319	0.0486278	0.6739228	0.0527442	0.8136364	0.7742038	0.3760347	0.8150743	0.1954036	0.7397357	0.3689556	0.1713913	0.9006847	0.4592221	0.0619252	0.0646217	0.9329900	0.4528231	0.5585252	0.7874518	0.8694530	0.3360471	0.0863028	0.2178872	0.8316903	0.0010319	0.7042634	0.5538806	0.7344710	0.2917619	0.4000073	0.9744775	0.8067508	0.5368875	0.0038964	0.2352961	0.2931052	0.1084483	0.8771382	0.4377551	0.2766053	0.2148995	0.0115973	0.2618925	0.8576165	0.8571666	0.4865194	0.4351341	0.9206062	0.2725778	0.2101254	0.3076969	0.7034109	0.7371832	0.1433527	0.3947309	0.9583369	0.3116716	0.2303285	0.6205518	0.7481546	0.7896091	0.8611777	0.3848216	0.4634272	0.1142003	0.0659856	0.6074477	0.3140814	0.0529900	0.0594975	0.9966782
450	0.0123541	0.4961854	0.7909622	0.0434362	0.5432119	0.0012152	0.0299177	0.0110042	0.8571697	0.3573860	0.1069473	0.1332111	0.2616965	0.7369556	0.2587271	0.3000004	0.4115841	1.0160436	0.9847359	0.1382805	0.0506606	0.5492829	0.6739399	0.0725731	0.8304888	0.6507304	0.6734482	0.9812727	0.2713674	0.0670406	0.6652908	0.0695721	0.7554035	0.7073099	0.3212981	0.7611998	0.2271155	0.6784657	0.3606228	0.1904747	0.9016888	0.3834103	0.0691367	0.0566699	0.8776596	0.4115985	0.6331460	0.8077342	0.8270447	0.4118764	0.0550677	0.1995646	0.7995872	0.0015914	0.7206243	0.5914680	0.8967400	0.2838742	0.4165545	0.9850970	0.8382567	0.5877557	0.0033466	0.2204844	0.3655124	0.0966605	0.9675653	0.4402081	0.3114175	0.1816848	0.0092031	0.3158251	0.6732785	0.7682201	0.4202058	0.4311602	0.8747231	0.3605472	0.1921728	0.2623594	0.7130080	0.6978314	0.1617273	0.3393887	0.9099937	0.3548729	0.2380228	0.5774517	0.6667811	0.8164959	0.8092762	0.3590804	0.4426117	0.1009534	0.0691455	0.5721816	0.2988476	0.0848251	0.0627548	0.9307948
500	0.0154747	0.5164598	0.8232503	0.0813386	0.5906886	0.0010015	0.0331427	0.0139671	0.7965259	0.3955777	0.1013201	0.0968196	0.2964873	0.7133500	0.2224924	0.3068968	0.4282896	1.0084502	1.0773038	0.1051353	0.0541066	0.5445024	0.7287169	0.0378961	0.8435352	0.7063089	0.6901301	1.0330540	0.3280821	0.0685122	0.5588410	0.0414717	0.7617678	0.7072071	0.3471443	0.7882944	0.1813260	0.6342260	0.3803331	0.1591397	0.9319559	0.3729308	0.0567594	0.0517005	0.8087877	0.3479205	0.6230308	0.7457684	0.8008158	0.3363310	0.0361953	0.1659370	0.8788777	0.0119580	0.7082655	0.6264418	0.8226232	0.3699261	0.3861883	1.0116413	0.8182883	0.6175075	0.0027776	0.2834456	0.3663843	0.0809671	0.9423124	0.3956955	0.3182566	0.2043959	0.0149898	0.3066843	0.6878949	0.7727891	0.3902746	0.5715425	0.8692106	0.2686020	0.1687217	0.2181881	0.7327683	0.7261731	0.1632571	0.3816008	0.9243554	0.3238180	0.2384084	0.6258648	0.6703294	0.7757736	0.8703884	0.4132160	0.4214228	0.1035673	0.0612848	0.5882917	0.2734658	0.1483562	0.0574122	0.9276372
550	0.0102723	0.4830105	0.8182206	0.0805893	0.5828802	0.0035022	0.0156448	0.0149591	0.7681528	0.4626855	0.0832040	0.0920202	0.3037989	0.6222067	0.5399483	0.3470096	0.4123910	0.9889537	1.1023541	0.2824025	0.0498744	0.6335389	0.6808334	0.1111809	0.7967212	0.7280301	0.7249884	0.7826545	0.3308369	0.0580681	0.5589794	0.0403858	0.6564726	0.6988343	0.3099763	0.7958889	0.1077828	0.6332881	0.4143868	0.1324351	0.9178139	0.3902251	0.0592274	0.0396105	0.8479151	0.3981682	0.5925418	0.7469035	0.8801714	0.3582151	0.0577367	0.1994820	0.8493244	0.0078994	0.7548873	0.5250928	0.7719101	0.3856930	0.4088086	1.0219846	0.8330820	0.5947252	0.0272852	0.2999486	0.3935280	0.2305894	0.9890788	0.4903047	0.4185256	0.2438792	0.1448749	0.2874493	0.7316099	0.9274448	0.3666095	0.4968737	0.8234095	0.3201148	0.1683263	0.4014582	0.6834139	0.6211640	0.1251765	0.5629117	0.9363962	0.3586075	0.2309159	0.5615899	0.6853089	0.8221929	0.7127711	0.3845367	0.4071751	0.1227371	0.0735313	0.5055399	0.2208825	0.1325990	0.0393344	0.9458760
600	0.0129445	0.5585846	0.9430352	0.0562596	0.5346259	0.0038826	0.0322854	0.0249830	0.7879575	0.4719972	0.0733404	0.0988329	0.1354001	0.3585788	0.6232658	0.3283500	0.4341834	1.0894959	1.0419834	0.4214250	0.0498098	0.5982550	0.7107842	0.2405048	0.8668036	0.6404751	0.7351473	0.4640389	0.3648210	0.0528118	0.4552863	0.0525818	0.7701903	0.7310358	0.2942812	0.8148561	0.1342622	0.7163647	0.4137748	0.0507285	0.9513081	0.3503492	0.0435305	0.0513523	0.8512299	0.4592208	0.4400862	0.7872325	0.9228027	0.3400012	0.0501825	0.2233806	0.8418433	0.0056874	0.8529985	0.4923566	0.6779124	0.3811741	0.3569832	1.0584681	0.8265359	0.6098289	0.0522153	0.2957284	0.4021281	0.3877160	0.8648291	0.4838680	0.5355235	0.1380692	0.2866579	0.2666400	0.6986689	0.8931295	0.3159433	0.5443603	0.9113650	0.4529788	0.1725045	0.5239671	0.6317273	0.7440689	0.1199116	0.6371173	1.0025620	0.3082899	0.2353757	0.5793695	0.5795737	0.8717517	0.6670416	0.3470943	0.4550857	0.2519307	0.0610380	0.5179917	0.2613026	0.0914641	0.0583999	0.9783507
650	0.0271231	0.5790492	0.9413485	0.0702496	0.4518705	0.0000000	0.0356385	0.0266638	0.7641719	0.4121008	0.0880691	0.0806899	0.0464649	0.1868707	0.7708336	0.2983035	0.4633367	1.0515594	0.9606684	0.6037769	0.0332282	0.5770729	0.8504954	0.5156832	0.9212438	0.6807944	0.8688847	0.2676929	0.3147399	0.0570799	0.4566137	0.0443126	0.7476371	0.8917632	0.2772021	0.7808790	0.2193904	0.7413378	0.3954188	0.0172441	0.9037644	0.3581985	0.0703148	0.0361270	0.7867933	0.5076533	0.4685917	0.8777886	0.8840181	0.3703313	0.0765114	0.2368103	0.8684530	0.0200665	0.8487008	0.4974098	0.8135048	0.3634974	0.3977446	0.9812764	0.7804131	0.5855884	0.0830212	0.2576601	0.4670067	0.4244495	0.8214823	0.5961733	0.5214841	0.0778234	0.3633566	0.2060693	0.7160695	0.8724509	0.3065338	0.6497930	0.8670856	0.5545513	0.1609894	0.6522895	0.6295973	0.8694477	0.1465787	0.6202566	0.9816299	0.3280562	0.2502885	0.6181210	0.4931593	0.8141342	0.5239952	0.3543427	0.4223917	0.3112625	0.0830048	0.4818723	0.2271440	0.0573127	0.1403420	0.9439420
700	0.0181317	0.5484633	0.9796580	0.1184425	0.4342296	0.0066359	0.0465756	0.0340882	0.8024186	0.3866291	0.0989844	0.1197893	0.0080278	0.1083926	0.8620611	0.2749108	0.5269615	1.1032098	1.0356401	0.7018296	0.0406504	0.5331505	0.9046008	0.7079969	0.8080389	0.6304171	0.8425798	0.2203879	0.4014439	0.0559146	0.4361574	0.0529713	0.6540357	0.8575765	0.2626640	0.9065757	0.2261064	0.6388877	0.3673732	0.0212039	0.9205056	0.3763386	0.0832106	0.0485789	0.7505845	0.6215766	0.5248738	0.7409727	0.9248271	0.3353823	0.0731418	0.2491684	0.8751084	0.0121641	0.7602564	0.5207261	0.7557700	0.3412687	0.4877732	0.9565164	0.7674076	0.5892872	0.0601308	0.2653110	0.5153124	0.4966830	1.0000140	0.6337531	0.4725918	0.0725157	0.3503074	0.1791035	0.6115986	0.9337110	0.3141446	0.6559235	0.8341396	0.2801069	0.2261363	0.6262253	0.7135980	0.8520688	0.1156878	0.6360093	1.0148537	0.2707980	0.2558795	0.6253998	0.5258846	0.8469482	0.4551615	0.2535240	0.4303606	0.4520547	0.1240322	0.5574364	0.2066263	0.0474818	0.3028138	1.0235697
750	0.0165022	0.5998588	0.9647801	0.1769436	0.3881585	0.0041681	0.0267020	0.0200728	0.8494576	0.4254502	0.1383117	0.0915946	0.0010948	0.1176043	0.7948296	0.3325651	0.4374604	1.1223454	1.0672764	0.7420225	0.0445272	0.5770950	0.9486338	0.8452092	0.8821289	0.6543060	0.9897667	0.1664849	0.4325522	0.0561776	0.4007873	0.0740811	0.7433773	0.8710447	0.2402816	1.0270069	0.3570107	0.6798374	0.3980572	0.0156384	0.9193159	0.4126511	0.0637009	0.0561733	0.7050651	0.6174336	0.5060959	0.8717053	0.8432288	0.3435980	0.0836178	0.2704380	0.9120089	0.0261599	0.6657441	0.4863555	0.7958938	0.3021121	0.4462587	0.9518683	0.6966409	0.5452769	0.1078435	0.3056539	0.5101002	0.4572257	0.9298330	0.6610309	0.4513890	0.0527671	0.3910153	0.1915395	0.4455492	0.9340878	0.3233773	0.6461602	0.8549476	0.3205130	0.2658435	0.6465586	0.7624481	0.9614575	0.0894279	0.7632217	0.9983861	0.3236787	0.2202259	0.5073013	0.4845388	0.8191275	0.4337238	0.2145708	0.4469214	0.5146407	0.1121450	0.6899470	0.1941545	0.0396164	0.4224333	1.0454719
800	0.0281008	0.7196996	0.9206415	0.1727389	0.4329796	0.0084973	0.0291467	0.0223406	0.7542921	0.4523584	0.1494463	0.0848694	0.0042947	0.1097622	0.8568975	0.4576742	0.3804375	1.0349693	1.1426955	0.8441556	0.0596860	0.5923858	1.0626491	0.8020839	0.8886589	0.8001034	0.9520209	0.1370267	0.3675758	0.0466615	0.3664221	0.0714446	0.6400703	0.8996913	0.2300846	0.9962148	0.3603858	0.7122464	0.3932014	0.0212266	0.9958215	0.4387720	0.0829879	0.0654080	0.6616173	0.6891527	0.5416104	0.8716917	0.9511609	0.3206631	0.0866990	0.3035475	0.9312225	0.0136540	0.7575487	0.4441828	0.7658867	0.2429518	0.5038357	0.9796637	0.6973829	0.5426315	0.2175877	0.2642597	0.4724945	0.4874608	1.1481876	0.7030122	0.5383604	0.0542956	0.4165745	0.2107216	0.3565336	0.9547627	0.3172435	0.6510501	1.0040319	0.3682800	0.2674733	0.6126902	0.8179022	0.9576274	0.1128850	0.7280605	1.0154369	0.3421600	0.2419068	0.4712173	0.4999919	0.7847239	0.5142545	0.1717866	0.4127087	0.5429364	0.0960147	0.6802335	0.2414651	0.0278630	0.4633223	1.1209375
850	0.0281344	0.6653982	1.0057085	0.2011576	0.4883458	0.0028943	0.0285533	0.0176162	0.7120086	0.3405426	0.1716267	0.0785853	0.0050450	0.1003479	0.9563797	0.4575002	0.3852715	1.0899106	1.0740636	0.8796040	0.0552664	0.6715940	0.9694758	0.9246537	0.9011588	0.6836869	0.9135683	0.1230221	0.3092107	0.0338899	0.3515992	0.0953381	0.6735141	0.8693259	0.2421529	0.8921191	0.3994799	0.7453831	0.4165193	0.0236651	0.9648299	0.3794767	0.0886173	0.0915205	0.6231929	0.6079804	0.5777227	0.7690106	0.9174414	0.3063043	0.0715033	0.3155782	1.0054319	0.0048805	0.7632600	0.4407744	0.7287611	0.2418197	0.5312834	0.9440060	0.8040719	0.5273792	0.2991557	0.3106427	0.4417421	0.5121071	1.0610395	0.6872753	0.4928234	0.0305182	0.4247980	0.2673677	0.2753304	0.7588489	0.3052232	0.5722705	0.9350120	0.2885445	0.3013918	0.6705515	0.8591788	0.9544287	0.1088514	0.6857284	1.0279548	0.3898216	0.1594645	0.4488665	0.5914303	0.8096759	0.4735326	0.1992982	0.4338154	0.5266900	0.1314735	0.6259912	0.2593555	0.0429494	0.5370264	1.0435298
900	0.0159141	0.6076588	0.9568617	0.2171804	0.4991026	0.0018657	0.0342709	0.0163854	0.8682989	0.3437871	0.1786133	0.0992548	0.0002256	0.0950087	0.9337876	0.4580148	0.4459870	1.0626875	0.8909609	0.9099055	0.0685748	0.6421539	1.1354843	0.9116898	0.9686098	0.6239919	0.8489686	0.1137461	0.3065962	0.0461873	0.3920671	0.0923749	0.5757239	0.7803498	0.3328325	0.9968740	0.3289686	0.6892196	0.4724816	0.0250001	0.8992634	0.4745647	0.0932497	0.0626070	0.6423289	0.5418732	0.6036308	0.7829137	0.9631078	0.2858451	0.0572912	0.3955081	0.9371379	0.0010262	0.8462722	0.4937988	0.7426091	0.3039661	0.4397345	0.9349039	0.7302724	0.5136967	0.3826104	0.3743507	0.5477617	0.5455757	1.0982564	0.7268851	0.4967675	0.0497641	0.4383886	0.2665893	0.3108277	0.8260212	0.2837011	0.5026981	0.9852228	0.2214649	0.2924888	0.5997899	0.7018488	0.7979196	0.0861058	0.7582911	1.0614246	0.3966121	0.1455838	0.4614194	0.5836311	0.7491327	0.4418263	0.2752495	0.4055323	0.5672360	0.1719965	0.5404289	0.2478979	0.0284141	0.5175055	1.0212500
950	0.0093130	0.6365655	0.8950917	0.1965326	0.5568839	0.0018998	0.0407035	0.0275232	0.8930275	0.3743604	0.1587995	0.1221556	0.0004310	0.0756798	0.9298050	0.4603610	0.4290608	0.9555061	0.9230944	0.8643017	0.0819036	0.7016519	1.0483427	0.9516678	0.9335726	0.6389509	0.9183784	0.1342533	0.2264114	0.0296547	0.3358070	0.1210409	0.5807107	0.7612214	0.2919464	0.9331256	0.2605465	0.6738059	0.3850060	0.0346047	0.9037622	0.5460716	0.0595877	0.0753543	0.6679673	0.4976463	0.6127151	0.9410452	0.9970480	0.3159991	0.0878855	0.3693625	0.9836656	0.0004062	0.7882725	0.5885674	0.6847776	0.3344593	0.4447440	0.9738149	0.6595237	0.5581003	0.4175387	0.3137245	0.5575679	0.5461238	0.9888112	0.6763747	0.4835794	0.0404080	0.3736704	0.2490553	0.2646679	0.8885591	0.3123299	0.3670554	1.0157552	0.2823847	0.2378876	0.6439918	0.8077392	1.0274038	0.1015164	0.6760811	1.1326106	0.3874330	0.1768013	0.4300812	0.5781656	0.7174290	0.4042978	0.2583514	0.4503061	0.5657023	0.1955365	0.6007017	0.2942998	0.0349426	0.4736194	1.0134740
1000	0.0077461	0.6562131	1.0113695	0.1920327	0.4757145	0.0023703	0.0377931	0.0117059	0.9161756	0.4403976	0.1434285	0.0822295	0.0194020	0.1392361	0.8105662	0.4952861	0.4784225	1.0198734	0.9081985	0.8589760	0.1039229	0.6174157	0.9659633	1.0415919	0.9692647	0.6594195	0.8923129	0.0808876	0.2005255	0.0286110	0.3251361	0.1049640	0.5836784	0.6958921	0.3143033	0.8560916	0.2509673	0.6950175	0.4051345	0.0205584	0.9144404	0.5568790	0.0496250	0.0665787	0.7558191	0.5140428	0.6238708	0.9092345	0.9381663	0.3647796	0.0916424	0.3442239	1.0183066	0.0004858	0.7233403	0.4865073	0.7736806	0.2842545	0.4769730	0.9822271	0.6053725	0.6307406	0.4177590	0.2923898	0.5339740	0.5112753	0.9951371	0.6938413	0.4724403	0.0306727	0.3582914	0.2060656	0.2574482	0.8415402	0.2535722	0.3694598	0.8955419	0.4537851	0.2367118	0.6029919	0.8429328	0.9707949	0.0980612	0.6488183	1.0135720	0.4189053	0.1874658	0.4539177	0.5912277	0.6744196	0.3768005	0.2793358	0.4243928	0.5320956	0.1760984	0.6271159	0.3069158	0.0484738	0.4982600	0.9701372

0	0.0094491	0.6355617	1.0459758	0.0876986	0.4170952	0.0015965	0.0357302	0.0201856	0.7842026	0.5482911	0.1482550	0.1067167	0.0074763	0.0795139	0.9263252	0.4386615	0.5117037	1.0187251	0.9869150	0.9112762	0.0675828	0.6396705	0.9879649	0.9056811	1.0249936	0.8053086	0.8415975	0.0956169	0.2807776	0.0361236	0.3476186	0.0945586	0.7647381	0.8073502	0.2691465	0.9854445	0.2644993	0.7761342	0.3511720	0.0142404	0.9503393	0.3956488	0.0912837	0.0721673	0.8039584	0.5632487	0.5721011	0.9104100	0.8750489	0.3877912	0.0490860	0.3690556	1.0040851	0.0016799	0.7496314	0.4296180	0.7445798	0.3138374	0.4763448	0.9977159	0.8917758	0.5763065	0.2317245	0.3844034	0.5377636	0.4876338	1.0898320	0.8135737	0.5024926	0.0491368	0.3912071	0.2335426	0.3169327	0.9297559	0.3112694	0.3637340	0.9584119	0.1589398	0.2670455	0.6498318	0.7931145	1.0351174	0.1402507	0.6535788	1.0095359	0.4184859	0.2245238	0.5131035	0.6073464	0.7854143	0.4606182	0.1309775	0.4648780	0.5528648	0.0723851	0.5781484	0.2784400	0.0363961	0.5378107	0.9932421
50	0.0138537	0.6624810	1.0473736	0.1405497	0.4435583	0.0644231	0.0763279	0.0126395	0.8116139	0.4117337	0.1713194	0.0923003	0.0088273	0.1299188	0.9185047	0.4757007	0.2629786	0.9691318	1.0070824	0.8163330	0.0525744	0.6698361	0.8025721	1.1146517	0.8774824	0.9712125	1.0211954	0.1349246	0.1384848	0.0150856	0.3217385	0.0835556	0.6781882	0.7030276	0.2510988	0.8644406	0.2116826	0.8407662	0.2693790	0.0100272	1.0390385	0.4523910	0.0664509	0.0497200	0.7004253	0.4127635	0.6585138	0.9335316	0.8305777	0.2341134	0.0755506	0.3754575	0.9763066	0.0050347	0.6314803	0.5178337	0.9008484	0.2813897	0.5617535	0.9390606	0.7326837	0.5243715	0.2908728	0.2690046	0.5486732	0.4766572	1.0671026	0.6876772	0.5145825	0.0475698	0.3490913	0.2871380	0.3270319	0.9115477	0.2948925	0.3492966	0.9757296	0.2662785	0.2093963	0.5548489	0.7451017	0.8467681	0.1244111	0.8166726	0.9283910	0.4119666	0.2823882	0.4243525	0.5912919	0.7023996	0.4505349	0.1129859	0.3951884	0.6534080	0.2241792	0.5147093	0.1247224	0.0355070	0.5683975	1.0028135
100	0.0057059	0.5971401	0.9825618	0.1243717	0.2612930	0.1487550	0.0865554	0.0232940	0.7457852	0.4383785	0.1753872	0.1239491	0.0070553	0.1406249	0.8161351	0.4602384	0.1705965	1.0805804	0.9373206	0.7812090	0.0730054	0.5546041	0.6705881	0.9931127	0.9050585	1.0187540	0.9340666	0.1911198	0.1194576	0.0305675	0.3171265	0.0724991	0.7269804	0.7469235	0.2980988	0.8220105	0.1577447	0.7787629	0.1524495	0.0251534	1.0462194	0.4820308	0.0583879	0.0572387	0.7483899	0.4298433	0.6927412	0.8667538	0.8028411	0.2397469	0.0687937	0.3652193	1.0218036	0.0027250	0.5516178	0.4577819	0.8854161	0.2321000	0.4938571	0.9713955	0.6768988	0.5137096	0.3197796	0.2721765	0.5514397	0.3723519	0.9041874	0.6682289	0.4929440	0.0518146	0.3774816	0.2687987	0.3031630	0.9050356	0.2636144	0.2663516	0.9512760	0.3005598	0.1669906	0.5460902	0.8054695	0.9770858	0.1798783	0.8442958	0.7299866	0.3604220	0.2967295	0.5043381	0.6293424	0.6848781	0.3724511	0.1225320	0.4293442	0.6419962	0.2843848	0.5816494	0.1158116	0.0819094	0.6636655	0.9875604
150	0.0148062	0.6121138	1.0114943	0.0986572	0.1658156	0.1707588	0.0831245	0.0266959	0.8392051	0.4076088	0.2312980	0.1186470	0.0765461	0.1443452	0.8335329	0.4559057	0.1143147	1.0349543	0.8943842	0.7919103	0.0666955	0.6191906	0.6029062	0.9446600	0.8817779	0.8450790	0.9580707	0.2102290	0.1317271	0.0163249	0.3355165	0.0612433	0.7419125	0.8201193	0.2993896	0.6684131	0.1498129	0.7370108	0.1242384	0.0295872	0.9691428	0.4214080	0.0412670	0.0596471	0.7323458	0.3862076	0.7205465	0.7779302	0.8398300	0.2123105	0.0746649	0.3369624	1.0075324	0.0011999	0.4950214	0.5573757	0.8755357	0.2406065	0.4530202	0.9265839	0.7299043	0.5751055	0.3683215	0.2873188	0.5112001	0.2434980	0.8979116	0.7360684	0.4579036	0.1236577	0.4238203	0.2912726	0.2657480	0.8333406	0.3124683	0.2200516	0.8108565	0.4312604	0.2059897	0.5666523	0.7741885	0.9961161	0.1773943	0.8211028	0.6546265	0.3406531	0.4147309	0.5321232	0.6321687	0.6223052	0.4301515	0.2309813	0.4517817	0.6406900	0.3052150	0.5716395	0.1246762	0.1709721	0.7661580	1.0429377
200	0.0222571	0.5971694	1.0348160	0.0978331	0.1099878	0.1941106	0.1131546	0.0306017	0.9278188	0.3816904	0.2303495	0.1042259	0.0663440	0.1457497	0.8229065	0.5255328	0.1099893	1.0143622	0.9959058	0.8710433	0.0794050	0.6212286	0.6049241	0.7974140	0.8600984	1.0324811	0.9875588	0.3035636	0.1431248	0.0247867	0.3712778	0.1040155	0.6839106	0.7333402	0.3149249	0.6794223	0.1210139	0.7652220	0.1057904	0.0339179	1.0237713	0.3959042	0.0395947	0.0480941	0.7882229	0.3995161	0.6503209	0.8064636	0.7997167	0.2367498	0.0771440	0.3642764	0.9293735	0.0027133	0.4714077	0.5150334	0.7776096	0.2409431	0.4952497	0.9511937	0.5758971	0.5640959	0.3766281	0.2723357	0.4756895	0.1703693	0.8636294	0.6785206	0.4320418	0.2203478	0.3385735	0.2431655	0.2857559	0.8474554	0.2815496	0.1722469	0.8946979	0.6458279	0.1945570	0.4798480	0.7238007	0.9414128	0.2250678	0.8627510	0.6187586	0.3941037	0.4209744	0.5539390	0.6439238	0.6565789	0.4546728	0.3166471	0.3843295	0.5757364	0.3175695	0.6323194	0.1002942	0.2881022	0.7751404	1.0333432
250	0.0112758	0.6463874	1.0637440	0.0550623	0.0939443	0.2146109	0.0825688	0.0341534	0.9022509	0.4390429	0.2188132	0.0902145	0.0620523	0.1376638	0.7968828	0.4571324	0.1014339	1.0126883	0.9226577	0.8196343	0.0617210	0.5062954	0.7049243	0.9345968	0.8731835	0.9579086	0.8893791	0.2388179	0.1092963	0.0222287	0.3381976	0.0785331	0.7036514	0.7457034	0.3412375	0.6138985	0.1682248	0.7203550	0.0537724	0.0153272	1.0192898	0.4599114	0.0469423	0.0434967	0.8587667	0.4688106	0.5566899	0.7074857	0.8703367	0.2931114	0.0817060	0.3911321	0.8582708	0.0024688	0.4599244	0.5368835	0.9582289	0.2498968	0.4843155	0.9685742	0.5495453	0.5136212	0.3498793	0.2786975	0.5816717	0.1145303	0.9605600	0.7239190	0.3970003	0.2824517	0.3635281	0.2762514	0.2816079	0.7313281	0.2672904	0.1556634	0.8799580	0.5932477	0.2073091	0.4818331	0.6031649	1.0228965	0.2246032	0.7674486	0.5694420	0.4275545	0.4530554	0.5873950	0.6630938	0.6082875	0.3835984	0.3635564	0.3600672	0.5344620	0.3451122	0.5408670	0.0923197	0.3509726	0.7221402	0.9822980
300	0.0162487	0.6124406	0.9286604	0.0742761	0.0632868	0.1950410	0.1119603	0.0158596	0.9026809	0.3874161	0.2488708	0.0993199	0.0568197	0.1458061	0.7938946	0.5000900	0.1002034	1.0141394	0.8649299	0.8304948	0.0855776	0.5397930	0.7262206	0.9200940	0.9095669	0.8756970	0.9642793	0.2201554	0.0933209	0.0275162	0.3971445	0.0726944	0.7969527	0.7832740	0.3044553	0.6777732	0.2341461	0.7391611	0.0556780	0.0086522	0.9528258	0.4181288	0.0560459	0.0392303	0.7950548	0.5455301	0.4499650	0.7260765	0.8356974	0.2687990	0.0991224	0.3948809	0.8464424	0.0034691	0.5649641	0.4855837	0.8720713	0.2413855	0.4131540	0.9679027	0.4785699	0.5610168	0.3312849	0.2480678	0.4299024	0.0643110	0.9405796	0.7841025	0.4117262	0.3601379	0.3474782	0.2646565	0.2482305	0.7635848	0.2481882	0.1595047	0.9119770	0.6201674	0.1797640	0.4912282	0.6991381	0.8951752	0.1602467	0.8805224	0.5728679	0.4938419	0.4663789	0.6540685	0.7009880	0.5615714	0.4250340	0.2834665	0.3706590	0.4989200	0.3388607	0.5543568	0.1024601	0.4291035	0.7368973	0.9608201
350	0.0186789	0.5918109	1.0910706	0.0896390	0.0798262	0.1736662	0.1543807	0.0168400	0.8292318	0.4058511	0.2135553	0.0750161	0.1004844	0.1561010	0.9483360	0.5571755	0.1394039	0.9835706	1.0001520	0.8961490	0.0513403	0.5818471	0.6502258	1.0114408	0.9832188	0.9878258	0.9041442	0.2467101	0.0666108	0.0317443	0.4606375	0.0546867	0.7863490	0.9263041	0.3115366	0.7681882	0.2939457	0.6756290	0.0703257	0.0187427	1.1055296	0.4487070	0.0934527	0.0286128	0.7182058	0.6379688	0.4554508	0.7385844	0.8434408	0.3275920	0.0845158	0.3895427	0.8565876	0.0055136	0.4833790	0.5535831	0.8513815	0.3017010	0.4149558	0.9084924	0.4259037	0.6427572	0.3598615	0.2445843	0.4373030	0.0562713	0.8935464	0.7807677	0.3813917	0.3315983	0.3513525	0.2918188	0.2357257	0.8026504	0.2702546	0.1774266	0.9534925	0.4537667	0.2586597	0.5476579	0.6676717	1.0250581	0.2037975	0.7543950	0.5574808	0.5224696	0.4211986	0.6256098	0.6848775	0.5742184	0.4584824	0.2319558	0.3566891	0.4452759	0.3117679	0.6169626	0.1000664	0.4115105	0.7462374	1.0263503
400	0.0214526	0.6567583	1.0422032	0.0995566	0.0500664	0.2196051	0.1090627	0.0160553	0.7816686	0.3384559	0.2194305	0.0647691	0.0727339	0.1242843	0.8729195	0.5838703	0.1184604	1.0510194	0.9232049	0.8743282	0.0503789	0.5774740	0.6100877	1.1037196	0.9135902	1.0117744	1.0105485	0.1804705	0.0710745	0.0405019	0.4755010	0.0481307	0.8496183	0.8908142	0.2565545	0.8202496	0.3844739	0.6856420	0.0586888	0.0202339	1.0438726	0.4650979	0.0873262	0.0550206	0.6874146	0.7348280	0.4707131	0.7852171	0.7760574	0.2840285	0.1100381	0.3630099	0.8260820	0.0001591	0.4249770	0.5600735	0.8299751	0.3920258	0.4557827	0.9088563	0.3733526	0.5705334	0.3649583	0.2601666	0.4392452	0.0687819	0.9690118	0.6785752	0.3931421	0.3284806	0.3614976	0.2429767	0.2252184	0.7884222	0.2885803	0.1782610	0.8893902	0.2710454	0.3387731	0.5468881	0.8074028	1.0273799	0.2477411	0.7463227	0.5017062	0.5021603	0.4833990	0.6083091	0.6936319	0.6397455	0.3812512	0.2280580	0.3859320	0.5234986	0.3700361	0.6003035	0.1015266	0.3383689	0.7751012	1.0232853
450	0.0139634	0.6595381	1.0849261	0.0978844	0.0521609	0.1685350	0.0881960	0.0172750	0.8255844	0.3606692	0.2298074	0.1056008	0.0928661	0.1512417	0.8982191	0.5652066	0.1435241	0.9828169	0.8383956	0.8881371	0.0524749	0.5942512	0.6242647	0.9778238	0.8159659	1.0140230	0.8935976	0.1893834	0.0920025	0.0318778	0.4516746	0.0711284	0.7652184	0.8831818	0.2812747	0.9040283	0.5025636	0.6976120	0.0556371	0.0114140	0.9051924	0.4383089	0.0613779	0.0948294	0.6695799	0.7254881	0.5027683	0.7667219	0.7588502	0.2857793	0.0954349	0.4079674	0.8099156	0.0042780	0.4953466	0.5283192	0.7906767	0.3063110	0.4391647	0.8707564	0.3496862	0.6730225	0.3247707	0.3292975	0.5014964	0.1178976	0.9798578	0.7336956	0.4093246	0.4098795	0.2944216	0.2939826	0.2267653	0.8077816	0.2435884	0.1908360	0.9421460	0.2820972	0.3533419	0.5116162	0.8051859	0.9541666	0.2307393	0.7700301	0.5340187	0.4638390	0.5093869	0.5589102	0.6353305	0.5849765	0.4470920	0.2492013	0.3646683	0.5242152	0.4562579	0.6647281	0.1009706	0.2919095	0.6972662	0.9626795
500	0.0165608	0.6579413	1.1431571	0.1198884	0.0696220	0.1278394	0.1127542	0.0185139	0.8637505	0.3775495	0.2168737	0.1236277	0.0537219	0.1159560	0.9493767	0.5696425	0.1109924	1.0683710	0.9035383	0.8847435	0.0584823	0.6429797	0.6906640	0.9272607	0.8786265	0.9693732	0.8754439	0.2075444	0.1370234	0.0181462	0.4002481	0.0777132	0.7389946	0.8646904	0.2789023	0.8130805	0.5307329	0.7398029	0.0461367	0.0224978	0.9620281	0.4801160	0.0449764	0.1207329	0.6836979	0.6302116	0.5261041	0.8530465	0.8344906	0.2996453	0.0820032	0.5262950	0.8327772	0.0051806	0.5098100	0.4743127	0.9240091	0.2788926	0.4746727	1.0032837	0.2991189	0.5783696	0.4082026	0.2427329	0.5450463	0.2257323	0.9975335	0.6739096	0.3844029	0.3954602	0.2977182	0.2849354	0.2601002	0.7699891	0.2722554	0.2059658	0.9334006	0.5241775	0.3230194	0.5345401	0.8109412	0.9181305	0.2349236	0.8030349	0.5996093	0.4460210	0.4193370	0.5638192	0.6774244	0.6228361	0.3930748	0.1718540	0.3331215	0.5034901	0.4282455	0.5807819	0.1104695	0.3203671	0.6856797	0.9384014
550	0.0081719	0.6865198	1.0706379	0.1173060	0.1031772	0.1382087	0.0880473	0.0194293	0.9382714	0.3652247	0.1948568	0.1055044	0.0542618	0.0943463	0.8638464	0.5233374	0.3025486	1.0310950	0.9702809	0.8919519	0.0828375	0.6321731	0.7845707	0.9869503	0.9417407	0.8424481	0.9102598	0.1394508	0.0942225	0.0278407	0.4205465	0.0773064	0.7593399	0.8126652	0.2679626	0.9071721	0.4035986	0.7163677	0.2871196	0.0224256	0.9121858	0.4333215	0.0478972	0.1438057	0.6707894	0.5702290	0.6462793	0.8044593	0.8345116	0.3073658	0.0674979	0.5515028	0.8055311	0.0022677	0.5685855	0.4969567	0.9193613	0.2488537	0.4818399	1.0763560	0.3094419	0.5715617	0.5014068	0.2195557	0.6092476	0.2164621	0.8965837	0.6476520	0.4110750	0.4140578	0.3112171	0.2565877	0.2794828	0.7641494	0.2498281	0.1996322	0.8442654	0.6078436	0.2762983	0.5653693	0.6644504	1.0307040	0.1911499	0.7430485	0.6463263	0.5080499	0.4709221	0.5302388	0.6360125	0.5842094	0.3820706	0.2273174	0.3725326	0.5190752	0.2984236	0.5887642	0.0983010	0.2356090	0.6984219	0.9287866
600	0.0111402	0.6403585	1.0938781	0.0831764	0.1282734	0.0882559	0.0422352	0.0215270	0.9022122	0.4021199	0.1319717	0.0787693	0.0358304	0.1044735	0.9484723	0.5123136	0.3657550	1.0166240	0.9559256	0.9295303	0.0661007	0.5573404	0.8330388	1.0248017	0.9226151	0.8602133	0.9155640	0.1040023	0.1140658	0.0274240	0.3571956	0.0846650	0.6194870	0.9021305	0.2888073	0.8912477	0.2875419	0.7306571	0.4626996	0.0263524	1.0346065	0.4241621	0.0727064	0.1029739	0.7921217	0.4922949	0.5787836	0.7519645	0.8678154	0.3016652	0.0648834	0.4357615	0.8311771	0.0025005	0.6120944	0.4685066	0.7857374	0.2103646	0.4053093	1.0110938	0.3074759	0.5664881	0.4253360	0.3021490	0.5766812	0.2253541	0.9841317	0.6658968	0.4215007	0.3148018	0.3142072	0.2353733	0.2729806	0.8303870	0.2555292	0.2460053	0.9156630	0.6348158	0.2587729	0.6486860	0.7099268	1.0032307	0.1416900	0.5104200	0.8864185	0.4681389	0.4975082	0.5275994	0.6852488	0.5784131	0.4782760	0.2945622	0.3576325	0.5727221	0.1663626	0.5920373	0.1795063	0.1727291	0.6838940	0.9745529
650	0.0174506	0.6360965	1.0443652	0.0508202	0.1773395	0.0356476	0.0472907	0.0143319	0.8533725	0.4436096	0.1663929	0.0899822	0.0425352	0.0907974	0.8972682	0.5011694	0.4602972	0.9725832	0.9446875	0.8563119	0.0647037	0.5574523	0.8419873	0.9807513	0.9725301	0.9161718	0.8993679	0.0972317	0.1142847	0.0335139	0.3878246	0.0618191	0.6503399	0.7815873	0.2706931	0.8126115	0.2961705	0.6919878	0.4318616	0.0304904	1.0733117	0.4942709	0.0848927	0.0761801	0.7957398	0.5320071	0.4567858	0.7678587	0.8770838	0.3343428	0.0843826	0.4153787	0.7484383	0.0049952	0.7440268	0.5189041	0.8087584	0.2198570	0.3677229	1.0600910	0.3576856	0.5594364	0.2992965	0.2735507	0.5735278	0.2700625	1.0667502	0.7127114	0.3969310	0.2827522	0.3531485	0.2568993	0.2880881	0.7689968	0.2413873	0.1965553	0.9116997	0.3884423	0.2406942	0.6304548	0.7461298	0.9517834	0.1253277	0.4702870	0.9971049	0.4001276	0.5242693	0.5358271	0.6128291	0.5457568	0.5437972	0.2816468	0.3276831	0.5952360	0.0796600	0.5605578	0.2056796	0.0870570	0.5448813	1.0159918
700	0.0269221	0.6237108	1.0470447	0.0747298	0.3084438	0.0160392	0.0334631	0.0293023	0.8516522	0.4317959	0.0983643	0.0870059	0.0096982	0.1125412	0.8529038	0.4412961	0.4120325	1.0753196	0.9076124	0.9134311	0.0506606	0.5605936	0.8359212	0.9658876	0.9889298	0.7971594	0.8581152	0.1034772	0.2180803	0.0239513	0.4972077	0.0742092	0.7466562	0.8702873	0.2229433	0.8279495	0.3311326	0.6524212	0.4138987	0.0235976	0.9867299	0.3825719	0.0777089	0.0711802	0.8359189	0.5855249	0.5457138	0.7694370	0.8041267	0.3033184	0.0737185	0.4454820	0.7570392	0.0060897	0.7141951	0.5697138	0.8030364	0.2443096	0.4108156	0.9985793	0.3654436	0.5545311	0.1960904	0.2947723	0.5102709	0.3925135	1.1326637	0.7522700	0.4194916	0.1729850	0.3588567	0.3210235	0.2880850	0.8634264	0.2551826	0.2584688	0.9004523	0.2309079	0.2402178	0.5735909	0.7507996	1.0298897	0.1111134	0.5956855	1.0495556	0.3725491	0.5036665	0.7013076	0.6078576	0.7120857	0.4445694	0.3053488	0.3793895	0.5563008	0.0541212	0.5773097	0.2569469	0.0607254	0.4887279	0.9694903
750	0.0219839	0.6725080	1.0190912	0.0815960	0.3892514	0.0033271	0.0188585	0.0119243	0.7875813	0.2472040	0.1122917	0.1014996	0.0068724	0.1547793	0.8794715	0.3992414	0.4840361	1.0112829	0.9130086	0.9239039	0.0689148	0.5763423	0.9004241	0.9571090	0.9966749	0.7166856	0.9046530	0.0801568	0.2176358	0.0169431	0.4580719	0.0667937	0.7588110	0.8453555	0.2068754	0.8280632	0.4608307	0.7102878	0.4408946	0.0370580	0.9346985	0.3639096	0.0737091	0.0864640	0.8224127	0.6041667	0.5708548	0.8237113	0.6974185	0.3095287	0.0708117	0.4373713	0.7970693	0.0034075	0.7157687	0.5722069	0.7441763	0.2730535	0.5095908	0.8450529	0.5133138	0.5495308	0.1189326	0.2261627	0.5425979	0.4263337	1.1696227	0.6793572	0.5285667	0.0890912	0.3635571	0.2778019	0.2189806	0.8101305	0.2536103	0.3591785	0.9630708	0.2551367	0.2844641	0.6635941	0.7073669	1.0482114	0.1095040	0.6135514	0.9413852	0.3532547	0.4729509	0.7094486	0.6164082	0.8014570	0.5313937	0.2588550	0.3644128	0.4901217	0.0814774	0.5084821	0.2371576	0.0457102	0.4635637	0.9281193
800	0.0168409	0.6409510	1.0253788	0.1050967	0.3861369	0.0036412	0.0118788	0.0350357	0.8076269	0.2830383	0.1079335	0.1070639	0.0055008	0.1264965	0.9034095	0.3348512	0.5546146	1.0260777	0.9834042	0.8894386	0.0703205	0.6693511	0.8629542	0.9569317	0.9661483	0.7242001	0.8904628	0.1179672	0.1908648	0.0308699	0.3872068	0.0562561	0.7524688	0.8417385	0.2414346	0.9035619	0.4614309	0.7570112	0.4263201	0.0116864	0.9902196	0.3890587	0.0892450	0.0958360	0.6661836	0.5086415	0.5307683	0.9448519	0.7665340	0.3005725	0.0985375	0.3406383	0.9159208	0.0090671	0.7558707	0.5999425	0.7784563	0.2652823	0.4819405	0.9893090	0.6471289	0.5232693	0.0904960	0.2556841	0.4751453	0.4554005	1.0235254	0.6393101	0.4504770	0.0631951	0.3531247	0.1971028	0.1833503	0.8138529	0.3100434	0.3707270	0.9852568	0.3082692	0.2892424	0.6666101	0.7269529	0.9835425	0.1143053	0.7006803	1.0685736	0.3025327	0.4291524	0.7122810	0.5443733	0.8232884	0.5478917	0.2863579	0.3823126	0.5473377	0.1329172	0.5207016	0.2578498	0.0411540	0.4758153	0.9169781
850	0.0085283	0.7176594	1.1671164	0.1621862	0.4511844	0.0009761	0.0422701	0.0305654	0.8726343	0.3958697	0.1199743	0.1055296	0.0082043	0.1242929	0.8643486	0.3379542	0.4651965	0.9729014	0.9227134	0.8953742	0.0685317	0.5827336	0.9784712	1.0495286	0.8514283	0.7141037	0.8639065	0.0883011	0.1717665	0.0421274	0.3579310	0.0852267	0.6181366	0.8199618	0.2669592	0.9096101	0.3554872	0.7736517	0.4101349	0.0192337	0.9639685	0.4287764	0.0924605	0.1021859	0.6727453	0.5067845	0.5989505	0.9304463	0.8581904	0.2855026	0.0663591	0.4034420	1.0018117	0.0006311	0.7147998	0.5766751	0.7229119	0.3086771	0.4764116	0.9507818	0.7116219	0.5435454	0.1313936	0.2672392	0.4906853	0.5211276	0.9683376	0.6803626	0.4644163	0.0640678	0.3435542	0.1395840	0.1931486	0.8451320	0.2808633	0.3475748	0.9280894	0.2289273	0.3540792	0.6882103	0.8176408	0.9671719	0.0996087	0.6480561	0.9747699	0.2408142	0.3449930	0.6841218	0.6051966	0.8395426	0.4995536	0.2102556	0.3650930	0.4470308	0.1474935	0.5504678	0.2496997	0.0440493	0.4976600	0.9678511
900	0.0126928	0.6593848	1.1365536	0.1546922	0.5079016	0.0004297	0.0197285	0.0378306	0.9732693	0.4492303	0.1179629	0.1177468	0.0068518	0.1016010	0.9622563	0.3540212	0.4540518	1.0377809	0.9640124	0.9495893	0.0731060	0.5165418	1.0272737	0.9610791	0.8266345	0.6414878	0.7665907	0.0912399	0.1965501	0.0433201	0.3345242	0.0969005	0.6861360	0.6872480	0.2449154	0.8588800	0.2738489	0.7768980	0.4033375	0.0238907	0.9898217	0.4177101	0.0839141	0.1039163	0.6933225	0.4421484	0.6229540	0.7786837	0.8453220	0.3289802	0.0637726	0.3087084	0.9619380	0.0013458	0.7732987	0.5588669	0.7265900	0.3001835	0.5189316	1.0359300	0.8204778	0.5630753	0.2219354	0.2427275	0.5155394	0.5624537	0.9539420	0.6730941	0.5072690	0.0692674	0.3625413	0.2100682	0.2118637	0.8988405	0.3256686	0.4219036	0.9790226	0.2417759	0.2980954	0.7168006	0.7371819	0.9768423	0.1049435	0.5867146	0.9667382	0.3117716	0.2572885	0.6717465	0.5522815	0.8271449	0.3767430	0.1871076	0.4154956	0.5081585	0.1771702	0.6137962	0.2040368	0.0323473	0.4698042	0.9646436
950	0.0157908	0.6729480	0.9451002	0.1440176	0.5173012	0.0002644	0.0430090	0.0369831	0.8928890	0.4481253	0.1500293	0.1243972	0.0087887	0.1013925	0.9406516	0.3642265	0.4560031	1.0142384	0.9272233	0.8102113	0.1045165	0.5696990	0.9883831	1.0190961	0.7907860	0.7633690	0.7934431	0.0894607	0.2560355	0.0395080	0.4257563	0.0802593	0.5705917	0.7366858	0.2338630	0.7740516	0.2195593	0.7306087	0.3727586	0.0326032	0.9630427	0.4415927	0.0983067	0.0870641	0.6815163	0.4223161	0.5515273	0.8425370	0.8677834	0.3810113	0.0627302	0.2433294	0.9956829	0.0008796	0.7832299	0.5333346	0.7229016	0.3659899	0.4928696	0.9754369	0.9152564	0.5688980	0.2241246	0.3496279	0.5529001	0.5338370	0.9715342	0.6373847	0.5776334	0.0662361	0.3818455	0.2418032	0.1974790	0.9140745	0.2505469	0.4661157	0.9712952	0.2241039	0.2899500	0.5831268	0.7718182	0.9898600	0.1090942	0.5838459	1.0205035	0.3237082	0.2055812	0.5218290	0.5846771	0.7109690	0.4864327	0.2606581	0.3623129	0.5600020	0.1587557	0.6863655	0.2564301	0.0103407	0.4682306	0.9672753
1000	0.0157932	0.5747489	1.0644016	0.1475793	0.5536650	0.0027719	0.0321563	0.0289648	0.8645222	0.4363398	0.1478899	0.1119679	0.0035571	0.1282537	0.9891005	0.3988856	0.4886150	0.9411846	0.9184994	0.8594291	0.0708427	0.6131281	0.9054858	0.9989767	0.7984738	0.7586565	0.8017727	0.0697990	0.2483893	0.0469283	0.4036894	0.0804584	0.6855327	0.7347714	0.2815669	0.8462809	0.1926130	0.7373102	0.4043992	0.0245311	0.8891417	0.4780422	0.1139396	0.0824559	0.6870185	0.5077217	0.5109279	0.7592150	0.8514316	0.3197058	0.0630838	0.2882996	1.0056335	0.0000000	0.8039515	0.5172582	0.7371898	0.2468307	0.4575148	0.9947733	0.8438992	0.5507531	0.2757842	0.2767895	0.5692208	0.5290393	1.0657619	0.6682828	0.5588776	0.0514908	0.4063046	0.2128409	0.2058254	1.0345804	0.2481539	0.3960779	0.9033587	0.1772056	0.2336708	0.5847119	0.7364494	0.8822991	0.1124030	0.6892033	1.0346047	0.3192576	0.2801135	0.4580571	0.5769769	0.6681425	0.5008304	0.2823487	0.3903528	0.5573882	0.1142574	0.6422816	0.2654285	0.0205416	0.4985024	0.9562967

0	0.0094491	0.6355617	1.0459758	0.0876986	0.4170952	0.0015965	0.0357302	0.0201856	0.7842026	0.5482911	0.1482550	0.1067167	0.0074763	0.0795139	0.9263252	0.4386615	0.5117037	1.0187251	0.9869150	0.9112762	0.0675828	0.6396705	0.9879649	0.9056811	1.0249936	0.8053086	0.8415975	0.0956169	0.2807776	0.0361236	0.3476186	0.0945586	0.7647381	0.8073502	0.2691465	0.9854445	0.2644993	0.7761342	0.3511720	0.0142404	0.9503393	0.3956488	0.0912837	0.0721673	0.8039584	0.5632487	0.5721011	0.9104100	0.8750489	0.3877912	0.0490860	0.3690556	1.0040851	0.0016799	0.7496314	0.4296180	0.7445798	0.3138374	0.4763448	0.9977159	0.8917758	0.5763065	0.2317245	0.3844034	0.5377636	0.4876338	1.0898320	0.8135737	0.5024926	0.0491368	0.3912071	0.2335426	0.3169327	0.9297559	0.3112694	0.3637340	0.9584119	0.1589398	0.2670455	0.6498318	0.7931145	1.0351174	0.1402507	0.6535788	1.0095359	0.4184859	0.2245238	0.5131035	0.6073464	0.7854143	0.4606182	0.1309775	0.4648780	0.5528648	0.0723851	0.5781484	0.2784400	0.0363961	0.5378107	0.9932421
50	0.1364420	0.6691849	1.0884396	0.0917679	0.4844443	0.0000000	0.0385810	0.2954087	0.7617858	0.3127122	0.1530427	0.0865182	0.0076655	0.0835664	0.8945956	0.4067905	0.3598350	0.9561082	0.9911756	0.8152375	0.0695942	0.6500760	0.9444640	0.7641650	0.8957271	0.7228183	0.9937709	0.0955729	0.2833782	0.0626947	0.3771705	0.0779010	0.6564087	0.7255892	0.2090965	0.7893090	0.3590898	0.7476601	0.3166185	0.0322183	0.9204062	0.3982822	0.0541761	0.1737878	0.8443003	0.2741167	0.6305256	1.0262183	0.6798884	0.4525147	0.0819879	0.3522295	1.0946673	0.0050398	0.7500489	0.5138881	0.8731416	0.2029068	0.5152669	0.9865979	0.6545175	0.5867887	0.2878375	0.3709946	0.5058752	0.5327532	0.9711129	0.7274298	0.3746774	0.0480402	0.3826081	0.1480206	0.3164571	0.7993385	0.3887958	0.2636757	0.9441729	0.4682390	0.2060254	0.6436685	0.5620155	0.9310676	0.1207673	0.7702988	0.8411594	0.4097002	0.2576365	0.5423440	0.7305069	0.7034721	0.5112614	0.3059687	0.3739506	0.3972043	0.0590823	0.6484833	0.2630637	0.0345832	0.4001653	0.8640047
100	0.3247693	0.8914775	1.0063788	0.0904964	0.4657891	0.0024014	0.1436083	0.5448652	0.8329110	0.1996877	0.1584212	0.0939403	0.0024854	0.0211284	0.7922026	0.4364556	0.4886697	1.0008249	0.8999689	0.9703052	0.0683685	0.6539442	0.9632246	0.4312386	1.0659209	0.7073166	0.9292957	0.1007365	0.3410635	0.0696799	0.3997380	0.0933446	0.6178028	0.7234063	0.2317313	0.5760846	0.3637579	0.7708002	0.1455803	0.0238602	0.9228746	0.4403728	0.0831280	0.2080580	0.8591289	0.1828049	0.7854982	0.9666971	0.5516864	0.3645674	0.0687680	0.3325230	0.9961148	0.0164861	0.8412420	0.4807473	0.8987046	0.1549804	0.4227362	0.9891020	0.7087140	0.5867326	0.2648754	0.4521563	0.4704447	0.4850809	0.9351783	0.7201426	0.3995936	0.0569953	0.3398885	0.1616454	0.2759422	0.7836151	0.4574295	0.3965972	0.7882762	0.4375601	0.1510526	0.6456978	0.5781812	0.9637486	0.1263324	0.8397743	0.7892925	0.4159371	0.3244542	0.6417437	0.6829763	0.7674920	0.5007363	0.3492964	0.3091886	0.2963432	0.0541843	0.6297070	0.2247975	0.0358776	0.3025403	0.9521033
150	0.4280669	1.0209169	0.9642620	0.1094672	0.4880233	0.0083661	0.2065393	0.7452263	0.9944217	0.1403544	0.2125065	0.0991119	0.0060178	0.0362520	0.8216252	0.4281681	0.5121011	0.9274036	0.7457618	0.8513718	0.0945472	0.6079288	0.9348318	0.3498333	0.9675984	0.6177848	0.9667537	0.0707838	0.3929112	0.1126025	0.4481274	0.0903382	0.6343544	0.7713648	0.2947145	0.3386326	0.4299776	0.7055178	0.0544530	0.0330666	0.8833356	0.4559285	0.1144125	0.2915310	0.8977876	0.0811909	0.7017211	1.0144982	0.4738934	0.3244465	0.0407281	0.3131791	0.9345393	0.0794933	0.8018097	0.5444677	0.8382261	0.1604438	0.5072291	0.9835566	0.8268233	0.5219711	0.2925154	0.5321137	0.5327433	0.5606288	0.9827690	0.8265365	0.4067837	0.0342119	0.3117436	0.1141051	0.3234986	0.7793364	0.5235021	0.4189137	0.7975524	0.3275719	0.1226802	0.6284790	0.5149101	0.9308623	0.1053886	0.7598557	0.5901767	0.4171395	0.4677599	0.6270701	0.7223179	0.6384779	0.5764050	0.4128498	0.2070093	0.2821544	0.0793153	0.5728877	0.2513103	0.0311642	0.2390969	1.0438473
200	0.4310109	1.0114096	1.0863265	0.0725881	0.4379301	0.0214220	0.2490788	0.7597088	0.9386417	0.1318556	0.3397707	0.0978728	0.0036802	0.0427398	0.7955157	0.4803452	0.4877051	0.9751295	0.7018247	0.8842433	0.1379986	0.7528694	0.8364942	0.3439810	0.9412849	0.7167304	0.9181796	0.0721330	0.5882979	0.1195061	0.4606575	0.0826445	0.6110114	0.7891498	0.4556026	0.1874071	0.4336071	0.7278759	0.0261146	0.0207812	0.8836025	0.4923337	0.2095254	0.3329044	0.8320636	0.0674982	0.7095238	1.0246817	0.5090318	0.2606264	0.0221933	0.3548412	0.9447527	0.2721072	0.8690522	0.6523525	0.8621318	0.1412762	0.5454541	1.0074419	0.8436906	0.5531355	0.2255934	0.5212815	0.5597802	0.5461428	1.0216893	0.7457244	0.4531392	0.0287496	0.3826655	0.1177210	0.3645240	0.8555488	0.4063033	0.5347535	0.7583119	0.1835633	0.1005336	0.7115496	0.4854323	0.7535540	0.1103003	0.7791135	0.5695593	0.3374856	0.5403751	0.7948565	0.7022011	0.5519911	0.6353079	0.4151363	0.2515146	0.2216918	0.1093394	0.6289878	0.2940388	0.0336225	0.2076742	1.0112344
250	0.4931943	0.9589352	1.0201413	0.0570744	0.4704259	0.0245834	0.3156977	0.7915763	1.0188899	0.1056589	0.4827672	0.1061135	0.0015486	0.0841118	0.7741571	0.5141846	0.4346015	0.9647211	0.7692210	0.7874082	0.2074449	0.8417178	0.8122542	0.4071825	0.9873427	0.5532239	0.8862491	0.0504588	0.6695176	0.0976320	0.4223201	0.0542970	0.6474912	0.6743487	0.6419808	0.0943137	0.4623881	0.7692144	0.0082023	0.0481333	0.9565443	0.3940137	0.3771002	0.3967507	0.9546726	0.0596490	0.8009806	1.0911766	0.5625269	0.2406543	0.0140581	0.4025161	0.8469702	0.4674413	0.7818479	0.6377542	0.8592215	0.2065351	0.5813627	0.8958456	0.7700509	0.5103704	0.2296260	0.5837432	0.5548582	0.5203981	1.0688886	0.7223007	0.4779308	0.1310648	0.3781715	0.0503699	0.4079339	0.8787796	0.4645885	0.4854974	0.7212275	0.1837893	0.0741884	0.6839785	0.4507979	0.6832978	0.1610539	0.9698659	0.5703756	0.4029073	0.5241437	0.8416968	0.7148352	0.4608710	0.6465519	0.4113099	0.1981530	0.2103257	0.1650158	0.6735855	0.3718990	0.0183921	0.1878394	0.9790398
300	0.4652973	0.9223369	0.9390823	0.0633680	0.4285739	0.0334350	0.2730128	0.8069538	0.9871107	0.1454700	0.5757977	0.1208674	0.0004096	0.0826050	0.8458035	0.5723256	0.5239023	0.9815362	0.7168692	0.7155839	0.2666121	0.8448713	0.8071289	0.3685676	0.9164155	0.7411792	0.8098531	0.0555640	0.6279988	0.1109791	0.5571784	0.0512275	0.7347728	0.6606303	0.7258664	0.1035679	0.3859647	0.7274823	0.0157945	0.2737776	1.0646360	0.3201412	0.5705508	0.4216590	1.0272040	0.0887039	0.6882454	1.0168874	0.4502075	0.2954174	0.0362484	0.5162170	0.7346255	0.5034931	0.8220974	0.7445122	0.8346214	0.3084731	0.5011865	0.9121017	0.6604510	0.4715462	0.1440808	0.5075777	0.5362623	0.4192336	1.0597723	0.7826671	0.4238158	0.2239351	0.3456928	0.0264702	0.5260697	0.9250249	0.4409100	0.5658261	0.7666678	0.2055754	0.0702253	0.6064483	0.5278847	0.6217752	0.2503496	0.9203998	0.4810345	0.3847094	0.5003653	0.8288541	0.8260753	0.5441581	0.7480040	0.5240627	0.2292166	0.1989353	0.2056743	0.7355891	0.4271899	0.0122112	0.1186744	1.1118272
350	0.4888610	0.9452623	0.9427346	0.0428297	0.4991321	0.0450358	0.2699139	0.8030157	0.9549939	0.1800042	0.4852927	0.1014920	0.0005556	0.0617377	0.7254268	0.5492476	0.5647152	0.9213828	0.6991468	0.7759914	0.2582532	0.8929000	0.7242861	0.4428259	0.8767758	0.7319714	0.7164635	0.0846457	0.6067389	0.1094813	0.4370261	0.0679153	0.6028604	0.7054418	0.7905174	0.0546300	0.4026051	0.7646701	0.0350042	0.6141340	0.9024771	0.2382018	0.6855285	0.4657611	0.9649541	0.0759107	0.7656722	0.9791129	0.5488682	0.2665161	0.0340410	0.5679861	0.7944386	0.4425133	0.8414655	0.7300740	0.8020680	0.4272550	0.5034666	0.9630490	0.5977846	0.3441445	0.1600352	0.5008438	0.5317494	0.3045776	0.9833089	0.7426592	0.3452761	0.3027761	0.2736090	0.0114252	0.6826120	0.9445685	0.4291660	0.5797489	0.6513113	0.1210018	0.0613587	0.5580473	0.3909825	0.7017802	0.2641085	0.9328430	0.5323160	0.3370668	0.5546634	0.9204928	0.9632959	0.7331563	0.7162855	0.5017331	0.2246418	0.2245608	0.3272845	0.6970957	0.6486214	0.0262299	0.0551490	1.0367504
400	0.5039290	1.0891797	0.9572411	0.0442352	0.4197919	0.0566506	0.1409174	0.8690531	0.9586140	0.1622163	0.5465089	0.1057622	0.0031749	0.0800597	0.7040256	0.4857759	0.5276013	0.8336157	0.6993887	0.7633479	0.3237929	0.8130214	0.7524614	0.4019203	0.8612643	0.8001719	0.7443772	0.1020639	0.4835017	0.1177783	0.4220556	0.0759622	0.6603438	0.7631425	0.7468008	0.0677331	0.3781565	0.6866820	0.0301179	0.9015059	0.6424177	0.1896564	0.8541595	0.4244981	0.8218765	0.0703995	0.7401020	1.0525231	0.6276426	0.2939273	0.0380688	0.5114164	0.7873546	0.5485718	0.7386392	0.7978259	0.8674192	0.4513002	0.6547577	0.9246053	0.6165366	0.3154360	0.2342005	0.5213861	0.5559709	0.1621217	1.0833255	0.7925801	0.3535307	0.2649953	0.2505175	0.0026853	0.7487729	0.8280670	0.4386006	0.6073998	0.6252573	0.1435800	0.0764878	0.5751608	0.4271558	0.5905196	0.2357409	0.9125434	0.4616253	0.3495690	0.5370690	0.9470192	0.9168286	0.8066753	0.7122928	0.4947688	0.2665334	0.2471640	0.3578230	0.6418901	0.6521541	0.0345607	0.0243527	1.0769402
450	0.4981633	1.0328042	1.0146515	0.0610202	0.3941857	0.0285712	0.0962683	0.8902128	0.9486898	0.1516346	0.4380816	0.1205112	0.0056501	0.0939925	0.7327115	0.4858718	0.6121947	0.9180240	0.7492027	0.8150631	0.2970955	0.7704573	0.7183422	0.4128013	0.7455746	0.7535409	0.7800723	0.1027213	0.3410770	0.1250138	0.4331718	0.0757228	0.5450459	0.6956344	0.7352851	0.0962007	0.4243906	0.7342435	0.0207583	0.9184186	0.4096483	0.1640671	0.8679511	0.4103218	0.7686753	0.0824429	0.7459160	1.0547897	0.6506725	0.2641157	0.0468275	0.5813793	0.7941454	0.5956925	0.7752342	0.7295362	0.9101819	0.3655151	0.7642440	0.8975970	0.5840984	0.2955578	0.2305331	0.4968072	0.5274051	0.1115767	1.0550349	0.8757943	0.3310537	0.2795780	0.2795637	0.0045218	0.8081051	0.9422707	0.4864258	0.5958955	0.5477540	0.1460898	0.0673952	0.5332521	0.4164527	0.6439612	0.2344389	0.8996155	0.4900345	0.3240788	0.4187539	0.9604569	0.8720455	0.8719404	0.5537558	0.4822537	0.3436819	0.1816334	0.4429907	0.7309756	0.6355667	0.0319185	0.0136192	1.1203363
500	0.5494149	1.1332191	1.1027816	0.0724616	0.3694128	0.0207666	0.1028550	0.7852564	0.9676158	0.1424637	0.4963647	0.1369200	0.0088911	0.0929851	0.7728675	0.5052768	0.4461619	0.9537832	0.7320966	0.7620890	0.2899866	0.7868618	0.8730745	0.4073193	0.7835514	0.6558294	0.7200294	0.0864695	0.2316021	0.1006396	0.3738159	0.1051747	0.5755887	0.7715419	0.7285403	0.0901938	0.4347375	0.7397646	0.0204922	0.9642004	0.2374679	0.1507602	0.7856527	0.4095670	0.7497224	0.0883502	0.6519991	0.9831344	0.5243118	0.2313568	0.0742352	0.5652929	0.8991710	0.6445370	0.6556999	0.6939496	0.8603066	0.4380769	0.7197088	0.8334975	0.5301982	0.2814342	0.2404006	0.5793016	0.5823403	0.0859676	0.9678896	0.8595924	0.3481354	0.2671390	0.2450751	0.0123877	0.7319421	1.0565477	0.4613952	0.4508136	0.5170921	0.1820301	0.0820194	0.6259273	0.4932214	0.6945809	0.2401840	0.7607783	0.4625675	0.3478801	0.3755198	0.9599067	0.7101306	0.9088955	0.5383066	0.6529208	0.3682055	0.2103167	0.5682710	0.7157479	0.4909012	0.0203236	0.0016890	1.0892689
550	0.4402819	0.9320223	1.0316329	0.1149577	0.4307994	0.0100059	0.0777101	0.5600375	0.8660348	0.1533783	0.4284648	0.1248630	0.0086497	0.0928562	0.7052389	0.4640207	0.4743047	0.9172739	0.7028544	0.7872671	0.2395448	0.7467001	0.8206420	0.6303344	0.7537764	0.6444289	0.7282090	0.0859014	0.1827793	0.0648487	0.3606706	0.1027690	0.4796227	0.6499367	0.7953989	0.1565008	0.2532282	0.6732277	0.1155336	0.9240344	0.1643265	0.1654175	0.7158668	0.2728146	0.7143160	0.2536613	0.7025065	0.6588258	0.7057141	0.2482321	0.0985626	0.5605075	0.8236829	0.6251738	0.8087527	0.7912143	0.7981855	0.5444709	0.7130522	0.8746583	0.5911765	0.2627920	0.3020933	0.4642553	0.5418772	0.0839781	1.0057958	0.8119350	0.3747073	0.2527516	0.2741173	0.0206876	0.6817638	0.9845359	0.3607730	0.3820821	0.4824797	0.1474267	0.0705319	0.5380648	0.6189180	0.6919949	0.2537994	0.5490041	0.4859626	0.2599024	0.2888302	0.7261076	0.6324725	0.8786976	0.4915253	0.6126376	0.3662775	0.2798978	0.6679715	0.7395170	0.5035606	0.0331419	0.0047569	0.8713108
600	0.2520324	0.7572127	0.9985163	0.1710889	0.4319479	0.0106211	0.0645305	0.2969477	0.8288051	0.1438711	0.3232305	0.0890863	0.0099851	0.1377594	0.8821581	0.4984589	0.5411121	0.9198091	0.7944606	0.7287778	0.2124221	0.8707305	0.8726433	0.7868318	0.7549439	0.6991980	0.6534449	0.0657695	0.1711554	0.0525637	0.4309393	0.1316622	0.5664828	0.8148898	0.8987995	0.4268964	0.1170827	0.7152326	0.2318882	0.9200616	0.1013598	0.2254630	0.5438443	0.1413154	0.5680943	0.3339524	0.5132095	0.5071219	0.7732568	0.2712804	0.1200491	0.4709226	0.7211103	0.3442528	0.8130245	0.5728187	0.7107843	0.5658650	0.7417747	0.9093688	0.6474619	0.3338044	0.4350285	0.3760290	0.4872408	0.1324440	1.0418914	0.7852563	0.3535774	0.3064677	0.3505370	0.0839783	0.6086048	1.0237996	0.2559739	0.2939580	0.4872953	0.1206106	0.0808650	0.6034641	0.5915955	0.7600283	0.2230863	0.5469720	0.4513949	0.2987866	0.2502767	0.4829950	0.6270571	0.9003513	0.4691660	0.6501367	0.4685406	0.4676780	0.8382452	0.6180255	0.6027507	0.0504963	0.0228714	0.7569926
650	0.1577654	0.6918623	0.9938007	0.1830209	0.4883698	0.0015705	0.0897553	0.1653351	0.8591873	0.0907422	0.2246761	0.0818388	0.0105036	0.1269279	0.8010162	0.5532703	0.5753593	0.9187088	0.8844153	0.7646097	0.1717736	0.6814944	0.8991497	0.8916353	0.6934063	0.6228482	0.6947411	0.0747874	0.1306388	0.0521341	0.5084122	0.1730967	0.5620101	0.7582633	0.7043529	0.6251012	0.1030187	0.6990431	0.3849325	0.6062655	0.2129064	0.2782666	0.2927430	0.1019345	0.6848707	0.5588323	0.3371204	0.5340828	0.7574984	0.3029363	0.1011261	0.4822144	0.4596832	0.1594293	0.6569337	0.4521860	0.6941423	0.6146019	0.6012071	0.9423424	0.7040340	0.3148586	0.4076984	0.3093847	0.5428916	0.1978169	0.8789004	0.7879107	0.3630613	0.3893675	0.3601440	0.1730884	0.6633509	0.9268697	0.2094842	0.1940843	0.5490177	0.0869068	0.1690603	0.5614457	0.7105346	0.8877569	0.2183162	0.5024665	0.5898590	0.3370111	0.2438805	0.2682416	0.6205443	0.8567192	0.4677374	0.5816410	0.4780736	0.5141937	0.8088548	0.5777161	0.5942981	0.0356222	0.0342745	0.8842307
700	0.0599643	0.6474913	0.9652461	0.2380562	0.4315268	0.0005282	0.0587400	0.1035886	0.9017963	0.0667999	0.2183958	0.0874527	0.0066612	0.0994713	0.9026343	0.4927592	0.5382717	0.8734686	0.9421878	0.8514647	0.1349178	0.6781432	0.9836779	0.9656792	0.7559945	0.7310316	0.7093776	0.0484793	0.1762858	0.0382648	0.4183603	0.1612386	0.6134956	0.8796095	0.5209965	0.7925928	0.2583367	0.7627826	0.3347547	0.3395168	0.4208706	0.2634501	0.1527246	0.0519227	0.7146258	0.7349239	0.2930314	0.6237634	0.8007426	0.3176668	0.0689513	0.4559928	0.4437654	0.0755986	0.5704394	0.4172614	0.7062639	0.4685961	0.5988552	0.9807300	0.7156542	0.3592932	0.4288211	0.3284961	0.5482024	0.3465614	0.8820725	0.8065925	0.3843080	0.2568296	0.3817858	0.1901911	0.5836045	0.9502397	0.2801316	0.2133124	0.5658174	0.0640526	0.2095264	0.5818642	0.8326158	1.0463799	0.1974778	0.3616041	0.7350385	0.2911405	0.2525487	0.1313930	0.6296070	0.7704312	0.4428118	0.5863406	0.4815358	0.5581601	0.8266984	0.5609117	0.5693811	0.0322990	0.0467216	0.8957832
750	0.0465489	0.6896995	1.0258245	0.2547319	0.3955121	0.0008952	0.0419146	0.0763861	0.9626717	0.0383975	0.2314723	0.0882909	0.0130967	0.1197853	1.0007623	0.5340812	0.4578575	1.0025354	0.9115458	0.9381306	0.0858163	0.7149653	1.0664524	1.0731489	0.7194651	0.7482081	0.7340382	0.0713823	0.1932639	0.0614949	0.4871427	0.1542754	0.6413692	0.9893521	0.3579395	0.7880824	0.4267903	0.7845172	0.3272052	0.1294149	0.5189539	0.3669130	0.0990849	0.0514598	0.5961312	0.8501694	0.3544622	0.7426123	0.8993284	0.3276263	0.0814075	0.4017415	0.3546469	0.0490981	0.6792726	0.4200171	0.7305824	0.3997695	0.4697907	0.9870036	0.6368175	0.4378248	0.4414892	0.3110993	0.5657098	0.4232510	0.9451323	0.8056328	0.3985949	0.1825364	0.3312758	0.2699104	0.5192858	0.9275479	0.2855236	0.2927169	0.6151507	0.1297582	0.2659329	0.7116364	0.7708469	1.0055242	0.1592496	0.3429350	0.7517036	0.2256478	0.2142033	0.0679763	0.6529209	0.6633722	0.4684484	0.5425590	0.4360057	0.5581899	0.6490669	0.5885603	0.3931471	0.0193051	0.0371353	0.9612498
800	0.0335125	0.6481501	0.9972440	0.2737349	0.4213925	0.0016886	0.0265578	0.0422980	1.0083991	0.0372188	0.1761365	0.0741512	0.0044628	0.1349936	0.8507613	0.6035094	0.4143158	1.0750797	0.9662403	0.9874015	0.0840467	0.6820353	0.9972386	1.0635252	0.6894471	0.6560318	0.7000403	0.0757856	0.2980454	0.0660727	0.4194051	0.1383689	0.5741007	1.0425139	0.3444526	0.9343286	0.5806012	0.7574520	0.3235112	0.0839463	0.7276125	0.4485439	0.0912551	0.0822276	0.6618544	0.8208619	0.4069625	0.8234214	0.9379159	0.3367657	0.1156538	0.4030023	0.3627822	0.0374187	0.7110221	0.4136964	0.7525795	0.3825921	0.5149607	1.0217433	0.6623774	0.5265315	0.3948052	0.2954076	0.6277724	0.5172626	0.9090382	0.7528662	0.3324689	0.1156645	0.4018376	0.2699411	0.4321211	0.8449907	0.2218766	0.4365525	0.7310560	0.1755983	0.3287893	0.7971147	0.7373608	1.0419047	0.1285957	0.4315915	0.8390467	0.3242888	0.1503202	0.0703646	0.5674275	0.5353480	0.4778124	0.5667620	0.4236039	0.5432408	0.5235272	0.5216287	0.4154865	0.0290334	0.0599739	0.9715587
850	0.0091610	0.5874013	1.0454197	0.2536019	0.5147979	0.0015487	0.0299691	0.0249171	1.0320740	0.1575811	0.1439374	0.0775870	0.0086281	0.1028821	0.8516378	0.5590071	0.4481173	1.1531266	0.9697968	0.9210192	0.0969614	0.6276355	0.9218996	0.9621654	0.7077217	0.6931689	0.7273185	0.0617444	0.3436915	0.0523581	0.4261554	0.1167158	0.6279704	0.8234073	0.3051000	1.0220239	0.6129167	0.6957251	0.3878018	0.0287816	0.7509810	0.4577662	0.0954389	0.1290834	0.5532702	0.6382634	0.5044688	0.7724269	0.9242418	0.2952779	0.1491425	0.3976524	0.4278987	0.0101292	0.7339765	0.3091536	0.8152533	0.4314944	0.4648443	0.9976452	0.6115165	0.5345602	0.3673743	0.3424915	0.6093733	0.6693850	0.9494133	0.7758740	0.3932699	0.0539820	0.3857890	0.1840846	0.3922898	0.8575666	0.1968434	0.5253748	0.8072864	0.2742986	0.3697721	0.7483606	0.8556755	1.0040697	0.1281317	0.5737258	0.8758989	0.3377156	0.1068718	0.1621145	0.5137404	0.6592483	0.4865799	0.4501645	0.4429541	0.5473930	0.4545766	0.5885653	0.3166712	0.0259504	0.1814676	1.0012610
900	0.0084680	0.6020526	0.9832195	0.2406790	0.5109688	0.0025878	0.0258736	0.0101827	1.0127757	0.3421871	0.1869361	0.1121372	0.0086448	0.1156281	0.9049448	0.4820669	0.3586726	1.0064763	1.0034619	0.8991390	0.0767365	0.5876132	1.0350321	1.0029743	0.6933297	0.6858523	0.7386544	0.0750864	0.2815910	0.0547395	0.5200051	0.1042387	0.6449880	0.8471161	0.2719365	0.9224407	0.5241855	0.7306876	0.4209753	0.0139570	0.8542425	0.5294262	0.0914020	0.1589768	0.6268193	0.5692339	0.4438612	0.8247656	0.7417441	0.3361013	0.0903765	0.3717640	0.6375675	0.0154312	0.8069294	0.3539504	0.8111092	0.3642285	0.4826569	1.0031350	0.6943308	0.5466010	0.3925692	0.2713498	0.5949149	0.5719013	0.9393353	0.7276951	0.3779509	0.0393350	0.3955420	0.1717605	0.3890646	0.7396706	0.2344113	0.6532153	0.8212490	0.2441669	0.3660773	0.7181846	0.8838428	0.9843773	0.1044139	0.6416113	0.9523601	0.3127746	0.0814034	0.2993472	0.4745209	0.7042357	0.4471574	0.3933695	0.4515740	0.5971212	0.4689224	0.5791093	0.3552409	0.0203844	0.3459482	1.0359585
950	0.0052958	0.6312625	0.9781193	0.2549852	0.5168826	0.0062471	0.0450374	0.0075030	0.8653780	0.4468744	0.1785349	0.1225085	0.0004752	0.1507867	0.9110683	0.4651946	0.4177508	0.9885679	0.9245190	0.9356141	0.0720471	0.7406153	0.9874771	0.9856507	0.7192248	0.7352191	0.7423985	0.1351579	0.2664930	0.0531258	0.5501660	0.0952620	0.6441888	0.9035912	0.2547324	0.9030325	0.4162480	0.7533320	0.4212666	0.0161169	0.9581974	0.5563317	0.0934639	0.1318384	0.6492071	0.7062259	0.4744399	0.8376980	0.8082607	0.3181736	0.1031593	0.4377572	0.8274181	0.0129588	0.7228464	0.4285057	0.7981381	0.3701931	0.4878085	1.0707522	0.7426166	0.5486184	0.3765226	0.3096506	0.6533007	0.6485279	1.0616256	0.7118459	0.4174173	0.0563730	0.4242379	0.1993351	0.3189400	0.8326845	0.2474366	0.6334666	0.8236299	0.2476483	0.3375393	0.5970429	0.8295277	0.9852617	0.1314269	0.7167557	0.9313688	0.3425952	0.0838949	0.3591608	0.4563337	0.7047010	0.4358744	0.2905145	0.3542171	0.6716238	0.4366154	0.6128731	0.2349825	0.0478566	0.4371109	0.9263724
1000	0.0188406	0.6751562	1.1038485	0.1915080	0.4712976	0.0045622	0.0314588	0.0181397	0.9864688	0.4735524	0.1977119	0.0867332	0.0028311	0.0997895	0.8412905	0.4610473	0.4073977	1.0155949	1.0026310	0.9029183	0.0671629	0.6468275	1.0443356	1.0147797	0.7490182	0.6745992	0.8796988	0.1242302	0.2797795	0.0400961	0.5676317	0.0850324	0.6385147	0.9177262	0.2646458	0.8762205	0.4330720	0.7297149	0.4144608	0.0175970	1.0026502	0.5424486	0.0732654	0.1203926	0.6152839	0.6037539	0.5880597	0.8148425	0.7743543	0.3528266	0.1003367	0.4287729	0.9610184	0.0095088	0.6838536	0.4739121	0.7391305	0.3338843	0.4171631	0.9750744	0.7069288	0.5641720	0.4022260	0.3335735	0.6225304	0.6074199	1.0242514	0.6632192	0.4500497	0.0334143	0.3418429	0.1720632	0.2661484	0.9200821	0.2378738	0.5336992	0.9275477	0.2354577	0.2702068	0.6510247	0.8145995	1.0080309	0.1173601	0.7330725	0.9033956	0.3329916	0.0908790	0.3747669	0.4122530	0.5867391	0.4879746	0.2669703	0.3444628	0.6225300	0.4164207	0.6276728	0.2540435	0.0395253	0.5219879	0.8216270

0	0.0094491	0.6355617	1.0459758	0.0876986	0.4170952	0.0015965	0.0357302	0.0201856	0.7842026	0.5482911	0.1482550	0.1067167	0.0074763	0.0795139	0.9263252	0.4386615	0.5117037	1.0187251	0.9869150	0.9112762	0.0675828	0.6396705	0.9879649	0.9056811	1.0249936	0.8053086	0.8415975	0.0956169	0.2807776	0.0361236	0.3476186	0.0945586	0.7647381	0.8073502	0.2691465	0.9854445	0.2644993	0.7761342	0.3511720	0.0142404	0.9503393	0.3956488	0.0912837	0.0721673	0.8039584	0.5632487	0.5721011	0.9104100	0.8750489	0.3877912	0.0490860	0.3690556	1.0040851	0.0016799	0.7496314	0.4296180	0.7445798	0.3138374	0.4763448	0.9977159	0.8917758	0.5763065	0.2317245	0.3844034	0.5377636	0.4876338	1.0898320	0.8135737	0.5024926	0.0491368	0.3912071	0.2335426	0.3169327	0.9297559	0.3112694	0.3637340	0.9584119	0.1589398	0.2670455	0.6498318	0.7931145	1.0351174	0.1402507	0.6535788	1.0095359	0.4184859	0.2245238	0.5131035	0.6073464	0.7854143	0.4606182	0.1309775	0.4648780	0.5528648	0.0723851	0.5781484	0.2784400	0.0363961	0.5378107	0.9932421
50	0.0177833	0.6172549	1.0426402	0.1489306	0.4589845	0.0029503	0.2976504	0.0230031	0.7605659	0.4466453	0.1221458	0.3025648	0.0018356	0.0849996	0.9971121	0.3850763	0.4431315	1.0472960	1.0469960	0.8463633	0.0711654	0.7102117	1.0200698	1.0756351	0.8737128	0.6880126	0.8058734	0.1016078	0.1974408	0.0348624	0.4082409	0.0818862	0.5684208	0.8400796	0.2635993	1.0232538	0.2574203	0.5963005	0.3666964	0.3639104	0.8936101	0.4850782	0.2643338	0.0667982	0.6438915	0.4538048	0.5467099	0.8333523	0.8660958	0.3290992	0.0624718	0.3452722	0.6918643	0.0049040	0.7692933	0.5028923	0.8456866	0.2865449	0.4357164	0.9078954	0.6465868	0.5380764	0.1673618	0.3143730	0.4310639	0.4525640	1.0296508	0.7414655	0.4668111	0.2251104	0.4482864	0.2499529	0.2377575	0.9186164	0.2329637	0.3105877	0.8373362	0.5811758	0.4259584	0.5552883	0.7790018	1.0297879	0.1200690	0.6373471	1.0442004	0.3495813	0.2432451	0.4075232	0.5591480	0.7185509	0.4665690	0.3738103	0.4643321	0.4957973	0.0876065	0.5203139	0.3501164	0.3015966	0.4549627	0.9788473
100	0.0255154	0.6478016	1.0974056	0.2387404	0.3359229	0.0311578	0.4912646	0.0224556	0.6145311	0.4193731	0.1146911	0.4052802	0.0017114	0.0823075	0.8333589	0.4070928	0.4175189	1.0807797	0.8928004	0.6873135	0.0959999	0.6471642	1.0459570	1.0139070	0.7899274	0.6576635	0.8291722	0.0769807	0.1952631	0.0302908	0.3184017	0.1620294	0.6074146	0.8735845	0.2949999	0.8614861	0.1689622	0.5449374	0.3571238	0.6706675	0.8845467	0.4719632	0.4160620	0.0712731	0.4961585	0.4944334	0.6535078	0.8474425	0.8276409	0.3346560	0.0386867	0.2193976	0.7079519	0.0000110	0.7803490	0.4940036	0.8404469	0.3594474	0.4394681	0.9980276	0.7200234	0.4778992	0.1205359	0.3197426	0.2882291	0.4944948	1.0402079	0.7033073	0.4987533	0.4449138	0.6316663	0.2784472	0.2144621	0.8591174	0.1574385	0.2885715	0.8649922	0.6247163	0.6147500	0.5846901	0.9215834	0.9864648	0.1329885	0.5559496	0.9828436	0.3505189	0.2441392	0.4312533	0.7385141	0.8008592	0.4268903	0.6137570	0.4876735	0.5323764	0.2569349	0.5136426	0.5538226	0.5268648	0.2596445	1.0571766
150	0.0317782	0.5713385	1.0162967	0.3628112	0.3250285	0.1098290	0.4984360	0.0275399	0.8095552	0.3957277	0.1184857	0.4273235	0.0202402	0.1070574	0.7920137	0.4208321	0.3794217	1.0843581	0.9184568	0.5555133	0.0747051	0.6432084	1.0236001	0.9163838	0.7582870	0.6974305	0.8350499	0.0876129	0.1314299	0.0412450	0.2794329	0.1989313	0.6189902	0.7929159	0.3338521	0.7613976	0.1446267	0.5547935	0.3986102	0.8124431	0.9562151	0.5084287	0.5826889	0.0546424	0.4667969	0.4844120	0.6091774	0.8523505	0.7648962	0.2918696	0.0333823	0.1380390	0.6161915	0.0004215	0.7414252	0.3786641	0.7692583	0.4138178	0.5169200	1.0710568	0.8278560	0.4022282	0.1236696	0.3355642	0.2223038	0.3787182	0.9539200	0.7095342	0.4700089	0.5048517	0.7877270	0.3097029	0.1621325	0.9080884	0.1704482	0.3021087	0.9485784	0.6432369	0.6251068	0.5708071	0.9984138	0.9417639	0.0845394	0.5633525	1.0335533	0.3232852	0.2360517	0.4898653	0.6832516	0.9509500	0.4535797	0.6910800	0.5831526	0.5285295	0.3638870	0.6668879	0.5831166	0.6764098	0.1429879	1.0410044
200	0.0295703	0.5798511	1.0519888	0.5209668	0.1876723	0.1082647	0.6647098	0.0175703	0.9163561	0.3036406	0.1805351	0.4078513	0.0197457	0.1525986	0.7611248	0.4254644	0.3800321	1.0320063	0.9038987	0.5515140	0.0804151	0.6557721	1.0294029	0.9565550	0.8332184	0.6099669	0.7393485	0.0988088	0.1135455	0.0274385	0.3268226	0.2197780	0.5450622	0.7782060	0.3187364	0.7865700	0.1330466	0.5644693	0.3891304	0.8987986	1.0102526	0.5131644	0.5649974	0.0651694	0.3824646	0.5053561	0.6850656	0.8089099	0.7874039	0.2815427	0.0268607	0.1538343	0.6251675	0.0003453	0.8289466	0.2941962	0.7660510	0.4653004	0.4901398	0.9890897	0.8461564	0.3166223	0.1106878	0.4442435	0.2487658	0.2623019	0.9120677	0.6268532	0.4025237	0.5481004	0.9551860	0.2848657	0.2419797	0.9492719	0.1821038	0.2753760	0.8962199	0.5661883	0.6313161	0.6643594	0.9440445	0.8380392	0.0897202	0.4621302	0.9610612	0.2856300	0.2296598	0.3975474	0.7326727	0.9634376	0.5460650	0.7826423	0.6764203	0.5627309	0.5318137	0.6942085	0.6940339	0.6709660	0.0976982	0.9896658
250	0.0294843	0.5732132	0.9605822	0.4841682	0.1076581	0.1418534	0.5398610	0.0201832	0.9320475	0.4048145	0.2050804	0.4547074	0.0412962	0.1166456	0.6344900	0.5183260	0.3013440	0.9556827	0.9550220	0.5006736	0.0542568	0.7190630	0.9734833	0.9249795	0.7650645	0.7916231	0.7361069	0.1399490	0.1347130	0.0318784	0.3627659	0.2346546	0.4960756	0.7285602	0.3253842	0.8137564	0.0978541	0.5036000	0.5140265	0.9145690	1.0259014	0.5260248	0.6482483	0.0467062	0.4129647	0.4101582	0.6748729	0.8872806	0.7025545	0.2734606	0.0343630	0.2014314	0.4875285	0.0018720	0.7257885	0.2221760	0.7256863	0.4740740	0.4368156	0.9385401	0.6958706	0.2776657	0.1591593	0.4576889	0.2167122	0.1454612	0.9434051	0.5499831	0.4017732	0.6124300	0.8917272	0.2590290	0.2861461	0.9406248	0.1235510	0.3028102	0.9379298	0.6052627	0.6193216	0.6635373	0.8925412	0.8215381	0.0786466	0.3905120	0.9968745	0.2895580	0.2350850	0.3210772	0.6260910	0.8341734	0.4353985	0.7335011	0.6821492	0.5254660	0.5359315	0.6814583	0.8321988	0.7503329	0.0585912	1.0420217
300	0.0176753	0.5452480	0.9446247	0.4686844	0.1005593	0.1218500	0.5840271	0.0299791	0.9394696	0.3878161	0.2018912	0.4739943	0.0281790	0.1622452	0.6859084	0.5877186	0.3590131	1.0982612	0.8907735	0.4950900	0.0675939	0.6568152	0.9686292	0.9551506	0.7000092	0.8061153	0.7553940	0.1004979	0.0903397	0.0261594	0.3318377	0.3232541	0.4933466	0.7270927	0.3444390	0.7672774	0.0765690	0.5655715	0.4798573	0.8911742	1.0663052	0.4717340	0.5940787	0.0284273	0.4733163	0.4426497	0.6537712	0.8775114	0.7097168	0.2280560	0.0669953	0.2147676	0.3970617	0.0020626	0.7104570	0.1901396	0.8022265	0.5590074	0.4455631	0.9592006	0.5021134	0.2187783	0.1259456	0.5460997	0.2237592	0.0723764	0.8468103	0.5846539	0.4140438	0.7110583	0.8431391	0.2701628	0.3038757	0.9024775	0.0740997	0.2953998	0.8769863	0.6489851	0.6577663	0.6639321	0.9855430	0.7121399	0.1170433	0.3958972	0.9210940	0.3999678	0.2715150	0.2790191	0.7168284	0.8627488	0.4258900	0.6609856	0.6617017	0.5924797	0.5108750	0.7141383	0.8201267	0.8409286	0.0616703	1.0301595
350	0.0254503	0.6257649	0.8940232	0.5102905	0.1046417	0.1428858	0.5969824	0.0321549	0.7845400	0.3426108	0.2103226	0.4451405	0.0519400	0.1755290	0.7051796	0.5068754	0.3623020	1.0561884	0.9009699	0.4812531	0.0507928	0.7110033	1.0381329	0.9712417	0.7331517	0.9577327	0.7968755	0.0927079	0.1105592	0.0311396	0.3470297	0.3230139	0.5659785	0.7271468	0.3275673	0.8329092	0.0893621	0.5883591	0.4166640	0.9609348	1.0513734	0.4544872	0.6122074	0.0448025	0.4590144	0.5079328	0.5608442	0.8116318	0.7374255	0.2210660	0.0921564	0.2055244	0.2831349	0.0008118	0.7688922	0.1584474	0.7695227	0.6329990	0.3962810	0.9390450	0.5122903	0.2020533	0.1088215	0.5218769	0.2341530	0.0990957	0.8580266	0.5813806	0.3968476	0.7337723	0.8085328	0.2245766	0.2964737	0.9452581	0.0754815	0.2739113	0.8768886	0.5977335	0.6655669	0.6096284	0.9354000	0.8626490	0.1256521	0.3562549	0.9355909	0.3813851	0.2724950	0.2216220	0.7748055	0.7338921	0.4303885	0.7737839	0.6668640	0.6036455	0.4665405	0.6020182	0.9197752	0.8040317	0.0461447	1.0635137
400	0.0125158	0.6136381	0.8631408	0.5263331	0.1073161	0.1547771	0.6197880	0.0281966	0.8968165	0.3776308	0.1667870	0.4808287	0.0910661	0.1479221	0.6650964	0.5139764	0.3469058	1.0071182	0.9229086	0.4926909	0.0714474	0.6597917	1.0279487	1.0117757	0.7063431	1.0093982	0.7911811	0.0467360	0.1108483	0.0133613	0.3038743	0.3542060	0.5345671	0.8646974	0.3046240	0.8289367	0.1227134	0.6006557	0.4737030	0.9222326	0.9178251	0.4992830	0.5848089	0.0501198	0.3852649	0.4517949	0.5409759	0.8346249	0.7935750	0.2402207	0.1007044	0.2358819	0.2539535	0.0022265	0.7153670	0.1076917	0.7790995	0.5715334	0.3879256	1.0552138	0.5244954	0.2187690	0.1530656	0.4973370	0.2326033	0.1039200	0.7689127	0.5555350	0.4026558	0.6545455	0.8700268	0.2758329	0.2911976	0.8564274	0.1174939	0.2387952	0.8846815	0.6296558	0.6340095	0.5228711	0.8479393	0.7780804	0.1398377	0.3663380	0.9943347	0.3813749	0.1921374	0.2115546	0.6679073	0.8257234	0.4802313	0.7970646	0.6848280	0.6516219	0.5133046	0.6122659	0.9137948	0.8105418	0.0411021	1.0726046
450	0.0262436	0.6440694	0.8989105	0.4651769	0.0779049	0.1658054	0.6632992	0.0224060	0.9106327	0.3948183	0.2368911	0.4667829	0.0840384	0.1479388	0.7452881	0.5337646	0.4100398	0.9921183	0.8121182	0.4354671	0.0851644	0.7142815	1.0875420	1.0053194	0.7678206	1.0636769	0.7523347	0.0650022	0.1088684	0.0383047	0.3746251	0.4446439	0.5366858	0.9271944	0.3161849	0.8268112	0.1180414	0.5490931	0.5340930	1.0228073	1.0719941	0.4344822	0.5779724	0.0365482	0.4103231	0.5266613	0.6232723	0.8412132	0.8270451	0.2105572	0.0964058	0.2733976	0.2707206	0.0045720	0.6971340	0.0581807	0.7675437	0.5516948	0.3916505	0.8908512	0.5062728	0.2428105	0.1072598	0.5516631	0.1878154	0.0528832	0.8129531	0.5313921	0.3638806	0.7766478	0.9721583	0.2567702	0.2360871	1.0032457	0.1171161	0.2996567	0.9041609	0.5984319	0.6288595	0.5701272	0.8471385	0.7886293	0.1577440	0.4103027	0.9487226	0.3080712	0.1484936	0.2622318	0.8074337	0.7925213	0.4565777	0.8408968	0.6811629	0.6598757	0.5316006	0.5547176	0.7998148	0.7615435	0.0269603	1.0495705
500	0.0281254	0.6247226	0.8948067	0.6311776	0.0736231	0.2103239	0.7435689	0.0076293	0.7686274	0.4016220	0.1958385	0.4334004	0.0792732	0.1126866	0.6560686	0.5641021	0.3753259	1.1496789	0.9412067	0.4283415	0.1022234	0.7586488	0.9954445	1.0090344	0.6877436	1.0116478	0.7083363	0.0859467	0.1067888	0.0510966	0.3740241	0.3170121	0.5480453	0.8668452	0.3442838	0.8689185	0.1058372	0.5820797	0.4443883	0.9958752	0.9743932	0.4551421	0.5549384	0.0306672	0.3632428	0.4957458	0.6009594	0.8280718	0.7594870	0.1918780	0.1043825	0.3415624	0.2420798	0.0007331	0.6802217	0.0469519	0.7594244	0.5932999	0.3690886	1.0026863	0.4002646	0.2092240	0.1105625	0.5342935	0.2155263	0.0302772	0.8076098	0.5079304	0.4394171	0.7651511	0.9136492	0.2384643	0.2739711	1.0636644	0.0993478	0.3038576	0.8423310	0.6477004	0.6455363	0.5993790	0.8957581	0.8160026	0.1710322	0.3757696	0.9890946	0.2837465	0.1980594	0.2628325	0.7398599	0.8195019	0.4488926	0.7595937	0.6330498	0.6574163	0.5589702	0.5503197	0.7360665	0.7946997	0.0356458	0.9975459
550	0.0154868	0.5980454	0.7858505	0.5952184	0.0665183	0.2263618	0.4785379	0.0153697	0.7640209	0.4267712	0.1903203	0.2786347	0.1206337	0.1057692	0.5871406	0.5404353	0.3652161	1.0469905	0.9274905	0.5178306	0.0671159	0.5970850	0.9234353	0.9852615	0.7693943	0.9964583	0.7240282	0.0955179	0.0736306	0.0376904	0.3600595	0.2659933	0.5319200	0.8257471	0.3587701	0.8686403	0.0806543	0.5940717	0.4334601	0.8992845	1.0388978	0.4304381	0.3926156	0.0320122	0.4910624	0.4889735	0.6177061	0.8270923	0.7150808	0.2082130	0.1481213	0.3272981	0.2697818	0.0002527	0.7108893	0.0744948	0.7908596	0.5837295	0.4359527	0.9669401	0.3831331	0.2544203	0.2149912	0.5942562	0.3233182	0.0159664	0.9349279	0.4778930	0.4068844	0.5586961	0.7444875	0.2613584	0.4456408	1.0134005	0.1189756	0.2982914	0.8080052	0.3600296	0.5136809	0.6453929	0.7802249	0.7824947	0.1285094	0.3848676	1.0645492	0.3314527	0.2497247	0.2770130	0.7578716	0.7740626	0.4156497	0.6298609	0.6029663	0.6405145	0.5460872	0.5361081	0.6084519	0.5369517	0.0392726	1.0397299
600	0.0112057	0.6106162	0.7514685	0.4707258	0.0573234	0.1365155	0.1737815	0.0236676	0.8322098	0.4277478	0.2258175	0.1537262	0.1134677	0.1803265	0.7280305	0.5253394	0.4043264	0.9448542	0.9229163	0.6642109	0.0632097	0.6798219	0.8866327	1.0909629	0.7528276	1.0340384	0.6981293	0.1203863	0.0663216	0.0464014	0.3368938	0.3266497	0.5562850	0.8884660	0.3405377	0.8951297	0.0866176	0.6886615	0.4092453	0.4123578	0.9534848	0.4781434	0.2072422	0.0319056	0.7096922	0.4813802	0.6430159	0.8469824	0.7662528	0.2091106	0.1341357	0.3526405	0.3141875	0.0004231	0.7314900	0.0866234	0.7936097	0.5427732	0.4281435	0.8909290	0.4313510	0.2576507	0.4249220	0.5268401	0.4517675	0.0459965	0.9292170	0.5101098	0.3876639	0.4817211	0.5655704	0.2486292	0.5704538	0.9945372	0.1527452	0.2180587	0.7871721	0.1729920	0.3286779	0.7651978	0.8129005	0.8182249	0.1207696	0.3722205	1.0933717	0.4302241	0.2926967	0.3550974	0.6280646	0.7158558	0.5020380	0.4351912	0.5326328	0.6589775	0.4640375	0.6965485	0.4654723	0.2161564	0.0426018	1.0429562
650	0.0066934	0.5645870	0.8412492	0.3331755	0.0750447	0.0489286	0.0979628	0.0228670	0.7700567	0.4005899	0.1761550	0.1264537	0.0730390	0.2008006	0.7667416	0.5058115	0.4328829	1.0085612	0.8957189	0.6855221	0.0782568	0.7016385	0.8993889	1.0474860	0.7615294	0.9003083	0.7512005	0.0834571	0.1049220	0.0371053	0.4770376	0.2432119	0.6006351	0.7389766	0.3501322	0.8585299	0.1935734	0.7439932	0.3402991	0.1487421	0.8729634	0.4836506	0.1443057	0.0281402	0.7803791	0.4964954	0.5856166	0.9060430	0.8016460	0.2204843	0.1383014	0.4345389	0.4542628	0.0050404	0.7230124	0.0966014	0.7459101	0.4772936	0.4810317	0.9612692	0.3635746	0.3443964	0.4326302	0.4512604	0.5739543	0.1566717	0.9824065	0.5505860	0.3704055	0.4574413	0.4775033	0.3574170	0.5801301	1.0032772	0.1593564	0.1399695	0.8400494	0.1078810	0.2898381	0.7183127	0.7545573	0.8579739	0.1138817	0.3595972	1.1015377	0.4351373	0.3951442	0.3439420	0.6746645	0.7144683	0.4862664	0.3526693	0.4206172	0.6806315	0.5128790	0.6444118	0.3225736	0.1394585	0.0398348	1.0935522
700	0.0103410	0.5646420	0.9358525	0.2151663	0.2199721	0.0354964	0.0698071	0.0377987	0.8744207	0.3254090	0.1488564	0.1064238	0.0156669	0.1449775	0.8618200	0.4902421	0.3896043	1.0330972	0.8552022	0.7513556	0.0658955	0.5973374	0.9604037	1.0648405	0.7794339	0.8423861	0.7676656	0.0808443	0.1488847	0.0247652	0.3499279	0.2086783	0.6220107	0.6858119	0.2309582	0.8417788	0.2225239	0.7610020	0.3531117	0.0553333	0.9230562	0.4838744	0.0968390	0.0295515	0.7951855	0.4975112	0.6166492	0.8788957	0.8061314	0.2505512	0.1328814	0.4774583	0.5979730	0.0010751	0.8106082	0.1383255	0.7482114	0.5397438	0.3937874	0.9463923	0.3213537	0.4550316	0.4782391	0.3583745	0.5778581	0.3856640	1.0295334	0.6471834	0.3591889	0.3529100	0.3776741	0.3095565	0.5235743	0.9636403	0.1609371	0.1989275	0.8827413	0.1132049	0.2674908	0.7256574	0.7144686	0.9052730	0.1201351	0.4708013	1.1352409	0.4057087	0.4332083	0.3436447	0.6360685	0.7094979	0.5076418	0.3692197	0.3826819	0.6637959	0.4469458	0.6414698	0.2638904	0.0711631	0.0421765	1.0192270
750	0.0173215	0.5763830	0.9497446	0.1279890	0.3434651	0.0161621	0.0511320	0.0198775	0.9264166	0.3732820	0.0862111	0.1149080	0.0162825	0.1640090	0.8501605	0.4844099	0.4452305	0.9892122	0.9063921	0.8245156	0.0838766	0.6609973	1.1132559	1.0594978	0.8095209	0.7131550	0.8443802	0.1029922	0.1562414	0.0209078	0.3159931	0.1370979	0.6314993	0.7622279	0.2778179	0.8100497	0.2288160	0.6951303	0.4402845	0.0242754	1.0254386	0.5326834	0.1087849	0.0378610	0.7901250	0.3929689	0.6843281	0.8126763	0.7850658	0.3085818	0.1288244	0.4092870	0.7465109	0.0060368	0.7164543	0.1978194	0.7804545	0.4298343	0.3742469	0.9839154	0.4512758	0.5017251	0.3733983	0.3487459	0.5760350	0.4059771	0.9721180	0.7589345	0.4710846	0.1929741	0.3859017	0.2943187	0.4394047	0.9079964	0.2797301	0.2384266	0.9031961	0.1619996	0.2689770	0.6856056	0.6711298	1.0332332	0.0946183	0.5614419	1.0245211	0.4320149	0.4847927	0.4044129	0.6025111	0.7469179	0.4798493	0.3806931	0.3904084	0.6860485	0.2942096	0.5472547	0.2226197	0.0389797	0.1665897	1.0881154
800	0.0211799	0.6278108	1.0778233	0.1132174	0.4455665	0.0037485	0.0215130	0.0114688	0.8403609	0.4372308	0.0875433	0.1235901	0.0084155	0.1778975	0.8748745	0.4313913	0.4583471	0.9816094	0.8845072	0.8544442	0.0654335	0.5941979	0.9438434	1.0370050	0.8388858	0.7336914	0.8716524	0.1284803	0.1957189	0.0421600	0.2815308	0.1256635	0.6407509	0.7014899	0.2981350	0.7615041	0.1696061	0.7295346	0.3611255	0.0135646	0.9773513	0.5050730	0.0614315	0.0214522	0.7994295	0.4695237	0.6362335	0.8036154	0.8485701	0.3538306	0.1071747	0.3018414	0.8461295	0.0075693	0.7565429	0.3207563	0.7352807	0.3218377	0.3351979	0.9371128	0.6135396	0.5438009	0.2716067	0.3267381	0.5647140	0.4760083	0.9575097	0.8013316	0.4581243	0.1359946	0.3354551	0.2506476	0.3411909	0.8412672	0.3412793	0.2339988	0.8706754	0.1657955	0.2398768	0.7044583	0.7109984	1.0253786	0.1032266	0.5600827	0.9831396	0.3849343	0.4763835	0.4589161	0.5772591	0.7009492	0.5417940	0.3059542	0.4513403	0.5618086	0.2103507	0.5291741	0.1883774	0.0598424	0.4023250	1.0728344
850	0.0129955	0.5915319	0.9828195	0.0894446	0.4903491	0.0010393	0.0190961	0.0194597	0.8321394	0.3303851	0.0843355	0.1013827	0.0039359	0.1210537	0.8736308	0.4001170	0.5147269	0.9891080	0.8519842	0.8023693	0.0641750	0.5537029	0.9669038	0.9345710	0.8168151	0.7214752	0.8556191	0.1187653	0.1883069	0.0419772	0.2643913	0.0933639	0.7392721	0.7674623	0.2377985	0.8364704	0.1956165	0.7225222	0.3445011	0.0228394	0.9378200	0.4745106	0.0604755	0.0371083	0.8536210	0.4732651	0.5932431	0.7633400	0.8532076	0.3097594	0.0878748	0.3323398	0.8610211	0.0017603	0.6853536	0.3357840	0.7897462	0.3376144	0.3847047	0.8541399	0.7617162	0.5288160	0.1473324	0.3412723	0.5975186	0.4807259	0.8477370	0.7970515	0.4344189	0.0621158	0.3125310	0.2452911	0.2753288	0.7925768	0.3214794	0.2736233	0.8133526	0.3384242	0.2614913	0.6123799	0.8545572	1.1227151	0.1125362	0.4953125	1.0373834	0.3041552	0.3868234	0.4263483	0.4975326	0.7455334	0.5059437	0.2540264	0.4553374	0.5720747	0.1990573	0.5373954	0.2140712	0.0328677	0.4831013	0.9768409
900	0.0088098	0.6646964	1.1074274	0.0911840	0.4829716	0.0021002	0.0280903	0.0358402	0.7762119	0.3638099	0.0865973	0.0733464	0.0040516	0.1183929	0.8193765	0.4046908	0.4553495	0.9055021	0.8528962	0.8547882	0.0204547	0.5482477	0.9729461	0.9360503	0.8065982	0.7047068	0.9770083	0.0917532	0.2209772	0.0338187	0.3645862	0.0753447	0.7346002	0.8193654	0.2441251	0.8121018	0.2177987	0.7597305	0.3534356	0.0066928	0.9726817	0.4222853	0.0660375	0.0669852	0.8987514	0.5240524	0.5186377	0.8256410	0.8142614	0.3324223	0.0657096	0.2648108	0.8808057	0.0010814	0.7400819	0.4373161	0.7837123	0.2408250	0.4742013	0.9214601	0.8247381	0.6330212	0.1076377	0.3064004	0.5426623	0.5340530	0.9625945	0.7294240	0.4697270	0.0408887	0.3558153	0.1651565	0.2322823	0.8852395	0.3205146	0.2385997	0.8215607	0.3258793	0.1781654	0.5115185	0.7723494	1.1393491	0.0972214	0.5367146	1.0036631	0.3328612	0.2607523	0.4854973	0.5377882	0.7647295	0.5632582	0.1878923	0.4004174	0.4495480	0.1975020	0.5757102	0.2621143	0.0211848	0.5720871	1.0126392
950	0.0096543	0.7343816	1.0454380	0.0666611	0.5103355	0.0012476	0.0347443	0.0307442	0.7804187	0.3178313	0.0975319	0.0816464	0.0083763	0.0992594	0.8550606	0.3804300	0.4966555	1.0107736	0.8941428	0.8158866	0.0363550	0.6718095	1.0042944	1.0138568	0.8938820	0.7815718	0.9349120	0.1202922	0.2066818	0.0282006	0.3406512	0.0860391	0.7825419	0.8921353	0.2653712	0.9793240	0.3408276	0.7587422	0.3509407	0.0145464	0.9871816	0.4172062	0.0790590	0.0549596	0.7831655	0.5370140	0.5360162	0.7426962	1.0023819	0.3156083	0.0596578	0.2539382	0.8954920	0.0002126	0.8078681	0.5343205	0.7807156	0.3096812	0.5001569	0.8857894	0.8265406	0.6052990	0.1068521	0.3006978	0.4309013	0.4737505	0.9814232	0.7747297	0.4621623	0.0220731	0.3186147	0.2147507	0.2100405	0.8159094	0.2884002	0.2865629	0.8814520	0.2898686	0.2516078	0.5905371	0.7722481	1.0831762	0.1047012	0.5136738	1.0286569	0.3590947	0.2353746	0.5398723	0.5394445	0.7587884	0.6101619	0.1188370	0.4620358	0.4953660	0.1630608	0.6169727	0.2639031	0.0270170	0.5650312	0.9664868
1000	0.0200245	0.6522866	1.0652872	0.1163117	0.5338300	0.0000000	0.0343429	0.0287551	0.8357286	0.3767703	0.0777903	0.0994380	0.0062666	0.0922224	0.9050136	0.3459503	0.5097390	1.0331788	0.8492293	0.8751088	0.0627940	0.6161931	0.9196343	1.0982765	0.8920755	0.6913726	0.8615208	0.1044510	0.2158150	0.0314747	0.3355099	0.0833882	0.6169325	0.7872180	0.2535538	0.9268206	0.3252803	0.8868192	0.3550986	0.0125450	0.9997943	0.4197528	0.0978178	0.0551523	0.7308881	0.4866086	0.5090402	0.8160983	0.9435715	0.3253333	0.0507317	0.2804006	0.9597078	0.0026057	0.7781725	0.5855565	0.7925230	0.3007451	0.4542567	0.9363604	0.7774431	0.5964287	0.1232427	0.3398869	0.4529245	0.5003884	0.8991364	0.7526230	0.4527037	0.0352122	0.3265358	0.2586276	0.2113186	0.7733136	0.2936209	0.3110610	0.8582215	0.2117637	0.2773778	0.6691457	0.7817555	0.9669660	0.0922847	0.5652144	1.0597675	0.3830893	0.2083615	0.6408847	0.5218120	0.7836761	0.4963082	0.1018749	0.4307389	0.5242520	0.1614243	0.5546526	0.2680876	0.0217462	0.5427351	1.0115194

0	0.0094491	0.6355617	1.0459758	0.0876986	0.4170952	0.0015965	0.0357302	0.0201856	0.7842026	0.5482911	0.1482550	0.1067167	0.0074763	0.0795139	0.9263252	0.4386615	0.5117037	1.0187251	0.9869150	0.9112762	0.0675828	0.6396705	0.9879649	0.9056811	1.0249936	0.8053086	0.8415975	0.0956169	0.2807776	0.0361236	0.3476186	0.0945586	0.7647381	0.8073502	0.2691465	0.9854445	0.2644993	0.7761342	0.3511720	0.0142404	0.9503393	0.3956488	0.0912837	0.0721673	0.8039584	0.5632487	0.5721011	0.9104100	0.8750489	0.3877912	0.0490860	0.3690556	1.0040851	0.0016799	0.7496314	0.4296180	0.7445798	0.3138374	0.4763448	0.9977159	0.8917758	0.5763065	0.2317245	0.3844034	0.5377636	0.4876338	1.0898320	0.8135737	0.5024926	0.0491368	0.3912071	0.2335426	0.3169327	0.9297559	0.3112694	0.3637340	0.9584119	0.1589398	0.2670455	0.6498318	0.7931145	1.0351174	0.1402507	0.6535788	1.0095359	0.4184859	0.2245238	0.5131035	0.6073464	0.7854143	0.4606182	0.1309775	0.4648780	0.5528648	0.0723851	0.5781484	0.2784400	0.0363961	0.5378107	0.9932421
50	0.1149062	0.6368166	0.9263521	0.0559076	0.5537882	0.0197586	0.0391829	0.0355619	0.8454408	0.3565432	0.1252321	0.2302105	0.0079188	0.0851199	0.8568442	0.3539063	0.2614419	1.0231174	0.9843370	0.9046464	0.0746395	0.7373181	0.9398635	0.5562843	0.9537019	0.7189108	0.9614722	0.1949675	0.1901677	0.0407874	0.2713713	0.0707932	0.6793903	0.7717739	0.3019992	0.8911112	0.2153419	0.7559339	0.3818627	0.0112474	0.9697665	0.4322649	0.0736084	0.0886497	0.7389624	0.3762322	0.5519863	0.8746104	0.9213579	0.3152606	0.0924200	0.3245750	0.8892745	0.0031609	0.7226326	0.4521072	0.7178837	0.2454343	0.3479965	0.9086307	0.7352822	0.4949606	0.2106173	0.2828815	0.3988784	0.5387375	1.0415465	0.7655528	0.5177914	0.0379954	0.4563798	0.2878501	0.2815374	1.0015645	0.2371639	0.3849041	0.9991793	0.2889018	0.4608320	0.6824280	0.6219332	0.9983352	0.0804680	0.5047873	0.9119011	0.4883333	0.3346222	0.5757478	0.4979725	0.8397094	0.5125671	0.0726670	0.4201217	0.6470775	0.0545685	0.6733050	0.3765855	0.0267431	0.4458437	0.9277639
100	0.2507461	0.6501806	0.9571063	0.0380216	0.6012083	0.0380964	0.0565330	0.0160008	0.8409760	0.4078567	0.1451607	0.3193421	0.0044901	0.0903281	0.8475583	0.2211168	0.1149640	1.0385890	0.9883869	0.8108982	0.0585853	0.8294202	0.9228633	0.1765647	0.9628535	0.7002607	0.9489376	0.3037235	0.0995157	0.0173570	0.1190902	0.0843058	0.7126240	0.8175108	0.3647732	0.7400926	0.1525161	0.7661035	0.4702214	0.0190033	0.9122321	0.4148320	0.1100683	0.1107188	0.8330774	0.3304311	0.5792037	0.8881974	0.8556858	0.2784550	0.0735337	0.3438530	0.9043182	0.0088491	0.7425456	0.5167243	0.7817199	0.2969078	0.2462196	0.8940028	0.7869708	0.5542273	0.1583975	0.2112311	0.3316435	0.5522541	1.0970736	0.8815051	0.5046843	0.0510750	0.4110130	0.2743203	0.3534892	0.8573924	0.1276960	0.2664529	1.0699468	0.2016753	0.6988825	0.6510416	0.4934525	0.8440685	0.0854016	0.3551716	0.7407132	0.4631691	0.3146813	0.6608928	0.5367832	0.7779934	0.4157387	0.0578226	0.4582136	0.7242567	0.0541044	0.7428503	0.4950294	0.0617995	0.3007334	0.9907235
150	0.3572392	0.6534180	0.9633684	0.0059050	0.5652774	0.0602188	0.0288299	0.0160444	0.8399465	0.3965326	0.0926346	0.4195912	0.0067994	0.1073737	0.8745140	0.1475336	0.0868463	1.0209022	0.8342152	0.8436173	0.0937597	0.9048532	0.9576048	0.0569966	0.9970347	0.5971110	1.0483710	0.3958887	0.0558491	0.0099979	0.1132389	0.0512008	0.6457479	0.8855575	0.4979117	0.6905192	0.1110007	0.7759259	0.5052891	0.0089099	1.1004471	0.4303835	0.0822549	0.0656707	0.8832579	0.2987411	0.6651381	0.8867814	0.9163668	0.2969246	0.0513342	0.4130635	0.9075377	0.0169802	0.7549801	0.5178167	0.7066455	0.2847795	0.1728794	0.9803606	0.8174074	0.5243630	0.1023304	0.2115258	0.2554139	0.5837662	0.8767365	0.7600430	0.5125105	0.0572951	0.4237040	0.2440584	0.4465913	0.8578691	0.1188039	0.1835681	0.9963610	0.1760375	0.6680231	0.6632993	0.4457201	0.9237780	0.0993296	0.2169898	0.7270922	0.3580589	0.3114207	0.8252043	0.5905209	0.7120381	0.4553309	0.0682598	0.4511495	0.8323812	0.0364628	0.9065063	0.6263514	0.2262966	0.2172321	1.0117945
200	0.3711483	0.6713565	0.8929870	0.0026658	0.5022976	0.0740811	0.0229088	0.0250581	0.8870853	0.3880354	0.0868840	0.4015743	0.0055024	0.1003548	0.8915003	0.0952843	0.0838283	1.0178936	0.8746266	0.8269177	0.0921803	0.8133311	0.8399330	0.0297502	0.9710375	0.6477446	1.0074824	0.5246713	0.0348802	0.0143618	0.1317166	0.0613631	0.6415205	0.8944975	0.5201232	0.6381081	0.1207511	0.7648401	0.5767056	0.0242592	1.0250402	0.3207437	0.0508357	0.0660185	0.7887279	0.2597847	0.6192967	0.8027399	0.8905248	0.3418685	0.0628085	0.4509809	0.8464924	0.0209581	0.7819545	0.5486133	0.7368746	0.2236493	0.1775613	0.9379269	0.6637383	0.5619178	0.0524471	0.2858510	0.2533383	0.5314678	0.7502119	0.6936715	0.4996482	0.0660914	0.4370575	0.2922462	0.4988270	0.8760185	0.1093819	0.1123840	1.0216697	0.1954352	0.7642828	0.6062859	0.4672178	0.8961215	0.0941011	0.1973617	0.6829330	0.4055187	0.3641216	0.7693615	0.6199949	0.7723169	0.5192961	0.0721960	0.4873661	0.8685175	0.0685914	0.9294173	0.6051337	0.4094953	0.1637247	0.9826111
250	0.3862619	0.7403681	1.1142884	0.0085384	0.3496463	0.0891029	0.0267428	0.0250671	0.8346265	0.3713494	0.1137633	0.3728582	0.0100758	0.1037203	0.9424708	0.0696152	0.0504850	1.0094448	0.9565854	0.7417582	0.0860834	0.7645395	0.8764137	0.0211064	1.0102932	0.6644398	0.9696464	0.5006490	0.0194956	0.0051327	0.1115570	0.0774128	0.7534629	0.9052859	0.5034671	0.5633094	0.0463684	0.7825751	0.6582167	0.0190538	0.9579714	0.3971990	0.0584344	0.0556537	0.7901916	0.2557630	0.5835120	0.7839548	0.7949388	0.3712861	0.0474104	0.3628875	0.8332408	0.0149224	0.7887951	0.5294127	0.7047913	0.2351245	0.1991085	1.0308594	0.5229209	0.5875948	0.0803168	0.2775115	0.2290599	0.5039377	0.6406737	0.7689619	0.5839602	0.1277419	0.4795198	0.3379664	0.5515029	0.8821272	0.1844117	0.0938215	1.0137476	0.3127862	0.7510825	0.6870413	0.4755029	0.9320312	0.1289874	0.1500681	0.7668715	0.3874415	0.3555731	0.8450995	0.6168904	0.7875644	0.4805732	0.1601197	0.4828252	0.9169092	0.0911273	0.9545148	0.6013100	0.5116447	0.1329589	0.9932720
300	0.4235401	0.7636721	1.0941385	0.0068427	0.3854239	0.0825135	0.0295537	0.0120844	0.8842211	0.3713547	0.1101927	0.4233792	0.0268891	0.1005222	0.8657658	0.0636583	0.0659740	0.9633471	0.8003837	0.8019744	0.0531912	0.8528827	0.8256737	0.0293151	1.0019966	0.8141971	0.9975587	0.5320277	0.0092236	0.0017839	0.0934365	0.0946501	0.7223923	0.9360300	0.4611044	0.4452541	0.0427019	0.8136318	0.5110864	0.0134104	0.9073370	0.3967175	0.0455513	0.0370425	0.8069217	0.3062481	0.5869199	0.7142979	0.8414250	0.3362506	0.0556542	0.3169230	0.7537564	0.0103156	0.7200956	0.5416372	0.7966669	0.1880706	0.1629188	1.0050365	0.5049277	0.5172805	0.0505485	0.2874206	0.2380143	0.4523183	0.5030184	0.8122869	0.5650849	0.1298741	0.5399061	0.2439992	0.5650308	0.7952405	0.1729781	0.0686798	0.9339847	0.4206284	0.7352708	0.7395036	0.4037694	0.9101256	0.0812692	0.0838073	0.7462784	0.3869776	0.4440644	0.8077917	0.6133002	0.8962996	0.5141233	0.2112807	0.3791708	0.9772935	0.1051411	0.9020016	0.5839600	0.6100686	0.1112945	1.0052907
350	0.3901040	0.8747923	1.0574172	0.0000000	0.4750430	0.0887843	0.0260484	0.0177634	0.7163252	0.3323369	0.0969000	0.3936772	0.0343060	0.1275666	0.8275035	0.0567472	0.0819747	1.0364091	0.8453264	0.8532239	0.0518769	0.8393337	0.9043472	0.0289225	0.9156656	0.7891668	0.9872255	0.5099654	0.0047937	0.0091819	0.0663937	0.0882228	0.6759406	0.9535168	0.5406350	0.6107554	0.0807800	0.8120204	0.5625180	0.0204289	0.9681523	0.4545237	0.0623072	0.0246806	0.9112718	0.2743760	0.5606094	0.7389834	0.8703120	0.3731805	0.0347108	0.3082973	0.6942179	0.0111308	0.7238483	0.5060016	0.8921502	0.1468361	0.1537792	1.1153232	0.4758937	0.5078618	0.0448485	0.3353522	0.2480838	0.5330204	0.6394121	0.7298515	0.5566288	0.1080254	0.5572762	0.1205937	0.6305263	0.8107662	0.2106325	0.1293515	0.8936700	0.3768070	0.6365394	0.7048416	0.3765936	0.9174521	0.0982300	0.1059814	0.7318178	0.4276527	0.4783841	0.8478302	0.5245965	0.8377052	0.5185472	0.1733405	0.3503009	0.9431759	0.0925813	0.9609291	0.5282068	0.5978603	0.0963993	1.0082702
400	0.3835299	0.9003091	1.0446549	0.0044511	0.4002126	0.0850521	0.0475465	0.0150100	0.8901451	0.3371205	0.1134761	0.4216202	0.0325004	0.1529710	0.8825476	0.0615918	0.0661353	1.1649273	0.8054557	0.8817594	0.0569211	0.8719428	0.8071700	0.0213290	0.9399816	0.7529173	0.9861253	0.4817845	0.0027850	0.0122350	0.0566893	0.0736364	0.7249917	0.8337957	0.5776422	0.6243509	0.0511871	0.8349730	0.5395921	0.0324281	0.9340479	0.4157432	0.0526350	0.0487827	0.9423939	0.2735479	0.6040647	0.7345408	0.9072554	0.2819282	0.0722810	0.3303117	0.7300565	0.0025136	0.6674557	0.5650411	0.7846653	0.2187182	0.1703622	1.0364744	0.4469423	0.4753390	0.0423713	0.3395392	0.2318504	0.5298151	0.5475363	0.8184292	0.5765615	0.1324538	0.5951433	0.1085270	0.5656222	0.8323117	0.1628089	0.0949064	0.9505338	0.4286000	0.6847556	0.7577333	0.3625899	1.0332080	0.0843831	0.1081422	0.7645076	0.3307741	0.3799242	0.8887237	0.5667673	0.8604703	0.6333550	0.2266139	0.3694291	0.9456890	0.1062516	0.9332394	0.5865165	0.5997391	0.0960568	1.0571800
450	0.4231418	0.8736799	0.9844623	0.0073796	0.4133168	0.0994012	0.0274447	0.0209395	0.9025050	0.3071351	0.0800363	0.4541212	0.0229970	0.1205402	0.9392857	0.0427244	0.0488203	0.9977195	0.8473771	0.8336512	0.0627926	0.7296865	0.8339969	0.0239937	0.9436599	0.6915059	0.9848842	0.5259300	0.0113082	0.0089659	0.0647092	0.0708604	0.6844480	0.8501556	0.5489437	0.5498465	0.0539473	0.8189104	0.6511439	0.0289262	0.9383966	0.4052325	0.0454239	0.0465602	0.8284566	0.3406289	0.5121351	0.7430371	0.7631547	0.2937474	0.0596774	0.3547192	0.6861799	0.0029042	0.6335783	0.6285714	0.7396538	0.2097989	0.1851534	1.0292426	0.4175563	0.5751129	0.0434371	0.4200255	0.2282320	0.5389391	0.5424006	0.8413310	0.6610197	0.1318938	0.5959567	0.1831572	0.5561769	0.8556983	0.2081137	0.0758783	0.8818774	0.4105539	0.7013262	0.8610988	0.3752551	1.0166892	0.0963458	0.0803019	0.8087645	0.4359050	0.4422094	0.8594449	0.5312753	0.8532727	0.6175802	0.2930776	0.3858221	0.8831954	0.0878370	0.9221039	0.6540227	0.5588753	0.1058113	1.0280329
500	0.4384969	0.7916191	1.0213617	0.0019185	0.3556494	0.1211388	0.0239654	0.0269068	0.9539747	0.3721641	0.0807614	0.4100198	0.0331792	0.1119340	0.8791957	0.0532471	0.0707968	1.0266881	0.8712685	0.8486716	0.0404253	0.7539961	0.9194018	0.0254278	0.8770169	0.6824538	0.9987318	0.4758772	0.0057393	0.0110254	0.1422289	0.0816785	0.7995565	0.8980066	0.6198065	0.6359042	0.0977403	0.8085897	0.6755146	0.0315781	1.0273214	0.4712180	0.0614367	0.0343855	0.8458968	0.3875280	0.5218014	0.7808156	0.7788385	0.3317753	0.0745962	0.3747566	0.7142737	0.0029792	0.6805122	0.5743528	0.7192210	0.2636162	0.1510924	0.9784329	0.3799750	0.6399124	0.0400135	0.3259761	0.2506584	0.5300364	0.5230721	0.8878840	0.7212501	0.1587987	0.5550020	0.2110520	0.5363201	0.8554138	0.1706547	0.0795144	0.9189721	0.4835064	0.7612998	0.8632651	0.4426894	0.8885867	0.0999415	0.1138049	0.7114981	0.4225210	0.5128285	0.8582689	0.5090724	0.7842402	0.5911479	0.3215632	0.3800900	1.0038997	0.1299047	0.9014372	0.6440065	0.5588538	0.0807654	1.0544055
550	0.3450106	0.7252851	0.9547393	0.0349866	0.2718502	0.0414296	0.0328659	0.0158503	0.9440648	0.2261880	0.1213741	0.2422509	0.0494864	0.0934814	0.8411779	0.1630139	0.2746061	0.9103382	0.8192634	0.8502589	0.0435393	0.6466522	0.8762886	0.2793593	0.8869392	0.7494782	0.9357505	0.3651285	0.0099359	0.0243339	0.2797614	0.0754468	0.8006338	0.9533304	0.4455337	0.6990346	0.1381804	0.7719303	0.7410461	0.0183909	1.0286094	0.4658753	0.0756545	0.0372545	0.8865379	0.5056109	0.4585974	0.7808501	0.9251292	0.3059304	0.0420341	0.3425663	0.6515402	0.0051410	0.7805242	0.5594290	0.7976388	0.2271888	0.2635126	0.9512102	0.4323380	0.5500001	0.0757495	0.3056566	0.3382633	0.5034003	0.5292138	0.8520706	0.6655098	0.1875284	0.5592923	0.2070415	0.5052095	0.9856160	0.2495633	0.1383227	0.8709331	0.4268266	0.5893462	0.8240012	0.4828369	0.9164420	0.0957289	0.2022024	0.7443284	0.3981618	0.5076103	0.8415507	0.5119018	0.8576302	0.6037477	0.3298450	0.4041553	0.7524789	0.0839834	0.8274449	0.4148929	0.5983696	0.2009168	1.0363760
600	0.2308120	0.7202319	0.9311796	0.0698964	0.3366419	0.0214867	0.0496021	0.0333837	0.9072877	0.0914209	0.1268429	0.1443077	0.0190058	0.1052284	0.8708499	0.3589441	0.4365840	0.9792940	0.9452058	0.8970580	0.0584315	0.6457041	0.8142900	0.5380647	0.9973421	0.7645727	0.9319393	0.2077232	0.0608929	0.0486828	0.4240125	0.0463966	0.6934897	0.9012056	0.4319197	0.8258737	0.2689795	0.6920728	0.6440441	0.0123424	1.0422189	0.4578324	0.0549132	0.0485270	0.7278914	0.6038442	0.4907481	0.7912239	0.8254156	0.2877622	0.0474003	0.3166656	0.6774744	0.0073504	0.7417991	0.4505249	0.8113694	0.2644710	0.4344405	0.9954856	0.4300440	0.4358583	0.0765042	0.2436716	0.3957051	0.5174792	0.7575496	0.8184681	0.5473923	0.1870695	0.5066592	0.2381613	0.4703521	0.8853938	0.2973205	0.1543785	0.9267547	0.2325868	0.4136794	0.7782327	0.7428300	1.0505709	0.1393858	0.3238279	0.8458681	0.3482984	0.4654654	0.8188331	0.5084772	0.7809538	0.5581587	0.2474527	0.3759895	0.7117291	0.0660822	0.8154996	0.3925483	0.3280502	0.3484133	0.9914278
650	0.1223340	0.6715484	1.0122007	0.1015565	0.3865366	0.0156920	0.0421501	0.0252181	1.0756144	0.0443491	0.1115853	0.0890383	0.0103420	0.1079723	0.9772217	0.4313567	0.4625812	1.0054542	0.9378262	0.7365601	0.0541301	0.6516959	0.9153324	0.8691842	0.8852900	0.6729740	0.9628249	0.1252422	0.1931038	0.0448587	0.3845151	0.0529184	0.7094818	0.8153445	0.3978824	0.7685770	0.3238834	0.6653021	0.5126598	0.0239321	0.9688480	0.4883500	0.0635829	0.0654163	0.6810824	0.5725249	0.5414034	0.8678111	0.8595147	0.3435960	0.0613359	0.3076072	0.6015668	0.0068803	0.7867542	0.5536656	0.7720678	0.2436097	0.4437438	1.0144133	0.4155247	0.5557045	0.0652148	0.2613183	0.4451968	0.4867299	0.9811992	0.8176300	0.4604141	0.1528850	0.4947288	0.3420071	0.4279135	0.8140327	0.3372657	0.1909879	1.0235225	0.4543649	0.3561145	0.7972347	0.7718927	1.0446984	0.1086628	0.4480489	0.9079807	0.3192172	0.4325732	0.7170291	0.5418291	0.8199250	0.5451029	0.2140681	0.3966318	0.6199311	0.0824516	0.6733626	0.2616208	0.1809900	0.4337864	1.0444973
700	0.0790435	0.6838190	1.0321678	0.1268997	0.3805252	0.0066004	0.0381863	0.0244529	0.9143583	0.0524341	0.1699274	0.1104613	0.0059006	0.1216526	0.7825425	0.3810167	0.4698139	1.0014011	0.9608024	0.7667035	0.0718311	0.6273657	1.0614957	0.9528471	0.8497658	0.5406808	0.9854774	0.1094599	0.2152169	0.0338786	0.3735341	0.0661191	0.7094445	0.9483287	0.3440753	0.8227288	0.3904788	0.7040654	0.4816195	0.0144046	0.9513797	0.4241644	0.0919558	0.0828022	0.6520827	0.5792651	0.5704726	0.8962553	0.8182153	0.3784007	0.0675133	0.3675678	0.5542704	0.0110330	0.6948235	0.6000139	0.7374524	0.2864752	0.4469652	1.0283472	0.4590886	0.5707780	0.1495786	0.2266153	0.5803236	0.5733039	0.9944241	0.7765802	0.4569481	0.1158277	0.4141612	0.2783891	0.4376680	0.8441851	0.2853068	0.2646932	1.0287234	0.3191080	0.3411361	0.7678941	0.7890001	0.9321029	0.1297109	0.6208020	0.9887991	0.3937217	0.3219060	0.6339470	0.5934774	0.7219627	0.4879743	0.2570359	0.4011538	0.5641653	0.0861041	0.6613088	0.2721897	0.0985229	0.4574854	0.9414157
750	0.0342423	0.6875285	0.9702340	0.1565225	0.3951458	0.0043676	0.0329102	0.0143477	0.9401564	0.0571548	0.1469850	0.0891501	0.0032898	0.1326666	0.7840817	0.4572543	0.3981503	0.9401303	1.0319565	0.8069836	0.0710687	0.7140740	1.0845380	0.9421628	0.8953537	0.6212479	0.9582690	0.0918135	0.2374295	0.0339279	0.3911489	0.0853915	0.6719495	0.8092443	0.3134412	0.9164053	0.3398379	0.6942836	0.3851284	0.0147605	0.9682903	0.4651230	0.0594796	0.0617343	0.7714161	0.5592580	0.6039207	0.8682716	0.8651896	0.3633816	0.0734445	0.3741895	0.4665441	0.0180886	0.7247194	0.6166544	0.7003524	0.2490973	0.4239155	1.0560002	0.5769591	0.5922762	0.2038756	0.2742749	0.5536702	0.5342459	1.0733784	0.7702107	0.4331140	0.0963360	0.4019472	0.2406561	0.3860760	0.8425376	0.2818679	0.4048094	1.0217556	0.3048690	0.2902719	0.6658780	0.8029885	0.9529965	0.1006410	0.6608251	0.9291561	0.3185612	0.3203643	0.5430138	0.5766740	0.6876814	0.4698696	0.2228087	0.4205837	0.5350436	0.1096891	0.6099732	0.2710316	0.0645495	0.5612230	0.9715968
800	0.0202333	0.6409416	0.9721400	0.1198116	0.4767475	0.0022264	0.0291034	0.0177164	0.9145432	0.1287931	0.1479443	0.0880642	0.0062026	0.1163793	0.8634903	0.5061052	0.4263538	0.9696048	0.9191233	0.7997748	0.0576826	0.6733514	1.1041284	0.9992701	0.9605464	0.6425106	0.8809857	0.0960526	0.1576782	0.0572801	0.4229105	0.0644941	0.7092654	0.8166508	0.3231175	0.9797875	0.3050745	0.6965199	0.3784717	0.0272524	0.9584046	0.3975306	0.0634455	0.0954335	0.7825934	0.5466477	0.6529531	0.8888360	0.8286878	0.3263680	0.0666001	0.4152518	0.4129057	0.0180975	0.6981258	0.5249762	0.6557425	0.2431808	0.4418370	1.0162903	0.6119790	0.6424361	0.3291853	0.2700786	0.5688047	0.5292649	0.9820992	0.7039404	0.4092313	0.0712028	0.3883018	0.2956332	0.4071437	0.7950192	0.2389066	0.3444076	0.9939638	0.3994631	0.2977247	0.6482824	0.8173795	0.9197689	0.1055270	0.6285693	0.9199630	0.3378970	0.2723166	0.4811696	0.6377694	0.7569520	0.4545488	0.1744451	0.3570073	0.5135772	0.1084983	0.6043350	0.2221589	0.0457388	0.4982564	1.0045442
850	0.0150704	0.6067484	0.9704068	0.0987201	0.4700700	0.0011756	0.0230983	0.0370395	1.0421567	0.2865331	0.1118113	0.1071938	0.0018847	0.0913965	0.9396189	0.4634856	0.4671435	1.0645959	0.9702477	0.8330453	0.0581105	0.6389544	1.1086495	0.9455678	0.9053899	0.6166078	0.8935063	0.1021965	0.2804665	0.0492292	0.3934940	0.0529104	0.7223927	0.7309164	0.3127618	0.9555654	0.3149469	0.6489987	0.3493606	0.0143148	0.9681727	0.4495732	0.0912482	0.1044908	0.7273693	0.5026867	0.6719294	0.8655251	0.7718750	0.3439583	0.0744051	0.4444023	0.5390288	0.0080850	0.7214156	0.5788740	0.7681859	0.2647266	0.4450472	0.9632997	0.6893914	0.5737264	0.2415148	0.2641761	0.5288030	0.5464970	1.1340524	0.7306691	0.3972821	0.0542931	0.3494174	0.2163145	0.3844018	0.9038080	0.2696604	0.3153152	0.9532018	0.3759849	0.3302355	0.6541044	0.8121556	0.9240448	0.1033825	0.6225276	0.9620791	0.3871136	0.2004327	0.4572998	0.6050638	0.6491880	0.5094047	0.2004903	0.4237199	0.6069688	0.0946970	0.5744351	0.2155826	0.0483467	0.5180135	0.9690460
900	0.0081391	0.4944372	1.0049531	0.1203582	0.4966529	0.0011449	0.0147619	0.0366943	0.9178491	0.4319152	0.1663955	0.0887215	0.0153480	0.1341016	0.8238113	0.3909527	0.4205294	1.0119654	1.0596662	0.7933085	0.0729754	0.6478925	0.9677541	1.0194389	0.8836043	0.6757090	0.9206662	0.1358313	0.2683525	0.0225759	0.3431778	0.0719710	0.6657800	0.7305110	0.2808740	0.8356901	0.2656190	0.6734869	0.4051084	0.0184679	0.9277890	0.4850543	0.0738936	0.0819295	0.7399383	0.4559265	0.6594553	0.8442767	0.8226508	0.3137964	0.0531000	0.3798488	0.7791183	0.0112770	0.6948522	0.5571641	0.7558931	0.2813634	0.4299857	0.9759591	0.7233219	0.4965307	0.2365058	0.2688328	0.5509800	0.5864240	0.9880302	0.7234459	0.3616465	0.0552063	0.3302967	0.1886869	0.4354012	0.8798754	0.2587160	0.4038673	0.9350884	0.2720969	0.2948935	0.6424519	0.7760384	0.9890622	0.0855856	0.6561489	0.9378953	0.3340559	0.2462200	0.4822987	0.5485292	0.7669821	0.5205786	0.2394028	0.4025349	0.5510593	0.0725331	0.6402030	0.1938670	0.0301705	0.6078284	1.0110243
950	0.0042448	0.6079863	0.8921554	0.1339297	0.4922142	0.0038754	0.0420791	0.0213261	0.7850966	0.4865261	0.1401647	0.0914160	0.0000972	0.1255050	0.9175252	0.3876276	0.4440124	0.9948703	1.0404107	0.8303306	0.0626612	0.6100338	0.9658285	1.0584993	0.9063184	0.6500933	0.9480503	0.1303691	0.2221699	0.0232113	0.3257915	0.0620721	0.6898965	0.8916074	0.2735098	0.8097988	0.2237737	0.7723805	0.4451671	0.0078063	0.9987076	0.4770821	0.0637393	0.0650962	0.8449371	0.4711319	0.6599592	0.8732337	0.7580462	0.4148517	0.0681169	0.3494862	0.8997298	0.0071219	0.7717542	0.5649202	0.6901396	0.3095431	0.5187830	0.9804205	0.7450991	0.4885781	0.3024794	0.3011979	0.6319609	0.5156216	1.0468425	0.7460791	0.3665374	0.0271993	0.3710478	0.1546790	0.3428521	0.9633433	0.2507953	0.3456412	0.9623839	0.3061205	0.2428073	0.5647408	0.7626566	0.9098921	0.0881014	0.6931695	1.0375060	0.4193678	0.2838636	0.4500114	0.5751256	0.7582423	0.5646386	0.2553438	0.3739119	0.5246661	0.0707398	0.5701535	0.2447276	0.0242043	0.6343976	0.9883571
1000	0.0068136	0.5927858	0.8585337	0.1168557	0.4184135	0.0022756	0.0283755	0.0300682	0.8058902	0.4579935	0.1098298	0.0869582	0.0020027	0.1191430	0.9701362	0.4515342	0.4477033	0.9919464	0.9690094	0.8275353	0.0448476	0.6164819	0.9172760	1.0072041	0.9847695	0.6636997	0.9382449	0.1335508	0.1701737	0.0328511	0.3797483	0.0552686	0.7520817	0.7915290	0.2659340	0.8981453	0.1656288	0.7783931	0.3857425	0.0217287	0.9217415	0.4445604	0.0668588	0.0507600	0.6694883	0.4093020	0.5931514	0.7899352	0.8521229	0.3843513	0.0450190	0.4019325	0.8847212	0.0102836	0.7717064	0.5191837	0.6706183	0.2320395	0.4992655	1.0648980	0.6895564	0.6079817	0.3095850	0.2518554	0.5466281	0.4864018	0.9564522	0.6647136	0.4164728	0.0284023	0.3955121	0.2042150	0.2966564	0.9899766	0.3051711	0.3607255	0.9942886	0.3231498	0.2188140	0.5784676	0.8015505	0.8657420	0.0940249	0.6535401	1.0368523	0.4324241	0.3415344	0.4129144	0.5736854	0.6866023	0.5621643	0.2180698	0.3459802	0.5502788	0.0452154	0.5681696	0.2025583	0.0280957	0.6148810	0.9666207

0	0.0094491	0.6355617	1.0459758	0.0876986	0.4170952	0.0015965	0.0357302	0.0201856	0.7842026	0.5482911	0.1482550	0.1067167	0.0074763	0.0795139	0.9263252	0.4386615	0.5117037	1.0187251	0.9869150	0.9112762	0.0675828	0.6396705	0.9879649	0.9056811	1.0249936	0.8053086	0.8415975	0.0956169	0.2807776	0.0361236	0.3476186	0.0945586	0.7647381	0.8073502	0.2691465	0.9854445	0.2644993	0.7761342	0.3511720	0.0142404	0.9503393	0.3956488	0.0912837	0.0721673	0.8039584	0.5632487	0.5721011	0.9104100	0.8750489	0.3877912	0.0490860	0.3690556	1.0040851	0.0016799	0.7496314	0.4296180	0.7445798	0.3138374	0.4763448	0.9977159	0.8917758	0.5763065	0.2317245	0.3844034	0.5377636	0.4876338	1.0898320	0.8135737	0.5024926	0.0491368	0.3912071	0.2335426	0.3169327	0.9297559	0.3112694	0.3637340	0.9584119	0.1589398	0.2670455	0.6498318	0.7931145	1.0351174	0.1402507	0.6535788	1.0095359	0.4184859	0.2245238	0.5131035	0.6073464	0.7854143	0.4606182	0.1309775	0.4648780	0.5528648	0.0723851	0.5781484	0.2784400	0.0363961	0.5378107	0.9932421
50	0.0896705	0.6797279	0.9605349	0.1110136	0.4319889	0.0018692	0.0393114	0.0378623	0.7084518	0.3230238	0.1280645	0.0710368	0.0025078	0.1214314	0.9069612	0.3211372	0.4890643	0.9431473	1.0506290	0.7885067	0.2887183	0.7040616	0.9102185	0.9645230	0.9475924	0.6872438	0.8285977	0.2405027	0.2009994	0.0314791	0.3200868	0.0718278	0.6856585	0.7812428	0.2850435	0.8817178	0.2434578	0.7201606	0.3924673	0.3728726	0.9920684	0.4761601	0.0818417	0.0594208	0.8089942	0.4063443	0.6917975	0.8956066	0.7781974	0.3179963	0.0541736	0.5892441	0.9360709	0.0061046	0.7860821	0.5141214	0.8880259	0.2977686	0.5027432	0.9990967	0.7299977	0.6282021	0.2825697	0.2169326	0.5333461	0.3375790	0.9121287	0.7661969	0.4113389	0.0638501	0.4978604	0.1852010	0.2421265	0.8945755	0.2934022	0.2671041	0.9951515	0.4040953	0.2879792	0.5564969	0.7032675	0.7079645	0.1062924	0.5566522	0.9841180	0.3920916	0.3271745	0.5164949	0.6119776	0.7863802	0.4314127	0.3099657	0.4048461	0.5455911	0.1240095	0.5317795	0.1903505	0.0146180	0.4927128	1.0712147
100	0.2499770	0.6932984	0.9613080	0.1059403	0.3981124	0.0013192	0.0455446	0.0234583	0.7133535	0.1571995	0.1518735	0.0733789	0.0014673	0.1056285	0.9414048	0.1511612	0.5235783	1.0172405	0.9423057	0.7523166	0.6435580	0.7439487	0.9653559	0.7749355	0.9781700	0.6293433	0.8693555	0.2436203	0.1440200	0.0359151	0.3424975	0.0489847	0.6603559	0.8149071	0.3452767	0.7766761	0.1795196	0.7348971	0.3937583	0.6213763	0.9828437	0.5148283	0.0558276	0.0508941	0.8080656	0.4199184	0.7411368	0.9495248	0.7686323	0.3108677	0.0414109	0.7318840	0.8985647	0.0042842	0.7934212	0.5015693	0.8321456	0.2999527	0.6331650	1.0697179	0.8023482	0.5488860	0.2705740	0.1659591	0.5945033	0.2118018	0.9978768	0.7396746	0.3796131	0.0760756	0.5105566	0.1881383	0.2717207	0.8542433	0.3072875	0.2706522	0.9463969	0.5588036	0.3030353	0.6182406	0.7551821	0.6493625	0.1314203	0.4637181	1.0140153	0.3134143	0.3176905	0.5362459	0.5260033	0.7321053	0.4716583	0.4507928	0.3528020	0.5749288	0.0873063	0.5479825	0.1878307	0.0101077	0.3366270	1.0895720
150	0.3417616	0.6983456	0.9578899	0.0629577	0.4114156	0.0023042	0.0346067	0.0149947	0.7927698	0.0766984	0.1430371	0.0897743	0.0050048	0.1055314	0.8930244	0.0774071	0.4877025	0.9185454	0.9075615	0.7962193	0.6596370	0.7773440	0.9702062	0.7197937	0.9438870	0.6049937	0.9529189	0.3206637	0.0896354	0.0316468	0.3610950	0.0339003	0.5913663	0.6869988	0.3646540	0.8199196	0.1742781	0.7368021	0.3388811	0.6446208	1.0137740	0.4579271	0.0564511	0.0208434	0.7836926	0.3883256	0.6945493	0.9359887	0.8095038	0.3313440	0.0338744	0.7486295	0.8416537	0.0044589	0.8778171	0.5776637	0.7676392	0.2982920	0.6736769	1.0488982	0.8961544	0.5609028	0.2689665	0.1449145	0.5788278	0.1881377	0.9877523	0.7633426	0.4066329	0.0551684	0.5614464	0.1390322	0.2150048	0.8998065	0.2946037	0.2253620	0.9307250	0.7379816	0.2939448	0.6598600	0.6824298	0.5295484	0.1258529	0.3423947	1.0152682	0.3822897	0.2750042	0.4819801	0.5100402	0.7322293	0.4751769	0.5472438	0.3916916	0.5911716	0.0954412	0.5983347	0.2353043	0.0096900	0.2520560	1.0560477
200	0.3821119	0.6478413	0.9434623	0.1140058	0.4638628	0.0035798	0.0119617	0.0191348	0.8269889	0.0393602	0.1318556	0.1036691	0.0028448	0.1463169	0.8366268	0.0298901	0.4823526	1.0399898	0.7987389	0.8265012	0.7755521	0.6786122	0.9704081	0.5648651	0.9530248	0.5614171	1.0124132	0.3488609	0.0554576	0.0237640	0.2864675	0.0257725	0.5193785	0.7401432	0.3375510	0.8872296	0.1718821	0.7467825	0.3570329	0.6376060	0.9889078	0.4199164	0.0592509	0.0098945	0.7772923	0.3414936	0.6752706	0.9594403	0.8404943	0.4047933	0.0346097	0.8360069	0.7507714	0.0224272	0.7421617	0.5524767	0.7695870	0.2527208	0.7172392	1.0725225	0.8784095	0.4764612	0.2307270	0.1213486	0.5312125	0.1859345	0.9870238	0.8383198	0.4099725	0.0843183	0.6134665	0.1287753	0.1756521	0.9059803	0.2413351	0.2303995	0.9059985	0.8057001	0.2642006	0.5860164	0.7322743	0.4717724	0.1200192	0.2422027	0.9786755	0.3449420	0.2902004	0.5160057	0.6279458	0.6975312	0.4864070	0.5913928	0.4011511	0.5383022	0.0652684	0.6901334	0.2058503	0.0107817	0.1892253	1.0895071
250	0.4013622	0.5449300	0.9757473	0.1043192	0.4537141	0.0023291	0.0312447	0.0361731	0.8405584	0.0077666	0.1091189	0.1000324	0.0082587	0.1243415	0.9093310	0.0263882	0.4208051	1.0345637	0.7229477	0.8832227	0.7892503	0.6658257	0.9751606	0.6003036	0.8287609	0.5751748	0.9299524	0.3440163	0.0425241	0.0104590	0.3353637	0.0506537	0.4453722	0.7970651	0.3604963	0.7924477	0.1304489	0.7356292	0.2741828	0.6992136	0.9192299	0.4057135	0.0529518	0.0128689	0.7354727	0.4078564	0.6749459	0.9656948	0.8407680	0.3505802	0.0507465	0.8438239	0.6994694	0.0315502	0.4861525	0.5770748	0.6735123	0.2311179	0.7739461	0.9815731	0.8497962	0.4378358	0.2930062	0.1426626	0.4598857	0.1607631	0.9962436	0.7745297	0.4244063	0.0473418	0.5494119	0.0927301	0.1735449	0.9127073	0.2538313	0.1037634	0.9127214	0.7273226	0.2555001	0.6102421	0.8177084	0.4739914	0.1017081	0.2199477	0.9589748	0.3476695	0.3213480	0.5769343	0.5154779	0.8157201	0.4686553	0.5778900	0.4288630	0.5033011	0.0999576	0.6541841	0.2048065	0.0186488	0.1234535	1.0375862
300	0.4031755	0.5791059	1.0697292	0.1033901	0.4560977	0.0007595	0.0314446	0.0269693	0.7968845	0.0078006	0.1263167	0.0925897	0.0008065	0.0986729	0.8622173	0.0187574	0.5115184	1.0484462	0.7466397	0.9343358	0.7899110	0.7325537	0.9189168	0.5653884	0.8923909	0.5627398	0.9321869	0.3259276	0.0176880	0.0345732	0.3781700	0.1119663	0.4192142	0.7441840	0.3410040	0.8621074	0.1164539	0.6966953	0.2960585	0.7018534	0.9316042	0.3944237	0.0691955	0.0125255	0.6460710	0.3908598	0.6989419	0.9189624	0.8909765	0.3237271	0.0659379	0.7475015	0.7261938	0.0190298	0.2791450	0.5483219	0.6503277	0.2309579	0.6515673	0.9003841	0.9818164	0.3808592	0.2068483	0.1592780	0.4666440	0.1302625	0.8928826	0.7262570	0.4811029	0.0353167	0.5804132	0.1198307	0.2013597	0.8768273	0.2128524	0.1244925	0.9071604	0.8010882	0.2460538	0.6390392	0.7397483	0.5183340	0.1008754	0.2189359	0.9124489	0.3362326	0.3711511	0.4906232	0.6017803	0.8279018	0.4812095	0.5737627	0.4097677	0.4555594	0.1287831	0.5228839	0.2333753	0.0428818	0.0835132	0.9800048
350	0.4338942	0.6001801	1.0726160	0.1045189	0.5071765	0.0019061	0.0290546	0.0162833	0.6792664	0.0110605	0.1881827	0.0701827	0.0046668	0.0784515	0.8222197	0.0200183	0.4217061	0.9754013	0.6348767	0.7923037	0.7423087	0.7396924	0.8198911	0.5433462	0.8900623	0.6001764	0.9442617	0.3185432	0.0303403	0.0206740	0.3795546	0.2042209	0.3696532	0.8468411	0.3977101	0.7826137	0.1489700	0.7199073	0.3085824	0.5585673	0.9466203	0.3928317	0.0889566	0.0105501	0.6186000	0.4175005	0.6276640	0.9604567	0.8951931	0.2706832	0.0907883	0.7555526	0.6943234	0.0208168	0.2131690	0.4104842	0.7094340	0.2237229	0.6816565	1.0404098	0.9379106	0.4211905	0.2306622	0.1492210	0.4524475	0.1166189	0.8015101	0.7072128	0.4392852	0.0385254	0.6956655	0.1560142	0.2058443	0.8898278	0.1879846	0.0991149	0.8774334	0.7127828	0.2453122	0.5720376	0.7034635	0.5023169	0.1137724	0.2224286	1.0047167	0.3072660	0.3638109	0.4295905	0.5508364	0.7892643	0.4249065	0.5853968	0.4334994	0.5887847	0.1654806	0.5535058	0.2917614	0.0350093	0.0705466	0.9534121
400	0.3879286	0.6607568	1.0494270	0.1491388	0.3590200	0.0016428	0.0181461	0.0143564	0.7000233	0.0101266	0.1508324	0.0792528	0.0062396	0.1037832	0.8615521	0.0048771	0.4447317	1.0020658	0.6265171	0.8221952	0.8104142	0.7002457	0.8937470	0.5121286	0.9803705	0.6259293	0.8914299	0.3649113	0.0583916	0.0321693	0.3607137	0.3384238	0.3935897	0.7724330	0.3544953	0.8224918	0.1179269	0.6882786	0.3899188	0.6493453	0.8289164	0.3287106	0.0630749	0.0131891	0.6512996	0.4140490	0.7258792	1.0236728	0.9185532	0.2443747	0.1310198	0.7435603	0.6536072	0.0203655	0.1722077	0.3060097	0.8010792	0.2773735	0.7758210	1.0076114	0.8759812	0.5104700	0.3151520	0.1574290	0.5096975	0.0991324	0.8737293	0.7562496	0.4238436	0.0581857	0.6624118	0.1432604	0.2059461	0.9250329	0.1236647	0.1087876	0.8379130	0.5650141	0.2148505	0.6462764	0.7545119	0.4470758	0.1019636	0.2632917	1.0124713	0.3184260	0.3645958	0.3609269	0.6580414	0.7609319	0.5228357	0.5619181	0.4329188	0.5420002	0.1444825	0.5937440	0.2971304	0.0189859	0.0708191	1.0117899
450	0.3851412	0.6234732	1.0993556	0.1257742	0.4569792	0.0003408	0.0147879	0.0116922	0.7821106	0.0105245	0.1690132	0.1143750	0.0144429	0.1367744	0.7944678	0.0128329	0.4656148	1.0066692	0.7083337	0.8724735	0.7893463	0.7366128	0.9436110	0.5252096	0.9572705	0.6286678	0.9708400	0.3472683	0.0626986	0.0334356	0.2740935	0.3777330	0.3826621	0.7773762	0.3229371	0.8607071	0.1259508	0.7232026	0.3580957	0.6741662	0.8516876	0.4031167	0.0864140	0.0146179	0.6821000	0.4105856	0.7870400	1.0136351	0.8589147	0.2303239	0.1134109	0.7612442	0.5755973	0.0112451	0.1812441	0.1856442	0.7399582	0.2514983	0.7757279	0.9910335	0.8900526	0.5342599	0.4264886	0.1840366	0.5425617	0.1341589	0.8229498	0.7262349	0.4609198	0.0373719	0.7046195	0.1238255	0.2567858	0.8292141	0.1214771	0.1540183	0.8221467	0.5635201	0.2545440	0.5837552	0.7608731	0.4778960	0.1489734	0.3471350	1.0328052	0.3289117	0.3431677	0.3230103	0.5196508	0.6774244	0.4496981	0.5136327	0.4116826	0.6200155	0.1198055	0.5928099	0.3229936	0.0160674	0.0625403	0.9275560
500	0.4496750	0.6765045	1.0254083	0.1284136	0.4729425	0.0019013	0.0250983	0.0175875	0.7808200	0.0142738	0.1730800	0.1202292	0.0246219	0.1468573	0.8303700	0.0205453	0.4582690	1.0392340	0.7633829	0.8980908	0.7705212	0.7276250	1.0602048	0.6047704	0.9749652	0.6357258	0.9661721	0.2719403	0.0927639	0.0202480	0.2546672	0.3587112	0.3715253	0.7522683	0.3102470	0.7786652	0.1032222	0.7686665	0.4539554	0.6841014	0.8049416	0.4245626	0.0860249	0.0120118	0.6851065	0.3451538	0.8138623	0.9522852	0.8328647	0.1964344	0.1075898	0.7796220	0.5409769	0.0064065	0.1719665	0.1228604	0.6736883	0.2623842	0.8001563	0.8902036	0.9227643	0.4751468	0.4019260	0.1672642	0.5119385	0.1443315	0.8065483	0.7727533	0.4384218	0.0476286	0.6684128	0.0844818	0.2270205	0.9031226	0.1389788	0.1523681	0.8734729	0.5172819	0.2565999	0.6348542	0.7279888	0.4419040	0.1276164	0.4589825	1.0244057	0.3672614	0.2891922	0.3105383	0.6255916	0.6433494	0.3548837	0.5864665	0.3849251	0.6922018	0.1078021	0.6019776	0.2948709	0.0270368	0.0639570	0.9166947
550	0.3686940	0.7491373	1.0072113	0.1097315	0.4825532	0.0034668	0.0172389	0.0267785	0.7599854	0.0176496	0.1551299	0.0928922	0.0087971	0.1278367	0.7751042	0.1122579	0.4687509	1.0875710	0.7363528	0.8919972	0.5473290	0.5811847	0.9728799	0.7232668	0.9736632	0.6563595	0.9803093	0.2515164	0.0862091	0.0226611	0.3172638	0.4307283	0.3217053	0.7010599	0.3631750	0.6908325	0.0803033	0.7099061	0.4109492	0.3881498	0.9080696	0.4315032	0.0671843	0.0214774	0.8156611	0.3120306	0.6985254	0.8007649	0.7915976	0.2181387	0.0848587	0.6096104	0.6310772	0.0023914	0.1115080	0.0635429	0.7100401	0.2704280	0.7004656	0.9020101	0.7766451	0.6048690	0.3623265	0.1702117	0.4919856	0.3041338	0.6029963	0.6619650	0.4701918	0.0691219	0.6291364	0.0820380	0.2744770	0.9213371	0.1626308	0.0775575	0.9087122	0.4455239	0.2251739	0.5704111	0.7229882	0.7861802	0.1193744	0.4295285	0.9747692	0.3648031	0.3426961	0.2956531	0.6361972	0.7148823	0.3973538	0.5374498	0.4094694	0.7445254	0.0858689	0.5492114	0.3507007	0.0321869	0.0568508	1.0086033
600	0.2077472	0.6215293	0.9019120	0.1359680	0.3874868	0.0000062	0.0281642	0.0376563	0.8745152	0.0046048	0.1458188	0.0881753	0.0020744	0.1082411	0.7893132	0.2681739	0.5091991	0.9931974	0.7792648	0.9167274	0.2515708	0.5929630	1.0013382	0.8515114	0.8910844	0.6857341	1.0024485	0.1411432	0.1210126	0.0315002	0.3720840	0.4086873	0.5200139	0.7050059	0.3264082	0.6560428	0.0759208	0.7980323	0.3553658	0.1496857	0.8951488	0.4347500	0.1005717	0.0272525	0.8691576	0.3530413	0.5877638	0.8026424	0.7776478	0.2044014	0.1224520	0.4529608	0.7708686	0.0002948	0.3266062	0.0813154	0.7023849	0.3478539	0.6260068	0.9086341	0.7039151	0.5977979	0.3958412	0.2341451	0.4787618	0.4769682	0.5420365	0.7020890	0.5615355	0.0710417	0.5333262	0.0913687	0.2509894	0.9725121	0.1880813	0.0879148	0.8874675	0.2344221	0.1723101	0.6277262	0.6721971	0.9734622	0.0932219	0.3108168	0.9586647	0.3589058	0.3684719	0.2955892	0.6339486	0.7270308	0.4909580	0.3708128	0.3591727	0.7274700	0.0958352	0.5197249	0.3093491	0.0319605	0.0391426	0.9564041
650	0.1520194	0.6220761	1.0281367	0.0808078	0.4340939	0.0020586	0.0245547	0.0355213	0.9028236	0.0085955	0.0854019	0.1087223	0.0059718	0.0967839	0.9016983	0.3194337	0.4353612	1.0176344	0.8704357	0.8367408	0.1407627	0.6296392	0.9987341	0.8650047	0.9557875	0.7009409	0.9856750	0.0925015	0.1493431	0.0429515	0.3609648	0.3194993	0.6303720	0.8206770	0.3237635	0.6207317	0.1033131	0.7489122	0.3260055	0.0466008	0.9430023	0.4873497	0.0628244	0.0333704	0.8483130	0.4850823	0.5607340	0.7074167	0.8109021	0.1881611	0.1108019	0.3757377	0.7056593	0.0079245	0.5612496	0.0873152	0.7628996	0.2641422	0.5974642	0.9317327	0.6782149	0.5094285	0.2718865	0.2697475	0.5051685	0.4766945	0.5136696	0.7171741	0.5242797	0.0476719	0.4925021	0.1347416	0.2616572	1.0011646	0.2376214	0.1291330	0.8624472	0.1950155	0.1910547	0.6606003	0.6339174	0.9723637	0.1232583	0.3527187	0.9811213	0.3098492	0.4065442	0.3848510	0.6911748	0.8049801	0.4682003	0.3456419	0.4076628	0.7095560	0.1042227	0.5137241	0.2322677	0.0390567	0.0531081	1.0309012
700	0.0562947	0.5490388	1.1159677	0.0825265	0.4487317	0.0026824	0.0337280	0.0178417	1.0380098	0.0048201	0.1046709	0.1028254	0.0014280	0.0968518	0.8812628	0.3844342	0.5089098	0.9296883	0.8450721	0.8537830	0.0698994	0.6433521	0.9659302	0.9989292	0.9014659	0.6641750	0.8728632	0.1619485	0.2283454	0.0450111	0.4084667	0.1988335	0.7411079	0.8503653	0.3197527	0.7486899	0.1925082	0.7688869	0.3695371	0.0518762	0.8908168	0.4844683	0.0956949	0.0197178	0.7943486	0.4868139	0.4678041	0.6587837	0.8736645	0.2441746	0.0903769	0.3454513	0.6202148	0.0011781	0.6811632	0.1131483	0.7737989	0.2250273	0.5196099	0.9909205	0.7302106	0.5085950	0.1809890	0.2727931	0.4624099	0.5167872	0.7023966	0.7089689	0.5963884	0.0548260	0.5152994	0.2118877	0.3176496	0.8272566	0.2794682	0.1872334	0.8093720	0.1713264	0.2127313	0.6259462	0.7683995	1.0138100	0.1241965	0.4450109	0.9127423	0.2612382	0.3747697	0.4216604	0.6505459	0.7792993	0.4684532	0.3428483	0.3713255	0.7747198	0.1041887	0.6396071	0.2233329	0.0202738	0.1800489	1.0451568
750	0.0188647	0.6452172	0.9651703	0.0918614	0.4252175	0.0000645	0.0292096	0.0185001	1.0792523	0.0667412	0.1426164	0.1160259	0.0062123	0.1154128	0.8753785	0.4255757	0.5226405	0.9185386	0.9344347	0.8465698	0.0429241	0.6198889	1.0375772	0.9536296	0.8755604	0.6891336	1.0371456	0.1278742	0.2781907	0.0357623	0.3615346	0.1515890	0.6632812	0.8452924	0.3190316	0.9200740	0.2471395	0.7403694	0.2999371	0.0338838	0.9622262	0.4647720	0.0699946	0.0385921	0.7977501	0.6532152	0.4371510	0.7156630	0.7464168	0.2359784	0.0879760	0.3063796	0.5481877	0.0039704	0.6937957	0.1409510	0.7991225	0.2562210	0.4432581	0.9842585	0.7613786	0.5507303	0.1021146	0.3311482	0.5426339	0.4747919	0.8100806	0.7614092	0.5478555	0.0438803	0.3409495	0.2390003	0.3214856	0.8257928	0.2789395	0.3892140	0.8164665	0.1970517	0.2513126	0.6918221	0.7570632	1.0815570	0.1291769	0.5929220	0.9896681	0.2678887	0.3037909	0.4404791	0.5272471	0.7612618	0.4844799	0.3699277	0.3781027	0.6922895	0.0941087	0.7309914	0.2729639	0.0253761	0.3068812	1.0579836
800	0.0184810	0.5949707	0.8861286	0.1499766	0.4925423	0.0002894	0.0087604	0.0238740	1.0901183	0.2542445	0.1006018	0.0983414	0.0070637	0.1022027	0.8643519	0.4544291	0.4730523	1.0009575	0.9800621	0.8087231	0.0535481	0.5734069	0.9946863	0.9699753	0.8545808	0.7578289	0.9558918	0.1109081	0.2643550	0.0440526	0.3729891	0.1118436	0.6511804	0.9093441	0.2899777	0.9097656	0.4187113	0.6799466	0.3251851	0.0250936	0.9778464	0.4683790	0.0507062	0.0567303	0.6238665	0.6360562	0.5742919	0.7894062	0.7598889	0.2527375	0.1004351	0.3853919	0.5275364	0.0053345	0.7894366	0.2743272	0.8348952	0.2303041	0.4249204	1.0549657	0.8025388	0.6056044	0.1092234	0.3818641	0.5687423	0.5578813	0.9762371	0.7715692	0.4659839	0.0464415	0.3354055	0.1619314	0.3122064	0.7931791	0.2788202	0.4020673	0.8783540	0.3141267	0.3401317	0.6656948	0.7591082	1.0578380	0.1132400	0.6605317	1.0053223	0.2297435	0.2725337	0.4633581	0.5808287	0.7774580	0.4875529	0.3289292	0.3544645	0.5923739	0.0735213	0.6753386	0.3000631	0.0237442	0.3931277	0.9607898
850	0.0115551	0.5525313	0.9499956	0.1574642	0.4206547	0.0000483	0.0382856	0.0174028	1.0738717	0.3231448	0.1554580	0.0712183	0.0133295	0.0946797	0.7561048	0.3982436	0.4587343	1.1047297	0.9883085	0.7740337	0.0504281	0.6017846	1.0112446	0.9628519	0.8708946	0.6219216	0.9714020	0.1191764	0.2937750	0.0497200	0.4336055	0.1092588	0.7466458	0.8613531	0.2560966	0.9044938	0.3834432	0.6671802	0.2886457	0.0177792	0.9534875	0.4792527	0.0580138	0.0679342	0.6610704	0.5970918	0.5740421	0.8846532	0.7544989	0.2804194	0.1008926	0.4036812	0.6779567	0.0001507	0.8265221	0.4018080	0.7519802	0.1891276	0.4470454	1.0360031	0.8566046	0.6687934	0.1634606	0.3177514	0.5421809	0.6272261	1.0843806	0.8297452	0.3707104	0.0604514	0.3673942	0.1106889	0.3169842	0.8600969	0.2768013	0.4148726	0.9510637	0.4496624	0.3092162	0.6139097	0.8158697	0.9698359	0.1069193	0.6181075	1.0089915	0.2924597	0.2437625	0.4996568	0.5925253	0.8078193	0.5035486	0.3137159	0.3753319	0.6129425	0.1005279	0.6705783	0.2599773	0.0268649	0.5277471	0.8935891
900	0.0121317	0.5483219	1.0171109	0.1368789	0.4418143	0.0014811	0.0215941	0.0124918	0.9524698	0.4252477	0.1664026	0.0676750	0.0041647	0.1070491	0.9075987	0.4625865	0.4479569	0.9655773	0.8896718	0.8674719	0.0734688	0.7047667	1.0175931	1.0533699	0.9487813	0.6402601	0.9469685	0.1482092	0.2832314	0.0294216	0.3890919	0.0870795	0.7159112	0.8614683	0.2696836	0.9902408	0.3273925	0.7143965	0.3571374	0.0131654	1.0181092	0.4365251	0.0667366	0.0489577	0.6867159	0.5698147	0.6221837	0.8631466	0.7399998	0.2813289	0.0885730	0.3778421	0.8567571	0.0020393	0.7082547	0.4725726	0.8179273	0.2383389	0.5182832	0.9576803	0.8023378	0.5710342	0.2456116	0.2991345	0.5551937	0.5741760	0.9511887	0.7381016	0.4098536	0.0705065	0.3077502	0.1523521	0.2800803	0.8265843	0.2956317	0.4397391	1.0200067	0.4774287	0.3484033	0.5873620	0.8533470	0.9931845	0.1386290	0.6796082	1.0417593	0.4068637	0.2337864	0.4973222	0.5715952	0.7328011	0.4433520	0.2129459	0.4409542	0.5135993	0.1094401	0.6255544	0.2177996	0.0270036	0.5758471	0.9434819
950	0.0089631	0.5641576	1.0458110	0.1296562	0.4100612	0.0016446	0.0148758	0.0073840	0.8855647	0.3877211	0.1223719	0.0693103	0.0057812	0.1204696	0.9576557	0.4617482	0.4620280	0.9749657	1.0144356	0.8191677	0.0634116	0.6539691	1.0148991	0.9503280	0.9320585	0.7272205	1.0156896	0.1550885	0.2259479	0.0458032	0.4172500	0.0722509	0.6345798	0.8336311	0.2948579	0.8480444	0.3350836	0.8160872	0.4079120	0.0254246	0.9517873	0.4859014	0.0716073	0.0675938	0.6788554	0.5773022	0.6499593	0.8786328	0.8861101	0.2533129	0.0786919	0.4883030	0.9291670	0.0027846	0.7042481	0.4635030	0.7594550	0.2471450	0.4262265	0.9900588	0.7504065	0.5008807	0.3070614	0.2478823	0.4940793	0.5413686	1.0984267	0.7764400	0.4160657	0.0518877	0.3683999	0.1951268	0.2925363	0.8295150	0.3047456	0.4835192	0.9382738	0.3533091	0.3252059	0.6163386	0.8109853	1.0192207	0.1174185	0.7113738	1.1276473	0.4422163	0.1980885	0.4574223	0.5558295	0.7550489	0.4104892	0.1804669	0.4300779	0.5144222	0.1016080	0.5608307	0.2336323	0.0186180	0.5935133	0.8969412
1000	0.0097807	0.6196302	1.0190646	0.1308449	0.4357990	0.0019366	0.0206545	0.0270520	0.8079259	0.4044199	0.1573553	0.0882019	0.0024385	0.0975997	0.8432328	0.4462483	0.4621317	0.9995728	1.0301231	0.8791557	0.0712113	0.6413821	1.0258236	0.9984741	0.9386709	0.7043993	1.0641264	0.1560193	0.2240125	0.0381559	0.3639662	0.0835562	0.6418023	0.7923653	0.3066798	0.9186902	0.2688127	0.8331982	0.3594697	0.0214205	1.0188394	0.4313201	0.0713784	0.0661694	0.7375494	0.4787406	0.6000199	0.8602012	0.9498860	0.2582920	0.0637655	0.4048654	0.9162083	0.0002842	0.7357235	0.4565923	0.7305876	0.2448894	0.4146671	1.1070343	0.6414979	0.5575380	0.2479308	0.2378320	0.5547624	0.5287803	1.0743391	0.7831628	0.4901238	0.0579111	0.4011392	0.1303269	0.3199427	0.8293881	0.2217001	0.3982513	0.9969641	0.2818025	0.3237728	0.6797071	0.7843972	0.9751683	0.0830235	0.6693606	1.0892038	0.4085529	0.2127304	0.4686048	0.5019205	0.7458797	0.4346671	0.2005751	0.4521172	0.4726504	0.0940441	0.5540552	0.2562351	0.0287080	0.5909588	0.9454194

0	0.0094491	0.6355617	1.0459758	0.0876986	0.4170952	0.0015965	0.0357302	0.0201856	0.7842026	0.5482911	0.1482550	0.1067167	0.0074763	0.0795139	0.9263252	0.4386615	0.5117037	1.0187251	0.9869150	0.9112762	0.0675828	0.6396705	0.9879649	0.9056811	1.0249936	0.8053086	0.8415975	0.0956169	0.2807776	0.0361236	0.3476186	0.0945586	0.7647381	0.8073502	0.2691465	0.9854445	0.2644993	0.7761342	0.3511720	0.0142404	0.9503393	0.3956488	0.0912837	0.0721673	0.8039584	0.5632487	0.5721011	0.9104100	0.8750489	0.3877912	0.0490860	0.3690556	1.0040851	0.0016799	0.7496314	0.4296180	0.7445798	0.3138374	0.4763448	0.9977159	0.8917758	0.5763065	0.2317245	0.3844034	0.5377636	0.4876338	1.0898320	0.8135737	0.5024926	0.0491368	0.3912071	0.2335426	0.3169327	0.9297559	0.3112694	0.3637340	0.9584119	0.1589398	0.2670455	0.6498318	0.7931145	1.0351174	0.1402507	0.6535788	1.0095359	0.4184859	0.2245238	0.5131035	0.6073464	0.7854143	0.4606182	0.1309775	0.4648780	0.5528648	0.0723851	0.5781484	0.2784400	0.0363961	0.5378107	0.9932421
50	0.1401364	0.6409743	1.0717916	0.0860060	0.5156127	0.0103720	0.1953968	0.0198289	0.7480648	0.3855538	0.1512598	0.0940852	0.2460246	0.1511472	0.9901129	0.3057488	0.4621208	0.9575801	0.9926638	0.7870216	0.0646178	0.6531326	0.9203807	1.0450881	0.8957046	0.6251574	0.7969387	0.1060071	0.2724775	0.0275163	0.3773029	0.0513168	0.5430914	0.7894916	0.2734482	0.8810318	0.3364283	0.5611657	0.3365571	0.0236343	0.9718337	0.4560760	0.1063384	0.0634792	0.7974599	0.3769834	0.7288929	0.8089975	0.7285178	0.4172372	0.0328876	0.2928255	0.9819470	0.0007672	0.7743895	0.5069791	0.8386850	0.4027847	0.5798041	0.9606498	0.8634121	0.5328757	0.2308672	0.2861422	0.4751171	0.6429476	0.8504533	0.6174666	0.5981114	0.0501883	0.2762471	0.1949911	0.2482973	0.9013296	0.2535766	0.4747014	0.8231319	0.2793725	0.2607759	0.6090679	0.6914612	0.9500771	0.1290185	0.6987583	1.0631021	0.3404261	0.2275836	0.5088385	0.5435270	0.6850285	0.4852257	0.0952285	0.5350900	0.5260942	0.1548738	0.6155667	0.2314716	0.0297256	0.6127254	1.0383044
100	0.2654401	0.6421602	0.9940509	0.0778391	0.4939294	0.0202523	0.2790678	0.0254820	0.8118161	0.1938793	0.1303086	0.0997578	0.4976212	0.1079470	0.9366608	0.2125677	0.5056751	0.9695641	0.9879944	0.8056680	0.0811565	0.5946588	0.9753234	1.1991265	0.8609053	0.5401920	0.7838319	0.1022519	0.2359390	0.0178703	0.3465774	0.0514144	0.4184195	0.7006781	0.2471830	0.8742512	0.3534962	0.4093282	0.3587147	0.0139540	1.0150706	0.4611544	0.0878655	0.0666343	0.8666005	0.4097811	0.7422619	0.8165137	0.6885762	0.3453656	0.0158033	0.3250393	0.9942588	0.0109084	0.6554285	0.4785116	0.7576330	0.3482761	0.4958097	1.0260309	0.9054354	0.5085616	0.0947659	0.2514849	0.5144595	0.8613141	1.0188325	0.4803472	0.7467478	0.0446622	0.3518605	0.2146769	0.2773895	0.8101641	0.1940298	0.3973392	0.8217040	0.1934118	0.2577652	0.5100911	0.6391091	0.9812101	0.1207244	0.7401686	1.0754537	0.2386946	0.2803765	0.5954944	0.5651075	0.8087639	0.4885223	0.1690094	0.5654296	0.5189451	0.1753704	0.6354239	0.2562027	0.0313743	0.5896648	0.9682532
150	0.3819759	0.6551927	0.9823873	0.0563126	0.4181425	0.0210647	0.3277522	0.0134425	0.9588012	0.1349695	0.1319029	0.1349337	0.5268634	0.1084365	0.9511113	0.1730367	0.4669560	1.0112129	0.9289068	0.8372937	0.0682602	0.7160345	0.9240581	1.1251809	0.8232675	0.6222947	0.8616853	0.1041150	0.2432455	0.0211650	0.3935182	0.0448866	0.3282223	0.7487159	0.2842767	0.7738683	0.4238471	0.2850850	0.3688678	0.0159781	1.0129402	0.4520875	0.0568620	0.1056451	0.7595229	0.3488449	0.7594571	0.8159649	0.6242199	0.3528782	0.0095349	0.2700846	1.0818952	0.0252517	0.7030022	0.5640565	0.8214648	0.3392754	0.4125993	0.9390827	0.9557579	0.5415053	0.0455148	0.3129261	0.4705317	0.8850854	1.0284816	0.4088415	0.8922030	0.0544641	0.3618437	0.2311667	0.2846247	0.8185005	0.1577950	0.2718116	0.8674462	0.2187351	0.1922126	0.5570534	0.5732418	0.8781455	0.1404386	0.7433023	1.0998726	0.1844786	0.2656201	0.7816909	0.5349972	0.8246543	0.5522070	0.1837848	0.6659222	0.5781082	0.1978812	0.6466911	0.2399565	0.0471557	0.5541237	0.9611182
200	0.5120480	0.6705388	1.0140386	0.0483768	0.4594829	0.0557993	0.2940536	0.0032757	0.9303887	0.0629008	0.1200156	0.2229994	0.5561905	0.0660953	0.8908172	0.1943095	0.4590667	1.0946622	0.9652488	0.8127970	0.0667398	0.7410208	0.9200057	0.9618328	0.8134396	0.7089724	0.8551890	0.1074530	0.2217397	0.0086020	0.3159427	0.0588465	0.2586234	0.7617480	0.2606201	0.6245862	0.4066934	0.2750551	0.4157053	0.0136131	1.0714907	0.4491694	0.0724789	0.0981801	0.8295766	0.3456951	0.7398728	0.8202025	0.5790133	0.3163934	0.0094280	0.3420893	0.9696139	0.0310094	0.6753987	0.6337294	0.7405496	0.2751505	0.4501452	0.9311286	0.9549941	0.5827352	0.0325118	0.2941748	0.5020615	0.8993755	1.1124933	0.4212150	0.9028781	0.0600362	0.3583687	0.2418138	0.3163573	0.8153148	0.1095382	0.2649735	0.8479555	0.3157693	0.1632094	0.6247609	0.6006478	0.9417379	0.1515574	0.7104898	1.0419396	0.1588127	0.3361614	0.7914252	0.6060515	0.8432774	0.6158666	0.1575412	0.7126154	0.6308273	0.2849682	0.6529450	0.2518361	0.0397018	0.5331154	0.9171170
250	0.5172256	0.6916644	1.0317286	0.0265601	0.3961677	0.0515682	0.3009170	0.0080005	1.0308265	0.0514844	0.1373966	0.2649443	0.4829914	0.0908475	0.8849361	0.2216594	0.4647666	1.0282931	0.9060443	0.8386551	0.0799239	0.6885734	0.9579044	0.9834689	0.8752108	0.7252825	0.8666287	0.0948951	0.2161465	0.0061433	0.2698738	0.0679343	0.2953962	0.7987217	0.3239432	0.6593036	0.4273324	0.1997789	0.3812191	0.0145346	1.0132005	0.4670941	0.0849690	0.1095458	0.8366141	0.3895937	0.6936168	0.8826176	0.5443145	0.2721516	0.0033250	0.3493124	0.8957255	0.0453317	0.7506093	0.6748161	0.7011426	0.2605344	0.4227502	0.9182900	0.9025238	0.5922524	0.0248636	0.2687050	0.4185494	0.9088184	1.0112934	0.4308354	0.8750666	0.0542898	0.4119195	0.2094117	0.3251200	0.8306408	0.1021694	0.2597041	0.8973260	0.2942632	0.1734411	0.6233128	0.5315015	0.9683683	0.1176882	0.7409594	1.0088253	0.1475619	0.3798013	0.7611609	0.5600268	0.7470711	0.6112693	0.2017664	0.7618629	0.6230852	0.2754911	0.6721061	0.2393091	0.0505564	0.5413086	1.0045073
300	0.4990263	0.6419313	0.9610780	0.0243601	0.3241716	0.0512535	0.3941792	0.0102353	1.0940037	0.0310442	0.1136845	0.2064464	0.5131258	0.0708385	0.8624647	0.2157676	0.4050687	0.9618941	0.8914499	0.8112051	0.0532854	0.8145353	1.0780630	0.9890876	0.9018562	0.7037273	0.8875737	0.0847896	0.1880654	0.0148305	0.2957787	0.0713232	0.2797254	0.8234710	0.3327965	0.7069986	0.4612118	0.1910862	0.3503607	0.0343060	1.0733165	0.4861107	0.0503170	0.1218758	0.7848937	0.3882170	0.7155466	0.8696737	0.4905517	0.2487084	0.0067439	0.3586015	0.8511530	0.0666463	0.7982276	0.5863909	0.7157552	0.2649454	0.4513118	0.9650940	0.9627607	0.5773283	0.0172765	0.2466384	0.4087950	0.9636473	0.9713562	0.4277938	0.8965594	0.0538150	0.5224600	0.1661513	0.3396454	0.8628676	0.0981057	0.2377978	1.0122651	0.3497637	0.1592156	0.6597104	0.5187266	1.0113712	0.1064036	0.6988396	0.9774425	0.1540040	0.3950361	0.7797391	0.5364020	0.6778846	0.5806254	0.1851516	0.7233917	0.6547078	0.2479298	0.6172868	0.2295535	0.0369943	0.5368986	1.0171739
350	0.5188180	0.6356128	0.8945824	0.0228469	0.3809266	0.0421854	0.4477409	0.0098112	1.0808567	0.0464827	0.0927484	0.2161877	0.5745828	0.0990887	0.8741082	0.2154273	0.4383295	0.9127754	0.8653574	0.8828508	0.0652985	0.6950396	1.0389753	0.9653399	0.8978892	0.6883905	0.8767459	0.1410850	0.2568582	0.0164100	0.2846979	0.0772820	0.3055240	0.8249976	0.3576700	0.7269777	0.5055836	0.2435836	0.4129469	0.0125798	0.9421051	0.4318181	0.0497947	0.1290623	0.7670247	0.3533095	0.7243109	0.7016774	0.4803796	0.2288319	0.0027159	0.3719112	0.6829712	0.1028557	0.7928172	0.5257681	0.7713292	0.3015581	0.4522306	0.9323472	0.9450283	0.4697966	0.0198551	0.2402581	0.4494540	0.9622129	0.9675904	0.4359212	0.8888262	0.0885293	0.4899082	0.1523584	0.4182283	0.8899235	0.1208872	0.2797858	1.0030669	0.5166935	0.1547702	0.6154965	0.5646191	0.9803662	0.1169176	0.7321483	0.9782484	0.1233216	0.4097766	0.8663874	0.5260364	0.7732532	0.5339945	0.2728461	0.7310811	0.5853931	0.3022185	0.5793178	0.2519240	0.0467884	0.5470363	1.1089069
400	0.5237493	0.6591820	0.9223430	0.0230875	0.2808608	0.0852772	0.4658291	0.0070268	1.0530525	0.0469479	0.0925080	0.2127473	0.5230020	0.1028312	0.7813530	0.2241153	0.4169334	0.9165261	0.8679848	0.8604139	0.0897797	0.6953421	1.0292929	1.0002867	0.9005771	0.7271639	0.8554951	0.1420757	0.2082571	0.0243022	0.3750076	0.0680220	0.2936923	0.7478033	0.3407415	0.6891762	0.4540490	0.2668888	0.4262178	0.0256386	0.9743902	0.4504529	0.0576243	0.1322696	0.8242241	0.3813096	0.6525784	0.8060990	0.4995033	0.2409732	0.0014737	0.3520799	0.6166609	0.1067157	0.7258459	0.5710132	0.8689300	0.2924117	0.4753574	1.0051172	0.8966765	0.4997052	0.0151538	0.2708975	0.4497306	0.9416850	0.9507162	0.5016146	0.8049932	0.0712092	0.4466812	0.1538784	0.4032189	0.8131801	0.1469650	0.2815322	1.0399581	0.5515990	0.1970054	0.6205039	0.5146249	1.0437774	0.1633911	0.6877921	0.9432482	0.1256933	0.3307757	0.7906079	0.6256185	0.8463964	0.4925033	0.1874842	0.6376108	0.5716852	0.2669272	0.5038549	0.2744859	0.0597678	0.5477279	1.0217042
450	0.5562518	0.6416818	0.9245814	0.0177221	0.2253742	0.0899565	0.4009567	0.0277654	1.0932717	0.0579197	0.1449159	0.2510446	0.5317986	0.1032172	0.8542082	0.1688819	0.4336076	0.9312673	0.8810566	0.9666361	0.0966546	0.7230207	1.0472015	0.8989769	0.8836395	0.7221380	0.9307780	0.0777486	0.1513080	0.0357417	0.3065076	0.0514479	0.2523006	0.7253280	0.3256356	0.7500883	0.5113796	0.1961132	0.4500267	0.0167699	0.9126989	0.4413108	0.0792710	0.1388427	0.7109831	0.4286234	0.5500630	0.8296067	0.4731381	0.2373230	0.0032741	0.3375532	0.5927040	0.0947227	0.7703575	0.5332683	0.8315627	0.2521703	0.4545516	0.9571563	0.8551618	0.4861607	0.0131389	0.2195154	0.4728089	0.9528789	0.9301305	0.4695090	0.8058670	0.1086796	0.5413391	0.1598081	0.4659569	0.8800395	0.1276883	0.2602980	1.0380087	0.5205670	0.1996864	0.5934028	0.4912856	1.0265793	0.1463212	0.6555026	1.0020023	0.1312240	0.4112640	0.8137685	0.5558986	0.9030704	0.4398238	0.2421582	0.7284569	0.6235427	0.2679154	0.5278644	0.2544736	0.0348535	0.5107357	1.0318526
500	0.5601814	0.6643533	1.0120335	0.0228046	0.1816162	0.0973287	0.3307007	0.0227026	1.0358664	0.0753694	0.1629762	0.2430142	0.5412114	0.1217236	0.8784637	0.1699120	0.5259844	0.9566477	0.9036326	0.9646463	0.1048074	0.7415889	1.0730362	1.0454663	0.9315399	0.6927560	0.9368327	0.0807503	0.2632345	0.0454775	0.4329840	0.0888792	0.2409224	0.7652952	0.4117863	0.8277572	0.5647760	0.2123484	0.4346477	0.0311993	0.8678982	0.4080089	0.0804137	0.1783972	0.8478811	0.4953798	0.5849178	0.7533289	0.4906366	0.2540100	0.0141103	0.3651790	0.6010944	0.0854385	0.8241256	0.5118078	0.8056912	0.2768057	0.5141209	1.0182181	0.8588422	0.4956599	0.0032286	0.2575847	0.4715262	0.9734069	0.9242975	0.4248588	0.8162216	0.1605733	0.4995243	0.1844644	0.4735168	0.8804414	0.1197238	0.2218461	0.9670160	0.4394533	0.2221880	0.5712003	0.5838272	1.0332314	0.1537972	0.7938570	0.9247321	0.1089238	0.4613304	0.7132398	0.5872703	0.7315337	0.5061825	0.2925722	0.6622047	0.5646309	0.2665828	0.6584769	0.2668623	0.0192640	0.5244095	0.9972284
550	0.4291053	0.6990656	1.1181405	0.0229185	0.1697911	0.0797405	0.1746839	0.0216702	1.0598975	0.0782750	0.1180483	0.2607883	0.2888799	0.1068289	0.8344913	0.2551110	0.5184537	1.0174282	0.8226298	0.8879978	0.1176823	0.6822818	1.0349753	0.9483697	0.8858946	0.7497080	0.8966126	0.0733612	0.2536808	0.0346444	0.4279848	0.3041702	0.3853187	0.7589344	0.3464193	0.8912009	0.4270049	0.4112686	0.3743970	0.0311066	0.8667522	0.3537644	0.0621500	0.1361869	0.7127395	0.5383765	0.5495726	0.7579495	0.4951618	0.2538727	0.0326063	0.3778323	0.5977683	0.0634544	0.6765742	0.4987427	0.7077324	0.2978859	0.4629614	1.0364318	0.6265144	0.4786446	0.0374329	0.2146810	0.4228825	0.7917470	1.0205911	0.5118384	0.7787177	0.1983039	0.5434415	0.1779629	0.4392992	0.8259084	0.0988448	0.3694876	0.9631156	0.4276549	0.2862395	0.6769388	0.7287020	0.9648452	0.1593273	0.7756800	0.8540221	0.2504620	0.5247473	0.7703349	0.6339727	0.7105636	0.5483901	0.3196714	0.5948961	0.5421067	0.2000812	0.5736093	0.2678440	0.0063859	0.4718564	1.0174777
600	0.2284800	0.6392873	0.9734688	0.0779346	0.2220446	0.0510037	0.0867695	0.0230045	0.9998285	0.0840718	0.1341727	0.1812169	0.0880057	0.0911832	0.7988481	0.3834988	0.4085278	0.9253029	0.9090092	0.8115496	0.1042033	0.7525477	1.0174250	0.9645307	0.8500096	0.6779090	0.9311825	0.0960437	0.2453497	0.0433791	0.3840067	0.3798449	0.5341055	0.8570172	0.3408683	0.9394009	0.3261921	0.5477382	0.4071116	0.0461185	0.9082123	0.3985766	0.0759419	0.0892107	0.6631047	0.5810857	0.5205210	0.8079330	0.6316425	0.2480309	0.0669527	0.3773688	0.5243797	0.0733126	0.6936927	0.2964768	0.6951922	0.2343786	0.4360524	1.0329338	0.5082171	0.6057642	0.0317072	0.2306188	0.3774011	0.5755356	1.1056445	0.6572593	0.6668579	0.2109409	0.5179341	0.2161426	0.3466652	0.8447068	0.1446981	0.3764441	0.9142018	0.4644384	0.3325689	0.7146659	0.6770602	1.0422701	0.1340053	0.6779487	0.9766314	0.2904576	0.5765980	0.7556521	0.5632919	0.6895861	0.5691254	0.4132100	0.5012370	0.5854491	0.1333108	0.5450038	0.2737025	0.0218389	0.4408282	1.0584792
650	0.1211102	0.6365304	1.0754359	0.1144479	0.3075425	0.0265660	0.0515461	0.0160800	1.0792779	0.0457109	0.1494525	0.1281802	0.0234844	0.1355981	0.8182675	0.4098308	0.5034815	0.9506948	0.9657055	0.8486348	0.0775269	0.6752697	1.0227294	1.1060992	0.8608778	0.6984663	0.9476698	0.0848727	0.2443973	0.0409986	0.3268163	0.2917996	0.6063941	0.8353168	0.3203129	0.9164793	0.3066693	0.6481729	0.4231842	0.0229909	0.9125228	0.4314376	0.0865829	0.0961027	0.6391322	0.7143812	0.5419848	0.7970178	0.7305035	0.2184895	0.1142746	0.3402146	0.4871183	0.0473565	0.6972372	0.1818839	0.6876116	0.2145856	0.4082859	1.0460474	0.4806362	0.5271051	0.1172229	0.2791447	0.4896201	0.5603229	1.0265734	0.7076115	0.5443863	0.1558979	0.4709521	0.2471990	0.3408291	0.8907462	0.1907100	0.3836765	0.8483332	0.2076495	0.3197982	0.6252026	0.7852547	0.8393225	0.1374545	0.5491274	0.9748338	0.2975668	0.4794889	0.5626553	0.5353938	0.7375776	0.5394537	0.3687283	0.4333919	0.5614219	0.1217506	0.5707155	0.2639529	0.0295947	0.4947142	0.9364743
700	0.0853561	0.6401090	1.1025235	0.1421818	0.4669529	0.0078086	0.0251084	0.0165635	0.9975887	0.0239132	0.1202446	0.1032583	0.0022506	0.1317376	0.9260148	0.3982931	0.5326835	0.9267617	0.9778639	0.9099622	0.0935681	0.6559764	0.9772233	1.0436403	0.9015438	0.6152602	0.8572318	0.0952259	0.2675995	0.0429420	0.3521455	0.2045696	0.5822516	0.8612231	0.2799472	0.9366239	0.3755052	0.6755889	0.3832102	0.0265669	0.9952542	0.3860949	0.0844085	0.0860886	0.6965375	0.7259610	0.5721108	0.7875874	0.8393087	0.1866939	0.0849075	0.3345195	0.4730029	0.0513986	0.7637642	0.1374646	0.7912578	0.2071255	0.5140841	1.0501154	0.5453136	0.5850299	0.2373632	0.3183573	0.5623229	0.4771305	0.9861487	0.7432960	0.4882563	0.0921023	0.4465328	0.2210413	0.3674121	0.9934479	0.2023100	0.4144271	0.9095869	0.1828865	0.3162429	0.7520780	0.8087983	0.8847186	0.1704456	0.5852491	0.9445271	0.2916412	0.3823985	0.4743955	0.4922346	0.7624418	0.4034721	0.3418713	0.4435298	0.7070186	0.1147049	0.5398255	0.2721303	0.0212695	0.4633088	0.9453864
750	0.0335102	0.7270959	0.9663829	0.2053800	0.4412709	0.0026207	0.0213328	0.0224324	1.0511620	0.0211145	0.0723245	0.0981760	0.0032356	0.1355239	0.8939657	0.3938786	0.4562329	0.8436520	0.9698885	0.8816717	0.0846395	0.6586861	0.9933460	1.0463162	0.9495471	0.6984620	0.8445694	0.0696563	0.2087921	0.0218894	0.3963815	0.1344322	0.6216056	0.8551457	0.3479461	1.0297913	0.3637172	0.6772788	0.3486008	0.0302451	0.8882014	0.4602226	0.0664107	0.0763609	0.7260030	0.5397663	0.5604735	0.7949930	0.7263799	0.2424734	0.0938538	0.3049214	0.5424292	0.0178792	0.7041285	0.2134877	0.8143539	0.2237133	0.5567770	1.0617820	0.6615385	0.5785236	0.2554797	0.3092266	0.5329876	0.5481989	0.9911495	0.7866367	0.4722629	0.0643893	0.4078568	0.1998698	0.3424116	0.8801376	0.2018528	0.4006820	0.9228901	0.2905456	0.3538511	0.7182589	0.7796843	0.8589734	0.1516029	0.5762712	0.9988911	0.2782363	0.3315202	0.4287134	0.4898234	0.7035369	0.4135641	0.3709674	0.4107827	0.5807243	0.1256146	0.5999418	0.2667611	0.0235260	0.4920725	0.9772907
800	0.0148843	0.6839891	1.0202171	0.1866467	0.4483817	0.0006747	0.0213617	0.0310853	1.1012565	0.1415692	0.1419247	0.1080905	0.0040954	0.1326007	0.9330938	0.3882551	0.4879621	1.0368089	0.9649474	0.9102989	0.0806483	0.6241074	1.0585397	0.9925939	0.9570362	0.6896207	0.9195946	0.0714885	0.2012755	0.0199913	0.3805822	0.0825915	0.5892218	0.8041269	0.2682867	1.0283926	0.2797119	0.6548941	0.4016691	0.0197233	0.8766999	0.4483518	0.0525301	0.1273327	0.7319602	0.5501762	0.5325871	0.8212714	0.7002609	0.2605732	0.0732834	0.3291796	0.5012041	0.0048650	0.7275133	0.2966670	0.6922520	0.2982531	0.5078992	1.1061104	0.7936350	0.5341714	0.1873579	0.3031127	0.5457677	0.5069720	1.0321385	0.7887701	0.3954960	0.0562077	0.4265053	0.1488311	0.3650602	0.9225263	0.2421955	0.3109095	0.9520282	0.3271285	0.3102551	0.7238870	0.7842088	0.9243255	0.1317365	0.5478091	1.1366140	0.3258979	0.3062750	0.3770054	0.5273247	0.8087725	0.4747213	0.3703013	0.3742412	0.5687976	0.1488441	0.5889522	0.2241046	0.0295096	0.5216306	1.0433627
850	0.0380751	0.6666543	0.9942870	0.1186393	0.4956882	0.0006124	0.0392450	0.0314038	1.0804590	0.2647599	0.1140705	0.0789624	0.0045204	0.1582524	0.8759617	0.4299101	0.4837066	0.8908006	0.9601895	0.9253552	0.0911804	0.6554036	1.1196411	1.1615167	0.9800300	0.6116939	0.8770686	0.0986825	0.2077522	0.0311163	0.4358691	0.0943907	0.6480409	0.8246519	0.2500818	1.0827103	0.2211608	0.7606017	0.2902972	0.0136533	0.9919416	0.4695613	0.0746144	0.1122446	0.6592485	0.5833454	0.5217697	0.8099189	0.7026697	0.2495091	0.0993620	0.3320101	0.5675143	0.0002109	0.6967812	0.4025056	0.6488844	0.3334763	0.4558566	1.1126503	0.8165558	0.4949726	0.2845661	0.2815875	0.4611161	0.5488495	1.0299034	0.8369217	0.4089327	0.0462697	0.4599620	0.1472335	0.3090549	0.8353568	0.3435314	0.2848832	1.0236375	0.3373851	0.2884795	0.6072655	0.6893318	1.0167062	0.1404070	0.5777929	0.9990012	0.2434226	0.2614875	0.3097307	0.6385544	0.7592335	0.4856498	0.3397081	0.3887587	0.5021854	0.1492734	0.5988423	0.2108307	0.0344139	0.5685211	1.0013621
900	0.0226364	0.6082421	0.9464102	0.1591647	0.4744004	0.0037548	0.0360878	0.0429653	0.9509234	0.2658326	0.1391213	0.0812033	0.0090407	0.1330152	0.8630180	0.4334801	0.4331139	0.9205012	0.9605658	0.8546446	0.0919339	0.7014980	1.0969455	1.0417867	0.9808391	0.7000940	0.9049273	0.1317265	0.2011213	0.0222760	0.3607975	0.0809420	0.6716078	0.8117108	0.2413098	0.9978150	0.2409715	0.7941741	0.2752405	0.0137776	0.8702087	0.5399663	0.0886625	0.0908860	0.7950559	0.5798680	0.5739327	0.8374568	0.7975075	0.2902931	0.0673794	0.3422379	0.7022303	0.0039017	0.7433598	0.3595097	0.7554960	0.2919464	0.4752418	0.9934774	0.8051359	0.5785022	0.2578715	0.2363031	0.5210647	0.4824907	0.9616715	0.8509642	0.3810338	0.0553827	0.4183593	0.1941888	0.2969579	0.8476119	0.3180245	0.3653143	0.9645968	0.2280911	0.2771842	0.6335852	0.7248648	1.0687109	0.1318687	0.6711661	1.0254711	0.2511250	0.2770736	0.3895612	0.5766034	0.7314643	0.5030240	0.2629599	0.3814584	0.5236232	0.1254067	0.5846315	0.3335573	0.0445150	0.5857642	1.0256937
950	0.0157864	0.5932608	1.0196914	0.1517361	0.4831799	0.0046978	0.0337131	0.0178911	0.9937627	0.3014280	0.1322607	0.0714494	0.0059242	0.1101578	0.8269608	0.3865009	0.4221292	0.8850067	0.9603822	0.8415277	0.0791926	0.6420961	1.0145171	0.9011937	0.9748674	0.6218059	0.8881596	0.1085597	0.1649387	0.0338388	0.3632516	0.0599877	0.7378640	0.8098034	0.2751185	0.8732710	0.2905861	0.7540471	0.3729949	0.0335208	0.9147197	0.4925036	0.0511169	0.1048736	0.7142945	0.4739721	0.6315410	0.8159085	0.8052819	0.3109261	0.0532602	0.3240057	0.7286950	0.0040874	0.7525057	0.4552388	0.8622506	0.2741506	0.4374278	0.9419137	0.8223094	0.5551378	0.2290504	0.2620794	0.4530299	0.4994758	0.9952042	0.7271367	0.4230553	0.0398780	0.4143821	0.2157647	0.2730446	0.8720256	0.2679747	0.2941454	0.9380386	0.1789040	0.3057865	0.6033724	0.7634901	1.0578718	0.1086462	0.6524583	0.9995387	0.2985254	0.2256528	0.3962807	0.6406726	0.7286357	0.5120618	0.2512268	0.3748777	0.5391656	0.0996860	0.5724514	0.3410511	0.0273391	0.5874966	1.0276420
1000	0.0173467	0.5737354	0.8833053	0.1225128	0.5042446	0.0023303	0.0488339	0.0134190	0.9610981	0.3912018	0.1873729	0.0880033	0.0062291	0.0914854	0.9017634	0.4326815	0.3832102	0.8638781	0.9944691	0.8747512	0.0898494	0.6135279	0.9867839	0.8131722	0.9170667	0.7217255	0.8476102	0.1297858	0.1521084	0.0251263	0.3055814	0.0546024	0.7653473	0.7871061	0.2758183	0.9579625	0.2472930	0.8213000	0.3462428	0.0224710	0.9844361	0.4569088	0.0630685	0.0783053	0.6601997	0.4695438	0.5905633	0.8671358	0.7856866	0.2941383	0.0357410	0.3442204	0.9014506	0.0003247	0.6940754	0.5290542	0.7740643	0.2693896	0.4643740	0.9039294	0.8423800	0.5926930	0.2998636	0.2679911	0.5339790	0.4456980	0.9547059	0.7432979	0.4154789	0.0275989	0.4257600	0.1992217	0.2722982	0.8275688	0.2717049	0.2676851	0.9372925	0.5233901	0.2845220	0.6031192	0.8673470	1.0527570	0.1204133	0.6111441	0.9659358	0.3927157	0.1880150	0.3884188	0.5437442	0.7356650	0.4682180	0.2595396	0.3979645	0.5736112	0.0813878	0.6010134	0.3283817	0.0393301	0.5702612	0.9604685

0	0.0094491	0.6355617	1.0459758	0.0876986	0.4170952	0.0015965	0.0357302	0.0201856	0.7842026	0.5482911	0.1482550	0.1067167	0.0074763	0.0795139	0.9263252	0.4386615	0.5117037	1.0187251	0.9869150	0.9112762	0.0675828	0.6396705	0.9879649	0.9056811	1.0249936	0.8053086	0.8415975	0.0956169	0.2807776	0.0361236	0.3476186	0.0945586	0.7647381	0.8073502	0.2691465	0.9854445	0.2644993	0.7761342	0.3511720	0.0142404	0.9503393	0.3956488	0.0912837	0.0721673	0.8039584	0.5632487	0.5721011	0.9104100	0.8750489	0.3877912	0.0490860	0.3690556	1.0040851	0.0016799	0.7496314	0.4296180	0.7445798	0.3138374	0.4763448	0.9977159	0.8917758	0.5763065	0.2317245	0.3844034	0.5377636	0.4876338	1.0898320	0.8135737	0.5024926	0.0491368	0.3912071	0.2335426	0.3169327	0.9297559	0.3112694	0.3637340	0.9584119	0.1589398	0.2670455	0.6498318	0.7931145	1.0351174	0.1402507	0.6535788	1.0095359	0.4184859	0.2245238	0.5131035	0.6073464	0.7854143	0.4606182	0.1309775	0.4648780	0.5528648	0.0723851	0.5781484	0.2784400	0.0363961	0.5378107	0.9932421
50	0.0200804	0.5763815	0.6234424	0.1443904	0.2466509	0.0005770	0.0297609	0.0721754	0.7666110	0.5080065	0.1492504	0.0996184	0.0035984	0.1492731	0.9314998	0.3632909	0.4919422	0.9845256	0.9470221	0.8353280	0.0641004	0.6906163	1.0733768	0.9836498	0.8942793	0.8637885	0.9539651	0.0809256	0.2729515	0.0539706	0.4895021	0.0804603	0.7049711	0.8818790	0.2932103	0.8372911	0.3102886	0.7214050	0.4232191	0.0422474	0.9087668	0.5984076	0.2099810	0.0715839	0.6567483	0.5180064	0.6079446	0.8335506	0.8306329	0.3548496	0.0620518	0.4095135	1.0134125	0.0708178	0.7327204	0.5576644	0.7521531	0.2088292	0.4039423	1.0212470	0.6112009	0.5130394	0.3105562	0.2605215	0.5248396	0.5222706	1.0080460	0.7884919	0.3638595	0.0529083	0.3339315	0.1491533	0.3400122	0.9478516	0.1974434	0.6064113	0.8737081	0.2237559	0.4471899	0.8002452	0.8370912	0.7508671	0.0853644	0.7425715	0.9475276	0.3393569	0.3786344	0.5386631	0.5565115	0.7732150	0.4797338	0.2151516	0.5358623	0.5631934	0.1359526	0.5755922	0.2687621	0.2207696	0.5936334	1.0559112
100	0.0187325	0.5279708	0.4009246	0.2145822	0.0956541	0.0024646	0.0322960	0.1383566	0.7432556	0.4677558	0.1081245	0.1037360	0.0038949	0.0931658	0.8902134	0.3688081	0.4250721	1.0540506	0.9215685	0.7270561	0.0696772	0.6103903	0.9879504	0.9873500	0.8586228	0.7905786	0.8326562	0.1182302	0.3484443	0.0790312	0.5347198	0.0824496	0.6116138	0.8231117	0.3351399	0.8406786	0.2312183	0.6888679	0.3533266	0.1047799	1.0104533	0.7370859	0.3806522	0.0710235	0.6752187	0.4864841	0.7697517	0.9251494	0.8450313	0.4122262	0.0903399	0.4003555	1.0336952	0.1297916	0.7339052	0.5528558	0.8440627	0.1784274	0.3918498	0.9416646	0.5066171	0.4550038	0.3313202	0.3172668	0.5188576	0.4742297	1.0133131	0.7320689	0.2734496	0.1380191	0.3601648	0.0643498	0.4015754	0.8149591	0.2330210	0.7581150	0.8777882	0.1699950	0.5233955	0.7792548	0.7349991	0.5864596	0.0983481	0.8307853	0.9962069	0.1938682	0.4706420	0.5234388	0.4680707	0.8259247	0.4819878	0.3070788	0.7325210	0.5436811	0.2415287	0.6456941	0.2587543	0.5096315	0.5875771	1.0829731
150	0.0130008	0.4686066	0.3099022	0.1985335	0.0517380	0.0049127	0.0297592	0.1885232	0.7698902	0.4498198	0.1448228	0.1058543	0.0021633	0.1242295	0.8289119	0.4949482	0.4836224	0.9319070	0.9719752	0.6933220	0.0612266	0.6875148	0.9980504	1.0521523	0.8710379	0.9048256	0.8169385	0.1667971	0.3793642	0.0569288	0.5808915	0.1066984	0.6399305	0.8325996	0.2952307	0.7673842	0.2272585	0.6787640	0.3656567	0.2347855	1.0144138	0.6357922	0.5008040	0.0704808	0.7798703	0.4000180	0.8219716	0.9037264	0.7690781	0.4668212	0.0948484	0.4178939	0.9873658	0.1249312	0.6429050	0.4991111	0.7191438	0.1708955	0.4469188	0.9108381	0.3366079	0.3691990	0.2909596	0.3050690	0.5265479	0.5024501	0.9636553	0.6897234	0.2211274	0.3027559	0.3264279	0.0321379	0.3717826	0.8829699	0.2175256	0.9067774	0.9197694	0.0901694	0.6309633	0.8837137	0.8358967	0.5550811	0.0948973	0.8996274	1.0432403	0.1466528	0.5291303	0.4615535	0.4874304	0.8657103	0.4515369	0.3230766	0.8683338	0.5093986	0.4011125	0.6834220	0.2722220	0.5808724	0.4659869	0.9135059
200	0.0339194	0.3842998	0.3385425	0.2504196	0.0268713	0.0053209	0.0718129	0.2716625	0.7247523	0.4798625	0.1328132	0.0983610	0.0072304	0.0736064	0.8406258	0.5893263	0.4980676	0.9617060	0.8364805	0.7050287	0.0540111	0.6132781	1.0165961	1.1216102	0.9125155	1.0662501	0.8471577	0.1339496	0.3458634	0.0505204	0.6072209	0.1225676	0.6507970	0.6891490	0.2887804	0.6728541	0.1647534	0.6831348	0.3122156	0.4649242	1.0784948	0.6418856	0.4384448	0.0751722	0.7817701	0.3064238	0.8120233	0.7733300	0.7414304	0.4954298	0.0743410	0.3944278	0.8242324	0.1191497	0.6753682	0.4063559	0.7230732	0.2728790	0.4589045	0.9346048	0.2103749	0.4192327	0.3022860	0.3192990	0.5284290	0.3453114	0.9448852	0.7256828	0.2616416	0.4088318	0.3471252	0.0303312	0.3649172	0.9181183	0.2108233	0.8637010	0.9329066	0.0888464	0.6989052	0.7817836	0.8305084	0.5704712	0.1283408	1.0086547	0.9816587	0.1113442	0.5394027	0.4508059	0.5272964	0.9251688	0.4440053	0.3569321	0.9003087	0.5156685	0.4583413	0.7431112	0.3585010	0.5869098	0.3071685	0.9093489
250	0.0129581	0.3834130	0.3468375	0.2045573	0.0470682	0.0019637	0.1070064	0.2705136	0.6885926	0.4086142	0.1601604	0.0840300	0.0042138	0.0715360	0.8536898	0.4985506	0.4560875	0.9444564	0.8871744	0.6872548	0.0511492	0.5842245	0.9491906	1.0450389	0.8069155	0.9861538	0.9272057	0.1101397	0.2470888	0.0514790	0.6088402	0.1062189	0.6614006	0.7095601	0.3527497	0.6139724	0.1104502	0.6790212	0.3077010	0.5147589	0.9500390	0.7408034	0.4407607	0.0586301	0.8657673	0.3473556	0.8151357	0.7257954	0.6983220	0.4401128	0.0402490	0.4777583	0.8213127	0.1463932	0.5324176	0.4636178	0.7002008	0.2463666	0.4014380	0.8966323	0.1668669	0.3889059	0.4088230	0.3872552	0.5568754	0.2822373	0.9655700	0.6326992	0.2085529	0.4194921	0.4358554	0.0208491	0.4284990	0.8858180	0.2282833	0.8464195	0.8814258	0.0944792	0.6986483	0.7150580	0.7764401	0.5980144	0.1387991	0.9425295	0.9315430	0.1157871	0.6547127	0.4051847	0.6318082	0.8196590	0.4271687	0.3200257	0.8849334	0.5593682	0.5215057	0.7562347	0.3818374	0.6672446	0.1785959	0.9554293
300	0.0209144	0.3503131	0.2962792	0.1355016	0.0693335	0.0072985	0.1533144	0.2364716	0.6618309	0.3938975	0.1531314	0.0822566	0.0038104	0.1116796	0.7179545	0.4236616	0.4191378	1.0647846	0.8928496	0.6401449	0.0591070	0.5811652	0.9206734	0.9330120	0.8842110	0.9432191	0.9855458	0.1198003	0.1753042	0.0365933	0.5419364	0.0702172	0.6755938	0.7323842	0.4013094	0.6066771	0.0967860	0.6787065	0.3493660	0.4161067	1.0224760	0.7721682	0.4269890	0.0537392	0.9270213	0.3048630	0.7463956	0.6681570	0.6844997	0.4449721	0.0696721	0.3617763	0.7432908	0.1765196	0.6153905	0.4935050	0.6546658	0.1970251	0.4880436	0.8639441	0.1646944	0.3685887	0.4887990	0.3583861	0.6081759	0.2736560	0.9436853	0.5672892	0.1802886	0.4739633	0.3342142	0.0392122	0.3365092	0.9006838	0.3020191	0.7248208	0.8804148	0.0578444	0.7001483	0.7564961	0.6991083	0.4979631	0.1320241	0.9378259	0.8459379	0.1216523	0.6648483	0.3557491	0.6075499	0.8671631	0.4520481	0.3733308	0.8537317	0.5232854	0.5065152	0.8032319	0.4337528	0.6853059	0.1189055	0.9605329
350	0.0336894	0.3228307	0.3411891	0.1113472	0.0337825	0.0096396	0.1811635	0.2718302	0.7828336	0.4100833	0.0887882	0.0962287	0.0045275	0.1032321	0.7670284	0.5288953	0.4086590	1.1000239	0.9499388	0.6770576	0.0376565	0.6445888	0.9141971	0.9309924	0.8442684	1.0782501	0.9682475	0.1098496	0.1935276	0.0345095	0.5690066	0.0436275	0.7435877	0.7618989	0.4059659	0.6273576	0.0806083	0.6846284	0.3636530	0.4018852	1.0590225	0.7917223	0.4828077	0.0340844	0.8901281	0.3874075	0.6939356	0.6791904	0.6692294	0.5272290	0.0423550	0.3486327	0.6130416	0.1929375	0.6644037	0.4757815	0.6817198	0.2173132	0.5121621	0.8981646	0.1387477	0.3393659	0.3650649	0.3495796	0.5659771	0.3043679	0.8258718	0.6106644	0.1275786	0.4432339	0.2888352	0.0269152	0.3834962	0.9938959	0.3097758	0.5671175	0.9486176	0.0490480	0.6277655	0.6593307	0.7148780	0.5429582	0.1085054	0.8664992	0.8185327	0.1128241	0.5713803	0.3782120	0.6228401	0.9325811	0.5391866	0.3439413	0.8724737	0.5635484	0.4134906	0.6787195	0.4488083	0.6873237	0.1064643	0.9870809
400	0.0181889	0.3049288	0.3215579	0.1198373	0.0189682	0.0196258	0.1565029	0.2392941	0.7434392	0.4171664	0.0945122	0.0655239	0.0066547	0.1235071	0.8057219	0.4620349	0.3767981	1.0047268	0.8980424	0.7654329	0.0517246	0.6773215	0.9074829	0.9016115	0.8399001	0.8911593	0.8869567	0.1050493	0.1244912	0.0459011	0.5609535	0.0386012	0.6814048	0.8135525	0.3558518	0.6982355	0.1616448	0.7545863	0.4167381	0.4821774	1.0758874	0.6742077	0.4809201	0.0401562	0.9209363	0.3923525	0.7802764	0.6216027	0.6622303	0.5261850	0.0561829	0.4329651	0.5174310	0.1834836	0.5802072	0.5557297	0.6586179	0.2202898	0.4558117	0.9752456	0.1233993	0.3944238	0.2681705	0.3496287	0.5328850	0.3169692	0.8294318	0.6411621	0.1062226	0.4468342	0.3750316	0.0166492	0.4249611	0.9393750	0.2538033	0.6726460	0.8716808	0.0422105	0.7239007	0.6701023	0.7676859	0.5951043	0.1051982	0.9406596	0.9558005	0.0639931	0.5561858	0.4036783	0.5781801	0.8904635	0.6309280	0.3504960	0.8803379	0.6213097	0.4471045	0.8036435	0.4596525	0.6600295	0.1228852	1.0009015
450	0.0170670	0.3016126	0.3125145	0.1258358	0.0357715	0.0142585	0.1103465	0.2234992	0.8511429	0.4188451	0.1235328	0.1020617	0.0119951	0.1014899	0.8250986	0.4682655	0.3854133	1.0153732	0.8607807	0.8819846	0.0612452	0.5716962	0.9182799	0.9983678	0.8389841	1.0271651	0.8280438	0.0688705	0.0957835	0.0419748	0.5997720	0.0413831	0.6427348	0.6993240	0.3434985	0.7403005	0.1245213	0.6527138	0.4005798	0.5129703	0.9750074	0.5650786	0.5675125	0.0705112	0.8441705	0.3737932	0.7142354	0.7526307	0.6957911	0.4994249	0.0524848	0.4596615	0.5806221	0.1829114	0.5166385	0.5569193	0.7018196	0.2321065	0.4313773	0.9362114	0.0926526	0.3677534	0.1788086	0.3290913	0.5010598	0.2692001	0.9875212	0.6106189	0.1099697	0.4705209	0.3760456	0.0507484	0.4331293	0.9654072	0.2288000	0.5347998	0.8575653	0.0326392	0.6802049	0.7636803	0.7031124	0.5770436	0.0981483	0.9602883	0.9733292	0.0507368	0.5401961	0.5128992	0.5605367	1.0192967	0.6135501	0.3237698	0.8341815	0.5899278	0.4193421	0.7339426	0.4967638	0.5960248	0.0980230	0.9440047
500	0.0146725	0.3254535	0.3318476	0.1365242	0.0252736	0.0132616	0.1050875	0.2633890	0.7858380	0.4375305	0.0913651	0.0710976	0.0101442	0.1334759	0.8477355	0.4890326	0.4442574	1.0344943	0.8946819	0.8047855	0.0737042	0.6823784	0.9518358	0.9512512	0.8961180	1.0276107	0.8326852	0.0760426	0.0997723	0.0652889	0.5621168	0.0504255	0.6293607	0.7406227	0.2917764	0.7678643	0.1340182	0.7494399	0.4190370	0.6652832	0.9569134	0.5852580	0.5334390	0.0454639	0.9280743	0.3457588	0.6697957	0.6906946	0.7706421	0.5171267	0.0450528	0.4168737	0.6596191	0.1813809	0.4637445	0.5708634	0.7996074	0.2538097	0.4417678	0.9674681	0.1073218	0.3111749	0.1860239	0.3812477	0.4661597	0.2429453	0.8771215	0.6054019	0.0942020	0.4959814	0.3493291	0.0664745	0.3891581	0.9515542	0.2623462	0.4400314	0.8992319	0.0426085	0.7254951	0.6912162	0.7818907	0.4835723	0.0827119	0.9765322	0.8999967	0.0648310	0.5429183	0.4509867	0.5298016	0.9450257	0.5998257	0.4080665	1.0214516	0.5721723	0.4840731	0.7032495	0.4730146	0.6146533	0.1132477	0.9641806
550	0.0135624	0.4301594	0.6258399	0.1166986	0.1605276	0.0129414	0.0747873	0.2014305	0.7633971	0.4148921	0.0786959	0.1032805	0.0119642	0.1222526	0.9482674	0.4100958	0.4668842	0.9311575	1.0012317	0.8763370	0.0522851	0.6220481	1.0203509	0.9165841	0.8431955	1.0372567	0.7701118	0.0692456	0.1009255	0.0754393	0.4629379	0.0748074	0.6798882	0.7822865	0.3225891	0.7992775	0.1538011	0.7342694	0.4513581	0.6426859	0.9865333	0.5075419	0.4064941	0.0501176	0.8302759	0.4153011	0.5802062	0.7495581	0.7405711	0.4260898	0.0620075	0.3828640	0.6487475	0.1249707	0.5489728	0.4640001	0.7967152	0.3329558	0.4113380	0.8971870	0.1715902	0.3287046	0.1723495	0.3365275	0.4398258	0.2356875	0.8916776	0.5926396	0.1867905	0.4456873	0.4007690	0.1487828	0.3519243	0.8561649	0.2862876	0.2752046	0.8781201	0.0358875	0.6138897	0.6318925	0.7220793	0.8377968	0.1178602	0.7878561	0.9183014	0.1250728	0.4979943	0.4358956	0.5595017	0.9547879	0.6418677	0.3213091	0.9741375	0.5836322	0.5316383	0.7392847	0.4690470	0.4791546	0.0876773	1.0031779
600	0.0058678	0.4576937	0.8782908	0.1384564	0.3510373	0.0076905	0.0840323	0.0998384	0.7958433	0.4897831	0.1072181	0.0858124	0.0138466	0.1395917	0.9166404	0.3544412	0.5549120	0.8829224	0.9697496	0.8882912	0.0533980	0.6517524	0.9967565	0.9847343	0.7658583	0.8607877	0.7967642	0.0832042	0.1584472	0.0657951	0.4227712	0.0704102	0.6323315	0.8880907	0.2861826	0.7272103	0.2271350	0.7595601	0.3679613	0.4027097	0.9507433	0.3340821	0.2358617	0.0805430	0.8226206	0.4335473	0.5205995	0.8146191	0.6674281	0.3985019	0.0648572	0.3408731	0.7845152	0.0876503	0.7256925	0.4389318	0.7593243	0.3939288	0.3985845	0.9605808	0.2997244	0.3895326	0.1159481	0.2877744	0.4859693	0.2799823	0.9570862	0.7335669	0.3015047	0.3262445	0.4125655	0.1920632	0.3050135	0.9010967	0.3097614	0.2110598	0.9358694	0.0849307	0.3846677	0.5635010	0.7626771	0.9488338	0.1125057	0.5944663	0.9893940	0.1769489	0.4095747	0.4967454	0.5301428	0.9883600	0.6066708	0.2976569	0.7313094	0.5478762	0.5167474	0.6372864	0.3276284	0.2518948	0.0689678	1.0233018
650	0.0084210	0.4877680	0.9416815	0.1905739	0.4583316	0.0040259	0.0597606	0.0658159	0.7411017	0.5093825	0.1021074	0.1136372	0.0060774	0.1450239	0.9726719	0.3255589	0.4928584	0.9144318	0.9624343	0.8359474	0.0756637	0.6789873	0.9951374	1.0814417	0.7515193	0.7791028	0.8254139	0.1110483	0.2031227	0.0619628	0.4356615	0.0809479	0.7334151	0.7709042	0.3149397	0.8563850	0.2791365	0.7550576	0.2798919	0.1812635	0.9222548	0.3002438	0.1561596	0.0673777	0.7611610	0.4794634	0.4994732	0.9241085	0.7562991	0.3148439	0.0790166	0.3413599	0.8589224	0.0336225	0.7553796	0.5005623	0.7760313	0.3996224	0.4414571	0.9928561	0.5493592	0.4898114	0.1550519	0.3327723	0.5337901	0.4694573	1.0294723	0.7877988	0.3675856	0.1691542	0.3472609	0.2143071	0.2723247	0.8970042	0.2579593	0.2743133	0.9139570	0.0822031	0.3235531	0.5551791	0.6955316	1.0359852	0.1097953	0.5316707	0.8851535	0.3088520	0.3285540	0.4740012	0.4359866	1.0332948	0.5147750	0.3620523	0.5824922	0.5259064	0.4368010	0.6378206	0.2734596	0.1365709	0.0576743	0.9548854
700	0.0110315	0.5976270	1.0323388	0.2740805	0.4986646	0.0051942	0.0559395	0.0375992	0.8162174	0.4568309	0.0857666	0.0699047	0.0026584	0.1006670	0.9934269	0.3265052	0.5195125	0.9229082	0.8854439	0.7867037	0.0607355	0.7391906	0.9054825	0.9698976	0.7786496	0.6681027	0.8379061	0.1262178	0.2973566	0.0487976	0.4722450	0.0647138	0.7707796	0.7826795	0.2646586	0.8457883	0.2994745	0.7724929	0.2636420	0.0702682	0.8214245	0.3653107	0.0876857	0.0694420	0.7043080	0.4886064	0.6447545	0.8418335	0.8650176	0.2814287	0.0546614	0.3808625	0.8797195	0.0273112	0.7062215	0.4258790	0.7291002	0.3371319	0.4196098	1.0024330	0.7578558	0.4610198	0.1686404	0.3103190	0.6126758	0.5280870	0.9735788	0.7908876	0.4869302	0.0849575	0.4168353	0.2084717	0.2996250	0.8713204	0.2882711	0.4377541	0.8926353	0.0979565	0.2637445	0.5037704	0.7564969	0.9957617	0.0927640	0.7238230	1.0232760	0.3738565	0.3038461	0.4651340	0.5333681	0.9251419	0.5748207	0.4058868	0.5208598	0.5864064	0.3714668	0.6095010	0.2463182	0.0733572	0.0646973	0.9306486
750	0.0180646	0.6301622	0.9246523	0.2022421	0.4913380	0.0025053	0.0237178	0.0217620	0.8427670	0.4405986	0.1186623	0.0870868	0.0047205	0.1314050	0.9015582	0.3764759	0.4867604	0.8441493	0.9100215	0.8288682	0.0824658	0.6361394	0.9105914	1.0160667	0.7754410	0.7173960	0.8409770	0.1254367	0.3407808	0.0431126	0.4090978	0.0619075	0.6707224	0.7523154	0.2328453	0.8228283	0.3006361	0.8110376	0.3054970	0.0462959	0.8337495	0.4483067	0.1005571	0.0637982	0.7248873	0.4759827	0.6357656	0.7794219	0.8609663	0.2821892	0.0634834	0.3773698	0.7954910	0.0105296	0.7122743	0.4417761	0.7269431	0.3068649	0.4674304	1.0273123	0.9229967	0.5225311	0.2259137	0.3417826	0.5403620	0.5297665	1.0054840	0.6992661	0.5501781	0.0599116	0.4187994	0.1884040	0.3439975	0.9489940	0.2787925	0.5186638	0.9255224	0.1808772	0.2770817	0.5576123	0.7442910	0.8848630	0.0881678	0.6258712	0.9656344	0.3930233	0.2834864	0.4065059	0.5977807	0.8471797	0.4875142	0.4284454	0.4611126	0.5886964	0.3454668	0.5784182	0.2753682	0.0394184	0.1848028	0.9662481
800	0.0142931	0.6374329	0.9583988	0.1651623	0.4381666	0.0037676	0.0233430	0.0285965	0.8563964	0.4071968	0.1482434	0.0950314	0.0032641	0.1143745	0.8620984	0.3539235	0.5612204	0.9741032	0.9503033	0.8588057	0.0725658	0.5928762	0.9617095	0.9745929	0.8168942	0.7022678	0.8578882	0.1350382	0.3216867	0.0315542	0.4269726	0.0656998	0.5882027	0.8233310	0.2591903	0.7761755	0.2931354	0.8034187	0.2995949	0.0320865	0.8471963	0.4489402	0.0709331	0.0479113	0.6996153	0.5099786	0.6412787	0.7340628	0.8856985	0.2693513	0.0719159	0.3503767	0.8053312	0.0151194	0.6760648	0.5571088	0.7453271	0.3292131	0.5136811	0.9549015	0.9871043	0.5606853	0.2899092	0.3045774	0.5522567	0.4478603	0.9913090	0.6858074	0.4868716	0.0704764	0.3699163	0.2182389	0.3201136	1.0421752	0.2881259	0.5205804	0.9995091	0.1519968	0.2940604	0.6548038	0.7250106	0.9323615	0.0789522	0.6460660	1.0734817	0.3488197	0.2647644	0.4119965	0.5754516	0.8558159	0.5176304	0.4253674	0.4925631	0.6503522	0.2974130	0.5563862	0.2574372	0.0303678	0.3076281	1.0739247
850	0.0145790	0.6403609	0.9937200	0.1407110	0.4485759	0.0003029	0.0244609	0.0178171	0.8329804	0.4769004	0.1499788	0.0850094	0.0040326	0.1414603	0.8016716	0.3743349	0.4800366	0.9276723	1.0060133	0.8146961	0.0523379	0.6692350	1.0227323	0.9844643	0.8658781	0.7598792	1.0273771	0.0969852	0.2983691	0.0328818	0.3992300	0.0889863	0.6120404	0.7906385	0.2524026	0.9495875	0.2031454	0.7690340	0.3682828	0.0272689	0.9270229	0.5120068	0.0953339	0.0450320	0.7694420	0.4623850	0.5401451	0.7873556	0.7571477	0.2980466	0.0721622	0.3625109	0.9639954	0.0057218	0.8112697	0.4768322	0.7135852	0.2636915	0.4900679	1.0073364	0.9567724	0.5622689	0.3390192	0.2647352	0.4604468	0.4419775	1.1301729	0.7424735	0.5662733	0.0657392	0.3910469	0.1856679	0.2725386	1.0565587	0.3782128	0.5369564	0.9325564	0.1709937	0.2493862	0.7122375	0.7282525	0.8906500	0.1085240	0.4503107	0.9717139	0.3761159	0.2802946	0.4606535	0.6352191	0.7883064	0.4248306	0.3686583	0.4585256	0.5643642	0.2009165	0.5239232	0.3098349	0.0261752	0.3536245	1.0307010
900	0.0060099	0.6739091	1.0285027	0.1543171	0.4934704	0.0036413	0.0188568	0.0205033	0.7957561	0.5064873	0.1386579	0.1124776	0.0002981	0.1261705	0.8543061	0.4116501	0.4420853	0.8883862	0.8939432	0.9021014	0.0751306	0.6091132	1.0819755	0.9458038	0.8372217	0.7165025	0.9925350	0.0768705	0.2639048	0.0315051	0.3900154	0.1024051	0.5610277	0.8878757	0.2572404	0.9098866	0.2328908	0.7366288	0.3663273	0.0401138	1.0064550	0.4678460	0.0647348	0.0346982	0.8130149	0.5384950	0.5859792	0.8104741	0.8288477	0.2869537	0.0669427	0.3118755	1.0246821	0.0065556	0.8687128	0.5301239	0.7606225	0.2436912	0.4736146	0.9666926	0.7787749	0.6583839	0.2511362	0.2864940	0.5182429	0.5200656	0.9789740	0.7748332	0.5171715	0.0699877	0.4090008	0.1443142	0.2674250	0.9474756	0.3007656	0.5854790	0.8379725	0.1522191	0.2906462	0.6532093	0.7150580	0.9502271	0.1140446	0.6304189	0.9194961	0.4118654	0.3041872	0.5128328	0.5287399	0.7779991	0.4348669	0.3681292	0.3965475	0.6025510	0.1655338	0.6296499	0.3057745	0.0322061	0.3633234	0.9620754
950	0.0158953	0.5869338	1.0121330	0.1186811	0.4634278	0.0026896	0.0305034	0.0309433	0.7478043	0.4522270	0.1377428	0.0952093	0.0058594	0.0873604	0.7910594	0.3722493	0.4812528	1.0414757	0.8749962	0.9582220	0.0759308	0.6486225	1.0533834	0.9366938	0.9179070	0.6112307	0.9237007	0.0633395	0.2203865	0.0496905	0.3114245	0.0949120	0.6582794	0.8681270	0.3048776	0.8556404	0.2786740	0.7074202	0.3485802	0.0228297	0.9887927	0.4629686	0.0881995	0.0318875	0.7725601	0.5572519	0.4982269	0.8162515	0.8429170	0.3042717	0.0717114	0.2915688	1.0355394	0.0068405	0.7737560	0.5191282	0.8832694	0.2527845	0.4366127	1.0139514	0.8488905	0.6119126	0.3141699	0.2940828	0.6020205	0.4863719	1.1213422	0.7243792	0.4970247	0.0454984	0.4708370	0.1935257	0.2539074	0.8294019	0.2503011	0.5128327	0.9333551	0.2038519	0.2689823	0.6544598	0.8933564	1.0128008	0.0926132	0.6756854	0.9362303	0.4390524	0.2600287	0.5104828	0.5558981	0.8108464	0.5449314	0.2643851	0.3842723	0.5606429	0.1510880	0.6490829	0.3004903	0.0394352	0.4218147	0.9263488
1000	0.0127425	0.7464627	1.0680494	0.1665111	0.3926343	0.0031040	0.0278958	0.0160813	0.7941326	0.4060001	0.0952828	0.0729575	0.0016092	0.0942762	0.7825012	0.4476552	0.4837489	1.1219947	0.9619515	0.9948089	0.0719345	0.6854759	1.0130309	0.9227550	0.9130507	0.6514076	0.8955090	0.0906251	0.2532142	0.0527925	0.3531712	0.0909766	0.6633720	0.8838566	0.2946018	0.9348158	0.2789953	0.6981267	0.4043381	0.0235387	1.0229056	0.4723205	0.0790258	0.0584948	0.6844216	0.6175570	0.6391478	0.8077019	0.9097427	0.3373709	0.0863169	0.3348504	0.9948089	0.0111751	0.7738903	0.4587416	0.8882783	0.2294245	0.3650013	0.9649957	0.8413606	0.6046875	0.3683873	0.2663143	0.5423753	0.4459108	1.1353003	0.7282908	0.5079557	0.0321743	0.3938103	0.2603387	0.2588643	0.7659446	0.2799388	0.3434439	0.9586097	0.2194684	0.2986257	0.7004159	0.8510399	1.1296187	0.0818372	0.6231354	0.9211860	0.4248854	0.1990243	0.5220211	0.5587507	0.6931865	0.5116275	0.2609888	0.3767189	0.5409814	0.1388085	0.5645451	0.3336102	0.0269571	0.4619044	0.9221994

0	0.0094491	0.6355617	1.0459758	0.0876986	0.4170952	0.0015965	0.0357302	0.0201856	0.7842026	0.5482911	0.1482550	0.1067167	0.0074763	0.0795139	0.9263252	0.4386615	0.5117037	1.0187251	0.9869150	0.9112762	0.0675828	0.6396705	0.9879649	0.9056811	1.0249936	0.8053086	0.8415975	0.0956169	0.2807776	0.0361236	0.3476186	0.0945586	0.7647381	0.8073502	0.2691465	0.9854445	0.2644993	0.7761342	0.3511720	0.0142404	0.9503393	0.3956488	0.0912837	0.0721673	0.8039584	0.5632487	0.5721011	0.9104100	0.8750489	0.3877912	0.0490860	0.3690556	1.0040851	0.0016799	0.7496314	0.4296180	0.7445798	0.3138374	0.4763448	0.9977159	0.8917758	0.5763065	0.2317245	0.3844034	0.5377636	0.4876338	1.0898320	0.8135737	0.5024926	0.0491368	0.3912071	0.2335426	0.3169327	0.9297559	0.3112694	0.3637340	0.9584119	0.1589398	0.2670455	0.6498318	0.7931145	1.0351174	0.1402507	0.6535788	1.0095359	0.4184859	0.2245238	0.5131035	0.6073464	0.7854143	0.4606182	0.1309775	0.4648780	0.5528648	0.0723851	0.5781484	0.2784400	0.0363961	0.5378107	0.9932421
50	0.0073168	0.6600860	1.0853164	0.0749220	0.4872814	0.0043503	0.0289740	0.0131033	0.6665512	0.4770141	0.1218073	0.0922989	0.0036425	0.1095016	0.8049698	0.4297197	0.3845823	1.0525976	0.7769015	0.8787960	0.0601798	0.5701574	0.8392937	0.9444238	0.8957506	0.7038973	0.9139176	0.2760153	0.1870932	0.0327575	0.3391351	0.0450714	0.6712685	0.8252292	0.2742619	0.6951737	0.1852151	0.6067670	0.3591426	0.0264936	1.0436202	0.4994831	0.0733768	0.0581867	0.7931660	0.2780817	0.8376311	0.8650455	0.7843003	0.2949993	0.0757549	0.3442426	0.9636797	0.0010444	0.7093876	0.5212466	0.8482907	0.2515937	0.4502535	0.6706211	0.7285393	0.6013179	0.2158426	0.1707572	0.4916149	0.5011408	0.9795586	0.7132100	0.5059128	0.0436569	0.3353910	0.2005307	0.2762327	0.8245193	0.3209216	0.1626903	0.8712952	0.4580701	0.2247883	0.5567407	0.6987069	0.9512291	0.1416811	0.5789673	1.0067943	0.3401322	0.2053736	0.3782492	0.5982076	0.8121842	0.4068260	0.0746110	0.3116399	0.5343211	0.0882646	0.5935939	0.2719973	0.0306822	0.4766129	1.1277715
100	0.0165953	0.6713896	1.0268359	0.0990868	0.5226744	0.0012421	0.0412564	0.0224656	0.6567151	0.4318007	0.1398577	0.0918876	0.0067502	0.0519082	0.8308156	0.4433554	0.4066156	0.9867285	0.6576821	0.8891226	0.0499300	0.6410100	0.8931022	0.8545953	0.8961442	0.6438068	0.9919004	0.3990863	0.1973128	0.0223327	0.2860393	0.0699826	0.5836397	0.7899202	0.3100196	0.5197829	0.0988266	0.4188812	0.4287661	0.0141586	0.9570419	0.5014315	0.0735988	0.0525687	0.7238775	0.1432199	0.7521344	0.8858408	0.8310860	0.3048649	0.0576226	0.3232702	0.9572601	0.0017933	0.8587945	0.5524037	0.7864406	0.2573463	0.4148619	0.4860534	0.7740510	0.5451872	0.2753306	0.1005112	0.5090340	0.5091520	0.9882536	0.7907097	0.4858215	0.0428994	0.3255802	0.2076041	0.2933512	0.8287221	0.2882819	0.0517375	0.9133000	0.5394494	0.1769256	0.7022595	0.6400312	0.8740143	0.0911387	0.7184242	1.0170459	0.3285899	0.1628754	0.3735524	0.6162430	0.7388522	0.4072658	0.1290974	0.2175866	0.5554557	0.0983022	0.5221125	0.2692456	0.0326271	0.3945540	1.0756304
150	0.0119027	0.6565082	1.0269238	0.1038479	0.5007379	0.0013724	0.0353157	0.0190458	0.5989359	0.4310059	0.2089516	0.1274292	0.0013635	0.0351728	0.9028170	0.6179011	0.4345772	0.9113580	0.4978919	0.8984974	0.0397698	0.6510558	1.0806898	0.6331257	0.9377778	0.6656950	0.9336154	0.4734628	0.1755226	0.0199420	0.2982572	0.0724748	0.6177044	0.7123364	0.3673703	0.2732956	0.0742077	0.3903103	0.4003597	0.0207830	0.9487032	0.4253817	0.0755832	0.0282051	0.7537289	0.1181744	0.8062014	0.6394212	0.7328937	0.2725059	0.0637776	0.3721515	0.8207020	0.0034841	0.8736040	0.6719099	0.7281373	0.3078558	0.4296576	0.4495600	0.7106050	0.5234684	0.3109680	0.0934525	0.5336700	0.5957112	0.7599726	0.7679579	0.4807474	0.0522160	0.3169942	0.2234217	0.3080894	0.7771959	0.2513921	0.0249918	0.9127192	0.4428932	0.1211336	0.6463544	0.7428753	0.8440370	0.0932679	0.6716340	0.9695512	0.4092813	0.1428084	0.3135881	0.6209436	0.6980909	0.4582939	0.0949993	0.2114060	0.5131571	0.1126768	0.5681549	0.3471720	0.0344814	0.3615592	1.0092631
200	0.0144233	0.6560211	0.9450631	0.1169772	0.4322665	0.0001198	0.0306447	0.0173612	0.6414005	0.4924869	0.2946941	0.1068354	0.0022856	0.0244500	0.8372849	0.7052696	0.5031190	0.8188717	0.3941774	0.8830832	0.0363023	0.7304272	1.0760686	0.5500156	0.8338989	0.6527466	0.9614738	0.5711941	0.1344521	0.0131999	0.2948058	0.0888475	0.6326072	0.7067388	0.5381015	0.0991448	0.0575682	0.3528353	0.4074532	0.0098209	0.9743892	0.4921972	0.0659318	0.0284415	0.7247616	0.0602090	0.8248719	0.5534349	0.6576574	0.3114277	0.0799601	0.4771111	0.7393002	0.0095831	0.8703990	0.7919443	0.7345296	0.2434312	0.4292282	0.4884520	0.6272717	0.5069960	0.3927616	0.0782836	0.5204259	0.5691950	0.6165816	0.7772947	0.4652791	0.1010955	0.3763524	0.1210348	0.3563841	0.8220227	0.2192905	0.0112436	0.8888788	0.3830424	0.0982885	0.5066581	0.5862406	0.8929841	0.0907782	0.6018548	0.9863417	0.3663037	0.1033222	0.2737408	0.7412467	0.7692974	0.4180115	0.0769676	0.1638853	0.5663078	0.1651754	0.6085564	0.5035766	0.0502979	0.3161240	0.9764397
250	0.0210888	0.6390329	0.9425189	0.1151448	0.4156922	0.0007816	0.0402687	0.0119109	0.6814551	0.4680802	0.4648609	0.1027496	0.0059592	0.0239605	0.6659633	0.6752017	0.5355762	0.7573324	0.3476485	0.8158016	0.0563965	0.8046643	0.9912464	0.5399286	0.9141167	0.6770653	0.9113921	0.5527484	0.1793876	0.0134006	0.3012234	0.1038736	0.6462869	0.7894458	0.6411980	0.0558300	0.0321308	0.3810199	0.3554527	0.0307812	0.9923068	0.4851464	0.0769087	0.0505845	0.6852224	0.0752995	0.7701121	0.4848208	0.5347257	0.2709116	0.0866706	0.6270758	0.6207748	0.0473630	1.0054522	0.8531620	0.6605281	0.2968379	0.5028034	0.4549412	0.5707225	0.5426710	0.5448314	0.0466789	0.4984134	0.5603194	0.4999174	0.7931430	0.3921545	0.1879108	0.3301837	0.0532583	0.4176972	0.8413377	0.1689137	0.0085451	0.7762493	0.2362401	0.1015912	0.5288790	0.6249006	0.8449388	0.1314657	0.6727891	1.0453417	0.4107357	0.0517446	0.2254798	0.7428874	0.6515796	0.3801086	0.1176196	0.1865884	0.5678364	0.1825317	0.6250418	0.5928141	0.0517077	0.3083270	0.8943724
300	0.0281844	0.6035807	0.9448258	0.0990098	0.4292562	0.0007229	0.0506501	0.0513062	0.7038194	0.4768509	0.4595907	0.1056692	0.0070136	0.0415534	0.7025953	0.7046568	0.6170470	0.7300796	0.4086594	0.8398780	0.0460579	0.9661000	0.9149971	0.5286951	0.9327173	0.6968734	0.9906506	0.5392395	0.1912623	0.0255608	0.2905480	0.0817497	0.6157332	0.7935862	0.6685298	0.0607093	0.0380687	0.3918654	0.3412331	0.0217478	0.9735396	0.4862820	0.1143795	0.0473152	0.7460593	0.0707718	0.6822464	0.4691312	0.4714581	0.3025001	0.0809844	0.7724499	0.5431477	0.0532273	0.9585015	0.8507169	0.6771370	0.3635842	0.4764331	0.4573298	0.4967760	0.5160485	0.5520966	0.0631143	0.4515223	0.4761374	0.4880571	0.7255220	0.2737170	0.1965786	0.3304335	0.0200423	0.5279739	0.9733969	0.1382955	0.0156594	0.7668794	0.2649018	0.0935219	0.5513066	0.6222974	0.7821289	0.2290638	0.7269124	0.8828028	0.5363847	0.0921331	0.2400277	1.0185416	0.5942014	0.4609333	0.1759727	0.1335771	0.5844102	0.1813309	0.5885876	0.6468604	0.0442041	0.2432180	0.9341608
350	0.0202659	0.6446173	1.0746693	0.0937375	0.4615199	0.0022628	0.0343912	0.0705576	0.6989328	0.4350104	0.4507330	0.1085345	0.0126095	0.0500533	0.7485933	0.6020124	0.6110599	0.7240657	0.3447013	0.8132693	0.0741258	0.8340417	0.9784550	0.4575028	0.8954793	0.7132245	0.9695119	0.5707469	0.2461248	0.0215413	0.2783985	0.0865757	0.6306626	0.8258714	0.7192839	0.0714925	0.0513548	0.4139631	0.2736561	0.0330653	0.9202966	0.4907472	0.0810029	0.0287271	0.6848174	0.0896761	0.6862527	0.4071166	0.5807723	0.2897749	0.1184961	0.7982680	0.5985095	0.0430808	0.8355901	0.9630357	0.7197483	0.3835421	0.3939063	0.4607563	0.4419925	0.5603314	0.6019492	0.0450854	0.4127087	0.4371187	0.4924216	0.7445173	0.2382945	0.2148134	0.3203826	0.0151752	0.6107123	0.9740999	0.1415486	0.0120307	0.7686820	0.2660219	0.0977329	0.5866198	0.5808984	0.7234980	0.2367750	0.6756117	0.9419487	0.5872883	0.0765612	0.3299282	0.9000870	0.5591315	0.5242119	0.1936592	0.1679726	0.5508656	0.1675455	0.5850382	0.7187892	0.0232254	0.2568339	0.9427080
400	0.0082965	0.6056251	1.0561841	0.0740597	0.4939253	0.0013638	0.0510359	0.0717285	0.6554687	0.4761591	0.4903490	0.1137277	0.0178881	0.0273065	0.7916873	0.6223828	0.6196851	0.6807721	0.3170968	0.8218348	0.0606420	1.0111517	1.1087725	0.4341017	0.8997688	0.6386242	0.9046751	0.5730431	0.2067206	0.0222500	0.3366874	0.0924494	0.6849278	0.8533643	0.8083082	0.0864816	0.0452112	0.4186465	0.3025679	0.0235622	0.9394642	0.4405111	0.0485665	0.0407937	0.6791419	0.0796630	0.7743428	0.3268345	0.5638346	0.2928915	0.1358447	0.8374992	0.5784220	0.0336046	0.8369472	0.9355531	0.7408152	0.4088249	0.4359685	0.4584461	0.4076853	0.5667287	0.5330711	0.0602446	0.4310705	0.4905410	0.5204286	0.7651430	0.2776698	0.2575508	0.3328903	0.0108565	0.6869953	0.9214276	0.1500197	0.0165618	0.8638474	0.3390383	0.0543131	0.5014762	0.6681666	0.8400212	0.2628803	0.7046599	1.0384728	0.6249954	0.0621622	0.3581022	0.8853414	0.5164657	0.4786400	0.2456196	0.1727775	0.5161568	0.1632485	0.5746649	0.7346997	0.0245238	0.2765311	0.9621330
450	0.0163548	0.6473741	1.1097496	0.1102417	0.4809024	0.0023516	0.0358773	0.1104893	0.6071509	0.5008591	0.4657688	0.0976558	0.0098796	0.0253459	0.7828832	0.5258507	0.6251777	0.6007332	0.3171448	0.7483894	0.0364087	0.9100989	1.0616292	0.4101288	0.9259928	0.6950066	1.0832897	0.5428750	0.2536420	0.0256991	0.3537629	0.1025487	0.5232516	0.8318204	0.7095562	0.0734286	0.0336485	0.4294925	0.2619805	0.0336195	0.9294670	0.3705108	0.0277059	0.0334385	0.7209129	0.0476807	0.6922620	0.3689600	0.6610072	0.2802308	0.0954189	0.7879147	0.4885535	0.0282520	0.8685800	0.9080261	0.7628182	0.4340798	0.4437157	0.4206335	0.4505273	0.5613464	0.6114814	0.0466768	0.4356730	0.4943376	0.5079698	0.7805415	0.3623252	0.3000069	0.3141727	0.0093153	0.6917274	0.8852499	0.1706392	0.0228775	0.7932111	0.2800443	0.0532769	0.4680242	0.6514531	0.7190000	0.2762150	0.7249280	0.9498964	0.6463211	0.0761830	0.3178924	0.8915843	0.4621180	0.4898209	0.2844759	0.1895311	0.5437908	0.1752509	0.5241208	0.7794484	0.0160863	0.2771628	0.9754503
500	0.0220745	0.6389700	1.0730702	0.1138744	0.4182609	0.0001322	0.0325035	0.1036227	0.6505646	0.4543215	0.4557559	0.0905496	0.0165202	0.0126245	0.7159820	0.4490411	0.7189557	0.6208517	0.3359892	0.7583816	0.0448832	0.7937373	0.9591424	0.4292385	0.8915782	0.6594920	1.0487797	0.5722380	0.2615362	0.0240437	0.3141458	0.1199984	0.6630756	0.8075320	0.8235261	0.0703744	0.0431769	0.4283126	0.2875563	0.0179690	0.9205978	0.4181775	0.0595314	0.0159399	0.7223439	0.0570472	0.6078565	0.3266408	0.6000914	0.2347653	0.0882329	0.8202773	0.3952449	0.0940921	0.8884803	0.9537213	0.7674090	0.4070778	0.4337196	0.4857694	0.5736173	0.5445617	0.5298214	0.0620321	0.4255204	0.5231667	0.4891666	0.7472458	0.3349487	0.3126954	0.3155384	0.0247956	0.7042573	0.8231308	0.2149134	0.0386198	0.7598486	0.3030747	0.0491135	0.4766245	0.6797583	0.6886984	0.2819415	0.7231874	0.9010116	0.5662597	0.0563652	0.2501515	0.8532669	0.5228060	0.4593265	0.2941001	0.1721806	0.5491548	0.1750779	0.5718895	0.7881678	0.0311897	0.2446527	1.0141098
550	0.0129386	0.6601145	0.9723383	0.0878339	0.4463325	0.0011514	0.0323065	0.0905296	0.6899598	0.4819829	0.4727258	0.0766773	0.0171545	0.0585565	0.7575549	0.5136153	0.7481498	0.6636355	0.4494893	0.8938774	0.0843142	0.8835858	1.0024428	0.4991424	0.9606973	0.6634862	1.0684552	0.4831269	0.2613646	0.0356595	0.3793107	0.1167249	0.6869207	0.7445692	0.7679750	0.1006138	0.0379972	0.4690333	0.2655528	0.0188081	0.9910684	0.4359781	0.0672864	0.0358354	0.7588329	0.2777271	0.4420900	0.3692714	0.6016009	0.2675600	0.1578257	0.7659088	0.4634754	0.0644298	0.8990415	0.9375397	0.7133443	0.3514530	0.4379402	0.7166518	0.6371390	0.5073928	0.5910569	0.1392684	0.4365950	0.5314559	0.4547037	0.7520886	0.3710798	0.2641641	0.3831977	0.0038125	0.6762634	0.8875834	0.2248705	0.2431691	0.8251386	0.1674545	0.0693092	0.5472171	0.6305018	0.7249814	0.2595387	0.6702203	0.9029327	0.5690387	0.1633833	0.2981697	0.8368297	0.5067032	0.4092237	0.1819879	0.1800420	0.5488632	0.1598709	0.5245994	0.7485671	0.0211080	0.2553829	0.9411569
600	0.0152169	0.6210364	1.1126297	0.0809969	0.4373544	0.0002055	0.0585858	0.1038833	0.6554303	0.4576590	0.3613445	0.0746696	0.0066973	0.0963217	0.8259633	0.4844906	0.6952184	0.7786093	0.6425358	0.9567861	0.0863047	0.9294324	1.0299822	0.6086786	0.9141417	0.6519723	1.0223021	0.3330574	0.3002167	0.0462043	0.4583215	0.0886167	0.6705371	0.8552054	0.7946219	0.3859197	0.0787313	0.6837922	0.2518602	0.0159593	0.9776381	0.4061422	0.0842035	0.0273279	0.7941118	0.5655117	0.2587779	0.3930160	0.6369704	0.2311760	0.1532976	0.6956750	0.4598741	0.0573313	0.8287881	0.6827795	0.7549211	0.3087310	0.4879986	0.8052559	0.5967223	0.5463811	0.5657539	0.2210864	0.4621497	0.5260079	0.5042327	0.7468976	0.4373931	0.2783947	0.4357459	0.0557219	0.6382347	0.9276917	0.1814037	0.2771060	0.8814255	0.2273003	0.1148035	0.5447829	0.6978297	0.9812770	0.2419276	0.6123155	1.0275040	0.5529184	0.2749865	0.3999745	0.8517846	0.5169765	0.5158693	0.1028746	0.2442706	0.5660926	0.1125490	0.5105680	0.7186425	0.0217494	0.3469776	0.9825112
650	0.0045585	0.6142873	1.0079871	0.1177972	0.3984628	0.0033116	0.0270661	0.0847085	0.7214621	0.4506690	0.2320023	0.1330770	0.0051750	0.0905665	0.7575109	0.5095832	0.6006646	0.9097246	0.8493233	0.8850887	0.0786688	0.7915815	0.8696214	0.7418096	0.8540427	0.6958385	0.9424816	0.1643308	0.3076646	0.0429987	0.4709021	0.0751969	0.6490601	0.8762194	0.7029200	0.7931606	0.3162668	0.7799680	0.2403584	0.0171309	1.0107341	0.3928454	0.0789680	0.0264365	0.7740803	0.8263332	0.2232513	0.5025701	0.6799232	0.2999642	0.1237040	0.5796689	0.5761976	0.0415700	0.8474473	0.5716452	0.7502017	0.3113701	0.4392954	0.9295598	0.6099845	0.5631556	0.5786629	0.2520153	0.5135993	0.5397435	0.6646494	0.7547537	0.4101122	0.2440181	0.4363365	0.1238585	0.6399424	0.8713204	0.2401536	0.4405641	0.8313834	0.1846402	0.2094591	0.7041590	0.7748139	0.9412830	0.2307575	0.6625734	0.9578145	0.5614211	0.2532768	0.5286738	0.8280243	0.5543635	0.5437983	0.1164974	0.2428490	0.5877288	0.0798888	0.5714967	0.7389049	0.0280746	0.4912450	0.9996753
700	0.0066490	0.5930788	1.0239240	0.1172974	0.4046337	0.0010747	0.0285948	0.0582977	0.7720700	0.4511023	0.1534321	0.1403588	0.0033759	0.1381232	0.7227685	0.5232894	0.5028345	0.9325993	0.8542706	0.9787610	0.0698023	0.6806686	0.9169534	0.9356307	0.9362407	0.6457241	0.8749331	0.1651575	0.3199529	0.0553378	0.4521799	0.0990305	0.5949826	0.9534658	0.5221919	0.9177527	0.5495039	0.8374505	0.2597451	0.0074116	0.9018451	0.4689242	0.0729891	0.0692951	0.7483203	0.9729864	0.2611320	0.6372076	0.7014284	0.2690191	0.1258208	0.4795913	0.7114338	0.0204482	0.7208882	0.4945719	0.7367597	0.2970473	0.4543080	1.0180361	0.6982878	0.4944573	0.4340964	0.2831068	0.5201574	0.5434741	0.8271522	0.8018315	0.3983674	0.2515617	0.4270799	0.1617440	0.6260118	0.9106686	0.2369735	0.5975195	0.8702577	0.2192716	0.2422663	0.7143312	0.8397534	1.0004733	0.1713864	0.8012831	1.0362832	0.5804956	0.1991107	0.6371688	0.6528669	0.6202323	0.5520762	0.1218252	0.2838965	0.6238750	0.0767762	0.5638012	0.5474817	0.0174362	0.5219404	1.0356599
750	0.0124377	0.5737400	0.9670706	0.1614754	0.4649806	0.0008879	0.0256178	0.0198494	0.7482173	0.4774804	0.1337911	0.1134148	0.0103446	0.1419303	0.8084189	0.5363767	0.5790704	0.9879883	0.8357655	1.0071826	0.0662925	0.7144606	0.9756746	0.9299860	0.9360282	0.6572755	0.8943379	0.1605359	0.3284602	0.0671871	0.5132368	0.0833054	0.7538712	0.9501313	0.4114933	0.9753148	0.6317920	0.7512114	0.2894294	0.0069455	0.9457081	0.4450633	0.0672177	0.1033017	0.5829148	0.9524961	0.3339492	0.7466021	0.7793027	0.2237744	0.0947007	0.4287017	0.8162932	0.0087271	0.7710975	0.4526634	0.8421957	0.3037294	0.4434514	0.9551344	0.7744339	0.5371595	0.3450508	0.2670505	0.5277160	0.5868376	0.9413760	0.7757634	0.4332794	0.1841570	0.3592682	0.1791606	0.5819129	0.9651992	0.2343785	0.6232401	0.9481666	0.3009454	0.3260860	0.7409623	0.8900347	0.9436537	0.1557611	0.8916628	1.0137287	0.5022128	0.1212662	0.5413772	0.5223919	0.6565133	0.5052188	0.0655310	0.3262256	0.5939472	0.0668925	0.5577964	0.3721364	0.0204296	0.4970429	1.0637281
800	0.0100047	0.6246095	1.0172583	0.1476563	0.5118669	0.0004380	0.0231845	0.0109619	0.7603061	0.4649239	0.1650244	0.1011569	0.0094388	0.1034932	0.9036452	0.5458142	0.5517563	0.9153367	0.9600689	1.0858641	0.0933734	0.6052399	0.9657319	1.0340403	0.9099320	0.7559154	0.8958556	0.1298759	0.4005168	0.0628226	0.4489030	0.0909866	0.6741681	1.0040940	0.3218538	1.0076496	0.6802164	0.6511635	0.2386447	0.0134945	0.9405894	0.4995859	0.0556280	0.1019822	0.5432383	0.8220977	0.4372803	0.7970687	0.9276339	0.2843569	0.1067143	0.4679538	0.9244940	0.0144492	0.7526621	0.4959007	0.7180970	0.2494231	0.4538397	1.1632769	0.7377536	0.5639889	0.3434836	0.2634969	0.5599191	0.6108590	0.9921303	0.7980423	0.4154610	0.1186271	0.3393989	0.1961942	0.4899653	0.9345907	0.1940654	0.5557946	0.9568354	0.4834469	0.4760532	0.7647571	0.8728602	1.0646509	0.1552232	0.8540368	0.9073093	0.5080939	0.0849177	0.5547161	0.4167887	0.7250275	0.5054139	0.0739861	0.3950991	0.5430930	0.1055224	0.5649911	0.3216662	0.0371833	0.4910516	0.9915661
850	0.0234827	0.6700379	1.0484660	0.2472021	0.4493801	0.0034077	0.0305278	0.0226179	0.7081812	0.5154886	0.1817043	0.1142739	0.0090988	0.0989464	0.9681738	0.5372735	0.4851489	0.9991776	1.0657527	1.0275142	0.1004173	0.6784132	1.0361694	1.0619389	0.9379279	0.7912528	0.9301066	0.1204840	0.4423020	0.0418748	0.4794292	0.1149231	0.6435557	0.9696668	0.2424754	1.0962868	0.5889330	0.7273196	0.1960523	0.0171137	0.9172928	0.4796063	0.0693090	0.1570551	0.5301380	0.7952724	0.5239756	0.7255387	0.8731458	0.2870422	0.1196809	0.5009039	0.9617799	0.0178081	0.8841519	0.4367856	0.7791631	0.2637131	0.4954488	1.1810610	0.7709377	0.5854151	0.4148593	0.2460061	0.5267537	0.6405014	0.9513296	0.7819335	0.3864790	0.0435509	0.3698517	0.2034061	0.4007379	0.8286623	0.2426273	0.6469454	0.9835769	0.5128536	0.4611638	0.6986458	0.9179810	1.0515134	0.1124704	0.8937481	0.8522698	0.4484272	0.0668179	0.4998964	0.4291304	0.7614708	0.5406975	0.0547116	0.4353746	0.5628845	0.0989681	0.5359685	0.3639613	0.0254059	0.4887595	1.0238364
900	0.0373559	0.7515596	1.0073601	0.2091561	0.4027040	0.0005055	0.0441869	0.0197950	0.7406718	0.3607708	0.2369407	0.1037572	0.0028018	0.0713414	0.9406586	0.4507975	0.4713389	1.0668778	1.0514119	0.9619944	0.1201549	0.7169430	0.9474413	1.0197301	0.9018794	0.7576440	0.9357112	0.1110750	0.2751544	0.0463156	0.3772749	0.1806629	0.5674640	0.8545634	0.2249666	0.9997766	0.4949355	0.7241959	0.2402696	0.0193228	0.9883892	0.6327081	0.0818946	0.1468399	0.5784179	0.6483453	0.5562028	0.8313327	0.9214425	0.2801867	0.0992339	0.4786476	0.9415472	0.0046789	0.7935072	0.4854892	0.7440160	0.3332811	0.4907809	1.0815247	0.7719644	0.6371420	0.3958436	0.2898887	0.5591370	0.6043549	1.0233182	0.7366021	0.3829369	0.0288134	0.4153921	0.2326584	0.3173540	0.7852276	0.2527192	0.6107061	0.9088179	0.4417510	0.3908241	0.7127361	0.8305631	1.0788396	0.1103819	0.8706463	0.9159285	0.4667795	0.0866345	0.4666284	0.5043099	0.6952221	0.4326541	0.0557348	0.4059912	0.5867662	0.0986161	0.5881563	0.3812716	0.0170305	0.5541717	0.9257675
950	0.0342187	0.6688133	0.9432090	0.1767720	0.4901496	0.0038982	0.0399889	0.0254221	0.8546117	0.2293712	0.2012444	0.0939779	0.0018638	0.1180809	0.8912365	0.4785926	0.4679787	1.0076095	1.0257740	0.9640003	0.1093786	0.7272280	0.9464651	0.9515974	1.0270736	0.7021493	0.9183151	0.1444674	0.2416195	0.0315173	0.3664805	0.1871595	0.5311655	0.8536766	0.2503465	0.9085328	0.3900884	0.7438186	0.2882069	0.0238360	1.1104389	0.6130072	0.0508098	0.1255079	0.6281731	0.5132785	0.5943839	0.9663464	0.9090738	0.2473125	0.0866286	0.4938533	0.9794342	0.0021068	0.8521620	0.3745490	0.7754530	0.3164673	0.4994184	1.0239827	0.8080290	0.5457219	0.4653913	0.3449023	0.6051378	0.6015705	0.9351940	0.7021884	0.4803381	0.0387314	0.4077310	0.2254508	0.2868921	0.7980948	0.2203202	0.5153339	1.0083605	0.4478002	0.3197617	0.7743010	0.8695262	1.0205032	0.1472995	0.7683532	0.9141816	0.4684848	0.1093149	0.4429322	0.6089978	0.5937822	0.3894684	0.1189151	0.4289554	0.5710473	0.1275038	0.7234307	0.4324897	0.0214091	0.5289321	0.9640612
1000	0.0238165	0.6510748	1.0828611	0.1227220	0.4940574	0.0000981	0.0260758	0.0183887	0.9181036	0.1882636	0.1598113	0.0632230	0.0041318	0.1021586	0.8315588	0.5852321	0.4865639	0.9349895	0.9901643	0.9254213	0.0852351	0.6743509	0.9750315	0.9782900	0.9825624	0.6980583	0.9649798	0.0991876	0.2380659	0.0380491	0.3284443	0.1611222	0.5613645	0.7580048	0.3321073	0.9947159	0.2829662	0.7071444	0.3764557	0.0132629	1.0400123	0.5022003	0.0586575	0.1239868	0.7105082	0.4252015	0.7159373	0.8966455	0.8692461	0.3101881	0.0728163	0.4192806	0.9258912	0.0028229	0.7689465	0.3274417	0.8403080	0.2956115	0.5518101	1.0865375	0.7908779	0.5057084	0.5055392	0.3313618	0.5741358	0.6015405	1.0900391	0.7159089	0.5105101	0.0418065	0.3807045	0.2519639	0.3370451	0.8888319	0.1722959	0.4057468	1.0168161	0.4640293	0.3200162	0.7547105	0.8522566	1.0330175	0.1239542	0.7804468	1.0051085	0.4046751	0.1566278	0.4085571	0.6239115	0.6416064	0.3772447	0.1760536	0.4144270	0.5781366	0.1010194	0.7211085	0.3888107	0.0187726	0.5594464	1.0148795

0	0.0094491	0.6355617	1.0459758	0.0876986	0.4170952	0.0015965	0.0357302	0.0201856	0.7842026	0.5482911	0.1482550	0.1067167	0.0074763	0.0795139	0.9263252	0.4386615	0.5117037	1.0187251	0.9869150	0.9112762	0.0675828	0.6396705	0.9879649	0.9056811	1.0249936	0.8053086	0.8415975	0.0956169	0.2807776	0.0361236	0.3476186	0.0945586	0.7647381	0.8073502	0.2691465	0.9854445	0.2644993	0.7761342	0.3511720	0.0142404	0.9503393	0.3956488	0.0912837	0.0721673	0.8039584	0.5632487	0.5721011	0.9104100	0.8750489	0.3877912	0.0490860	0.3690556	1.0040851	0.0016799	0.7496314	0.4296180	0.7445798	0.3138374	0.4763448	0.9977159	0.8917758	0.5763065	0.2317245	0.3844034	0.5377636	0.4876338	1.0898320	0.8135737	0.5024926	0.0491368	0.3912071	0.2335426	0.3169327	0.9297559	0.3112694	0.3637340	0.9584119	0.1589398	0.2670455	0.6498318	0.7931145	1.0351174	0.1402507	0.6535788	1.0095359	0.4184859	0.2245238	0.5131035	0.6073464	0.7854143	0.4606182	0.1309775	0.4648780	0.5528648	0.0723851	0.5781484	0.2784400	0.0363961	0.5378107	0.9932421
50	0.1254327	0.6968968	1.0345060	0.1107712	0.4169518	0.0012324	0.0284496	0.2759773	0.8295480	0.3112860	0.1298555	0.0951353	0.0075375	0.0628350	0.9050763	0.3942991	0.4161629	1.0513890	1.0156751	0.8156901	0.1294718	0.8172069	0.9704472	0.9878092	0.9103617	0.6496861	0.9331581	0.0962740	0.1790087	0.0124822	0.2626480	0.0465245	0.5731576	0.8758434	0.3046441	0.8703088	0.1854199	0.7763406	0.4410906	0.0230879	1.0345519	0.4103651	0.2332886	0.0908618	0.6117676	0.4280483	0.6835897	0.8829210	0.9773398	0.4969694	0.0817596	0.3858572	0.8915523	0.0025357	0.6098103	0.7611065	0.7573615	0.2601353	0.6016958	0.9192981	0.5426284	0.5526674	0.2580170	0.1850041	0.6061212	0.5003473	0.9592607	0.7666605	0.5060113	0.0353995	0.3484424	0.2673349	0.4039450	1.0142354	0.4332195	0.4044151	0.8297584	0.2991894	0.4067421	0.5645473	0.7826882	0.9999194	0.1278595	0.5891057	0.9136088	0.3637007	0.3882243	0.5331620	0.5453657	0.8500633	0.6024911	0.3556231	0.4269488	0.5554108	0.1138512	0.5935034	0.2788460	0.1863832	0.5383763	0.9067398
100	0.2555029	0.6508466	1.0857706	0.1120307	0.3314341	0.0008926	0.1074602	0.5196109	0.9412076	0.1732798	0.1364552	0.0966470	0.0046485	0.0427171	0.8250299	0.3603736	0.4745686	0.9967785	0.8493353	0.8411289	0.2070795	0.9577847	1.0207947	1.0087197	0.8589912	0.6157060	0.8814232	0.1102906	0.1773620	0.0268185	0.1262880	0.0705225	0.4254130	0.9599320	0.4079760	0.8502900	0.2002228	0.7965717	0.4161019	0.1174292	0.9703649	0.3462383	0.4817015	0.0724658	0.6775423	0.4286640	0.6222136	0.9374233	0.9621578	0.7480133	0.1153133	0.3826758	0.9112274	0.0122694	0.4794659	0.8372531	0.8391473	0.3057962	0.6874424	0.8935482	0.4462285	0.4927424	0.2026796	0.1319197	0.5179888	0.5107045	1.0091731	0.7150023	0.6628429	0.0661428	0.3505840	0.2928425	0.5931426	0.8996109	0.4210857	0.4182419	0.7456635	0.1553391	0.5996906	0.4961158	0.8248435	0.9166357	0.1315827	0.6766815	0.9747538	0.3242331	0.4264347	0.5038501	0.3420480	0.8531403	0.5967374	0.5377174	0.5083293	0.6435768	0.1816340	0.6034597	0.2576915	0.4185429	0.5538157	0.8932491
150	0.3923649	0.6881815	0.9661419	0.1468048	0.4094409	0.0019756	0.1432757	0.6491564	0.9324362	0.1246560	0.1361947	0.0621485	0.0007355	0.0329348	0.9211092	0.2979624	0.4292474	0.9519769	0.8081211	0.8757922	0.2527203	1.0398831	0.9268922	1.0074822	0.8898483	0.7111567	0.7719905	0.0959732	0.1686220	0.0416567	0.1380464	0.1302425	0.3975282	0.8011803	0.4739498	0.8220693	0.1996746	0.7379566	0.4299450	0.4511624	0.9220948	0.2390916	0.6370819	0.0734702	0.7236899	0.3919281	0.6418599	0.7964681	0.8681698	0.8852876	0.1698425	0.4104919	0.8302127	0.0099560	0.3856122	0.8425245	0.9366731	0.3638516	0.7701700	0.9305543	0.3270771	0.4353668	0.1566145	0.1141514	0.5390358	0.4087629	0.9794900	0.7516455	0.7088322	0.1049873	0.4028730	0.2955983	0.7099238	0.9188674	0.4324514	0.3736756	0.6647203	0.1072312	0.7041920	0.4230119	0.8572697	0.9742198	0.1444042	0.8099457	0.9910651	0.2181879	0.3951475	0.4587154	0.3493641	0.8454504	0.6182922	0.6979217	0.5962375	0.6596415	0.3246727	0.6050876	0.3143932	0.5946397	0.3780109	0.9460762
200	0.4245446	0.7209067	1.0265638	0.1775782	0.4074619	0.0092258	0.1231187	0.7161432	0.9709965	0.0851097	0.1130063	0.0926815	0.0052957	0.0241273	0.9263863	0.2724953	0.4718205	0.9503772	0.8316639	0.9138351	0.3105050	0.9763571	0.8698540	0.9924438	0.8246082	0.6616263	0.8017263	0.1048618	0.1056724	0.0255773	0.1705074	0.1969471	0.4268367	0.7856009	0.4740940	0.8616653	0.1790748	0.6748168	0.4243787	0.6982346	0.8389174	0.2435390	0.6155747	0.0686403	0.7709050	0.4363313	0.6420317	0.7616944	0.8629602	0.9004734	0.1737363	0.4834921	0.7748158	0.0172656	0.3919560	0.8099450	0.8899094	0.4335532	0.8772638	0.9834700	0.3987614	0.3299861	0.2190730	0.0813604	0.5873867	0.2657534	0.9679471	0.7987209	0.7348547	0.1214456	0.4312775	0.2778812	0.7998039	0.9023077	0.4906884	0.3073479	0.6490639	0.0854752	0.6574416	0.4583312	0.7663212	1.1167880	0.1173953	0.6719495	1.0889810	0.1929295	0.4179170	0.3395743	0.3701950	0.8735565	0.6990686	0.7689868	0.5503582	0.5494479	0.4980162	0.5769575	0.3705577	0.6951914	0.2626135	0.9383441
250	0.4197033	0.6346373	0.9732155	0.1720510	0.4614812	0.0056336	0.1198029	0.7091285	1.0946901	0.0438190	0.1032370	0.0728185	0.0000000	0.0127483	0.9166183	0.2550575	0.5473972	0.9223408	0.9769715	0.9574108	0.3422719	0.8911178	0.9392549	1.0205394	0.7691568	0.7169829	0.8001243	0.0923154	0.0518110	0.0299381	0.1392751	0.1574135	0.3529464	0.8004657	0.4498225	0.9654130	0.2448993	0.7308862	0.3640200	0.8580665	0.7416157	0.2125113	0.5954863	0.0701059	0.7178128	0.4298859	0.5016990	0.7672469	0.8976005	0.8990473	0.1991348	0.5059574	0.6877719	0.0250716	0.2942081	0.6650015	0.8883840	0.3843758	0.8626483	1.1280601	0.4154966	0.3358571	0.1793089	0.0669172	0.5564317	0.1914138	1.0799891	0.8969937	0.8748980	0.1067346	0.4233127	0.3125156	0.8138905	0.8850038	0.4689044	0.2900363	0.6129761	0.0981962	0.7021858	0.3727494	0.7657066	1.0947686	0.1198792	0.6349183	1.0678744	0.1377436	0.3553840	0.2841940	0.3410829	0.8811199	0.7725135	0.7669327	0.5813054	0.5861975	0.6135418	0.5605342	0.4003348	0.7219697	0.1260190	0.9687306
300	0.4210173	0.6747903	0.9572302	0.2182767	0.3885180	0.0023867	0.1208331	0.7370217	1.1323557	0.0278778	0.1037450	0.0919793	0.0022418	0.0153667	0.9254003	0.2901037	0.5910590	0.9352248	0.9468678	0.8506553	0.2806538	0.9388329	0.9620176	1.0306971	0.7734907	0.7369564	0.8943609	0.0881381	0.0269938	0.0352698	0.2424969	0.3287518	0.3738370	0.9123407	0.4965551	1.0267783	0.2731096	0.6901594	0.2394309	0.8227114	0.7129718	0.1970484	0.5770971	0.0558524	0.6758059	0.6607027	0.5279351	0.8182859	0.9682948	0.8207158	0.1881835	0.4570227	0.5682911	0.0238043	0.3622011	0.5938004	0.8803832	0.4673071	0.8973134	1.1125651	0.4694070	0.3131464	0.1482275	0.0944728	0.5395210	0.1596029	1.0553464	0.8879876	0.9239500	0.0845272	0.4542679	0.2345801	0.8691117	0.9032172	0.5036285	0.3969236	0.6572520	0.0721685	0.7239507	0.4539481	0.8617213	1.0753812	0.1086691	0.6644210	1.0219917	0.1260451	0.3954710	0.2620549	0.3322720	0.8518173	0.7551033	0.8398941	0.5976913	0.6841829	0.5730805	0.5126441	0.3497544	0.7246521	0.1147516	0.9750155
350	0.4291258	0.6560219	0.9735243	0.2530354	0.3724445	0.0037885	0.1180583	0.7528175	1.0907874	0.0153822	0.1640965	0.0936100	0.0024986	0.0426586	0.9082951	0.2995782	0.5606027	0.8726231	0.9825783	0.7957246	0.2874153	1.0200305	0.9497831	1.0141315	0.8568260	0.6693810	0.9366460	0.0861420	0.0336465	0.0440892	0.1957028	0.4082311	0.3434738	0.8773570	0.5127224	0.9789998	0.3866109	0.7553192	0.2457440	0.8352592	0.6304700	0.1897327	0.6390666	0.0831493	0.5773142	0.5785091	0.6301075	0.8385879	0.8927788	0.9187148	0.2158789	0.4634188	0.5059774	0.0427244	0.2927543	0.4457910	0.8704748	0.4949661	0.7829495	1.0301438	0.3984857	0.2989260	0.2554456	0.0913150	0.5369714	0.1539621	0.9524239	0.8799099	0.8126966	0.1062521	0.4780431	0.1915854	0.8473911	1.0424840	0.4968549	0.3513234	0.6901702	0.1300264	0.7278262	0.5180453	0.8286196	0.9123839	0.1231119	0.6011131	0.8862663	0.1368532	0.4062627	0.1866546	0.2794389	0.8296774	0.8225332	0.8424102	0.5897133	0.6918790	0.6242990	0.5550027	0.3231676	0.6220451	0.1064562	1.0307584
400	0.4460443	0.6652780	1.0628709	0.2521813	0.3749512	0.0009262	0.1137452	0.8210064	0.9927588	0.0293773	0.1737668	0.0956788	0.0005828	0.0364467	0.9204581	0.2910248	0.5535716	0.8839051	0.8835492	0.8848707	0.3301771	1.0256906	1.0027447	0.9882615	0.9034645	0.6073796	0.8452403	0.0598804	0.0396788	0.0385514	0.1966818	0.3923476	0.4077209	0.8318153	0.5664183	1.0206612	0.3107139	0.8191980	0.2066071	0.8842756	0.6844529	0.1748246	0.6672996	0.0926936	0.6242597	0.5344799	0.7266543	0.8840429	0.9709163	0.7896427	0.2522056	0.4402982	0.5247334	0.0910178	0.3358536	0.3886394	0.7998253	0.5248147	0.7699175	0.9603570	0.3931612	0.2187248	0.2874927	0.1388373	0.6134838	0.1439644	0.9624894	0.8644984	0.9745841	0.1282243	0.4862443	0.2342474	0.9203415	0.8772357	0.4923568	0.4744906	0.6134223	0.1356251	0.7365325	0.4994321	0.9865820	0.9970743	0.1166065	0.6104911	0.8142753	0.1887184	0.3869514	0.1431438	0.3013946	0.7137779	0.7362930	0.8462304	0.5553654	0.7225534	0.5702970	0.5692733	0.3178053	0.6018661	0.0839943	0.9774907
450	0.4796840	0.6035400	1.0340790	0.2582121	0.3795206	0.0003228	0.0967714	0.8406817	1.0807738	0.0446260	0.2021250	0.1078284	0.0019714	0.0444067	0.8623323	0.2708503	0.4907706	0.8610825	0.9491688	0.8110444	0.3276159	1.0324311	1.0225842	0.9967505	0.8502410	0.6623798	0.7624010	0.0580267	0.0466937	0.0335472	0.1953401	0.3853118	0.3411036	0.7498533	0.5651438	1.0250321	0.2275497	0.8255322	0.3091711	0.9747957	0.6550765	0.2200286	0.7788254	0.0749987	0.5980682	0.4452771	0.6269767	0.8462327	1.0571317	0.7587287	0.2492437	0.5050351	0.5196439	0.0921791	0.3136710	0.3950449	0.9176151	0.4479170	0.8134985	0.9561973	0.3501213	0.2174405	0.3433674	0.1862620	0.6629533	0.1529357	0.9849347	0.7775372	0.8899916	0.1716616	0.4604988	0.2253100	0.9139151	0.9521814	0.4635434	0.4359974	0.5649331	0.1228773	0.6936670	0.5158280	0.7715577	0.9715460	0.1400260	0.5502784	0.7654309	0.1351342	0.3849594	0.1323374	0.3418497	0.6973552	0.7318520	0.7717806	0.6187916	0.6776915	0.5383129	0.5517004	0.3784017	0.6237038	0.1082499	0.9290039
500	0.4498382	0.5602814	1.0288762	0.2126032	0.3672203	0.0006484	0.0970901	0.8005990	1.0876739	0.0400039	0.1511337	0.0922140	0.0022399	0.0297516	0.9271841	0.2719511	0.5203704	0.9322494	0.8731556	0.8474239	0.3265832	1.0751770	0.9957433	0.9605025	0.7859206	0.7556471	0.6754517	0.0674781	0.0411052	0.0424108	0.1355341	0.4707065	0.2680442	0.7524912	0.5679177	0.9486090	0.1881799	0.7867186	0.2842618	0.9353685	0.7478900	0.2532534	0.7633092	0.0519671	0.6629282	0.4332679	0.5910540	0.8617447	1.0082629	0.8484601	0.2756699	0.4731563	0.4972779	0.0945869	0.3382600	0.3610107	0.8989863	0.5688729	0.8803514	0.9325047	0.3293310	0.2596831	0.3761317	0.1984463	0.6199808	0.0877314	0.9649591	0.8548609	0.8064553	0.1832925	0.4513178	0.2312219	0.8356126	0.9514935	0.4817577	0.4322110	0.5398322	0.0851562	0.7245343	0.5020340	0.7245513	0.8898151	0.1617537	0.4822602	0.8946373	0.2038949	0.4218414	0.1240769	0.3387015	0.6336275	0.7540309	0.8252358	0.5951823	0.7821721	0.6061847	0.4512104	0.4212452	0.6631887	0.0740099	0.9903506
550	0.3404119	0.5666514	0.9628867	0.3272334	0.4509827	0.0015655	0.1045255	0.5765928	1.0905993	0.0271977	0.1474386	0.0715616	0.0013702	0.0820719	0.8436007	0.3106939	0.5445793	0.9831947	0.8525048	0.8313685	0.2518159	0.7873443	1.0111646	0.9068621	0.7269031	0.8147691	0.6357496	0.0870849	0.0498922	0.0315165	0.1998032	0.6046374	0.3589404	0.7945251	0.4999348	0.8977893	0.1842437	0.8390187	0.2710539	0.8519510	0.6598823	0.2424405	0.5603012	0.0618649	0.6815771	0.4382995	0.5992289	0.8332645	0.9476621	0.6341900	0.2734824	0.4748732	0.4923587	0.0586783	0.4883513	0.2365301	0.8259131	0.5259427	0.7770412	1.0368838	0.4287684	0.2648599	0.3814824	0.2340927	0.5844102	0.0833030	1.1060262	0.7857547	0.7240346	0.1879459	0.4874285	0.2510939	0.7678405	0.9909953	0.3514069	0.3178670	0.5879021	0.0521675	0.5474603	0.5629182	0.8351962	1.0584516	0.1163681	0.4717017	0.8212383	0.2077077	0.3638393	0.1525901	0.4588456	0.6767127	0.7523436	0.6183403	0.6024124	0.7704017	0.5952136	0.4689000	0.3974076	0.4912769	0.0877355	1.0055318
600	0.1852908	0.6269234	0.9427365	0.3789898	0.4026348	0.0011333	0.0963880	0.3321915	0.9676107	0.0374569	0.1296587	0.0864179	0.0007820	0.0771812	0.7857834	0.3188169	0.5059904	0.9867212	0.8436712	0.8926824	0.1265777	0.7684351	1.0361980	0.9776109	0.6640103	0.6949812	0.7068544	0.0963727	0.0568149	0.0355019	0.2146750	0.6288480	0.4281799	0.8168385	0.4243859	0.8833187	0.1546278	0.7386096	0.2425443	0.6067520	0.5523235	0.2328601	0.3071612	0.0570830	0.7094932	0.4907953	0.5970043	0.8714021	0.9797532	0.3530919	0.2223256	0.4515111	0.4429439	0.0524200	0.6548668	0.1251921	0.7851651	0.5381548	0.6938570	1.0392957	0.4918258	0.3648858	0.4389679	0.2787726	0.5714798	0.2182936	1.0174449	0.6969881	0.5771839	0.1275639	0.4641932	0.2223601	0.6372142	0.8073511	0.2956898	0.2537107	0.6977674	0.0670023	0.3753493	0.6452684	0.8123549	1.0614852	0.1265811	0.4846906	0.8344278	0.1604243	0.2359609	0.1313004	0.5131441	0.6427388	0.6185080	0.5547932	0.6036516	0.8161184	0.6410105	0.5457948	0.3195676	0.2335092	0.0806433	0.9707207
650	0.1367861	0.6005202	0.9058535	0.3338299	0.3732690	0.0080811	0.0635024	0.1623551	1.0123711	0.0525801	0.1663994	0.0998572	0.0012169	0.1231806	0.9079610	0.3422772	0.5017128	0.9808304	0.8723749	0.9351522	0.0833385	0.6287670	1.0632301	0.9463617	0.7127752	0.7816978	0.7666301	0.0509849	0.0892897	0.0448338	0.2487217	0.4956427	0.5976409	0.8473354	0.3780244	0.7847519	0.2027662	0.7979701	0.2284548	0.3005845	0.5832967	0.3731740	0.1794395	0.0364755	0.7103866	0.4453794	0.7156778	0.8844771	0.9197585	0.2338767	0.1561043	0.4036510	0.4244537	0.0335491	0.6361819	0.0816034	0.8714085	0.5146827	0.6586878	1.0934970	0.5008515	0.3569864	0.4089885	0.3598839	0.6284465	0.3503811	0.9303228	0.6752553	0.5610433	0.1444846	0.3748479	0.2519955	0.5549960	0.8459485	0.2616117	0.2005030	0.7770726	0.0789379	0.2737814	0.6804428	0.7416506	0.9436920	0.1252521	0.4346144	0.8252494	0.1673299	0.2299667	0.1084543	0.5276661	0.6858177	0.4915353	0.5882978	0.5568873	0.7690098	0.6229088	0.5438611	0.3144946	0.1474509	0.0696400	1.0063986
700	0.0928284	0.5541222	1.0090938	0.2746310	0.5020322	0.0000000	0.0732533	0.0421532	0.9310312	0.0308497	0.1820249	0.1128374	0.0010146	0.1033558	0.8298669	0.3643874	0.5128225	0.9310683	0.8650140	0.9480419	0.0615224	0.6454299	1.0007477	1.0927523	0.7882527	0.6627661	0.7612762	0.0991686	0.1529506	0.0369817	0.3230773	0.3307323	0.5897958	0.7160355	0.3703660	0.7605055	0.1497780	0.7162587	0.2550809	0.1370954	0.7335735	0.4378233	0.0818788	0.0597055	0.7840581	0.3843492	0.6526613	0.8711861	0.8827278	0.1893404	0.1023552	0.3634993	0.4823592	0.0169520	0.7228980	0.0568264	0.8998681	0.4181196	0.5722811	0.9916157	0.6087232	0.4963108	0.4065478	0.3765648	0.6096422	0.4598123	0.9459891	0.7083434	0.5009619	0.0982571	0.3272831	0.2915110	0.4710033	0.8285141	0.2082172	0.1860601	0.7820717	0.1166867	0.2525006	0.7064357	0.7545719	0.9393774	0.1324293	0.3813761	0.7810222	0.2525991	0.3048848	0.0802065	0.5554295	0.6584343	0.5119060	0.4746515	0.4878705	0.8222304	0.5768852	0.5793806	0.3176730	0.0762094	0.0379584	0.8998458
750	0.0575071	0.6245735	0.9946081	0.1683027	0.4584747	0.0017257	0.0286820	0.0253927	0.8958868	0.0161766	0.1557384	0.0851577	0.0005212	0.1141714	0.9139033	0.4301127	0.5575809	0.9613302	0.8251429	0.8669640	0.0900614	0.7006080	1.0826098	1.0245685	0.8562736	0.6950914	0.8426013	0.1085098	0.1940734	0.0332636	0.3634408	0.2306283	0.5798680	0.7877166	0.4027859	0.7485325	0.1506700	0.7322437	0.3295470	0.0683064	0.8416906	0.4808100	0.0564658	0.0676422	0.8663229	0.3978764	0.6465471	0.8008415	0.8244427	0.2166991	0.1029646	0.3821614	0.4524411	0.0119565	0.7580467	0.0788116	0.7624986	0.3458581	0.4745114	0.9254468	0.6508002	0.4620890	0.4417642	0.3182301	0.6065582	0.4942631	0.9224557	0.7512192	0.4627120	0.0706425	0.3903013	0.2279854	0.4192620	0.7938888	0.2415166	0.2027124	0.7930718	0.1890780	0.2196570	0.7813757	0.7288066	0.9679733	0.1426575	0.3466534	0.8446607	0.3077633	0.3724446	0.1595940	0.5575387	0.7643018	0.6674650	0.4405998	0.5117990	0.8478965	0.3739325	0.5764388	0.3232726	0.0269695	0.0514136	0.9152383
800	0.0328658	0.6473628	0.9489305	0.0986322	0.4717384	0.0018308	0.0424779	0.0140874	0.9608269	0.0216506	0.1148596	0.0771455	0.0011747	0.1061482	0.8711194	0.4482688	0.5319352	1.0573841	0.7985284	0.8646138	0.1048522	0.6386443	1.0622318	1.0320088	0.8672417	0.6094684	0.8989998	0.1027314	0.2619219	0.0265828	0.4405239	0.1432572	0.6691263	0.7526707	0.2983481	0.8177530	0.1553013	0.7742959	0.3230174	0.0346232	0.8964484	0.5577822	0.0790679	0.0527453	0.8924122	0.4016061	0.5763236	0.7888766	0.8427926	0.2530762	0.1127413	0.3880664	0.3541557	0.0048898	0.7982034	0.1708703	0.7739170	0.3408797	0.4190208	0.8545408	0.6551103	0.5681909	0.4573991	0.2606729	0.5435276	0.5084001	0.9031597	0.7760398	0.4235845	0.0885276	0.3620115	0.2080527	0.3622158	0.8075049	0.2672019	0.2775805	0.7894073	0.2502219	0.2074417	0.7687232	0.7645441	0.9419097	0.0958282	0.3802646	0.8557541	0.3512506	0.3098294	0.2441739	0.4821550	0.7217423	0.6625848	0.3935029	0.4080748	0.7601030	0.2205738	0.6026488	0.3202189	0.0196019	0.1475344	0.9758458
850	0.0166713	0.5398963	0.9729124	0.0759494	0.4564911	0.0000000	0.0357032	0.0022078	1.0103645	0.1153971	0.1218021	0.0813885	0.0017170	0.0664420	0.9258112	0.4239598	0.4978345	0.9098971	0.9294145	0.8495537	0.0802968	0.6501532	0.9576824	1.0180832	0.8494734	0.6650177	0.8036916	0.0948054	0.2579022	0.0384784	0.4752332	0.1119926	0.6788077	0.7705327	0.2955498	0.8954759	0.2112359	0.7115060	0.3187939	0.0272199	0.9747249	0.5277298	0.0813137	0.0486261	0.8971073	0.5549851	0.6094228	0.8697999	0.8287172	0.2594483	0.0914621	0.3504488	0.3094068	0.0042908	0.6981581	0.2831017	0.8401827	0.3035268	0.4342449	0.8892900	0.6916536	0.6208545	0.2181886	0.2448577	0.5006535	0.4961060	0.9630068	0.8715830	0.4025976	0.0822736	0.3674341	0.2279356	0.2957376	0.8385413	0.2504618	0.3903205	0.8921185	0.1821325	0.1842485	0.7018179	0.7231706	1.0399629	0.0985716	0.6116835	0.9262300	0.3633081	0.3164859	0.3375448	0.4575455	0.7600408	0.6183846	0.3397452	0.3992368	0.5906317	0.1546294	0.5393851	0.2883690	0.0093132	0.2833527	1.0041944
900	0.0089288	0.6133659	0.9961344	0.0828770	0.3765865	0.0009889	0.0462421	0.0147100	0.9837460	0.2734324	0.0976144	0.0895417	0.0036006	0.1044126	0.8225569	0.4117469	0.4937819	0.9359880	0.9744177	0.8526963	0.0534362	0.6418027	1.1029037	1.0105039	0.8703672	0.6752207	0.8300490	0.0884724	0.3029236	0.0523624	0.5034455	0.0712826	0.8226792	0.7451222	0.2907464	0.8609885	0.2798663	0.7553443	0.3183738	0.0235669	0.9716249	0.4412568	0.0644016	0.0492764	0.8239010	0.5569274	0.6003723	0.8741083	0.8695636	0.3037240	0.0927019	0.3343011	0.4935390	0.0007654	0.6939595	0.3381017	0.9117829	0.2935320	0.4245747	1.0105513	0.7859721	0.6392903	0.1474585	0.2261875	0.4851212	0.4604131	0.9756298	0.7826491	0.4366268	0.0775922	0.3439759	0.2559790	0.3092281	0.8687764	0.2488740	0.4385607	0.9251192	0.1586850	0.2455630	0.5857203	0.7792600	1.1281231	0.0952782	0.7255921	1.0249729	0.3493858	0.3474080	0.4190664	0.5064801	0.6996862	0.6211742	0.3409113	0.4714407	0.5709939	0.0826842	0.6249856	0.2380128	0.0074509	0.4120283	0.9418547
950	0.0006313	0.6562856	1.0585026	0.1061489	0.5132081	0.0046214	0.0461109	0.0201503	0.9232344	0.3795933	0.1144436	0.1210671	0.0006941	0.1425944	0.8397309	0.4028927	0.4776293	1.0039841	0.9959612	0.9160437	0.0534443	0.6350429	1.0683804	0.9851888	0.8458305	0.6915651	0.8938037	0.1147636	0.2979122	0.0456643	0.4339878	0.0652327	0.7258272	0.9286610	0.2879221	0.8216001	0.2922067	0.6893146	0.4408371	0.0168496	0.8814613	0.4098884	0.0731180	0.0525610	0.7324196	0.5000247	0.6027114	0.8048189	0.9099769	0.3303718	0.0913016	0.3512323	0.7166275	0.0008703	0.8298947	0.4145996	0.8361929	0.2832434	0.3520103	1.0229810	0.7767191	0.6262024	0.1065603	0.2606173	0.4900288	0.5089692	0.9983462	0.6890631	0.4800102	0.0656692	0.4065440	0.2389087	0.3036746	0.9169397	0.2698396	0.5114143	0.9699431	0.3053059	0.2389948	0.5600432	0.8283302	1.0083158	0.0899422	0.7470100	1.0938588	0.3541898	0.3284544	0.4881520	0.6143453	0.7370663	0.5778757	0.3189879	0.5019349	0.5922906	0.0752961	0.6058544	0.2768314	0.0433176	0.4467061	0.9196845
1000	0.0045122	0.6240026	0.9808161	0.1005599	0.4450908	0.0037235	0.0468507	0.0223261	0.9137402	0.4497024	0.1022105	0.1404063	0.0034834	0.1259283	0.8605393	0.4439983	0.4661095	0.9958186	0.9670995	0.8993534	0.0532746	0.6236714	1.0455246	1.0074442	0.9029922	0.6900645	0.9440346	0.1218733	0.2816567	0.0371047	0.4367413	0.0914661	0.6920989	0.8414634	0.2650740	0.7834260	0.2750012	0.7772746	0.3839573	0.0346798	0.9132713	0.4211023	0.0492566	0.0630991	0.7983811	0.5199466	0.5258582	0.7594247	0.8787880	0.3508428	0.0822411	0.3331130	0.8857028	0.0053042	0.7964358	0.4816959	0.8048441	0.2710098	0.4358582	0.9404330	0.7404206	0.6648998	0.1120960	0.2756742	0.5604400	0.5416032	0.9459833	0.7097065	0.4200480	0.0284698	0.3275046	0.2046577	0.2985897	0.8593056	0.2816535	0.5496129	0.8692991	0.4276383	0.2263294	0.6583666	0.7829594	0.9855897	0.0931578	0.6662994	1.1654916	0.3269465	0.2835242	0.4951735	0.5682023	0.7617462	0.4996134	0.3319534	0.4679203	0.5950667	0.0953126	0.6615078	0.2760226	0.0293762	0.5622319	0.9740215

0	0.0094491	0.6355617	1.0459758	0.0876986	0.4170952	0.0015965	0.0357302	0.0201856	0.7842026	0.5482911	0.1482550	0.1067167	0.0074763	0.0795139	0.9263252	0.4386615	0.5117037	1.0187251	0.9869150	0.9112762	0.0675828	0.6396705	0.9879649	0.9056811	1.0249936	0.8053086	0.8415975	0.0956169	0.2807776	0.0361236	0.3476186	0.0945586	0.7647381	0.8073502	0.2691465	0.9854445	0.2644993	0.7761342	0.3511720	0.0142404	0.9503393	0.3956488	0.0912837	0.0721673	0.8039584	0.5632487	0.5721011	0.9104100	0.8750489	0.3877912	0.0490860	0.3690556	1.0040851	0.0016799	0.7496314	0.4296180	0.7445798	0.3138374	0.4763448	0.9977159	0.8917758	0.5763065	0.2317245	0.3844034	0.5377636	0.4876338	1.0898320	0.8135737	0.5024926	0.0491368	0.3912071	0.2335426	0.3169327	0.9297559	0.3112694	0.3637340	0.9584119	0.1589398	0.2670455	0.6498318	0.7931145	1.0351174	0.1402507	0.6535788	1.0095359	0.4184859	0.2245238	0.5131035	0.6073464	0.7854143	0.4606182	0.1309775	0.4648780	0.5528648	0.0723851	0.5781484	0.2784400	0.0363961	0.5378107	0.9932421
50	0.0169217	0.6844438	1.0868429	0.2118308	0.4722665	0.0023874	0.0567075	0.0300080	0.7351143	0.4623419	0.1400662	0.0705469	0.0069411	0.0974933	0.7972161	0.3283757	0.5269870	0.9314643	1.0047222	0.9585772	0.0692100	0.5293261	0.9622232	0.5347450	0.8698108	0.5895215	0.9129760	0.1217101	0.2597567	0.0361039	0.3678688	0.0649502	0.6534944	0.8343674	0.2637580	0.9127225	0.3178127	0.7206429	0.3745163	0.2967770	0.9623005	0.5278774	0.1193515	0.0691805	0.7273843	0.5175941	0.8062505	1.0799099	0.8846915	0.4011627	0.1170746	0.3151893	0.9704475	0.0674997	0.6387672	0.5011040	0.9255062	0.3496473	0.4704834	0.9026668	0.8188476	0.5201756	0.2662016	0.2639387	0.5604462	0.3309849	0.9867723	0.7632360	0.5382392	0.0588203	0.3607599	0.2538682	0.2939583	0.8161268	0.2842355	0.3630489	0.7956144	0.2154685	0.2723600	0.6571832	0.8563794	0.9707936	0.0998460	0.6683525	0.9960411	0.2685388	0.2733501	0.6312022	0.6211141	0.7630635	0.4152977	0.2040369	0.4477772	0.7880638	0.1470548	0.5867374	0.1981889	0.1331791	0.4872593	1.0234553
100	0.0046121	0.7261780	0.9778812	0.1635940	0.4493290	0.0010927	0.0240390	0.0163413	0.5398873	0.5843567	0.2337322	0.0789056	0.0028637	0.1058508	0.8567501	0.1896190	0.5219192	0.9720457	0.8990658	0.9634039	0.0685943	0.5600632	0.9993413	0.2262388	0.8795571	0.6307122	0.9242860	0.1287484	0.1910166	0.0337612	0.3904946	0.0537445	0.7328577	0.7562126	0.2627966	0.8068919	0.2692620	0.7192583	0.4016386	0.4414989	0.9392933	0.7595799	0.0754138	0.0776235	0.7415224	0.3789779	0.9499361	0.9997390	0.8050183	0.3960831	0.1977113	0.3210984	0.8887700	0.1722458	0.7182045	0.4583078	0.8548919	0.2667840	0.6038118	0.8587875	0.8909587	0.4800565	0.3352888	0.3311066	0.5992765	0.1611968	0.9502392	0.8300151	0.5664114	0.0353988	0.3087849	0.2423537	0.2904588	0.8635517	0.2793408	0.3773322	0.9194875	0.1680220	0.2689696	0.6049789	0.7566484	0.9986463	0.1169425	0.7053647	0.9467473	0.3380475	0.3046184	0.7191079	0.7462660	0.7019071	0.4035991	0.3027911	0.4160030	0.9136457	0.1880836	0.7419166	0.2431610	0.2737495	0.2855721	0.9695151
150	0.0188623	0.6539866	0.9388570	0.1164572	0.4593245	0.0031902	0.0352877	0.0152210	0.5173718	0.4694965	0.2856713	0.0735566	0.0016689	0.1125691	0.8601211	0.0841802	0.4731544	0.9190984	0.8106075	0.8885103	0.0638375	0.7210243	0.9273323	0.0912690	0.8779893	0.6304327	0.8820188	0.1030168	0.1381838	0.0185899	0.3318223	0.0501238	0.8439512	0.6841157	0.2026292	0.8645553	0.1925411	0.7285778	0.3345213	0.5149052	0.9022365	0.8392585	0.0926404	0.0679528	0.7714940	0.2335713	0.8840878	0.8665598	0.7837631	0.4508828	0.2459482	0.2909890	0.7975513	0.1848126	0.7412761	0.5393642	0.8110333	0.3065901	0.5669843	1.0643415	0.9124354	0.4570463	0.5009286	0.3529570	0.5507811	0.0685834	0.8847055	0.8244593	0.5769906	0.0416836	0.2891409	0.2276483	0.2762219	0.8530254	0.2174066	0.3270966	0.8539166	0.1679184	0.2459393	0.5499986	0.7296732	1.0736641	0.1172317	0.5900002	0.9373083	0.4410684	0.5101367	0.7224909	0.6942050	0.6915548	0.3417920	0.3400285	0.3454321	1.0100525	0.1597233	0.8112805	0.2958149	0.3798393	0.1702209	1.0034046
200	0.0183422	0.6297260	0.9506818	0.1098106	0.4508803	0.0043766	0.0342908	0.0237563	0.4076080	0.5744663	0.3236061	0.0599924	0.0031451	0.1133199	0.9488158	0.0588668	0.4764173	1.0071445	0.8108020	0.8180494	0.0488638	0.6877944	0.8158242	0.0733376	0.8778180	0.7349312	0.9962952	0.1115171	0.0972737	0.0160097	0.2611549	0.0541604	0.7064253	0.7168219	0.2384696	0.9359313	0.0990710	0.7502515	0.3089502	0.5293356	0.8720312	0.7691215	0.0693508	0.0786168	0.9202472	0.2277770	0.9753124	0.9247816	0.6963074	0.5007605	0.2418404	0.2694838	0.9005016	0.1858476	0.7579794	0.5787704	0.8332268	0.3255310	0.6401165	0.9245932	0.9650596	0.5275134	0.5526022	0.2702744	0.6264042	0.0489490	0.7647912	0.7608677	0.6342689	0.0418437	0.2820371	0.2083509	0.3222827	0.8394439	0.2073154	0.1769067	0.7803100	0.1656576	0.2206201	0.5690002	0.7747742	0.9122791	0.1276960	0.5191157	1.0050311	0.5028501	0.5955238	0.7681537	0.7758340	0.6401201	0.4473580	0.3792840	0.3514453	0.9873858	0.0850435	0.8070414	0.3905842	0.4449466	0.0969882	1.0593171
250	0.0192099	0.5915976	1.0241349	0.0750070	0.5062044	0.0061712	0.0284608	0.0289946	0.3561710	0.5288918	0.3465800	0.0643692	0.0049741	0.1050598	0.7939157	0.0504072	0.4065453	0.9464548	0.8063781	0.7862651	0.0461018	0.7345475	0.7732770	0.0716870	0.8706609	0.6356751	0.9387100	0.0978456	0.0701469	0.0098230	0.3051399	0.0592221	0.7262089	0.6467510	0.2415124	0.8802276	0.0891694	0.7943549	0.3310505	0.6167038	0.9621867	0.7944696	0.0582726	0.0491169	0.8600633	0.2206912	0.9601468	0.9669580	0.7518919	0.5448093	0.2689513	0.3136351	0.7808254	0.1738505	0.7067229	0.6010090	0.8135342	0.3923387	0.6382724	0.8944000	0.9388452	0.5728128	0.6425930	0.2463068	0.6098770	0.0470696	0.6609275	0.8033097	0.5872245	0.0308878	0.3149346	0.2132781	0.3349149	0.7884964	0.1861100	0.1325290	0.7492124	0.2258386	0.1731220	0.4744666	0.7103284	0.9717420	0.2032325	0.4403823	1.0139844	0.4862756	0.6680080	0.7195248	0.8857967	0.5304230	0.4664662	0.3706400	0.3533345	0.9771755	0.0662458	0.7429200	0.4487511	0.4167550	0.0820402	1.0206770
300	0.0106504	0.7357144	0.9541070	0.0295720	0.4095579	0.0021751	0.0468939	0.0405309	0.3217515	0.5326737	0.2958314	0.0824115	0.0100505	0.0931715	0.8330703	0.0329627	0.4771222	0.9370180	0.8398374	0.8516234	0.0432891	0.7175294	0.7600968	0.0678963	0.8345717	0.6814530	0.9366306	0.0719539	0.0541732	0.0086614	0.3045118	0.0557813	0.8894877	0.6593706	0.2735992	0.7775580	0.0513993	0.7765966	0.4390042	0.5639392	0.9397968	0.8728826	0.0799138	0.0398170	0.9482107	0.2315045	0.9421383	0.8747197	0.7869104	0.5245920	0.2195265	0.2691728	0.6534750	0.2254633	0.7280356	0.5951434	0.7183658	0.3931801	0.7399827	0.9168693	0.8049319	0.5019196	0.8391183	0.2639697	0.5311847	0.0514957	0.5181560	0.7728134	0.6129566	0.0397206	0.2385885	0.1974814	0.3184295	0.8491417	0.2276527	0.0948060	0.7841764	0.1523265	0.1388777	0.4656776	0.6302819	0.8233460	0.2296551	0.3110249	0.9603228	0.5084617	0.7155644	0.7729659	0.9823200	0.5517297	0.5095781	0.3452659	0.3673877	1.0628907	0.0436574	0.7827318	0.3677870	0.3806727	0.0453937	1.1091396
350	0.0137384	0.7220673	1.0410139	0.0297734	0.3876963	0.0010280	0.0428235	0.0314538	0.4147449	0.6011011	0.2958785	0.0714259	0.0047810	0.1349977	0.8333093	0.0476521	0.5037507	0.9108917	0.8361699	0.8860355	0.0403915	0.6674355	0.7227120	0.0497332	0.8906122	0.7009122	0.8363358	0.0816169	0.0721247	0.0148341	0.3306801	0.0549784	0.8282733	0.7147106	0.3161792	0.8303436	0.0790585	0.6894985	0.3692762	0.5250265	1.0095197	0.8201446	0.0683034	0.0493170	0.9672089	0.2389380	1.0382077	0.8954568	0.7740997	0.5461119	0.2127041	0.3689517	0.6123368	0.1875235	0.6668480	0.5861998	0.7203596	0.3238702	0.6331245	0.9810325	0.7005407	0.5092229	0.7380075	0.2456359	0.4700418	0.0384349	0.4950250	0.7345773	0.5894276	0.0603313	0.2978088	0.1829213	0.3436542	0.8755732	0.2617263	0.1217421	0.7767818	0.2400582	0.1432657	0.3907420	0.5769900	0.9679445	0.2442431	0.3855964	1.0555349	0.4610618	0.7457827	0.7988914	0.8911410	0.5627529	0.4553935	0.3683892	0.2890523	1.0521118	0.0185454	0.8062228	0.4439320	0.4246632	0.0359865	1.1681127
400	0.0077250	0.6780111	1.0047528	0.0559544	0.4509941	0.0000499	0.0161350	0.0235715	0.3927125	0.5454625	0.2471896	0.0860175	0.0049637	0.1272013	0.7700693	0.0295433	0.4888445	0.9406809	0.8619102	0.7675967	0.0531053	0.6880430	0.7229482	0.0903819	0.9325896	0.6823509	0.8427866	0.0713462	0.0548578	0.0167488	0.3268171	0.0569509	0.9052985	0.5800172	0.2751076	0.8065155	0.0505590	0.7567961	0.3615561	0.5783115	1.0855559	0.8089826	0.0559158	0.0384167	0.9281537	0.1977669	1.0177140	0.9156724	0.8343480	0.4847715	0.2219185	0.3081920	0.6685668	0.1614420	0.6901270	0.5939725	0.7302851	0.3465989	0.6248330	0.9911286	0.5869151	0.5071515	0.6180162	0.2405058	0.4908361	0.0301715	0.4595150	0.7174538	0.6333661	0.0803898	0.3240885	0.1962599	0.3420543	0.9438519	0.2163747	0.1195731	0.8124233	0.3150885	0.1499737	0.4106754	0.5642499	0.9515544	0.2328933	0.3722965	0.9953606	0.4962209	0.7294086	0.8966482	0.9084725	0.5587068	0.5287437	0.3821422	0.3435390	1.0181700	0.0168859	0.7649193	0.4473441	0.4470818	0.0360353	1.0961798
450	0.0132954	0.7222939	1.0052798	0.0488860	0.4858898	0.0002403	0.0234085	0.0225495	0.3943160	0.5229725	0.3045769	0.0831050	0.0006042	0.1254462	0.8343675	0.0139378	0.4676935	1.0627989	0.8045414	0.8539410	0.0469828	0.6654206	0.6998952	0.1099598	0.8542796	0.7139041	0.8963211	0.0733751	0.0572284	0.0191752	0.2956296	0.0689834	0.9721412	0.6283005	0.2659153	0.8481236	0.0455565	0.7840152	0.3659945	0.6109545	0.9474542	0.9117181	0.0678419	0.0544647	0.9584453	0.1413267	0.9884037	0.8058656	0.7596459	0.4554983	0.2659776	0.2657355	0.6415366	0.1848651	0.6317484	0.6522495	0.8176660	0.3080548	0.5930209	1.0087219	0.6020393	0.4542623	0.5783914	0.1888765	0.5045362	0.0161277	0.4139961	0.8052404	0.6357942	0.0872260	0.2934877	0.1949214	0.3004305	0.8876575	0.2506599	0.0806765	0.7839078	0.2829434	0.1977685	0.3426966	0.6166708	0.9745602	0.1966328	0.3634433	1.0736803	0.5512953	0.7367182	0.9050145	0.8231027	0.6015217	0.4911040	0.3905893	0.3686550	1.0589358	0.0231386	0.8083318	0.4987491	0.4543241	0.0353839	0.9671356
500	0.0266310	0.6943853	0.9583202	0.0449573	0.5729423	0.0019589	0.0289840	0.0381949	0.3867408	0.5101568	0.3799464	0.0732562	0.0031292	0.1258271	0.8316514	0.0286720	0.4410611	0.8792426	0.8022341	0.7682040	0.0282745	0.6874227	0.7484243	0.0919162	0.9375670	0.7151574	0.9421726	0.0759410	0.0565576	0.0147548	0.2810944	0.0632855	0.9336683	0.5660290	0.2544266	0.7300563	0.0432002	0.7319628	0.3760478	0.5415595	0.9599412	0.8426579	0.0750484	0.0396093	1.0210367	0.1975316	0.9158327	0.8284991	0.7474711	0.5474321	0.2637469	0.2918235	0.6302744	0.2304779	0.3993275	0.6705137	0.7527099	0.3488554	0.6316778	0.8306828	0.6656742	0.4613669	0.6623774	0.1931135	0.4956023	0.0286173	0.4186356	0.7891381	0.6601391	0.0508553	0.3168534	0.1394139	0.2709835	0.8614518	0.2533546	0.0900593	0.7319823	0.3300318	0.2276195	0.3341625	0.6053273	0.9253269	0.1684940	0.5030999	0.9679834	0.5509445	0.6459959	0.7668996	0.8591955	0.5270639	0.5110064	0.3512454	0.3502221	1.0185622	0.0227820	0.7416948	0.4839744	0.3955782	0.0246159	0.9679784
550	0.0218879	0.7676837	0.9154128	0.0510743	0.4297618	0.0001559	0.0322501	0.0444595	0.4840402	0.4574728	0.3033302	0.0776260	0.0023930	0.1186557	0.7701395	0.1347261	0.4660492	0.9664059	0.7781928	0.7923361	0.0364828	0.7462697	0.7589672	0.4959145	0.9708885	0.7115718	0.9318058	0.0680652	0.0663786	0.0287920	0.2238690	0.0585271	0.8956896	0.6172754	0.3511538	0.6002537	0.0199937	0.7660574	0.3227278	0.3169633	0.9328517	0.7086914	0.0619449	0.0268369	0.9343198	0.2510706	0.7335577	0.7616168	0.8806709	0.5597632	0.2273173	0.3388624	0.6085053	0.1284164	0.4013395	0.6261670	0.7539583	0.3404603	0.5210563	0.9200524	0.6878930	0.5552491	0.6686633	0.1791108	0.4938741	0.2518881	0.4840666	0.7645189	0.6982970	0.0525560	0.3094007	0.1741853	0.2430450	0.8933081	0.2223698	0.0523037	0.8503077	0.3316991	0.2023953	0.3918957	0.5999903	0.9103869	0.1621824	0.3683882	1.0689105	0.5117231	0.6094437	0.9015084	0.8681556	0.5220885	0.6245581	0.3427855	0.3083871	0.7905390	0.0251255	0.7975866	0.4357476	0.2424922	0.0460703	1.0021267
600	0.0176916	0.6946172	0.9450869	0.0485674	0.4795158	0.0000000	0.0308776	0.0519782	0.5925749	0.3928932	0.2180746	0.0784557	0.0012700	0.1077694	0.7959319	0.3055969	0.4737386	0.9138503	0.6704835	0.7518314	0.0344869	0.6920077	0.7385842	0.7985779	1.0001814	0.6544285	0.8977642	0.0625793	0.0872776	0.0306141	0.3382891	0.0200232	0.9134241	0.6490627	0.3473576	0.5999495	0.0322682	0.7394353	0.3867636	0.1318941	0.9988438	0.5854975	0.0831808	0.0337361	0.9682448	0.2427898	0.6023578	0.7142378	0.8303541	0.4681879	0.1652092	0.3250920	0.6219954	0.0779040	0.5557969	0.6250147	0.7359771	0.3356869	0.4334972	1.0109578	0.7466804	0.5304480	0.6759073	0.2173142	0.4979912	0.3970395	0.4820545	0.7282165	0.6725896	0.0550610	0.2884024	0.1840009	0.3139748	0.8081365	0.2473860	0.0594186	0.8228613	0.2718838	0.1530574	0.3883805	0.6689819	0.9368218	0.1762627	0.3422672	0.9846323	0.4917371	0.5358736	0.7842238	0.8935925	0.5856051	0.6692633	0.3028563	0.3344470	0.7027999	0.0272308	0.7875476	0.4737161	0.1066320	0.0556799	0.9751209
650	0.0174816	0.6250350	1.0460574	0.0376577	0.4506295	0.0007316	0.0224671	0.0310484	0.6732102	0.3732326	0.1351496	0.0960397	0.0019471	0.1288140	0.9145736	0.3523732	0.5014979	0.9885826	0.8546694	0.8664742	0.0473104	0.6140509	0.9009210	0.8718283	0.9850659	0.7228136	1.0475952	0.0764720	0.1333127	0.0138349	0.3160120	0.0206833	0.8217524	0.7022692	0.3230400	0.5725519	0.0804532	0.8163891	0.3955620	0.0492912	0.9358773	0.4235167	0.0552629	0.0391669	0.9079912	0.4039127	0.5246919	0.7274507	0.7945717	0.4271717	0.1400170	0.3008146	0.5783588	0.0296730	0.6859406	0.6255418	0.7250176	0.2764239	0.5194133	0.9740111	0.7548360	0.5015244	0.5109687	0.2555369	0.5640391	0.4480511	0.4631567	0.7757730	0.5990554	0.0557437	0.3086917	0.2035983	0.3829743	0.7928333	0.2925187	0.0789761	0.8067618	0.2570077	0.1700352	0.4600198	0.6602348	0.9356420	0.1447717	0.3539495	1.0526040	0.3777619	0.4562870	0.7508860	0.6672106	0.5760049	0.8229555	0.3191813	0.3624578	0.6062395	0.0429265	0.7985862	0.5066618	0.0745272	0.0398544	1.0252966
700	0.0196608	0.6641159	0.9993568	0.0445094	0.4688137	0.0017628	0.0317547	0.0112445	0.7320352	0.3599889	0.1010167	0.0805587	0.0091905	0.1215873	0.8621891	0.4388828	0.5029603	1.0265368	0.8910362	0.8756847	0.0501331	0.6275644	0.9255328	1.0476458	0.9024100	0.6446664	0.8920092	0.1038886	0.1530974	0.0219579	0.3357079	0.0363303	0.7542690	0.7801118	0.4269300	0.7761804	0.1971593	0.8035367	0.3245556	0.0336931	1.0319441	0.4233829	0.0849924	0.0496187	0.8034399	0.5556186	0.4641125	0.6486722	0.9462512	0.3790118	0.1230564	0.2826644	0.6924793	0.0120382	0.7201623	0.6161144	0.8088842	0.2271208	0.4529844	1.0211302	0.6720640	0.4938284	0.2566428	0.2982173	0.5391747	0.4822671	0.5704291	0.7647017	0.6008618	0.0373637	0.4190218	0.2171520	0.3715714	0.8395496	0.3471071	0.1460744	0.8915355	0.2763539	0.1617521	0.4782032	0.7273706	1.0453573	0.1226807	0.4116745	1.0716613	0.3922118	0.3835822	0.7621280	0.6825988	0.6582700	0.7503391	0.2843255	0.3667183	0.5869513	0.0621574	0.7647723	0.3757896	0.0531365	0.1809745	1.0328541
750	0.0336174	0.6548450	1.0486393	0.0697752	0.5195394	0.0025494	0.0240806	0.0083178	0.8197233	0.3082223	0.0921253	0.0837112	0.0019281	0.1177954	0.9179132	0.3880787	0.4718539	1.1407022	0.9162321	0.9245272	0.0533203	0.5721505	0.9062926	1.0071805	0.9125452	0.7037378	0.8816142	0.1046401	0.1403600	0.0335984	0.4249835	0.0385880	0.7033204	0.7823072	0.2663234	0.9308211	0.3312056	0.7761846	0.3636680	0.0307979	0.9585896	0.4338838	0.0757707	0.0580164	0.7584629	0.6655781	0.3966669	0.6925060	0.9230976	0.3236319	0.1008989	0.3079347	0.7903763	0.0047192	0.7262636	0.6342806	0.7660500	0.2442369	0.4013919	1.0039470	0.6995834	0.5726477	0.1526112	0.2713579	0.5280126	0.4333408	0.8903345	0.8265560	0.5642770	0.0646026	0.4714109	0.1938849	0.3812421	0.8418251	0.3722733	0.2039837	0.9393020	0.2338307	0.2188966	0.5408717	0.7393638	1.1100786	0.1488457	0.5480765	1.0468527	0.4632960	0.2627803	0.7518751	0.5291129	0.7635397	0.6378796	0.2950839	0.4047339	0.5887864	0.0693159	0.7045695	0.3254950	0.0341782	0.3857094	0.9727595
800	0.0255985	0.6232832	1.0067227	0.1100243	0.5617943	0.0019933	0.0283425	0.0098696	0.8469219	0.2187040	0.1169815	0.0640283	0.0003944	0.1186341	0.8651664	0.3656561	0.3672259	1.0284907	0.9599455	0.9374122	0.0782610	0.5666161	0.9588953	0.9511575	0.8887621	0.5992565	0.8785752	0.1191431	0.1845243	0.0539804	0.4361231	0.0874945	0.6620880	0.8386456	0.2985663	0.8252140	0.4404648	0.7430958	0.3931964	0.0312307	0.9176132	0.4719696	0.0615432	0.0937669	0.7038484	0.7367842	0.4470396	0.8023406	0.9059741	0.3416696	0.0724484	0.2934045	0.9183827	0.0009885	0.7031721	0.6318628	0.7391116	0.2501976	0.4146970	1.0085755	0.7337246	0.5600769	0.1211036	0.2922037	0.4706780	0.4760710	1.0300030	0.7498057	0.4472305	0.0459203	0.4824747	0.2175864	0.3176366	0.7762927	0.3360200	0.2415407	0.9418736	0.2257308	0.2817280	0.5852178	0.7177944	1.0498329	0.1343727	0.5618216	1.0845068	0.3232621	0.1899874	0.6440575	0.5079245	0.8145766	0.5538800	0.3236499	0.4176885	0.5400767	0.0930861	0.6447897	0.3446519	0.0175106	0.4790960	0.9693541
850	0.0284577	0.6888867	1.1043419	0.1293432	0.4705348	0.0028471	0.0311406	0.0150700	0.8755167	0.2057249	0.1285574	0.0766400	0.0113189	0.1162558	0.9048646	0.3837564	0.4990070	1.0631724	1.0557893	0.8751895	0.0730388	0.6334466	0.9141693	0.9659752	0.8047109	0.6227952	0.9805765	0.1118777	0.2415439	0.0589907	0.4210575	0.0765206	0.6540579	0.8342542	0.3035376	0.9302597	0.4788130	0.7112173	0.4097245	0.0348493	0.9187210	0.4856408	0.0572563	0.0964667	0.7430206	0.6702904	0.4748328	0.7439634	0.8754481	0.3570404	0.0683803	0.3653684	1.0443036	0.0195462	0.7377584	0.5260883	0.6258706	0.2353708	0.4348164	0.9448378	0.7728611	0.5049723	0.1639918	0.2647762	0.4986878	0.5334500	1.0494692	0.7300178	0.4189938	0.0362971	0.4303888	0.1566216	0.2934201	0.8711620	0.2975138	0.3284278	0.9004091	0.3941551	0.3126328	0.6724192	0.8373232	0.9956858	0.1278007	0.6290483	1.0459501	0.3742658	0.1397594	0.4804820	0.4773522	0.8487818	0.5633647	0.3462411	0.4387794	0.5584340	0.0985439	0.5662389	0.2989953	0.0216155	0.5026073	1.0354506
900	0.0266654	0.7266048	1.0795015	0.1301012	0.5106005	0.0061063	0.0246509	0.0131290	0.9789377	0.2400579	0.1508574	0.1168026	0.0007238	0.0864092	0.9054812	0.4585495	0.4948713	1.0460339	0.9817416	0.9635946	0.0826121	0.6893704	0.8847321	0.9505835	0.8969459	0.7252015	1.0194112	0.1167753	0.2856921	0.0589059	0.4697736	0.0639802	0.6484618	0.7806551	0.2812191	1.0197761	0.5323076	0.7740558	0.4249046	0.0353139	0.9706431	0.4844978	0.0664558	0.1240813	0.6792491	0.6249906	0.5229291	0.7881826	0.7957580	0.3820854	0.0592002	0.3931717	0.9974691	0.0074166	0.7452140	0.4911489	0.7313263	0.2294980	0.3963649	1.0899186	0.8080634	0.4958252	0.2368691	0.2957340	0.4621305	0.5509839	1.0422928	0.7364714	0.4654535	0.0584319	0.4496552	0.1717386	0.2844123	0.8892011	0.3140625	0.4557771	0.9036272	0.5409242	0.3130866	0.6485686	0.8116153	0.9413486	0.1128387	0.6998085	1.1263432	0.3955936	0.1547507	0.4808379	0.5078705	0.7644095	0.4630788	0.3796467	0.4194889	0.5344100	0.0722423	0.5864441	0.3386462	0.0477417	0.5164361	1.0314478
950	0.0155084	0.6812325	1.0781992	0.1720581	0.4767507	0.0019274	0.0137251	0.0090659	0.9069977	0.3275793	0.1123116	0.1134291	0.0038725	0.0932750	0.8870560	0.4934407	0.5020550	0.9547373	0.9641673	0.9937042	0.0771384	0.6332595	0.9150455	0.9291169	0.9548095	0.8125903	0.9865358	0.1235380	0.3267484	0.0462696	0.5177918	0.0896586	0.6039184	0.7766377	0.2487486	1.0037168	0.4086672	0.7240379	0.4479553	0.0207977	0.8503702	0.3875140	0.0950850	0.1208872	0.5724635	0.6131470	0.5671313	0.8599968	0.7684124	0.3543948	0.0829929	0.4367332	0.9064619	0.0124872	0.7458247	0.4833704	0.6677452	0.2454484	0.4722759	1.0597473	0.7719438	0.4908654	0.2683532	0.2521050	0.4734185	0.5623515	1.1381222	0.7849240	0.4599577	0.0649234	0.3864723	0.1028065	0.2794083	0.9572713	0.2996302	0.5114005	0.9490898	0.3969970	0.2930493	0.7675897	0.8567357	0.9597136	0.0971977	0.7103204	1.0567581	0.4142711	0.1511459	0.4336974	0.5065955	0.7825874	0.4959076	0.3461393	0.4300378	0.5392077	0.1155617	0.6192450	0.3109637	0.0220218	0.5173165	0.9880981
1000	0.0158912	0.6447725	0.9596785	0.2198025	0.4278728	0.0027692	0.0340464	0.0180771	0.8763389	0.4276895	0.1768526	0.1417063	0.0044937	0.1054351	0.8765886	0.4644911	0.5670936	0.9440947	0.9750733	1.0002158	0.0765405	0.5864296	0.8745314	0.9828802	0.9196844	0.7796411	1.0565231	0.1109512	0.3884642	0.0387177	0.4478672	0.1224901	0.5626146	0.8113627	0.2869790	1.0671123	0.3528048	0.7175846	0.3757524	0.0203120	0.8671398	0.3917757	0.0965521	0.1105462	0.6275435	0.5275447	0.5371888	0.9490960	0.8110140	0.3100244	0.0733480	0.4339665	0.9133003	0.0137403	0.7714017	0.5194986	0.7507334	0.2445226	0.4437289	1.0749238	0.7085034	0.5362467	0.2515804	0.3205182	0.5482950	0.5175874	1.0712312	0.8007937	0.4419542	0.0422041	0.3584556	0.1475123	0.2105973	0.9623203	0.2527531	0.6192879	0.9451956	0.2878331	0.2719380	0.6697583	0.7747909	0.9678689	0.0926242	0.7031637	1.0512493	0.3858718	0.1693824	0.5191797	0.5096435	0.7234059	0.4235000	0.2859458	0.4183664	0.5490793	0.1452648	0.5394799	0.3000695	0.0226458	0.6199087	0.9095644

0	0.0094491	0.6355617	1.0459758	0.0876986	0.4170952	0.0015965	0.0357302	0.0201856	0.7842026	0.5482911	0.1482550	0.1067167	0.0074763	0.0795139	0.9263252	0.4386615	0.5117037	1.0187251	0.9869150	0.9112762	0.0675828	0.6396705	0.9879649	0.9056811	1.0249936	0.8053086	0.8415975	0.0956169	0.2807776	0.0361236	0.3476186	0.0945586	0.7647381	0.8073502	0.2691465	0.9854445	0.2644993	0.7761342	0.3511720	0.0142404	0.9503393	0.3956488	0.0912837	0.0721673	0.8039584	0.5632487	0.5721011	0.9104100	0.8750489	0.3877912	0.0490860	0.3690556	1.0040851	0.0016799	0.7496314	0.4296180	0.7445798	0.3138374	0.4763448	0.9977159	0.8917758	0.5763065	0.2317245	0.3844034	0.5377636	0.4876338	1.0898320	0.8135737	0.5024926	0.0491368	0.3912071	0.2335426	0.3169327	0.9297559	0.3112694	0.3637340	0.9584119	0.1589398	0.2670455	0.6498318	0.7931145	1.0351174	0.1402507	0.6535788	1.0095359	0.4184859	0.2245238	0.5131035	0.6073464	0.7854143	0.4606182	0.1309775	0.4648780	0.5528648	0.0723851	0.5781484	0.2784400	0.0363961	0.5378107	0.9932421
50	0.0143608	0.5974884	0.8018016	0.1198030	0.3622887	0.1717082	0.0392174	0.2687284	0.8745856	0.3682273	0.0795408	0.0879820	0.0122472	0.0920985	0.6922368	0.3791012	0.4960650	1.1022475	0.9384543	0.8153944	0.0703336	0.6395257	1.0509083	0.6312677	0.8377193	0.8304796	0.8636635	0.1359106	0.2030165	0.0350264	0.3940413	0.0361901	0.7095496	0.7545415	0.2434243	0.9043425	0.3523046	0.7911072	0.3095575	0.0300424	1.1135903	0.6605795	0.0969147	0.0789217	0.7072994	0.3916366	0.6977631	0.7350097	0.9069227	0.3407658	0.0780102	0.4454705	1.0650128	0.0012399	0.8284513	0.5040147	0.6410023	0.2669621	0.4553259	0.9131312	0.7392774	0.5697108	0.1550751	0.2446657	0.5149050	0.5995706	0.9314494	0.8881855	0.3707092	0.0624278	0.3258813	0.2284759	0.2436899	0.7816546	0.3269554	0.4049549	0.8111998	0.3171502	0.2547063	0.6637659	0.7513218	1.0117732	0.1052755	0.6655131	1.0617856	0.3407233	0.3125309	0.3893943	0.5391151	0.6738426	0.5750385	0.2016865	0.4197007	0.6423389	0.0952470	0.6251961	0.2400558	0.2086129	0.4982829	0.9707046
100	0.0097288	0.6276538	0.6298368	0.1353371	0.1653355	0.3501145	0.1312041	0.5119029	0.9718290	0.4174512	0.0351170	0.0804134	0.1060790	0.0944574	0.6326765	0.3811851	0.4631951	1.1429687	0.9290897	0.7263354	0.0347039	0.6013718	1.0071945	0.4753742	0.6152787	0.9197690	0.8669179	0.1084486	0.2733895	0.0327411	0.3781475	0.0160995	0.6487980	0.6886774	0.2747421	0.8551656	0.2357995	0.7403865	0.2319684	0.0151795	1.0851245	0.7766164	0.0838990	0.0718070	0.7644594	0.3567962	0.8435786	0.8774348	0.8839330	0.4135290	0.0430895	0.3851988	1.0170507	0.0007272	0.7682182	0.6785207	0.7087365	0.2541419	0.4801362	0.9692771	0.7898762	0.5591112	0.1154682	0.3370161	0.4898835	0.5372706	0.9651460	0.8071880	0.2360677	0.0675107	0.2750773	0.1813543	0.2344022	0.9024414	0.2985721	0.3613377	0.8235653	0.4345900	0.1731503	0.5899449	0.6756567	1.0417063	0.1088611	0.6625658	0.9091174	0.3321478	0.5284306	0.4681446	0.5529130	0.7075066	0.4512761	0.2596185	0.4169834	0.8267539	0.1029802	0.8301820	0.2376424	0.4991948	0.5490394	0.9779588
150	0.0096093	0.5217647	0.5428695	0.1087118	0.0855614	0.4429264	0.3094396	0.6128324	1.0081531	0.3615004	0.0232923	0.1153301	0.1252211	0.1392138	0.5885827	0.2659222	0.4373763	0.9246841	0.8845698	0.5642762	0.0534054	0.5400293	0.9409473	0.3909193	0.4239636	1.0685099	0.9445742	0.1293933	0.2883121	0.0301175	0.3742936	0.0177997	0.6480721	0.6430375	0.3009273	0.8685890	0.1864143	0.8115276	0.1973614	0.0383225	1.0023309	0.7765375	0.0700682	0.0696578	0.7800079	0.2517067	0.8043976	0.8367995	0.8917801	0.5032705	0.0210617	0.3689721	1.0391871	0.0031888	0.8033804	0.6822439	0.6658684	0.2919483	0.4149318	0.9464901	0.6692914	0.5024703	0.0717560	0.2814768	0.4728920	0.3956262	0.7835705	0.7925015	0.1865305	0.1993087	0.2815435	0.2622169	0.2727153	0.8464588	0.3197791	0.4677705	0.8157743	0.4525095	0.1832889	0.5454165	0.7194022	0.9911722	0.1055069	0.8615004	0.8353689	0.2751673	0.6191496	0.4555946	0.4488200	0.7818460	0.3805920	0.2687737	0.4072800	1.0063143	0.1820442	0.8753588	0.2587422	0.6458619	0.5892926	0.9548083
200	0.0127987	0.5310965	0.4687089	0.1135523	0.0160336	0.5385598	0.3769553	0.7135232	0.8736135	0.4259793	0.0102279	0.1404516	0.1774410	0.1739216	0.5434185	0.2236166	0.5312748	1.0377035	0.8276494	0.4994572	0.0638588	0.6139527	0.8473924	0.3490444	0.4183463	0.9525424	0.7822129	0.0951547	0.2180314	0.0203849	0.3597821	0.0135508	0.7029087	0.6394450	0.2752518	0.7999118	0.0978188	0.7791908	0.1379475	0.0253957	1.0692700	0.7414923	0.0680872	0.0541732	0.8946564	0.2328027	0.8241189	0.7838489	0.8110888	0.5640408	0.0145151	0.2625767	0.9718008	0.0019120	0.8312407	0.8780399	0.6763434	0.2975597	0.3732282	0.9338959	0.5433175	0.5718430	0.0570874	0.3079465	0.4567116	0.4575500	1.0129662	0.6829913	0.1603847	0.3819573	0.2785300	0.2658303	0.4282153	0.8930590	0.3544914	0.3547948	0.9384770	0.4958154	0.1753444	0.3702722	0.7442252	0.8893553	0.1114158	0.8310545	0.8804873	0.2797092	0.7029820	0.4974260	0.5161595	0.8288909	0.4339619	0.3757265	0.4082488	1.0542381	0.2570300	0.8608468	0.1899899	0.6615853	0.5896740	0.9243580
250	0.0236247	0.3904637	0.4520610	0.0715474	0.0269681	0.5136913	0.4734811	0.7638397	0.8390977	0.5091806	0.0136957	0.1335389	0.2698407	0.1754728	0.5817829	0.2351510	0.4374987	0.9088111	0.8308490	0.4990350	0.0772084	0.6225509	0.7070345	0.3051010	0.3447877	0.9785854	0.6917813	0.0676940	0.1783447	0.0416057	0.2825387	0.0165339	0.6473518	0.6306489	0.2982038	0.6828811	0.0422093	0.7295720	0.1196171	0.0280018	1.0469293	0.8478988	0.1058964	0.0416758	0.9355504	0.2009671	0.8242815	0.8306186	0.8340188	0.5861058	0.0122839	0.2730159	0.7227122	0.0042308	0.6880863	0.9463907	0.6934155	0.2857512	0.4011677	0.9050589	0.4253137	0.5084852	0.0621077	0.2397248	0.4704994	0.4354341	0.8145533	0.6620577	0.1296503	0.4764763	0.2359495	0.2332710	0.5384363	0.8642947	0.3256340	0.2748134	0.9273799	0.4544928	0.1488356	0.2866419	0.6339926	0.8375896	0.0763296	0.7658698	0.7966857	0.3074300	0.7424208	0.4138301	0.4703290	0.8242644	0.4768985	0.3532713	0.3898361	0.9327222	0.3429021	0.8596215	0.2263899	0.6406877	0.5605234	0.9331335
300	0.0253673	0.3722822	0.4007333	0.0173433	0.0169629	0.5935648	0.5524163	0.7574119	0.7975653	0.4071413	0.0107940	0.1337283	0.3651877	0.1779036	0.6360771	0.2273397	0.4733513	0.9985986	0.7311072	0.4310264	0.0679096	0.5649613	0.7683675	0.2759985	0.2502213	1.0413689	0.6848099	0.0743331	0.1776536	0.0262487	0.3131985	0.0136068	0.6361491	0.6658026	0.2685871	0.7479636	0.0523845	0.7348237	0.1688076	0.0192222	0.9958486	0.8519776	0.1062022	0.0399811	0.9644784	0.1976141	0.8292597	0.8763839	0.8680772	0.6001166	0.0129836	0.2426256	0.6063845	0.0026227	0.7040996	0.8812549	0.7436907	0.3399538	0.3714093	0.9132379	0.4671252	0.5098733	0.0487536	0.3231073	0.5321358	0.4800419	0.6134597	0.6140367	0.1523157	0.5161179	0.2902367	0.2539278	0.6612560	0.8752094	0.3258141	0.2558811	0.9687563	0.4206547	0.1552896	0.2875239	0.6222263	0.8009571	0.0970397	0.8622448	0.7640147	0.2923186	0.7204884	0.4631580	0.6109319	0.7983340	0.6230748	0.3582389	0.3734070	0.9842358	0.3019105	0.9201922	0.2473190	0.7054125	0.5564490	0.8450134
350	0.0253218	0.2701189	0.4075583	0.0295002	0.0035630	0.5998666	0.4725638	0.7447328	0.7964851	0.4310244	0.0067835	0.1360824	0.2685669	0.1857457	0.5687596	0.2192160	0.4697541	0.9946134	0.8648812	0.4828112	0.0585760	0.5549867	0.7746720	0.3584444	0.2590490	0.9097072	0.5388517	0.0770050	0.2374789	0.0285867	0.2878230	0.0176875	0.6536235	0.6452285	0.2517372	0.7130927	0.0383321	0.7078388	0.1950006	0.0149487	0.8895746	0.8693935	0.0949297	0.0435069	1.0888984	0.1695149	0.8958854	0.8014595	0.8582779	0.6048001	0.0134678	0.3072355	0.5081647	0.0006496	0.6325774	0.8716411	0.7337804	0.3420523	0.4317823	0.9321617	0.4151473	0.5295029	0.0661111	0.2507352	0.5230273	0.5714443	0.6057506	0.5300585	0.1813557	0.4777114	0.2474287	0.2841515	0.5691832	0.8599040	0.2769308	0.2755379	0.9409300	0.4295278	0.1675663	0.2974958	0.5892135	0.7635827	0.0821400	0.8575913	0.8397266	0.2783135	0.7685457	0.4424768	0.5594499	0.8649370	0.7565716	0.3706926	0.4304251	1.0145248	0.3724369	0.9944175	0.2539515	0.7412882	0.5150838	0.9260338
400	0.0111091	0.3379207	0.3826493	0.0436575	0.0116979	0.6873695	0.5440851	0.7920160	0.8132126	0.4039857	0.0111213	0.0997853	0.3447023	0.2243752	0.5328480	0.2449444	0.4519558	1.0267034	0.8257448	0.4531109	0.0441460	0.5844574	0.7442945	0.3327072	0.2423561	1.1086065	0.5570140	0.1006475	0.1728755	0.0160929	0.2984867	0.0173606	0.6935621	0.7207458	0.2868895	0.8124115	0.0407001	0.6946766	0.1850131	0.0190547	0.9653957	0.8796763	0.0809115	0.0476367	1.0147114	0.2090136	0.9364019	0.7750721	0.7878185	0.6501013	0.0114793	0.2483383	0.4356221	0.0008177	0.6646308	0.8879902	0.6109950	0.3659618	0.3762281	0.8733743	0.4863132	0.5870158	0.0653955	0.2467030	0.4775183	0.4447261	0.5064482	0.5050303	0.1316359	0.4446700	0.2926977	0.2269947	0.5672253	0.9148010	0.3039354	0.2956175	0.8755868	0.3662155	0.1277210	0.3359636	0.6155241	0.8304971	0.0735694	0.8876585	0.8982981	0.2660424	0.7958346	0.4984194	0.4778489	0.8502137	0.8477628	0.2684452	0.4468731	1.0781511	0.3880866	0.9796970	0.2644066	0.6934932	0.4346185	1.0283870
450	0.0290288	0.4072072	0.4632687	0.0398687	0.0015095	0.6134314	0.6701893	0.7540904	0.7469822	0.4430648	0.0160856	0.1027624	0.3028664	0.2621260	0.4660395	0.2200724	0.4306125	1.0139227	0.8926946	0.4898618	0.0207843	0.5577914	0.7561748	0.3821481	0.1955813	1.0667754	0.5391495	0.0726287	0.1763709	0.0321637	0.3273333	0.0113908	0.7999406	0.6994119	0.2906624	0.7648505	0.0369055	0.6959093	0.1762303	0.0154807	0.9230752	0.8935940	0.1018234	0.0522543	0.9141214	0.2338642	0.8904223	0.7869821	0.8211416	0.5131148	0.0078658	0.2117916	0.4369348	0.0040987	0.6744971	0.7435669	0.6772707	0.3734300	0.3620875	1.0088932	0.4206411	0.5739824	0.0564486	0.2682504	0.5229096	0.4647057	0.4881379	0.5314891	0.1336935	0.4785861	0.2621676	0.2404026	0.5769469	0.9742898	0.3638352	0.3591897	0.9130355	0.4443484	0.0848540	0.3022762	0.6228980	0.7995372	0.0921384	0.8406180	0.8247735	0.3084657	0.7085007	0.5045820	0.4722439	0.9225194	0.7746849	0.3312799	0.4127497	1.0459335	0.4303470	0.9532232	0.2379865	0.7232452	0.4510188	0.9974426
500	0.0204426	0.3548590	0.4245714	0.0407055	0.0047628	0.7002335	0.5772724	0.8121545	0.7637293	0.4418171	0.0089800	0.1232442	0.4151509	0.3017354	0.4118435	0.2519859	0.3879217	1.0175943	0.8476580	0.4742993	0.0470511	0.5618366	0.8281532	0.3465546	0.1805910	0.9813284	0.5227090	0.0492865	0.1662990	0.0270933	0.3399073	0.0081845	0.8499560	0.7048337	0.2568008	0.6905600	0.0493924	0.7263293	0.1766797	0.0107495	1.0001700	0.9605387	0.0604812	0.0302211	0.9447447	0.1949511	0.9494368	0.8766680	0.8609979	0.5175383	0.0078930	0.2353888	0.3611322	0.0017876	0.6499398	0.7216198	0.6903478	0.4451106	0.3743694	0.9700247	0.4330572	0.5994657	0.0609088	0.2462932	0.5290125	0.3715554	0.5640821	0.5819922	0.1561303	0.4971297	0.3217379	0.2660589	0.5941530	0.8518863	0.4139754	0.3095883	0.8844569	0.3554064	0.0858001	0.3410261	0.5946076	0.7853646	0.0846156	0.8212226	0.8508416	0.2595419	0.7350553	0.4976158	0.5228436	0.8399225	0.7094584	0.2316094	0.4438799	1.0053005	0.3832478	0.9678027	0.2456850	0.7937857	0.5307748	0.9793843
550	0.0175501	0.4024654	0.6281828	0.0408158	0.0071219	0.4831032	0.5929720	0.5597392	0.7705164	0.4520535	0.0461293	0.1225197	0.3631259	0.3050994	0.5085862	0.2980480	0.3892220	1.0890799	0.8804436	0.5302983	0.0508696	0.5619372	0.8292036	0.5964829	0.3058714	0.9358499	0.5416343	0.0519608	0.1913443	0.0382255	0.3413055	0.0186416	0.7571803	0.6752373	0.3917193	0.5308351	0.0379577	0.7408286	0.2614460	0.0220709	1.0018140	0.7039133	0.0610745	0.0242052	1.0467486	0.2012756	0.8234397	0.6978112	0.8642783	0.5813233	0.0071980	0.2779590	0.3361834	0.0003297	0.6540410	0.6480371	0.7141229	0.4102896	0.4629362	0.9289462	0.4378258	0.6392222	0.0644966	0.2750501	0.5189234	0.3793191	0.5722177	0.6157214	0.2354446	0.4511217	0.3517927	0.2855974	0.5863819	0.8550711	0.4693751	0.3183204	0.8107224	0.3963813	0.0927177	0.3366975	0.6921699	0.7859803	0.1140604	0.7977411	0.7425070	0.2133464	0.7235605	0.5559875	0.5261703	0.8845130	0.7822016	0.2837362	0.4104401	0.9738440	0.3241019	0.9335087	0.2109049	0.5379813	0.5862062	1.0637003
600	0.0167930	0.4284705	0.7982988	0.0299680	0.0127004	0.2977774	0.3779489	0.2990742	0.7576052	0.3646979	0.0798375	0.1721926	0.3186788	0.2521765	0.6892410	0.2986837	0.3969197	1.0253724	0.9017872	0.6377233	0.0509298	0.5460779	0.8175153	0.9761045	0.4750741	1.0123804	0.6667678	0.0766017	0.2062531	0.0288727	0.3517439	0.0270179	0.7893615	0.8240160	0.4219390	0.4838190	0.0543346	0.7456306	0.2777175	0.0190328	1.0600812	0.5548315	0.0559132	0.0295435	1.0794057	0.2976600	0.6256814	0.6055720	0.8758540	0.5216958	0.0022040	0.2340807	0.3263607	0.0003561	0.6874939	0.5810395	0.7510979	0.3470475	0.4864331	0.8175057	0.3753171	0.5943163	0.0588529	0.2696764	0.4713400	0.2890515	0.5322085	0.6283873	0.3214861	0.4617205	0.4423678	0.3083783	0.6341794	0.8591986	0.4168900	0.3130847	0.7900745	0.4419317	0.0857870	0.3996256	0.6041028	0.8490472	0.0982787	0.8884982	0.8050035	0.3004493	0.6688632	0.6304714	0.5882618	0.8819582	0.7932921	0.3844516	0.4198369	0.9281830	0.2550377	0.7774890	0.2922115	0.3081368	0.5870945	0.9330361
650	0.0121490	0.4717359	0.9758931	0.0120903	0.0324541	0.1673298	0.2713985	0.1489982	0.8277420	0.3524946	0.0923587	0.1401424	0.1850399	0.1820925	0.8501086	0.3415959	0.3839479	1.0530687	0.8886645	0.7276489	0.0579465	0.6318415	0.8457246	1.0249093	0.5565163	0.8511224	0.6489271	0.0576468	0.1854944	0.0449166	0.3811161	0.0436822	0.8596142	0.8925827	0.3904490	0.6013837	0.1015814	0.8457232	0.3502705	0.0283454	1.0529466	0.5304767	0.0438527	0.0111432	0.9294015	0.4052507	0.4030953	0.6193693	0.8029915	0.4921883	0.0058342	0.2586031	0.3713315	0.0000000	0.6427835	0.5603035	0.7932186	0.3357533	0.4205430	0.8287943	0.4527113	0.5921875	0.0564498	0.2773171	0.4620049	0.2724651	0.5965654	0.6635638	0.4650433	0.4580698	0.3727025	0.2629090	0.5903511	0.8978925	0.4530696	0.3148683	0.8736303	0.4376132	0.1284592	0.4268085	0.7269073	1.0132881	0.0820757	0.7438715	0.8678675	0.3378103	0.4854000	0.6742918	0.5831627	0.7932188	0.8193748	0.4389654	0.4125452	0.7911593	0.1215259	0.7811574	0.3055922	0.1370853	0.5443167	0.9807930
700	0.0140588	0.6742197	0.8776331	0.0305464	0.0662002	0.0508855	0.0962793	0.0672048	0.8386031	0.4203662	0.0655096	0.1472352	0.0942659	0.1331054	0.8226937	0.3418574	0.3793520	1.0389251	0.8694159	0.7897920	0.0703915	0.5929241	0.9008684	1.0350765	0.5655878	0.7739543	0.6157194	0.0529269	0.1959588	0.0529128	0.4276812	0.0403559	0.8467383	0.9096218	0.3821027	0.7955921	0.2358804	0.7716027	0.4004997	0.0236626	1.0096708	0.4234464	0.0503460	0.0411508	0.8451749	0.6954190	0.3497099	0.6527055	0.8292079	0.4246224	0.0304093	0.2947148	0.4528279	0.0021917	0.7515278	0.6244699	0.7696613	0.3316570	0.4234429	0.9942731	0.4104768	0.5029765	0.0873919	0.2369424	0.4950707	0.3410959	0.7070605	0.7478764	0.4701958	0.4450099	0.4168095	0.2725857	0.4528812	0.8855931	0.3713823	0.2753147	0.9435976	0.4990109	0.1668746	0.5352073	0.7428968	0.9498103	0.0887515	0.6956544	0.9473540	0.2937569	0.4139259	0.8073913	0.5576336	0.7316131	0.7891314	0.4270147	0.3478920	0.7172107	0.0874959	0.7053234	0.3389171	0.0863927	0.5653912	0.9799528
750	0.0139967	0.6621810	1.0819879	0.0430150	0.2131281	0.0359899	0.0543568	0.0472502	0.8753869	0.4242945	0.1014643	0.1010046	0.0373648	0.1290673	0.8752690	0.3531585	0.4470126	0.9801708	1.0204382	0.8591362	0.0537629	0.6685888	0.8328722	0.9705000	0.5999753	0.7738655	0.5825526	0.0602520	0.2221830	0.0571980	0.4368099	0.0322730	0.6868193	0.9482091	0.3963161	0.9276799	0.3957429	0.7687405	0.3894747	0.0208602	0.9558588	0.4221083	0.0656219	0.0564834	0.7683469	0.8902298	0.3457869	0.6958922	0.8596314	0.4066254	0.0687231	0.2760045	0.5277388	0.0021534	0.7933621	0.5862702	0.8166214	0.3512635	0.4167257	1.0432353	0.3904744	0.5346183	0.0549131	0.2555728	0.4719188	0.3962899	0.9325304	0.7643768	0.5050121	0.3799747	0.4485649	0.2482883	0.3684773	0.9054037	0.3417383	0.2938987	0.9108598	0.5857546	0.2603295	0.6310156	0.8325082	0.9267691	0.0931676	0.6190098	1.0012822	0.3711988	0.4807415	0.8585781	0.5370128	0.8179010	0.6495798	0.3328544	0.3808008	0.6515546	0.0890535	0.6506295	0.2574106	0.0580405	0.5567404	1.0413125
800	0.0100458	0.6976599	1.0804423	0.0847486	0.2927432	0.0186246	0.0398052	0.0324121	0.7515730	0.4577360	0.1274864	0.0812487	0.0292777	0.1399262	0.9061067	0.4498640	0.4355020	1.0068684	0.9371652	0.8862221	0.0484877	0.6495520	0.9380956	1.0806636	0.5478826	0.7113874	0.7016581	0.0982787	0.2671280	0.0348260	0.4136645	0.0460436	0.7140230	0.8552924	0.3459057	0.9910601	0.5659529	0.7639373	0.3876574	0.0129554	0.9429439	0.3615211	0.1100832	0.0803992	0.6930568	0.7998491	0.4652416	0.8719545	0.7739501	0.3666066	0.1062130	0.2699470	0.7225089	0.0017757	0.7535870	0.5470496	0.8139663	0.3742315	0.4653667	1.0201566	0.3993203	0.6052959	0.0642328	0.2332394	0.4717272	0.4915382	1.0083043	0.7808500	0.4966604	0.2408231	0.4132253	0.2910023	0.3391196	0.8173253	0.3549036	0.4028718	0.9189195	0.4845073	0.3314768	0.7844975	0.8206756	0.9359925	0.1347948	0.7071495	0.9687919	0.3789350	0.4288210	0.8232943	0.5521559	0.7824992	0.5927842	0.2281921	0.3744750	0.5928562	0.0865339	0.6196140	0.2504381	0.0549404	0.6411085	0.9378857
850	0.0068719	0.6311680	1.0114978	0.1192922	0.4154423	0.0063045	0.0470320	0.0360763	0.7248609	0.4429514	0.1295558	0.0719857	0.0150379	0.1073745	0.9100803	0.4192408	0.4527816	0.8343523	0.9826360	0.9549271	0.0321342	0.6602495	0.9989009	1.0662630	0.5597088	0.7306336	0.8259649	0.0976009	0.2831694	0.0419767	0.4233166	0.0659965	0.6911101	0.9210863	0.3055182	1.0302130	0.5186846	0.7784093	0.4549331	0.0158601	0.9066351	0.3699487	0.0713418	0.0836482	0.5925050	0.6108720	0.5022808	0.8261775	0.8778116	0.2855004	0.0990821	0.3154373	0.8201678	0.0046437	0.7843954	0.5939053	0.8018675	0.3354861	0.5167833	0.9955733	0.5377169	0.6342575	0.1092658	0.2426963	0.5093082	0.4839756	1.0299877	0.7832179	0.4406086	0.1540427	0.4042896	0.2628235	0.3122893	0.9072910	0.3084432	0.4708088	0.9684806	0.3574408	0.3766584	0.6678791	0.7742803	0.9846105	0.1331489	0.7724703	0.9457963	0.3059090	0.3319094	0.6913007	0.5697739	0.8002754	0.4800971	0.1253437	0.4489008	0.6261889	0.1069790	0.5659652	0.2535118	0.0414031	0.6318495	1.0116251
900	0.0180242	0.6100214	0.8948774	0.1616034	0.4170463	0.0070940	0.0380198	0.0317490	0.7043114	0.5296570	0.1735243	0.0551359	0.0019211	0.1216045	0.9099672	0.4633689	0.5820272	0.8955159	0.9064196	0.9048084	0.0665360	0.6453719	1.0127652	1.1434524	0.6741304	0.7252687	0.9065162	0.0952912	0.3372479	0.0364919	0.3918731	0.0902980	0.5975805	0.8768440	0.2980850	0.9580034	0.4857375	0.7136788	0.3800195	0.0170948	0.8300753	0.3790395	0.0672109	0.1195545	0.5477566	0.6770519	0.6156325	0.8969829	0.9160379	0.2500101	0.0928595	0.3436783	0.7852829	0.0070939	0.6940451	0.4867855	0.8247499	0.3322816	0.4928141	1.0113790	0.6110148	0.6124586	0.2252780	0.2060457	0.4426933	0.5126914	1.0536120	0.8290988	0.5007197	0.0770357	0.3763723	0.2827025	0.3161551	0.9174060	0.3168644	0.5481122	0.9778975	0.3264104	0.3649319	0.6360166	0.8288656	0.9878180	0.1307964	0.5825219	1.0228384	0.3184596	0.2895692	0.5679021	0.5926367	0.7142894	0.4718087	0.1150039	0.4372444	0.6590292	0.0747394	0.4886282	0.2854680	0.0217961	0.5544552	0.9784882
950	0.0182324	0.5690460	0.9510630	0.1929575	0.4667498	0.0032055	0.0324426	0.0183153	0.6891710	0.5051395	0.2072598	0.0825459	0.0074817	0.1388768	0.9450612	0.5023633	0.5061922	0.9091223	0.9320273	0.8950859	0.0935812	0.6521361	0.9718121	1.1252816	0.7770000	0.7022785	0.8366264	0.1153983	0.2957861	0.0483010	0.4145416	0.1067450	0.5116848	0.8384966	0.2833288	0.9813798	0.3624324	0.7334954	0.3545224	0.0166691	0.7561031	0.4195282	0.0873919	0.1029853	0.5646632	0.5130602	0.6079847	0.8945003	0.9035511	0.3371469	0.0762529	0.4459396	0.8256184	0.0052088	0.7013750	0.4935486	0.8957605	0.3168639	0.4298504	0.9742092	0.6469390	0.7203021	0.4025295	0.2197801	0.4883876	0.5906920	1.0899712	0.8511376	0.4798234	0.0791268	0.3817538	0.2383826	0.3180799	0.8917316	0.2948747	0.5634189	1.0031739	0.2729672	0.3388374	0.6028288	0.8613544	0.9585273	0.1133434	0.7020375	1.0128327	0.3942147	0.2681536	0.5028281	0.5908809	0.7381968	0.4779447	0.1207424	0.3635104	0.6085747	0.0995435	0.5326310	0.3117581	0.0211808	0.5053209	0.9467107
1000	0.0174085	0.5856586	1.0359289	0.1742618	0.4917913	0.0030023	0.0490839	0.0164937	0.7893367	0.4431705	0.2108591	0.0824404	0.0035759	0.0887276	0.8925808	0.5222652	0.4989994	0.9681851	0.9945609	0.8305186	0.0629993	0.6246649	0.9314699	0.9560729	0.7853909	0.7043839	0.9106515	0.1316274	0.2703852	0.0496257	0.3504410	0.2108562	0.5404091	0.8833984	0.3139970	0.9771238	0.2674790	0.6842343	0.3271967	0.0155064	0.7951729	0.4595612	0.0853329	0.1050003	0.6461126	0.4634534	0.6333362	0.7921900	0.8428006	0.2849826	0.0828599	0.4347314	0.9482106	0.0053629	0.7452420	0.4006312	0.8311644	0.3261680	0.4576301	0.9862351	0.7060464	0.6170230	0.4730011	0.2619954	0.5921034	0.5984544	0.9223196	0.7745897	0.4568994	0.0461471	0.3069495	0.2495392	0.2629138	0.8343076	0.2773895	0.4706931	0.9132721	0.2421059	0.2417035	0.6114019	0.9446368	0.9359760	0.1365101	0.5859292	1.0029008	0.4516457	0.2449378	0.4369648	0.6728878	0.6461783	0.3730801	0.1085966	0.3331645	0.5842168	0.1454327	0.5927440	0.3433682	0.0244411	0.5393072	0.9725013
