Dionesus-rank	RandomForest-rank	Lasso-rank	range	mean-rank	median-rank	sd-rank	regulator-target	tp	index	Edge	Lag	Lag_list	Sign	parent	child	name_x	parent_cluster	name_y	child_cluster	Source	Target	moduleID	window_size	min_lag	max_lag	total_edges	pr	roc
22	4	10	(4, 22)	12.0	10.0	9.16515138991168	('soxr', 'rimk')	False												soxr	rimk	0	4	0	1	68	0.4034895875045893	0.5048514251061251
0	7	31	(0, 31)	12.666666666666666	7.0	16.258331197676267	('soxr', 'ompn')	False												soxr	ompn	0	4	0	1	68	0.4034895875045893	0.5048514251061251
23	21	12	(12, 23)	18.666666666666668	21.0	5.8594652770823155	('soxr', 'nfo')	False												soxr	nfo	0	4	0	1	68	0.4034895875045893	0.5048514251061251
16	9	32	(9, 32)	19.0	16.0	11.789826122551595	('soxs', 'fumc')	True	2723.0	('soxs', 'fumc')	10.0	[(0, 0.38555035280034494, 5.9013827844585728e-06), (10, 0.58291499378750133, 1.0242995148753607e-06), (20, 0.37901669747060268, 0.0036439414064911757), (30, 0.2735467039108011, 0.020985350676625592), (60, -0.24556069656205065, 0.16837489823846469), (90, -0.39152981467853909, 0.13368910459477215)]	['+']	soxs	fumc	soxs	0.0	fumc	0.0	soxs	fumc	0	4	0	1	68	0.4034895875045893	0.5048514251061251
7	30	21	(7, 30)	19.333333333333332	21.0	11.590225767142474	('puta', 'poxb')	False												puta	poxb	0	4	0	1	68	0.4034895875045893	0.5048514251061251
14	2	48	(2, 48)	21.333333333333332	14.0	23.86070689089771	('soxs', 'nfo')	True	2727.0	('soxs', 'nfo')	10.0	[(0, 0.21361958912521345, 0.014672928731019707), (10, 0.56194332176628403, 2.9841893167044137e-06), (20, 0.33151863448588775, 0.011764074881299944), (30, 0.20168751488951775, 0.091667774818691386), (60, 0.2001668313862846, 0.2640440816612743), (90, 0.23630404559284401, 0.37825454885257415)]	['+']	soxs	nfo	soxs	0.0	nfo	0.0	soxs	nfo	0	4	0	1	68	0.4034895875045893	0.5048514251061251
11	10	43	(10, 43)	21.333333333333332	11.0	18.77054430040145	('soxr', 'micf')	False												soxr	micf	0	4	0	1	68	0.4034895875045893	0.5048514251061251
60	27	0	(0, 60)	29.0	27.0	30.04995840263344	('rob', 'poxb')	False												rob	poxb	0	4	0	1	68	0.4034895875045893	0.5048514251061251
9	16	64	(9, 64)	29.666666666666668	16.0	29.938826518975876	('soxr', 'aslb')	False												soxr	aslb	0	4	0	1	68	0.4034895875045893	0.5048514251061251
30	29	36	(29, 36)	31.666666666666668	30.0	3.7859388972001824	('rob', 'nfo')	True	2685.0	('rob', 'nfo')		[(0, 0.10668661084869006, 0.22700206109195417), (10, 0.1857898295728605, 0.15524229624038346), (20, 0.082419887039780884, 0.54218706071071243), (30, 0.17886352425716867, 0.13558295060207579), (60, 0.64507162727830292, 5.0615740934098339e-05), (90, 0.82895655798438683, 7.2126709070380638e-05)]	['+']	rob	nfo	rob	0.0	nfo	0.0	rob	nfo	0	4	0	1	68	0.4034895875045893	0.5048514251061251
24	26	49	(24, 49)	33.0	26.0	13.892443989449804	('soxs', 'ybjn')	True	2740.0	('soxs', 'ybjn')		[(0, 0.075579481408152432, 0.39275097469755016), (10, 0.41922325791441761, 0.00085608032597045815), (20, 0.24535340951845216, 0.06583167965783103), (30, 0.17677996005697047, 0.14027249018103616), (60, -0.2349074388388166, 0.18820400866484485), (90, 0.070354501479215778, 0.79570458143155209)]	['+']	soxs	ybjn	soxs	0.0	ybjn	0.0	soxs	ybjn	0	4	0	1	68	0.4034895875045893	0.5048514251061251
59	37	3	(3, 59)	33.0	37.0	28.21347195933177	('puta', 'soxs')	False												puta	soxs	0	4	0	1	68	0.4034895875045893	0.5048514251061251
8	3	88	(3, 88)	33.0	8.0	47.69696007084728	('soxr', 'ygib')	False												soxr	ygib	0	4	0	1	68	0.4034895875045893	0.5048514251061251
2	18	80	(2, 80)	33.333333333333336	18.0	41.198705481281	('mara', 'fumc')	True	2071.0	('mara', 'fumc')		[(0, -0.29886958343754583, 0.00055229679780650996), (10, -0.40846003198534614, 0.0011955511855574648), (20, -0.3874735752212411, 0.0029029832979825627), (30, -0.028123148152858681, 0.81590920610249673), (60, -0.3574776212204227, 0.041110329442110585), (90, 0.21807389707357835, 0.41715184659273608)]	['+']	mara	fumc	mara	0.0	fumc	0.0	mara	fumc	0	4	0	1	68	0.4034895875045893	0.5048514251061251
19	83	7	(7, 83)	36.333333333333336	19.0	40.85747585611883	('soxr', 'ydbk')	False												soxr	ydbk	0	4	0	1	68	0.4034895875045893	0.5048514251061251
12	74	23	(12, 74)	36.333333333333336	23.0	33.08070938376826	('mara', 'poxb')	True	2079.0	('mara', 'poxb')		[(0, -0.29997676167910964, 0.0005254464169845897), (10, -0.020201263922607918, 0.87823880863854198), (20, 0.050054222519893804, 0.71156074841933503), (30, -0.17886778078625337, 0.1355734930750235), (60, -0.47813457448786711, 0.0048875378803674508), (90, -0.78873401721982961, 0.00028217941117145948)]	['+']	mara	poxb	mara	0.0	poxb	0.0	mara	poxb	0	4	0	1	68	0.4034895875045893	0.5048514251061251
71	44	1	(1, 71)	38.666666666666664	44.0	35.303446479534166	('mara', 'ybao')	True	2087.0	('mara', 'ybao')		[(0, 0.088497432242934743, 0.31670754700594611), (10, -0.09291660530243466, 0.48011444920421553), (20, -0.041157623240537761, 0.76114473131414306), (30, 0.053511330309689645, 0.65761464828339422), (60, 0.067267414578735488, 0.70993466159687646), (90, 0.40848571703432512, 0.11621882088963627)]	['+']	mara	ybao	mara	0.0	ybao	0.0	mara	ybao	0	4	0	1	68	0.4034895875045893	0.5048514251061251
6	15	96	(6, 96)	39.0	15.0	49.56813492557492	('mara', 'acna')	True	2067.0	('mara', 'acna')		[(0, -0.35543869707037795, 3.3272644768283357e-05), (10, -0.29493599546336874, 0.022157756856098366), (20, -0.11344687225247352, 0.40076990099414789), (30, -0.1910368974051086, 0.11051803646869345), (60, -0.29285578486396474, 0.098137807650918951), (90, -0.68175472415433747, 0.0036290169155485459)]	['+']	mara	acna	mara	0.0	acna	0.0	mara	acna	0	4	0	1	68	0.4034895875045893	0.5048514251061251
17	91	9	(9, 91)	39.0	17.0	45.21061822182926	('soxr', 'flda')	False												soxr	flda	0	4	0	1	68	0.4034895875045893	0.5048514251061251
27	62	29	(27, 62)	39.333333333333336	29.0	19.655363983740756	('rob', 'tolc')	True	2689.0	('rob', 'tolc')	0.0	[(0, 0.41680879151547523, 8.1041642371685549e-07), (10, 0.09608851429880326, 0.46518616589402495), (20, 0.0051154143836115796, 0.96987494194570667), (30, 0.5067705279134791, 6.4972173743826166e-06), (60, 0.27354316011706598, 0.12347680627250929), (90, -0.081467385651047955, 0.7642272673784859)]	['+']	rob	tolc	rob	0.0	tolc	0.0	rob	tolc	0	4	0	1	68	0.4034895875045893	0.5048514251061251
4	17	100	(4, 100)	40.333333333333336	17.0	52.080066564217574	('mara', 'ygic')	True	2091.0	('mara', 'ygic')	0.0	[(0, -0.38568537820145743, 5.8534886167172778e-06), (10, -0.48979869193772174, 7.1282787965739193e-05), (20, -0.45725482558159775, 0.0003491483245363652), (30, -0.31460915991695343, 0.0075376148111198811), (60, -0.19797595070457416, 0.2694156544023722), (90, 0.38860678170145607, 0.13687326475406911)]	['+']	mara	ygic	mara	0.0	ygic	0.0	mara	ygic	0	4	0	1	68	0.4034895875045893	0.5048514251061251
10	47	67	(10, 67)	41.333333333333336	47.0	28.919428302325297	('puta', 'acna')	False												puta	acna	0	4	0	1	68	0.4034895875045893	0.5048514251061251
62	38	27	(27, 62)	42.333333333333336	38.0	17.897858344878397	('puta', 'ygib')	False												puta	ygib	0	4	0	1	68	0.4034895875045893	0.5048514251061251
33	63	33	(33, 63)	43.0	33.0	17.320508075688775	('puta', 'ybao')	False												puta	ybao	0	4	0	1	68	0.4034895875045893	0.5048514251061251
50	75	8	(8, 75)	44.333333333333336	50.0	33.85754470326124	('rob', 'fpr')	False												rob	fpr	0	4	0	1	68	0.4034895875045893	0.5048514251061251
20	39	76	(20, 76)	45.0	39.0	28.478061731796284	('soxr', 'tolc')	False												soxr	tolc	0	4	0	1	68	0.4034895875045893	0.5048514251061251
1	5	130	(1, 130)	45.333333333333336	5.0	73.35075550622048	('mara', 'ygib')	True	2090.0	('mara', 'ygib')	0.0	[(0, -0.41444937453247754, 9.481633131980112e-07), (10, -0.51259877039632962, 2.8240295950213823e-05), (20, -0.45938605492889745, 0.00032487522184147691), (30, -0.3305945754781287, 0.004865070427915584), (60, -0.38776136182825932, 0.025768591382149656), (90, -0.054525652608190048, 0.84104370324455391)]	['+']	mara	ygib	mara	0.0	ygib	0.0	mara	ygib	0	4	0	1	68	0.4034895875045893	0.5048514251061251
38	36	66	(36, 66)	46.666666666666664	38.0	16.77299416721217	('mara', 'ybjn')	True	2089.0	('mara', 'ybjn')		[(0, 0.25587638259042955, 0.0032997319119671006), (10, -0.1764370046930348, 0.17748723399594102), (20, -0.20331388751052618, 0.12929914897418274), (30, 0.017429934081471091, 0.88528626710418012), (60, -0.077168681965131047, 0.66949229922846831), (90, 0.50136160651796668, 0.047873470564588155)]	['+']	mara	ybjn	mara	0.0	ybjn	0.0	mara	ybjn	0	4	0	1	68	0.4034895875045893	0.5048514251061251
5	34	103	(5, 103)	47.333333333333336	34.0	50.34216258101486	('rob', 'putp')	False												rob	putp	0	4	0	1	68	0.4034895875045893	0.5048514251061251
28	45	70	(28, 70)	47.666666666666664	45.0	21.1266025033211	('mara', 'micf')	True	2076.0	('mara', 'micf')		[(0, 0.28685401113022346, 0.0009367220785197369), (10, 0.06984118436714061, 0.59593480200168369), (20, -0.01099926765920547, 0.93527869366895122), (30, 0.18696336077355824, 0.11847197330016465), (60, 0.29373827096507765, 0.097082478184571261), (90, 0.17759647783141835, 0.51052302085352319)]	['+']	mara	micf	mara	0.0	micf	0.0	mara	micf	0	4	0	1	68	0.4034895875045893	0.5048514251061251
42	60	41	(41, 60)	47.666666666666664	42.0	10.692676621563628	('rob', 'soxs')	False												rob	soxs	0	4	0	1	68	0.4034895875045893	0.5048514251061251
43	70	30	(30, 70)	47.666666666666664	43.0	20.404247923737188	('soxs', 'aslb')	False												soxs	aslb	0	4	0	1	68	0.4034895875045893	0.5048514251061251
45	24	77	(24, 77)	48.666666666666664	45.0	26.689573494781317	('soxr', 'fpr')	False												soxr	fpr	0	4	0	1	68	0.4034895875045893	0.5048514251061251
46	94	6	(6, 94)	48.666666666666664	46.0	44.06056437828882	('soxs', 'ydbk')	True	2741.0	('soxs', 'ydbk')		[(0, 0.17162240846534765, 0.050889673387659443), (10, 0.063347759352108346, 0.63062245748772461), (20, -0.041324652410810542, 0.76020425351604204), (30, 0.10897280551577454, 0.36566636179427225), (60, -0.39494222251470334, 0.022926961313253308), (90, -0.42011851686319118, 0.10519650806481082)]	['+']	soxs	ydbk	soxs	0.0	ydbk	0.0	soxs	ydbk	0	4	0	1	68	0.4034895875045893	0.5048514251061251
3	0	144	(0, 144)	49.0	3.0	82.28608630868283	('soxr', 'ygic')	False												soxr	ygic	0	4	0	1	68	0.4034895875045893	0.5048514251061251
37	14	97	(14, 97)	49.333333333333336	37.0	42.85246006162696	('puta', 'fumc')	False												puta	fumc	0	4	0	1	68	0.4034895875045893	0.5048514251061251
31	98	20	(20, 98)	49.666666666666664	31.0	42.217689815210555	('mara', 'soxs')	False												mara	soxs	0	4	0	1	68	0.4034895875045893	0.5048514251061251
13	6	134	(6, 134)	51.0	13.0	71.96526940128828	('puta', 'pqia')	False												puta	pqia	0	4	0	1	68	0.4034895875045893	0.5048514251061251
54	41	59	(41, 59)	51.333333333333336	54.0	9.29157324317757	('soxs', 'acna')	True	2717.0	('soxs', 'acna')		[(0, 0.36100355238304244, 2.4483053911892578e-05), (10, -0.051332200679384654, 0.69689876696286601), (20, -0.12258349730958788, 0.36365963952873892), (30, 0.2486163164341488, 0.036560198156789132), (60, 0.13919230585780173, 0.43979479826277434), (90, -0.017206717141056649, 0.94956915222549876)]	['+']	soxs	acna	soxs	0.0	acna	0.0	soxs	acna	0	4	0	1	68	0.4034895875045893	0.5048514251061251
116	31	11	(11, 116)	52.666666666666664	31.0	55.752428945592435	('soxs', 'fpr')	True	2722.0	('soxs', 'fpr')	0.0	[(0, 0.37706700921249592, 9.7765735605401431e-06), (10, 0.42190693276544544, 0.00078631360813488811), (20, 0.33294417183028152, 0.011385555900634056), (30, 0.1196657558762047, 0.32022220067405177), (60, -0.12941848687501581, 0.47287216847009572), (90, -0.17450170707229726, 0.51803653530041438)]	['+']	soxs	fpr	soxs	0.0	fpr	0.0	soxs	fpr	0	4	0	1	68	0.4034895875045893	0.5048514251061251
44	50	65	(44, 65)	53.0	50.0	10.816653826391969	('puta', 'nfo')	False												puta	nfo	0	4	0	1	68	0.4034895875045893	0.5048514251061251
15	1	145	(1, 145)	53.666666666666664	15.0	79.40612906654835	('soxr', 'fldb')	False												soxr	fldb	0	4	0	1	68	0.4034895875045893	0.5048514251061251
103	43	15	(15, 103)	53.666666666666664	43.0	44.959240800232976	('mara', 'ynce')	True	2093.0	('mara', 'ynce')		[(0, 0.19357602060701229, 0.027334613872730961), (10, 0.19019873601528597, 0.14550161556750876), (20, 0.25594066230286139, 0.054650966210806354), (30, 0.40715869604634414, 0.00042527622265191626), (60, 0.20415390184179122, 0.25444995301416534), (90, 0.54561858832898613, 0.028804482373056366)]	['+']	mara	ynce	mara	0.0	ynce	0.0	mara	ynce	0	4	0	1	68	0.4034895875045893	0.5048514251061251
77	82	4	(4, 82)	54.333333333333336	77.0	43.66157731156002	('rob', 'soda')	True	2688.0	('rob', 'soda')		[(0, 0.29866650889403179, 0.00055735656942519055), (10, 0.21495441394966452, 0.09907661094979052), (20, 0.1804962964145401, 0.17908040018953633), (30, 0.0075174671734816421, 0.95038777864500901), (60, -0.51438534256577351, 0.0021951416032119269), (90, -0.16382579792255991, 0.54433842431205837)]	['+']	rob	soda	rob	0.0	soda	0.0	rob	soda	0	4	0	1	68	0.4034895875045893	0.5048514251061251
64	20	82	(20, 82)	55.333333333333336	64.0	31.895663237081827	('soxr', 'ybjn')	False												soxr	ybjn	0	4	0	1	68	0.4034895875045893	0.5048514251061251
80	66	25	(25, 80)	57.0	66.0	28.583211855912904	('mara', 'pqia')	True	2080.0	('mara', 'pqia')		[(0, 0.16501591178840744, 0.060630192544359654), (10, -0.13397384373790025, 0.30747411479291092), (20, -0.071193578484373313, 0.59870743081488709), (30, 0.075338845556240389, 0.53234075137791637), (60, 0.22307480453965495, 0.21208523858026099), (90, 0.56990918306497773, 0.021178746191994412)]	['+']	mara	pqia	mara	0.0	pqia	0.0	mara	pqia	0	4	0	1	68	0.4034895875045893	0.5048514251061251
85	8	81	(8, 85)	58.0	81.0	43.347433603386484	('soxr', 'puta')	False												soxr	puta	0	4	0	1	68	0.4034895875045893	0.5048514251061251
75	28	71	(28, 75)	58.0	71.0	26.057628441590765	('mara', 'fpr')	True	2070.0	('mara', 'fpr')		[(0, 0.0083971205983455893, 0.92445869169075512), (10, -0.1294796681661764, 0.32413029116360903), (20, -0.038594807244385784, 0.77561725336746123), (30, 0.13433680553864311, 0.26402778558124029), (60, -0.11488348692015092, 0.52437118227370971), (90, 0.33912932047994959, 0.19880334838767505)]	['+']	mara	fpr	mara	0.0	fpr	0.0	mara	fpr	0	4	0	1	68	0.4034895875045893	0.5048514251061251
123	25	26	(25, 123)	58.0	26.0	56.293871780150276	('soxr', 'pgi')	False												soxr	pgi	0	4	0	1	68	0.4034895875045893	0.5048514251061251
63	68	52	(52, 68)	61.0	63.0	8.18535277187245	('puta', 'putp')	True	2638.0	('puta', 'putp')		[(0, 0.35906588595068401, 2.726053663334233e-05), (10, -0.12652051786659793, 0.3354039368913847), (20, -0.086004360217051393, 0.52470239454761702), (30, 0.084763330301890233, 0.48216959640785972), (60, 0.025752528983747958, 0.88687764666862434), (90, 0.14136823793146758, 0.60150437517895017)]	['-']	puta	putp	puta	0.0	putp	0.0	puta	putp	0	4	0	1	68	0.4034895875045893	0.5048514251061251
98	32	53	(32, 98)	61.0	53.0	33.71943060017473	('soxs', 'soda')	True	2737.0	('soxs', 'soda')	0.0	[(0, 0.48523433071597455, 4.8885041447131445e-09), (10, 0.24393798280792564, 0.060344180883863008), (20, 0.18852861961751258, 0.16018312322099329), (30, 0.046359781538601451, 0.70104720592761061), (60, 0.22188773160263248, 0.21459086565657823), (90, 0.31239097382490277, 0.23880691112210586)]	['+']	soxs	soda	soxs	0.0	soda	0.0	soxs	soda	0	4	0	1	68	0.4034895875045893	0.5048514251061251
39	55	93	(39, 93)	62.333333333333336	55.0	27.73685875028629	('puta', 'ygic')	False												puta	ygic	0	4	0	1	68	0.4034895875045893	0.5048514251061251
51	11	125	(11, 125)	62.333333333333336	51.0	57.83885660465059	('soxr', 'acna')	False												soxr	acna	0	4	0	1	68	0.4034895875045893	0.5048514251061251
29	126	37	(29, 126)	64.0	37.0	53.842362503887216	('puta', 'mara')	False												puta	mara	0	4	0	1	68	0.4034895875045893	0.5048514251061251
47	35	110	(35, 110)	64.0	47.0	40.28647415696737	('soxr', 'putp')	False												soxr	putp	0	4	0	1	68	0.4034895875045893	0.5048514251061251
88	90	14	(14, 90)	64.0	88.0	43.31281565541543	('mara', 'riba')	False												mara	riba	0	4	0	1	68	0.4034895875045893	0.5048514251061251
70	101	24	(24, 101)	65.0	70.0	38.742741255621034	('rob', 'ygib')	True	2692.0	('rob', 'ygib')	0.0	[(0, 0.39530440671883105, 3.2451743773633263e-06), (10, -0.05113808763975581, 0.69798989010763968), (20, -0.14381719873916618, 0.28583590023836392), (30, 0.13084057621719383, 0.27677317419892783), (60, 0.46864760701917368, 0.0059439921523419372), (90, 0.12560291312539423, 0.64300590298218763)]	['+']	rob	ygib	rob	0.0	ygib	0.0	rob	ygib	0	4	0	1	68	0.4034895875045893	0.5048514251061251
76	33	90	(33, 90)	66.33333333333333	76.0	29.70409623828561	('rob', 'ybao')	False												rob	ybao	0	4	0	1	68	0.4034895875045893	0.5048514251061251
18	23	158	(18, 158)	66.33333333333333	23.0	79.42501704962571	('puta', 'ptsg')	False												puta	ptsg	0	4	0	1	68	0.4034895875045893	0.5048514251061251
73	107	19	(19, 107)	66.33333333333333	73.0	44.37717130838032	('soxs', 'mara')	True	194.0	('soxs', 'mara')		[(0, 0.037735744553790446, 0.6699256203069599), (10, -0.083816131764618176, 0.52431932717602825), (20, -0.080460593418130277, 0.55186221678942804), (30, -0.01529069400669978, 0.89928699241397669), (60, -0.05705788576225309, 0.75246459127088883), (90, -0.029133744767139029, 0.91470673035114181)]	['+']	soxs	mara	soxs	0.0	mara	0.0	soxs	mara	0	4	0	1	68	0.4034895875045893	0.5048514251061251
35	19	148	(19, 148)	67.33333333333333	35.0	70.31595361888604	('mara', 'ybjc')	True	2088.0	('mara', 'ybjc')	0.0	[(0, 0.40092777524210554, 2.278828956414048e-06), (10, 0.127260751208814, 0.33256103138413262), (20, 0.14568501948583415, 0.27955852396940128), (30, 0.2892451433147239, 0.014424952663450114), (60, 0.065799937149865553, 0.71599855243047761), (90, 0.84448964334832177, 3.8690835517978714e-05)]	['+']	mara	ybjc	mara	0.0	ybjc	0.0	mara	ybjc	0	4	0	1	68	0.4034895875045893	0.5048514251061251
26	13	164	(13, 164)	67.66666666666667	26.0	83.67994582534894	('soxr', 'poxb')	False												soxr	poxb	0	4	0	1	68	0.4034895875045893	0.5048514251061251
21	22	160	(21, 160)	67.66666666666667	22.0	79.96457549023401	('puta', 'ybjn')	False												puta	ybjn	0	4	0	1	68	0.4034895875045893	0.5048514251061251
84	58	63	(58, 84)	68.33333333333333	63.0	13.796134724383252	('soxr', 'nfsa')	False												soxr	nfsa	0	4	0	1	68	0.4034895875045893	0.5048514251061251
36	125	45	(36, 125)	68.66666666666667	45.0	48.993196806631566	('mara', 'puta')	True	148.0	('mara', 'puta')		[(0, 0.035631819227847722, 0.68733867003197524), (10, 0.45291088391470541, 0.00027946731559816673), (20, 0.35668453944456713, 0.0064602008450637301), (30, 0.16966714736266567, 0.15720235586440787), (60, -0.13416074394490965, 0.45666292194666214), (90, -0.46707285790358694, 0.068144683160748107)]	['+']	mara	puta	mara	0.0	puta	0.0	mara	puta	0	4	0	1	68	0.4034895875045893	0.5048514251061251
72	81	55	(55, 81)	69.33333333333333	72.0	13.203534880225574	('rob', 'ompn')	False												rob	ompn	0	4	0	1	68	0.4034895875045893	0.5048514251061251
162	46	5	(5, 162)	71.0	46.0	81.43095234614415	('soxr', 'inaa')	False												soxr	inaa	0	4	0	1	68	0.4034895875045893	0.5048514251061251
56	112	47	(47, 112)	71.66666666666667	56.0	35.21836642056717	('soxs', 'ompn')	True	2729.0	('soxs', 'ompn')		[(0, 0.21788394861586319, 0.012764951429482328), (10, 0.47727511374318321, 0.00011535532046570906), (20, 0.22813681573666683, 0.087854568507175351), (30, 0.19521071855611088, 0.10280271352325364), (60, 0.20032940394466528, 0.26364830717195326), (90, 0.053232460053584264, 0.84477056084047097)]	['+']	soxs	ompn	soxs	0.0	ompn	0.0	soxs	ompn	0	4	0	1	68	0.4034895875045893	0.5048514251061251
25	40	153	(25, 153)	72.66666666666667	40.0	69.97380462239661	('mara', 'nfsa')	True	2078.0	('mara', 'nfsa')	0.0	[(0, 0.47465797661982273, 1.1609808919058504e-08), (10, 0.24138329187257362, 0.063169992982148052), (20, 0.23945160494924408, 0.072818542765899011), (30, 0.35710469794862948, 0.0022349893544978561), (60, 0.058331653055962406, 0.74711633936855359), (90, 0.80617911244304585, 0.00016223820817609264)]	['+']	mara	nfsa	mara	0.0	nfsa	0.0	mara	nfsa	0	4	0	1	68	0.4034895875045893	0.5048514251061251
52	84	85	(52, 85)	73.66666666666667	84.0	18.77054430040145	('rob', 'riba')	False												rob	riba	0	4	0	1	68	0.4034895875045893	0.5048514251061251
102	85	35	(35, 102)	74.0	85.0	34.828149534535996	('soxs', 'ygib')	True	2742.0	('soxs', 'ygib')		[(0, 0.04890115090739397, 0.58060267680181799), (10, 0.092936311233063562, 0.48002092684918207), (20, -0.027686516698411344, 0.8380121703269654), (30, -0.10572367780990717, 0.3802184503626912), (60, -0.14429536690173825, 0.42304016305081238), (90, -0.14588686263951667, 0.58981094700378656)]	['+']	soxs	ygib	soxs	0.0	ygib	0.0	soxs	ygib	0	4	0	1	68	0.4034895875045893	0.5048514251061251
34	57	133	(34, 133)	74.66666666666667	57.0	51.810552335729184	('mara', 'rimk')	True	2083.0	('mara', 'rimk')		[(0, 0.33180343322475747, 0.00011504963858091014), (10, -0.10578893923950732, 0.42113083418830544), (20, -0.088660086741997574, 0.51193172941239595), (30, 0.34143379475650126, 0.003568051342468358), (60, 0.2180517250986406, 0.2228261560990836), (90, 0.70166644131661926, 0.0024502730492933799)]	['+']	mara	rimk	mara	0.0	rimk	0.0	mara	rimk	0	4	0	1	68	0.4034895875045893	0.5048514251061251
55	67	106	(55, 106)	76.0	67.0	26.664583251946766	('soxs', 'rob')	True	196.0	('soxs', 'rob')		[(0, 0.25629065986808319, 0.0032477106264373282), (10, 0.25871586515626821, 0.04593691137672265), (20, 0.096600907559573332, 0.47470949587245981), (30, 0.028277010162660335, 0.81491986056854859), (60, -0.34655961813400993, 0.048179508093957053), (90, -0.36284852804748513, 0.16719255979714065)]	['-']	soxs	rob	soxs	0.0	rob	0.0	soxs	rob	0	4	0	1	68	0.4034895875045893	0.5048514251061251
91	96	42	(42, 96)	76.33333333333333	91.0	29.838453936712828	('rob', 'nfsa')	True	2686.0	('rob', 'nfsa')		[(0, 0.31623321196864534, 0.00024703625197486508), (10, 0.30759262164192402, 0.016813594095051801), (20, 0.27988624629496128, 0.034977044012208067), (30, 0.38061998319416945, 0.0010588044121359755), (60, -0.12315987742463662, 0.49471660353507252), (90, -0.40732753959572171, 0.11735858543004864)]	['+']	rob	nfsa	rob	0.0	nfsa	0.0	rob	nfsa	0	4	0	1	68	0.4034895875045893	0.5048514251061251
110	59	62	(59, 110)	77.0	62.0	28.61817604250837	('soxr', 'ybao')	False												soxr	ybao	0	4	0	1	68	0.4034895875045893	0.5048514251061251
118	69	46	(46, 118)	77.66666666666667	69.0	36.77408507812714	('soxs', 'fldb')	True	2721.0	('soxs', 'fldb')	10.0	[(0, 0.21095315012578392, 0.015988294509796792), (10, 0.57841696979832202, 1.2964617890515006e-06), (20, 0.19080509943275775, 0.15510417873679777), (30, 0.0707266378054906, 0.55780172135185979), (60, -0.2759641899165971, 0.12005823593120205), (90, -0.20541131803522103, 0.44535052735800973)]	['+']	soxs	fldb	soxs	0.0	fldb	0.0	soxs	fldb	0	4	0	1	68	0.4034895875045893	0.5048514251061251
58	12	163	(12, 163)	77.66666666666667	58.0	77.39724370630606	('soxr', 'mara')	False												soxr	mara	0	4	0	1	68	0.4034895875045893	0.5048514251061251
128	54	58	(54, 128)	80.0	58.0	41.617304093369626	('soxs', 'micf')	True	2726.0	('soxs', 'micf')		[(0, 0.12145965068191257, 0.16864208969299996), (10, 0.32796677999663132, 0.010522670888507198), (20, 0.15092319219865807, 0.26244339388844234), (30, 0.38003852875280864, 0.0010792747532189983), (60, -0.29926008553004768, 0.090673873798655422), (90, -0.52166428403012954, 0.038219489340365669)]	['+']	soxs	micf	soxs	0.0	micf	0.0	soxs	micf	0	4	0	1	68	0.4034895875045893	0.5048514251061251
122	100	18	(18, 122)	80.0	100.0	54.80875842417888	('soxr', 'soda')	False												soxr	soda	0	4	0	1	68	0.4034895875045893	0.5048514251061251
78	136	28	(28, 136)	80.66666666666667	78.0	54.04936015655812	('soxs', 'flda')	True	2720.0	('soxs', 'flda')		[(0, 0.22431094456892714, 0.010299230066438216), (10, 0.15205006818889197, 0.24614766223760026), (20, -0.0026753159735869213, 0.98424221847067572), (30, 0.12193210333858813, 0.31107579282205328), (60, -0.14892248960653912, 0.40816043518394918), (90, -0.021647642583013806, 0.9365752095182367)]	['+']	soxs	flda	soxs	0.0	flda	0.0	soxs	flda	0	4	0	1	68	0.4034895875045893	0.5048514251061251
86	42	114	(42, 114)	80.66666666666667	86.0	36.29508690350987	('soxs', 'puta')	False												soxs	puta	0	4	0	1	68	0.4034895875045893	0.5048514251061251
68	119	57	(57, 119)	81.33333333333333	68.0	33.08070938376826	('puta', 'ynce')	False												puta	ynce	0	4	0	1	68	0.4034895875045893	0.5048514251061251
105	89	51	(51, 105)	81.66666666666667	89.0	27.736858750286295	('rob', 'pqib')	False												rob	pqib	0	4	0	1	68	0.4034895875045893	0.5048514251061251
90	64	92	(64, 92)	82.0	90.0	15.620499351813308	('rob', 'mara')	True	188.0	('rob', 'mara')		[(0, 0.090951714452967264, 0.30341941615089851), (10, 0.053942458863896994, 0.68228639363272248), (20, -0.050923452379572381, 0.70677547623707193), (30, 0.11754606213226014, 0.32893076399318322), (60, -0.18110004852446682, 0.31316748502220726), (90, -0.28078159559951588, 0.29215715026779343)]	['+']	rob	mara	rob	0.0	mara	0.0	rob	mara	0	4	0	1	68	0.4034895875045893	0.5048514251061251
109	95	44	(44, 109)	82.66666666666667	95.0	34.21013495052794	('puta', 'riba')	False												puta	riba	0	4	0	1	68	0.4034895875045893	0.5048514251061251
79	111	60	(60, 111)	83.33333333333333	79.0	25.774664562964407	('rob', 'inaa')	True	2682.0	('rob', 'inaa')	0.0	[(0, 0.38407926632734457, 6.4477706660049082e-06), (10, 0.24658849806871802, 0.057521135280135971), (20, 0.15405225416296928, 0.25256253325401568), (30, 0.18375167004662615, 0.12504691157679301), (60, -0.051171325067673044, 0.77732430113501272), (90, -0.26471647727567876, 0.32178430266931879)]	['+']	rob	inaa	rob	0.0	inaa	0.0	rob	inaa	0	4	0	1	68	0.4034895875045893	0.5048514251061251
40	49	162	(40, 162)	83.66666666666667	49.0	67.98774399355617	('puta', 'rimk')	False												puta	rimk	0	4	0	1	68	0.4034895875045893	0.5048514251061251
104	108	40	(40, 108)	84.0	104.0	38.157568056677825	('puta', 'rob')	False												puta	rob	0	4	0	1	68	0.4034895875045893	0.5048514251061251
48	115	89	(48, 115)	84.0	89.0	33.77869150810907	('mara', 'fldb')	False												mara	fldb	0	4	0	1	68	0.4034895875045893	0.5048514251061251
41	110	107	(41, 110)	86.0	107.0	39.0	('soxs', 'tolc')	True	2738.0	('soxs', 'tolc')		[(0, 0.19879728519374568, 0.02336415131863423), (10, 0.25377066378933505, 0.050405503498329951), (20, 0.2176563926484201, 0.1038585245073856), (30, 0.19378625372709715, 0.10538727969019539), (60, -0.43995673064220092, 0.010404955889413927), (90, -0.40851836135605007, 0.11618680781286592)]	['+']	soxs	tolc	soxs	0.0	tolc	0.0	soxs	tolc	0	4	0	1	68	0.4034895875045893	0.5048514251061251
93	143	22	(22, 143)	86.0	93.0	60.802960454241045	('puta', 'aslb')	False												puta	aslb	0	4	0	1	68	0.4034895875045893	0.5048514251061251
66	134	68	(66, 134)	89.33333333333333	68.0	38.695391629150535	('soxs', 'ptsg')	True	2734.0	('soxs', 'ptsg')		[(0, 0.057724834510285643, 0.51417413646795684), (10, 0.085571799084064426, 0.51563608548848816), (20, -0.0017318884902875623, 0.98979869179971813), (30, -0.058681329457685338, 0.62689606117026586), (60, -0.18197720912525922, 0.31078973144462857), (90, 0.23609427948899822, 0.37869046417500934)]	['+']	soxs	ptsg	soxs	0.0	ptsg	0.0	soxs	ptsg	0	4	0	1	68	0.4034895875045893	0.5048514251061251
124	72	72	(72, 124)	89.33333333333333	72.0	30.02221399786054	('soxs', 'ybjc')	True	2739.0	('soxs', 'ybjc')		[(0, -0.15627701048914067, 0.075807299641524481), (10, 0.16484634437415857, 0.20815135286912584), (20, 0.14684592899347229, 0.2757032125173417), (30, 0.06778801720991609, 0.57432037950870063), (60, -0.59485819870299628, 0.00026118245194334006), (90, -0.50166702735264812, 0.047715982697387638)]	['+']	soxs	ybjc	soxs	0.0	ybjc	0.0	soxs	ybjc	0	4	0	1	68	0.4034895875045893	0.5048514251061251
126	131	13	(13, 131)	90.0	126.0	66.73080248281148	('mara', 'tolc')	True	2086.0	('mara', 'tolc')		[(0, 0.079382022961170862, 0.36930789010426479), (10, -0.2677995044205923, 0.038576109127520977), (20, -0.26863941137921937, 0.043325528177404947), (30, -0.091017599079764713, 0.45031870231342863), (60, 0.0071774876480240448, 0.96837842730788259), (90, 0.51436839563702363, 0.041502167203664432)]	['+']	mara	tolc	mara	0.0	tolc	0.0	mara	tolc	0	4	0	1	68	0.4034895875045893	0.5048514251061251
97	123	54	(54, 123)	91.33333333333333	97.0	34.847285881877994	('puta', 'pqib')	False												puta	pqib	0	4	0	1	68	0.4034895875045893	0.5048514251061251
100	80	95	(80, 100)	91.66666666666667	95.0	10.408329997330663	('rob', 'micf')	True	2684.0	('rob', 'micf')	0.0	[(0, 0.38066671209321729, 7.9050781184677472e-06), (10, 0.21930306706444305, 0.092270126386100312), (20, 0.072316949699164912, 0.59293631176696049), (30, 0.41282377448083735, 0.00034655847088089169), (60, 0.42120356985275709, 0.014641943718878652), (90, 0.12755308719870062, 0.63781502992441386)]	['+']	rob	micf	rob	0.0	micf	0.0	rob	micf	0	4	0	1	68	0.4034895875045893	0.5048514251061251
94	65	116	(65, 116)	91.66666666666667	94.0	25.579940057266224	('rob', 'acna')	True	2677.0	('rob', 'acna')	0.0	[(0, 0.4955959645568796, 2.0350586083754835e-09), (10, 0.056511384608753844, 0.66801775425509502), (20, -0.037596379391089237, 0.78127637057425359), (30, 0.23288417230808411, 0.050648072899478834), (60, 0.68322137452511167, 1.1779530090336208e-05), (90, 0.55914742509710325, 0.024336181515147323)]	['+']	rob	acna	rob	0.0	acna	0.0	rob	acna	0	4	0	1	68	0.4034895875045893	0.5048514251061251
89	51	138	(51, 138)	92.66666666666667	89.0	43.61574639202376	('soxs', 'putp')	False												soxs	putp	0	4	0	1	68	0.4034895875045893	0.5048514251061251
32	105	142	(32, 142)	93.0	105.0	55.97320787662612	('soxs', 'poxb')	True	2731.0	('soxs', 'poxb')	0.0	[(0, 0.36923254666640842, 1.5391515647804548e-05), (10, 0.14944021019239848, 0.25444391940060929), (20, 0.15399700745469577, 0.25273477284020995), (30, 0.34726627903077201, 0.0030061183712189851), (60, 0.18121095570160906, 0.31286621756423133), (90, 0.15658323961054516, 0.56250977800306701)]	['+']	soxs	poxb	soxs	0.0	poxb	0.0	soxs	poxb	0	4	0	1	68	0.4034895875045893	0.5048514251061251
154	124	2	(2, 154)	93.33333333333333	124.0	80.50672849727117	('mara', 'zwf')	True	2094.0	('mara', 'zwf')		[(0, 0.015824714150991126, 0.85817478996688201), (10, -0.078246997131758311, 0.55233755804959606), (20, 0.056517159307693458, 0.67625716046472495), (30, 0.24468026574756979, 0.039735344619851863), (60, 0.13832690985346963, 0.4426715493024368), (90, 0.48800789768729824, 0.055145307576077267)]	['+']	mara	zwf	mara	0.0	zwf	0.0	mara	zwf	0	4	0	1	68	0.4034895875045893	0.5048514251061251
65	122	94	(65, 122)	93.66666666666667	94.0	28.5014619508076	('puta', 'micf')	False												puta	micf	0	4	0	1	68	0.4034895875045893	0.5048514251061251
130	73	78	(73, 130)	93.66666666666667	78.0	31.564748269760262	('soxr', 'riba')	False												soxr	riba	0	4	0	1	68	0.4034895875045893	0.5048514251061251
136	130	16	(16, 136)	94.0	130.0	67.61656601750786	('mara', 'inaa')	True	2074.0	('mara', 'inaa')		[(0, 0.032619819526674657, 0.71255327360007836), (10, -0.1411707100041788, 0.28197203011382166), (20, -0.032777865098912333, 0.80874148737575124), (30, 0.32170584782587658, 0.0062236098433625887), (60, 0.010766629526182958, 0.95258064650696228), (90, 0.23016698316603748, 0.39112104567110184)]	['+']	mara	inaa	mara	0.0	inaa	0.0	mara	inaa	0	4	0	1	68	0.4034895875045893	0.5048514251061251
125	53	112	(53, 125)	96.66666666666667	112.0	38.37099599089569	('soxr', 'fumc')	True	2716.0	('soxr', 'fumc')	20.0	[(0, 0.12530584043953816, 0.15545836749797909), (10, 0.52638699430606284, 1.560941299219045e-05), (20, 0.57594019382773132, 2.7654984911692988e-06), (30, 0.17438416258697845, 0.1458144292398906), (60, -0.3416434148686267, 0.051664348326418176), (90, 0.12666096946530628, 0.64018768347768695)]	['+']	soxr	fumc	soxr	0.0	fumc	0.0	soxr	fumc	0	4	0	1	68	0.4034895875045893	0.5048514251061251
139	114	38	(38, 139)	97.0	114.0	52.602281319349636	('soxs', 'ynce')	False												soxs	ynce	0	4	0	1	68	0.4034895875045893	0.5048514251061251
83	79	129	(79, 129)	97.0	83.0	27.784887978899608	('mara', 'aslb')	False												mara	aslb	0	4	0	1	68	0.4034895875045893	0.5048514251061251
57	76	159	(57, 159)	97.33333333333333	76.0	54.24327915358116	('mara', 'soxr')	False												mara	soxr	0	4	0	1	68	0.4034895875045893	0.5048514251061251
151	86	56	(56, 151)	97.66666666666667	86.0	48.56267428111155	('rob', 'fldb')	False												rob	fldb	0	4	0	1	68	0.4034895875045893	0.5048514251061251
129	149	17	(17, 149)	98.33333333333333	129.0	71.1430483837552	('puta', 'pgi')	False												puta	pgi	0	4	0	1	68	0.4034895875045893	0.5048514251061251
81	92	123	(81, 123)	98.66666666666667	92.0	21.77919496522618	('soxr', 'rob')	False												soxr	rob	0	4	0	1	68	0.4034895875045893	0.5048514251061251
159	99	39	(39, 159)	99.0	99.0	60.0	('soxs', 'rimk')	True	2736.0	('soxs', 'rimk')		[(0, 0.0027690666873609882, 0.97505633232699629), (10, 0.2803699194140169, 0.030023936099381771), (20, 0.29515236457774535, 0.02582089750786663), (30, 0.18945169612025942, 0.11356276991231276), (60, -0.5773125966249445, 0.00043554368311117704), (90, -0.46354283299037219, 0.070539296273633881)]	['+']	soxs	rimk	soxs	0.0	rimk	0.0	soxs	rimk	0	4	0	1	68	0.4034895875045893	0.5048514251061251
113	71	113	(71, 113)	99.0	113.0	24.24871130596428	('soxr', 'zwf')	False												soxr	zwf	0	4	0	1	68	0.4034895875045893	0.5048514251061251
121	56	122	(56, 122)	99.66666666666667	121.0	37.81974792794544	('mara', 'rob')	True	149.0	('mara', 'rob')		[(0, 0.090951714452967264, 0.30341941615089851), (10, 0.17023196357691961, 0.1934680990234339), (20, 0.17056255838462764, 0.20461625517227844), (30, 0.09553651482299727, 0.42805093052320398), (60, -0.21648529616541728, 0.22625003658086248), (90, -0.17919406530342757, 0.50666430175391874)]	['-']	mara	rob	mara	0.0	rob	0.0	mara	rob	0	4	0	1	68	0.4034895875045893	0.5048514251061251
106	102	91	(91, 106)	99.66666666666667	102.0	7.767453465154029	('mara', 'ydbk')	False												mara	ydbk	0	4	0	1	68	0.4034895875045893	0.5048514251061251
115	61	127	(61, 127)	101.0	115.0	35.156791662493895	('rob', 'ybjn')	True	2691.0	('rob', 'ybjn')		[(0, 0.0022968843638287305, 0.97930869694208134), (10, 0.204906300691205, 0.11629319621137402), (20, 0.098051784771905154, 0.46806837688847469), (30, 0.43771421828057094, 0.00013493476857570408), (60, -0.45330208970113928, 0.0080659494256120606), (90, -0.20332824384184495, 0.45007971208682018)]	['+']	rob	ybjn	rob	0.0	ybjn	0.0	rob	ybjn	0	4	0	1	68	0.4034895875045893	0.5048514251061251
69	147	87	(69, 147)	101.0	87.0	40.84115571332428	('soxr', 'ynce')	False												soxr	ynce	0	4	0	1	68	0.4034895875045893	0.5048514251061251
127	78	105	(78, 127)	103.33333333333333	105.0	24.542480178933285	('soxr', 'ybjc')	False												soxr	ybjc	0	4	0	1	68	0.4034895875045893	0.5048514251061251
61	116	136	(61, 136)	104.33333333333333	116.0	38.83726732577015	('mara', 'ptsg')	False												mara	ptsg	0	4	0	1	68	0.4034895875045893	0.5048514251061251
49	104	161	(49, 161)	104.66666666666667	104.0	56.0029761113937	('puta', 'fldb')	False												puta	fldb	0	4	0	1	68	0.4034895875045893	0.5048514251061251
82	97	139	(82, 139)	106.0	97.0	29.546573405388315	('puta', 'ybjc')	False												puta	ybjc	0	4	0	1	68	0.4034895875045893	0.5048514251061251
107	103	108	(103, 108)	106.0	107.0	2.6457513110645907	('mara', 'nfo')	True	2077.0	('mara', 'nfo')		[(0, -0.14969651785690313, 0.089147709170455725), (10, -0.25777441438603105, 0.046761621069142813), (20, -0.29651271902094273, 0.025113334409414878), (30, -0.19610275526189583, 0.10120947217517517), (60, 0.077840778985392156, 0.66677830297763796), (90, -0.42479800752096164, 0.10097761817367393)]	['+']	mara	nfo	mara	0.0	nfo	0.0	mara	nfo	0	4	0	1	68	0.4034895875045893	0.5048514251061251
53	146	120	(53, 146)	106.33333333333333	120.0	47.982635748084256	('soxs', 'pqia')	True	2732.0	('soxs', 'pqia')		[(0, -0.13440691853558812, 0.12735881253777093), (10, -0.061730984998248271, 0.63938793199220778), (20, 0.02488002437310664, 0.85424337924334615), (30, -0.047576832647763655, 0.69358327110421136), (60, -0.23806333499058746, 0.18216678707206216), (90, 0.024426400770360568, 0.92845212067414684)]	['+']	soxs	pqia	soxs	0.0	pqia	0.0	soxs	pqia	0	4	0	1	68	0.4034895875045893	0.5048514251061251
153	132	34	(34, 153)	106.33333333333333	132.0	63.51640208114227	('puta', 'tolc')	False												puta	tolc	0	4	0	1	68	0.4034895875045893	0.5048514251061251
148	48	124	(48, 148)	106.66666666666667	124.0	52.204725201205044	('soxr', 'pqib')	False												soxr	pqib	0	4	0	1	68	0.4034895875045893	0.5048514251061251
133	127	61	(61, 133)	107.0	127.0	39.949968710876355	('soxs', 'ybao')	False												soxs	ybao	0	4	0	1	68	0.4034895875045893	0.5048514251061251
95	77	152	(77, 152)	108.0	95.0	39.153543900903784	('rob', 'ynce')	False												rob	ynce	0	4	0	1	68	0.4034895875045893	0.5048514251061251
92	161	75	(75, 161)	109.33333333333333	92.0	45.54484969053398	('puta', 'soda')	False												puta	soda	0	4	0	1	68	0.4034895875045893	0.5048514251061251
111	144	73	(73, 144)	109.33333333333333	111.0	35.52933060632206	('puta', 'soxr')	False												puta	soxr	0	4	0	1	68	0.4034895875045893	0.5048514251061251
99	121	109	(99, 121)	109.66666666666667	109.0	11.015141094572204	('rob', 'pgi')	False												rob	pgi	0	4	0	1	68	0.4034895875045893	0.5048514251061251
141	140	50	(50, 141)	110.33333333333333	140.0	52.252591642265294	('rob', 'puta')	False												rob	puta	0	4	0	1	68	0.4034895875045893	0.5048514251061251
160	106	79	(79, 160)	115.0	106.0	41.24318125460256	('soxr', 'soxs')	True	192.0	('soxr', 'soxs')	20.0	[(0, 0.23193650797903395, 0.0079249139540795346), (10, 0.31515851561780472, 0.01417837375469409), (20, 0.62992658344958641, 1.5209471649527966e-07), (30, 0.050152696261435759, 0.67788230515550862), (60, 0.017778758398705873, 0.92177286558190019), (90, -0.17779140881961758, 0.51005146641399013)]	['+']	soxr	soxs	soxr	0.0	soxs	0.0	soxr	soxs	0	4	0	1	68	0.4034895875045893	0.5048514251061251
158	52	135	(52, 158)	115.0	135.0	55.758407437802596	('soxr', 'pqia')	False												soxr	pqia	0	4	0	1	68	0.4034895875045893	0.5048514251061251
67	129	150	(67, 150)	115.33333333333333	129.0	43.15476026272575	('mara', 'putp')	False												mara	putp	0	4	0	1	68	0.4034895875045893	0.5048514251061251
152	118	84	(84, 152)	118.0	118.0	34.0	('mara', 'ompn')	False												mara	ompn	0	4	0	1	68	0.4034895875045893	0.5048514251061251
143	142	74	(74, 143)	119.66666666666667	142.0	39.55165398985652	('puta', 'fpr')	False												puta	fpr	0	4	0	1	68	0.4034895875045893	0.5048514251061251
144	88	131	(88, 144)	121.0	131.0	29.30870177950569	('soxr', 'ptsg')	False												soxr	ptsg	0	4	0	1	68	0.4034895875045893	0.5048514251061251
140	128	98	(98, 140)	122.0	128.0	21.633307652783937	('mara', 'pqib')	True	2081.0	('mara', 'pqib')		[(0, 0.11851641666224343, 0.17927767438409115), (10, -0.063934815221763516, 0.6274520889216344), (20, 0.016254788792319588, 0.90447522266618097), (30, 0.13980803776340492, 0.24488838878942862), (60, 0.083771418190066921, 0.6430125425394726), (90, 0.57799835186675419, 0.019021327828859447)]	['+']	mara	pqib	mara	0.0	pqib	0.0	mara	pqib	0	4	0	1	68	0.4034895875045893	0.5048514251061251
96	159	111	(96, 159)	122.0	111.0	32.90896534380867	('soxs', 'riba')	True	2735.0	('soxs', 'riba')		[(0, 0.1883843554648692, 0.031839167452903779), (10, 0.22994819703588201, 0.077149384151918243), (20, 0.23735609920238449, 0.07543673745211682), (30, -0.0004194587058619745, 0.99723000177703081), (60, -0.42199181592291335, 0.014438529921415153), (90, -0.039895549084344034, 0.8833731812507517)]	['+']	soxs	riba	soxs	0.0	riba	0.0	soxs	riba	0	4	0	1	68	0.4034895875045893	0.5048514251061251
74	139	154	(74, 154)	122.33333333333333	139.0	42.524502740576914	('rob', 'aslb')	True	2680.0	('rob', 'aslb')		[(0, -0.16708231170862115, 0.057431684666300158), (10, 0.2181853387387743, 0.093983624267984678), (20, 0.19793551903557513, 0.1399655488754443), (30, -0.17902608095023639, 0.13522212177865087), (60, -0.28160671475708354, 0.11236485708662354), (90, 0.021452833947702678, 0.93714491859505766)]	['+']	rob	aslb	rob	0.0	aslb	0.0	rob	aslb	0	4	0	1	68	0.4034895875045893	0.5048514251061251
137	87	143	(87, 143)	122.33333333333333	137.0	30.74627348693388	('soxs', 'nfsa')	True	2728.0	('soxs', 'nfsa')		[(0, -0.16030294732671455, 0.068472743249780449), (10, 0.18094944734333959, 0.16648238912958291), (20, 0.11314088439864162, 0.40204979525742301), (30, 0.043480086588932584, 0.71881945948521553), (60, -0.60835444440441733, 0.00017265827600854023), (90, -0.51444229023872845, 0.041467893243385026)]	['+']	soxs	nfsa	soxs	0.0	nfsa	0.0	soxs	nfsa	0	4	0	1	68	0.4034895875045893	0.5048514251061251
87	155	126	(87, 155)	122.66666666666667	126.0	34.122328955294556	('puta', 'nfsa')	False												puta	nfsa	0	4	0	1	68	0.4034895875045893	0.5048514251061251
134	153	83	(83, 153)	123.33333333333333	134.0	36.198526673517165	('puta', 'ompn')	False												puta	ompn	0	4	0	1	68	0.4034895875045893	0.5048514251061251
120	150	101	(101, 150)	123.66666666666667	120.0	24.70492528491704	('rob', 'fumc')	True	2681.0	('rob', 'fumc')		[(0, 0.2031281295244316, 0.020456506695405934), (10, 0.25577530510760432, 0.048553098954275946), (20, 0.16849808733327065, 0.21023116701290059), (30, 0.30005204105773375, 0.011013268061207599), (60, -0.15462718913858239, 0.39023014738917561), (90, -0.39705049715483987, 0.12781473195758783)]	['+']	rob	fumc	rob	0.0	fumc	0.0	rob	fumc	0	4	0	1	68	0.4034895875045893	0.5048514251061251
119	137	115	(115, 137)	123.66666666666667	119.0	11.71893055416463	('mara', 'flda')	False												mara	flda	0	4	0	1	68	0.4034895875045893	0.5048514251061251
138	148	86	(86, 148)	124.0	138.0	33.28663395418648	('rob', 'soxr')	False												rob	soxr	0	4	0	1	68	0.4034895875045893	0.5048514251061251
114	138	121	(114, 138)	124.33333333333333	121.0	12.342339054382412	('soxs', 'pgi')	True	2730.0	('soxs', 'pgi')		[(0, 0.016125253745536666, 0.85551029433205206), (10, 0.31361806152040772, 0.014684079073588903), (20, 0.40500395822103541, 0.0017776980323527018), (30, 0.12801966250279309, 0.28735090679760622), (60, -0.26834250518479602, 0.13106371447137055), (90, -0.19735437665051081, 0.46378104201051096)]	['+']	soxs	pgi	soxs	0.0	pgi	0.0	soxs	pgi	0	4	0	1	68	0.4034895875045893	0.5048514251061251
112	145	119	(112, 145)	125.33333333333333	119.0	17.387735140993303	('rob', 'ptsg')	False												rob	ptsg	0	4	0	1	68	0.4034895875045893	0.5048514251061251
108	152	118	(108, 152)	126.0	118.0	23.065125189341593	('mara', 'pgi')	False												mara	pgi	0	4	0	1	68	0.4034895875045893	0.5048514251061251
164	113	102	(102, 164)	126.33333333333333	113.0	33.08070938376826	('soxs', 'ygic')	True	2743.0	('soxs', 'ygic')		[(0, -0.1775080199124022, 0.043338782883237205), (10, -0.15014900321520555, 0.25217229152974308), (20, -0.15102484434139443, 0.26211837675272692), (30, -0.17481343541886971, 0.14480956934418623), (60, -0.26377964172489959, 0.13799845836948724), (90, -0.25124346220910243, 0.34792060713788198)]	['+']	soxs	ygic	soxs	0.0	ygic	0.0	soxs	ygic	0	4	0	1	68	0.4034895875045893	0.5048514251061251
146	141	99	(99, 146)	128.66666666666666	141.0	25.81343319539912	('rob', 'ybjc')	True	2690.0	('rob', 'ybjc')		[(0, 0.27082039649784562, 0.0018303734746186512), (10, 0.2145740067319091, 0.099690103449485923), (20, 0.20395622916769535, 0.12806746717690209), (30, 0.29367296902850382, 0.012930301698408347), (60, -0.16636568167968266, 0.35480004703174517), (90, -0.46167130409885682, 0.071833406545504033)]	['+']	rob	ybjc	rob	0.0	ybjc	0.0	rob	ybjc	0	4	0	1	68	0.4034895875045893	0.5048514251061251
132	109	146	(109, 146)	129.0	132.0	18.681541692269406	('rob', 'ydbk')	False												rob	ydbk	0	4	0	1	68	0.4034895875045893	0.5048514251061251
117	156	117	(117, 156)	130.0	117.0	22.516660498395403	('rob', 'zwf')	True	2694.0	('rob', 'zwf')	0.0	[(0, 0.4572823168823027, 4.5185054499940188e-08), (10, 0.29134221775369762, 0.023914909101933515), (20, 0.28549734117540393, 0.03133996561766253), (30, 0.17730627961709461, 0.13907652725598724), (60, 0.20129284684904125, 0.26131084219894513), (90, 0.0045500048341145134, 0.98665713008869471)]	['+']	rob	zwf	rob	0.0	zwf	0.0	rob	zwf	0	4	0	1	68	0.4034895875045893	0.5048514251061251
161	93	137	(93, 161)	130.33333333333334	137.0	34.486712417006835	('rob', 'ygic')	True	2693.0	('rob', 'ygic')		[(0, -0.049460228156572666, 0.57627843558488845), (10, -0.2364783754942526, 0.068893546657754309), (20, -0.21460621104253869, 0.10891581140169197), (30, -0.11017197880460793, 0.36038263455949993), (60, -0.17006804068535628, 0.34403953256047171), (90, -0.41473694526174809, 0.11020004778317445)]	['+']	rob	ygic	rob	0.0	ygic	0.0	rob	ygic	0	4	0	1	68	0.4034895875045893	0.5048514251061251
163	160	69	(69, 163)	130.66666666666666	160.0	53.425961229849044	('soxs', 'inaa')	True	2724.0	('soxs', 'inaa')		[(0, 0.12479438765248044, 0.15716551448231797), (10, 0.2298988939823719, 0.077214575642023262), (20, 0.25446106731961177, 0.056113932976573896), (30, -0.0026146830199332504, 0.98273458491321264), (60, -0.23188877838257213, 0.19410869865677557), (90, -0.17926362580618158, 0.50649659939884084)]	['+']	soxs	inaa	soxs	0.0	inaa	0.0	soxs	inaa	0	4	0	1	68	0.4034895875045893	0.5048514251061251
135	154	104	(104, 154)	131.0	135.0	25.238858928247925	('mara', 'soda')	True	2085.0	('mara', 'soda')		[(0, 0.015331688928367074, 0.86254925298290397), (10, -0.15318791794545772, 0.24258910936752295), (20, -0.031887052292197418, 0.81384531176495634), (30, 0.24238282259831156, 0.041692172200947328), (60, 0.28040178384676662, 0.11397586375199276), (90, 0.22833361028523116, 0.39500995630683106)]	['+']	mara	soda	mara	0.0	soda	0.0	mara	soda	0	4	0	1	68	0.4034895875045893	0.5048514251061251
131	135	132	(131, 135)	132.66666666666666	132.0	2.081665999466133	('puta', 'ydbk')	False												puta	ydbk	0	4	0	1	68	0.4034895875045893	0.5048514251061251
157	120	128	(120, 157)	135.0	128.0	19.467922333931785	('rob', 'rimk')	True	2687.0	('rob', 'rimk')		[(0, 0.10312451856612664, 0.2429842490533399), (10, 0.11536289214552738, 0.38008754918738208), (20, 0.12655664182047174, 0.34819682858506884), (30, 0.40654943504335522, 0.00043464874086677466), (60, -0.3422265088561755, 0.051240839593592269), (90, -0.43177553905266502, 0.094911159489980898)]	['+']	rob	rimk	rob	0.0	rimk	0.0	rob	rimk	0	4	0	1	68	0.4034895875045893	0.5048514251061251
149	117	141	(117, 149)	135.66666666666666	141.0	16.653327995729065	('puta', 'flda')	False												puta	flda	0	4	0	1	68	0.4034895875045893	0.5048514251061251
101	151	155	(101, 155)	135.66666666666666	151.0	30.088757590391353	('puta', 'inaa')	False												puta	inaa	0	4	0	1	68	0.4034895875045893	0.5048514251061251
142	133	156	(133, 156)	143.66666666666666	142.0	11.590225767142472	('puta', 'zwf')	False												puta	zwf	0	4	0	1	68	0.4034895875045893	0.5048514251061251
147	158	140	(140, 158)	148.33333333333334	147.0	9.073771725877467	('rob', 'flda')	False												rob	flda	0	4	0	1	68	0.4034895875045893	0.5048514251061251
150	164	149	(149, 164)	154.33333333333334	150.0	8.386497083606084	('soxs', 'zwf')	True	2744.0	('soxs', 'zwf')		[(0, 0.053161531994998429, 0.54803610951432025), (10, 0.24674894375870496, 0.057353738119190686), (20, 0.21906335867811083, 0.10158777810965243), (30, 0.16754162247137405, 0.1625440988812076), (60, -0.33523708721981349, 0.056503016230871332), (90, -0.2465623927681585, 0.35727352788129152)]	['+']	soxs	zwf	soxs	0.0	zwf	0.0	soxs	zwf	0	4	0	1	68	0.4034895875045893	0.5048514251061251
155	157	151	(151, 157)	154.33333333333334	155.0	3.055050463303893	('soxs', 'soxr')	False												soxs	soxr	0	4	0	1	68	0.4034895875045893	0.5048514251061251
145	163	157	(145, 163)	155.0	157.0	9.16515138991168	('rob', 'pqia')	False												rob	pqia	0	4	0	1	68	0.4034895875045893	0.5048514251061251
156	162	147	(147, 162)	155.0	156.0	7.54983443527075	('soxs', 'pqib')	True	2733.0	('soxs', 'pqib')		[(0, -0.038346668554533003, 0.66490149727790726), (10, 0.26252114194257026, 0.042724154991713302), (20, 0.25678803263079492, 0.053827147802780119), (30, 0.034464527689431583, 0.77538873929432228), (60, -0.41196046860080204, 0.017211761537046216), (90, -0.17654481664068628, 0.51307056403313078)]	['+']	soxs	pqib	soxs	0.0	pqib	0.0	soxs	pqib	0	4	0	1	68	0.4034895875045893	0.5048514251061251
4	0	19	(0, 19)	7.666666666666667	4.0	10.016652800877813	('yqji', 'garp')	False												yqji	garp	2	4	0	1	77	0.4150251098765263	0.5974940552405341
6	6	12	(6, 12)	8.0	6.0	3.4641016151377544	('yqji', 'gspo')	False												yqji	gspo	2	4	0	1	77	0.4150251098765263	0.5974940552405341
13	4	24	(4, 24)	13.666666666666666	13.0	10.016652800877813	('yqji', 'gspm')	False												yqji	gspm	2	4	0	1	77	0.4150251098765263	0.5974940552405341
2	3	38	(2, 38)	14.333333333333334	3.0	20.50203241957571	('cdar', 'gudp')	True	939.0	('cdar', 'gudp')	0.0	[(0, 0.48429367963035397, 5.2857246291292042e-09), (10, 0.21184605282087909, 0.10417638198767894), (20, 0.28230967644541066, 0.03336536680491467), (30, 0.39660727799764162, 0.00061676095937293596), (60, 0.15035000477362717, 0.40363047188807211), (90, 0.035599270935692991, 0.89586507526229409)]	['+']	cdar	gudp	cdar	2.0	gudp	2.0	cdar	gudp	2	4	0	1	77	0.4150251098765263	0.5974940552405341
14	16	21	(14, 21)	17.0	16.0	3.605551275463989	('fur', 'fepe')	True	1671.0	('fur', 'fepe')		[(0, 0.20646158549704849, 0.01843617537508151), (10, 0.21089429433370846, 0.10577782874067174), (20, 0.19765701287364826, 0.14053528616214639), (30, 0.2517359809628163, 0.034196394121958247), (60, -0.14688727693057807, 0.41466833361444944), (90, -0.06063569276617025, 0.82347912545881397)]	['-']	fur	fepe	fur	2.0	fepe	2.0	fur	fepe	2	4	0	1	77	0.4150251098765263	0.5974940552405341
29	11	11	(11, 29)	17.0	11.0	10.392304845413264	('yqji', 'gpma')	False												yqji	gpma	2	4	0	1	77	0.4150251098765263	0.5974940552405341
7	21	27	(7, 27)	18.333333333333332	21.0	10.263202878893768	('fur', 'gspc')	True	1695.0	('fur', 'gspc')		[(0, 0.34829868180334012, 4.891232315261582e-05), (10, 0.29159951530054562, 0.023785309621508773), (20, 0.32905975257342945, 0.012442502563665187), (30, 0.43871799192616334, 0.00012969721170109604), (60, 0.064127325610419963, 0.72293090248322356), (90, 0.28471177318286933, 0.28516601244822681)]	['-']	fur	gspc	fur	2.0	gspc	2.0	fur	gspc	2	4	0	1	77	0.4150251098765263	0.5974940552405341
17	7	36	(7, 36)	20.0	17.0	14.730919862656235	('fur', 'crl')	True	1644.0	('fur', 'crl')	0.0	[(0, 0.4292859990467367, 3.4628607138687097e-07), (10, 0.51661554070403382, 2.3823738417987918e-05), (20, 0.36385398761323717, 0.0053985223452042508), (30, 0.47998980999139601, 2.2779442653572441e-05), (60, 0.33922097122290584, 0.053453693027582037), (90, 0.4438623756609828, 0.085023255201108011)]	['-']	fur	crl	fur	2.0	crl	2.0	fur	crl	2	4	0	1	77	0.4150251098765263	0.5974940552405341
35	10	20	(10, 35)	21.666666666666668	20.0	12.583057392117917	('yqji', 'exbd')	False												yqji	exbd	2	4	0	1	77	0.4150251098765263	0.5974940552405341
0	15	50	(0, 50)	21.666666666666668	15.0	25.658007197234422	('cdar', 'garp')	True	936.0	('cdar', 'garp')	0.0	[(0, 0.50514122221117352, 8.8421034703763978e-10), (10, 0.18108938940845037, 0.16614927850115466), (20, 0.24049759177914479, 0.071538985384667894), (30, 0.41561509450614037, 0.00031289361055446139), (60, 0.073939627084914708, 0.68258832122020907), (90, 0.097734937082586418, 0.71877873748565402)]	['+']	cdar	garp	cdar	2.0	garp	2.0	cdar	garp	2	4	0	1	77	0.4150251098765263	0.5974940552405341
31	34	6	(6, 34)	23.666666666666668	31.0	15.37313674346694	('yqji', 'glnd')	False												yqji	glnd	2	4	0	1	77	0.4150251098765263	0.5974940552405341
20	26	25	(20, 26)	23.666666666666668	25.0	3.2145502536643185	('yqji', 'gspl')	False												yqji	gspl	2	4	0	1	77	0.4150251098765263	0.5974940552405341
38	14	22	(14, 38)	24.666666666666668	22.0	12.220201853215572	('yqji', 'ygac')	False												yqji	ygac	2	4	0	1	77	0.4150251098765263	0.5974940552405341
5	23	51	(5, 51)	26.333333333333332	23.0	23.180451534284945	('cdar', 'garl')	True	935.0	('cdar', 'garl')	0.0	[(0, 0.38324464214232878, 6.7786817463817955e-06), (10, -0.097206168501201187, 0.45998656631137069), (20, -0.01335148882391084, 0.92147757959060839), (30, 0.33681646143707361, 0.0040772686676237612), (60, 0.091921988463502968, 0.6109133138981917), (90, 0.25450802927166005, 0.34148061688467418)]	['+']	cdar	garl	cdar	2.0	garl	2.0	cdar	garl	2	4	0	1	77	0.4150251098765263	0.5974940552405341
34	44	5	(5, 44)	27.666666666666668	34.0	20.256686138984662	('yqji', 'yqjh')	True	2861.0	('yqji', 'yqjh')	20.0	[(0, 0.41549122125957577, 8.8479606266088591e-07), (10, 0.62015908438554135, 1.2605384208369594e-07), (20, 0.71569974482715537, 3.9271613907545933e-10), (30, 0.55516749555985423, 5.0443084682272985e-07), (60, -0.22852809846986102, 0.20083306367793133), (90, -0.11877018795914451, 0.66131404768062996)]	['-']	yqji	yqjh	yqji	2.0	yqjh	2.0	yqji	yqjh	2	4	0	1	77	0.4150251098765263	0.5974940552405341
19	32	37	(19, 37)	29.333333333333332	32.0	9.291573243177568	('cdar', 'gark')	True	934.0	('cdar', 'gark')		[(0, 0.35231838598264431, 3.941922410125632e-05), (10, 0.030615810202374121, 0.81637120471238422), (20, 0.27854365258787306, 0.035897397428940665), (30, 0.11078688156920864, 0.3576915602053693), (60, 0.071665296865150704, 0.69186739824146648), (90, 0.22341028230066415, 0.40555525912884438)]	['+']	cdar	gark	cdar	2.0	gark	2.0	cdar	gark	2	4	0	1	77	0.4150251098765263	0.5974940552405341
24	52	23	(23, 52)	33.0	24.0	16.46207763315433	('yqji', 'gark')	False												yqji	gark	2	4	0	1	77	0.4150251098765263	0.5974940552405341
22	78	3	(3, 78)	34.333333333333336	22.0	38.99145205469185	('cdar', 'fepg')	False												cdar	fepg	2	4	0	1	77	0.4150251098765263	0.5974940552405341
16	63	28	(16, 63)	35.666666666666664	28.0	24.419937209856485	('fur', 'gspe')	True	1697.0	('fur', 'gspe')		[(0, 0.21716999972176385, 0.013068404928837023), (10, 0.23562415981095622, 0.069931483708324083), (20, 0.33585742142339847, 0.010644585939255352), (30, 0.3217037963282055, 0.0062239584972379122), (60, -0.011778831855413986, 0.94812833375511174), (90, 0.30301628949875692, 0.25394326572004361)]	['-']	fur	gspe	fur	2.0	gspe	2.0	fur	gspe	2	4	0	1	77	0.4150251098765263	0.5974940552405341
9	67	32	(9, 67)	36.0	32.0	29.206163733020468	('fur', 'rnpb')	True	1725.0	('fur', 'rnpb')		[(0, 0.12550132577376885, 0.15480955636689381), (10, 0.13663709526384429, 0.29786890609314864), (20, 0.094179278599089311, 0.48590518849116537), (30, 0.19987350799710782, 0.094686211554203911), (60, -0.12609698517740903, 0.48440186875090219), (90, -0.28951601291669504, 0.27675782729969323)]	['-']	fur	rnpb	fur	2.0	rnpb	2.0	fur	rnpb	2	4	0	1	77	0.4150251098765263	0.5974940552405341
57	20	33	(20, 57)	36.666666666666664	33.0	18.77054430040145	('cdar', 'ygac')	False												cdar	ygac	2	4	0	1	77	0.4150251098765263	0.5974940552405341
10	53	53	(10, 53)	38.666666666666664	53.0	24.826061575153908	('fur', 'yjjz')	True	1747.0	('fur', 'yjjz')		[(0, 0.092033181210201487, 0.29768202352018286), (10, 0.29056003497416283, 0.024312558537494297), (20, 0.065618080262873801, 0.62770944476169688), (30, 0.024121574559039363, 0.8417360991696089), (60, 0.083378365743431423, 0.64457723976012093), (90, 0.30688353225246917, 0.24762909132165772)]	['-']	fur	yjjz	fur	2.0	yjjz	2.0	fur	yjjz	2	4	0	1	77	0.4150251098765263	0.5974940552405341
27	47	49	(27, 49)	41.0	47.0	12.165525060596439	('fur', 'lpd')	True	1710.0	('fur', 'lpd')	0.0	[(0, 0.37700783197802279, 9.8105781007175931e-06), (10, 0.44679950325880052, 0.00034538014842329926), (20, 0.39797482575989807, 0.0021708679769515513), (30, 0.32418153000981076, 0.0058151902965132007), (60, 0.15959976027987299, 0.37497911184489996), (90, -0.16611941079972467, 0.53863844515137216)]	['+-']	fur	lpd	fur	2.0	lpd	2.0	fur	lpd	2	4	0	1	77	0.4150251098765263	0.5974940552405341
71	17	41	(17, 71)	43.0	41.0	27.055498516937366	('cdar', 'yhhy')	False												cdar	yhhy	2	4	0	1	77	0.4150251098765263	0.5974940552405341
37	94	4	(4, 94)	45.0	37.0	45.53020975132884	('yqji', 'fepb')	False												yqji	fepb	2	4	0	1	77	0.4150251098765263	0.5974940552405341
47	9	83	(9, 83)	46.333333333333336	47.0	37.00450423034111	('cdar', 'sdhb')	False												cdar	sdhb	2	4	0	1	77	0.4150251098765263	0.5974940552405341
64	41	35	(35, 64)	46.666666666666664	41.0	15.307950004273378	('yqji', 'feca')	False												yqji	feca	2	4	0	1	77	0.4150251098765263	0.5974940552405341
58	39	46	(39, 58)	47.666666666666664	46.0	9.60902353693305	('yqji', 'fepe')	False												yqji	fepe	2	4	0	1	77	0.4150251098765263	0.5974940552405341
15	28	103	(15, 103)	48.666666666666664	28.0	47.50087718488295	('cdar', 'garr')	True	937.0	('cdar', 'garr')		[(0, 0.28646846393835268, 0.00095237735378949837), (10, -0.12536867144593616, 0.33985787443870985), (20, 0.0019268974987913011, 0.98865010566163025), (30, 0.228181374021208, 0.055633626871804259), (60, 0.19894472435453639, 0.26703170288357098), (90, 0.43044579153626716, 0.096046774775230798)]	['+']	cdar	garr	cdar	2.0	garr	2.0	cdar	garr	2	4	0	1	77	0.4150251098765263	0.5974940552405341
63	27	67	(27, 67)	52.333333333333336	63.0	22.03028218914441	('cdar', 'lpd')	False												cdar	lpd	2	4	0	1	77	0.4150251098765263	0.5974940552405341
18	25	115	(18, 115)	52.666666666666664	25.0	54.09559439855831	('fur', 'gspl')	True	1704.0	('fur', 'gspl')		[(0, -0.33807142276391988, 8.3595423938161921e-05), (10, -0.36585850848202511, 0.0040440656772423415), (20, -0.40417566783536957, 0.001820457291974597), (30, -0.40390715156582441, 0.00047751795109796536), (60, 0.25688701170082628, 0.1489781766501134), (90, 0.16735565228265878, 0.53557726858183075)]	['-']	fur	gspl	fur	2.0	gspl	2.0	fur	gspl	2	4	0	1	77	0.4150251098765263	0.5974940552405341
1	8	155	(1, 155)	54.666666666666664	8.0	86.96167738339305	('cdar', 'gard')	True	933.0	('cdar', 'gard')	0.0	[(0, 0.45571908204056055, 5.0874291505206706e-08), (10, 0.18092396510143768, 0.16654309828795813), (20, 0.26545859855024934, 0.045963239926927212), (30, 0.43259835445154621, 0.00016478764875385666), (60, 0.22529955167935281, 0.20744361122094998), (90, 0.3650479314764184, 0.1644427476624038)]	['+']	cdar	gard	cdar	2.0	gard	2.0	cdar	gard	2	4	0	1	77	0.4150251098765263	0.5974940552405341
8	1	156	(1, 156)	55.0	8.0	87.53856293085921	('yqji', 'yhhy')	False												yqji	yhhy	2	4	0	1	77	0.4150251098765263	0.5974940552405341
3	2	167	(2, 167)	57.333333333333336	3.0	94.97543542060407	('yqji', 'gard')	False												yqji	gard	2	4	0	1	77	0.4150251098765263	0.5974940552405341
88	69	17	(17, 88)	58.0	69.0	36.75595189897821	('fur', 'glnd')	True	1688.0	('fur', 'glnd')		[(0, 0.079613375302045847, 0.36790989240101257), (10, 0.21010047408720803, 0.10712801401718969), (20, 0.082702696909441945, 0.54079734763449483), (30, -0.041435845558948012, 0.73152719456116599), (60, 0.13575361903840819, 0.45128582486824187), (90, 0.094528953495533918, 0.72767119628130805)]	['-']	fur	glnd	fur	2.0	glnd	2.0	fur	glnd	2	4	0	1	77	0.4150251098765263	0.5974940552405341
60	59	57	(57, 60)	58.666666666666664	59.0	1.5275252316519465	('fur', 'fes')	True	1673.0	('fur', 'fes')		[(0, -0.0080502987344448843, 0.92757006827622335), (10, 0.26760341803687088, 0.038724011179479496), (20, 0.073889975131720714, 0.58489712450078857), (30, 0.034267112600543471, 0.77664181966728019), (60, 0.10429744705111935, 0.56352049923512393), (90, 0.52489500010316748, 0.036830103609511319)]	['-']	fur	fes	fur	2.0	fes	2.0	fur	fes	2	4	0	1	77	0.4150251098765263	0.5974940552405341
28	38	114	(28, 114)	60.0	38.0	47.031904065219386	('yqji', 'garl')	False												yqji	garl	2	4	0	1	77	0.4150251098765263	0.5974940552405341
23	75	84	(23, 84)	60.666666666666664	75.0	32.929217016706204	('fur', 'fecb')	True	1659.0	('fur', 'fecb')		[(0, -0.26970060799309092, 0.0019152291088187531), (10, -0.26142068872155905, 0.043633642512931836), (20, -0.18234240582431938, 0.17460074537638848), (30, -0.26795735535589177, 0.023867250993322237), (60, 0.31632724609610879, 0.072898324470795903), (90, 0.23391205241323346, 0.38324161379454874)]	['-']	fur	fecb	fur	2.0	fecb	2.0	fur	fecb	2	4	0	1	77	0.4150251098765263	0.5974940552405341
95	46	45	(45, 95)	62.0	46.0	28.583211855912904	('yqji', 'tonb')	False												yqji	tonb	2	4	0	1	77	0.4150251098765263	0.5974940552405341
41	66	80	(41, 80)	62.333333333333336	66.0	19.75685535031659	('fur', 'kate')	True	1708.0	('fur', 'kate')		[(0, -0.11828447055316073, 0.18013631555646931), (10, -0.080232075937156894, 0.54226908605362745), (20, -0.10103787839742845, 0.45455900639457125), (30, 0.0138482417935866, 0.90874503947443819), (60, -0.32752170682578097, 0.062798676257489305), (90, -0.030398448796455414, 0.91101751381262142)]	['+']	fur	kate	fur	2.0	kate	2.0	fur	kate	2	4	0	1	77	0.4150251098765263	0.5974940552405341
100	82	8	(8, 100)	63.333333333333336	82.0	48.75790534193746	('yqji', 'ndh')	False												yqji	ndh	2	4	0	1	77	0.4150251098765263	0.5974940552405341
55	83	56	(55, 83)	64.66666666666667	56.0	15.885003409925142	('fur', 'sdhc')	True	1730.0	('fur', 'sdhc')	0.0	[(0, 0.45628677461701267, 4.8733154970771325e-08), (10, 0.38417312424160188, 0.002442225195546413), (20, 0.34106780845454993, 0.0094229581085054238), (30, 0.26559422932589993, 0.025183025506133765), (60, -0.12324168304685572, 0.4944278104554336), (90, -0.090156947258049111, 0.73985034949997741)]	['+']	fur	sdhc	fur	2.0	sdhc	2.0	fur	sdhc	2	4	0	1	77	0.4150251098765263	0.5974940552405341
81	50	66	(50, 81)	65.66666666666667	66.0	15.50268793897798	('yqji', 'fhub')	False												yqji	fhub	2	4	0	1	77	0.4150251098765263	0.5974940552405341
39	98	64	(39, 98)	67.0	64.0	29.614185789921695	('yqji', 'exbb')	False												yqji	exbb	2	4	0	1	77	0.4150251098765263	0.5974940552405341
97	12	94	(12, 97)	67.66666666666667	94.0	48.232077845903895	('yqji', 'aspc')	False												yqji	aspc	2	4	0	1	77	0.4150251098765263	0.5974940552405341
42	65	98	(42, 98)	68.33333333333333	65.0	28.148416178061126	('fur', 'yqji')	False												fur	yqji	2	4	0	1	77	0.4150251098765263	0.5974940552405341
54	56	96	(54, 96)	68.66666666666667	56.0	23.692474191889147	('cdar', 'kate')	False												cdar	kate	2	4	0	1	77	0.4150251098765263	0.5974940552405341
11	24	173	(11, 173)	69.33333333333333	24.0	90.01296202955069	('cdar', 'gudx')	True	940.0	('cdar', 'gudx')		[(0, 0.27074366690283092, 0.0018360770967634822), (10, -0.18146430116869267, 0.16525926462174984), (20, -0.1089229495686959, 0.41993433169176775), (30, 0.2269197131742349, 0.057037105109946966), (60, 0.08422862386292361, 0.6411943511405076), (90, -0.1232915211077667, 0.64917833665527891)]	['+']	cdar	gudx	cdar	2.0	gudx	2.0	cdar	gudx	2	4	0	1	77	0.4150251098765263	0.5974940552405341
122	5	85	(5, 122)	70.66666666666667	85.0	59.80245256955047	('fur', 'aspc')	True	1642.0	('fur', 'aspc')		[(0, -0.15414569620356117, 0.079939351542279116), (10, 0.064844193828635308, 0.6225542444424591), (20, -0.097173587955365209, 0.47208216602861819), (30, -0.077963009701545849, 0.51811599074597281), (60, 0.17065538980338585, 0.34235086424544281), (90, -0.095906733125852031, 0.72384557490910728)]	['-']	fur	aspc	fur	2.0	aspc	2.0	fur	aspc	2	4	0	1	77	0.4150251098765263	0.5974940552405341
126	61	30	(30, 126)	72.33333333333333	61.0	48.993196806631566	('yqji', 'fhue')	False												yqji	fhue	2	4	0	1	77	0.4150251098765263	0.5974940552405341
21	90	107	(21, 107)	72.66666666666667	90.0	45.54484969053399	('fur', 'gspm')	True	1705.0	('fur', 'gspm')	0.0	[(0, -0.45518451345933481, 5.297264139733384e-08), (10, -0.45367525479586879, 0.0002720863380878529), (20, -0.45374806488817404, 0.00039269808154809448), (30, -0.43224955813395122, 0.00016702930610399178), (60, 0.13643293452477961, 0.44900305165980103), (90, 0.37605742524469099, 0.15113294827905385)]	['-']	fur	gspm	fur	2.0	gspm	2.0	fur	gspm	2	4	0	1	77	0.4150251098765263	0.5974940552405341
12	18	190	(12, 190)	73.33333333333333	18.0	101.08082574520913	('yqji', 'gudp')	False												yqji	gudp	2	4	0	1	77	0.4150251098765263	0.5974940552405341
133	74	14	(14, 133)	73.66666666666667	74.0	59.50070027599115	('fur', 'cdar')	False												fur	cdar	2	4	0	1	77	0.4150251098765263	0.5974940552405341
78	96	48	(48, 96)	74.0	78.0	24.24871130596428	('fur', 'gspk')	True	1703.0	('fur', 'gspk')		[(0, 0.19110281245653976, 0.029407740044040624), (10, 0.26598489071231984, 0.039962825854716971), (20, 0.32603625667422809, 0.01332266434898613), (30, 0.28535181842535229, 0.015860017108641516), (60, 0.076041328979189263, 0.67405387822859542), (90, 0.2413770430868325, 0.36779617829730105)]	['-']	fur	gspk	fur	2.0	gspk	2.0	fur	gspk	2	4	0	1	77	0.4150251098765263	0.5974940552405341
51	68	106	(51, 106)	75.0	68.0	28.160255680657446	('yqji', 'rnpb')	False												yqji	rnpb	2	4	0	1	77	0.4150251098765263	0.5974940552405341
70	30	130	(30, 130)	76.66666666666667	70.0	50.33222956847166	('yqji', 'gudd')	False												yqji	gudd	2	4	0	1	77	0.4150251098765263	0.5974940552405341
196	37	1	(1, 196)	78.0	37.0	103.76415566080611	('yqji', 'sdha')	False												yqji	sdha	2	4	0	1	77	0.4150251098765263	0.5974940552405341
84	89	62	(62, 89)	78.33333333333333	84.0	14.364307617610162	('fur', 'exbb')	True	1656.0	('fur', 'exbb')		[(0, -0.083758176502268952, 0.34341829920207634), (10, -0.061215996535779513, 0.64219038914823101), (20, -0.26544202181194915, 0.045977323175756528), (30, -0.27440794332451107, 0.020568800545867738), (60, 0.38754898317091685, 0.025856849669989787), (90, 0.26629406291705165, 0.31880054167337996)]	['-']	fur	exbb	fur	2.0	exbb	2.0	fur	exbb	2	4	0	1	77	0.4150251098765263	0.5974940552405341
36	43	157	(36, 157)	78.66666666666667	43.0	67.92888438163351	('yqji', 'fur')	False												yqji	fur	2	4	0	1	77	0.4150251098765263	0.5974940552405341
105	100	31	(31, 105)	78.66666666666667	100.0	41.356176483487125	('fur', 'ybdz')	True	1744.0	('fur', 'ybdz')		[(0, 0.029296867846315418, 0.74073471477324948), (10, 0.18756513958181054, 0.15126366703013139), (20, 0.098149228770977717, 0.4676241459850029), (30, 0.33533832117969559, 0.0042533942545863526), (60, 0.10732234764925139, 0.5521984072286038), (90, 0.50048492131752242, 0.048327678236960277)]	['-']	fur	ybdz	fur	2.0	ybdz	2.0	fur	ybdz	2	4	0	1	77	0.4150251098765263	0.5974940552405341
72	29	136	(29, 136)	79.0	72.0	53.842362503887216	('fur', 'exbd')	True	1657.0	('fur', 'exbd')		[(0, -0.082351472616665436, 0.35161254484381965), (10, -0.028396618417493705, 0.82947450652329968), (20, -0.21751671917214452, 0.10408607058540256), (30, -0.22242737169748558, 0.062270007613230587), (60, 0.37330511592459464, 0.032369034607998774), (90, 0.20864088765919975, 0.43806850441474432)]	['-']	fur	exbd	fur	2.0	exbd	2.0	fur	exbd	2	4	0	1	77	0.4150251098765263	0.5974940552405341
30	109	109	(30, 109)	82.66666666666667	109.0	45.610671265980436	('fur', 'gpma')	True	1694.0	('fur', 'gpma')		[(0, -0.25376704855316312, 0.0035764161231884757), (10, -0.21798379381978614, 0.094295223548829785), (20, -0.41586710163881391, 0.0012942920042269079), (30, -0.41959116911198885, 0.00027009202044936756), (60, 0.12569507215974229, 0.48580675507136284), (90, 0.42974332329702991, 0.096650567096642215)]	['-']	fur	gpma	fur	2.0	gpma	2.0	fur	gpma	2	4	0	1	77	0.4150251098765263	0.5974940552405341
120	72	59	(59, 120)	83.66666666666667	72.0	32.129944496269104	('fur', 'fecr')	True	1664.0	('fur', 'fecr')		[(0, -0.0010139170498119634, 0.99086539286184672), (10, 0.15068500751995972, 0.25046360872789664), (20, -0.0037238850780463915, 0.9780673795749304), (30, -0.070525309833752922, 0.55892617995565175), (60, 0.25654346307599796, 0.14954154574548054), (90, 0.34938684376660067, 0.18469096288020184)]	['-']	fur	fecr	fur	2.0	fecr	2.0	fur	fecr	2	4	0	1	77	0.4150251098765263	0.5974940552405341
118	136	0	(0, 136)	84.66666666666667	118.0	73.87376620515116	('cdar', 'sdhd')	False												cdar	sdhd	2	4	0	1	77	0.4150251098765263	0.5974940552405341
176	60	18	(18, 176)	84.66666666666667	60.0	81.83723683833254	('yqji', 'gspc')	False												yqji	gspc	2	4	0	1	77	0.4150251098765263	0.5974940552405341
121	92	44	(44, 121)	85.66666666666667	92.0	38.88873015840622	('yqji', 'yjjz')	False												yqji	yjjz	2	4	0	1	77	0.4150251098765263	0.5974940552405341
65	151	43	(43, 151)	86.33333333333333	65.0	57.07305260219864	('cdar', 'succ')	False												cdar	succ	2	4	0	1	77	0.4150251098765263	0.5974940552405341
25	172	63	(25, 172)	86.66666666666667	63.0	76.3042156983042	('fur', 'feca')	True	1658.0	('fur', 'feca')		[(0, -0.24890477608560485, 0.0042951975196760684), (10, -0.15666096530522697, 0.23194591040355494), (20, -0.12162538817965307, 0.36744999333428263), (30, -0.22626587774592086, 0.057775688983594239), (60, 0.31998194455191975, 0.069471084922339693), (90, 0.20782505158539011, 0.43990228247674645)]	['-']	fur	feca	fur	2.0	feca	2.0	fur	feca	2	4	0	1	77	0.4150251098765263	0.5974940552405341
26	45	189	(26, 189)	86.66666666666667	45.0	89.1309897473002	('cdar', 'rnpb')	True	941.0	('cdar', 'rnpb')	60.0	[(0, 0.25734643931054352, 0.0031184578003745204), (10, 0.15996220862561508, 0.22213265492613438), (20, 0.29586108846721643, 0.025450204469081181), (30, 0.24143163681512333, 0.042525365208950748), (60, 0.68434680024677774, 1.1246954705823356e-05), (90, 0.15069795437430131, 0.57746418430626489)]	['+']	cdar	rnpb	cdar	2.0	rnpb	2.0	cdar	rnpb	2	4	0	1	77	0.4150251098765263	0.5974940552405341
102	149	10	(10, 149)	87.0	102.0	70.70360669725413	('cdar', 'aspc')	False												cdar	aspc	2	4	0	1	77	0.4150251098765263	0.5974940552405341
101	79	81	(79, 101)	87.0	81.0	12.165525060596439	('yqji', 'entb')	False												yqji	entb	2	4	0	1	77	0.4150251098765263	0.5974940552405341
185	42	34	(34, 185)	87.0	42.0	84.96469855181033	('fur', 'gudp')	False												fur	gudp	2	4	0	1	77	0.4150251098765263	0.5974940552405341
52	84	126	(52, 126)	87.33333333333333	84.0	37.112441759244746	('cdar', 'gspd')	False												cdar	gspd	2	4	0	1	77	0.4150251098765263	0.5974940552405341
50	102	111	(50, 111)	87.66666666666667	102.0	32.929217016706204	('cdar', 'sucd')	False												cdar	sucd	2	4	0	1	77	0.4150251098765263	0.5974940552405341
103	113	47	(47, 113)	87.66666666666667	103.0	35.5715241918776	('cdar', 'gspk')	False												cdar	gspk	2	4	0	1	77	0.4150251098765263	0.5974940552405341
76	148	39	(39, 148)	87.66666666666667	76.0	55.428632793289545	('fur', 'fepa')	True	1667.0	('fur', 'fepa')		[(0, -0.05685028025384626, 0.52057946278410139), (10, 0.19639068964419573, 0.13260108826074932), (20, 0.17044125074156144, 0.20494322286723177), (30, 0.040818523897671426, 0.73537907492754329), (60, 0.15651503587395427, 0.3843983592449951), (90, 0.59771497889252645, 0.01447357154995371)]	['-']	fur	fepa	fur	2.0	fepa	2.0	fur	fepa	2	4	0	1	77	0.4150251098765263	0.5974940552405341
32	125	108	(32, 125)	88.33333333333333	108.0	49.52103929981007	('yqji', 'garr')	False												yqji	garr	2	4	0	1	77	0.4150251098765263	0.5974940552405341
46	57	162	(46, 162)	88.33333333333333	57.0	64.03384521745772	('yqji', 'kate')	False												yqji	kate	2	4	0	1	77	0.4150251098765263	0.5974940552405341
45	209	13	(13, 209)	89.0	45.0	105.14751542475932	('cdar', 'gudd')	True	938.0	('cdar', 'gudd')		[(0, 0.21526155953254275, 0.013910711253841773), (10, 0.056623502216589794, 0.66739762482555964), (20, 0.24308108604380005, 0.06845528806262921), (30, 0.018306599704503896, 0.87955859213151977), (60, 0.15498108959136872, 0.3891330307813412), (90, -0.20752621781582389, 0.44057495692640636)]	['+']	cdar	gudd	cdar	2.0	gudd	2.0	cdar	gudd	2	4	0	1	77	0.4150251098765263	0.5974940552405341
143	86	40	(40, 143)	89.66666666666667	86.0	51.597803570823956	('yqji', 'sdhb')	False												yqji	sdhb	2	4	0	1	77	0.4150251098765263	0.5974940552405341
48	163	60	(48, 163)	90.33333333333333	60.0	63.21655901212382	('cdar', 'ndh')	False												cdar	ndh	2	4	0	1	77	0.4150251098765263	0.5974940552405341
33	119	124	(33, 124)	92.0	119.0	51.15662224971465	('fur', 'fecd')	True	1661.0	('fur', 'fecd')		[(0, -0.24683817644929051, 0.0046380661700999026), (10, -0.30252062047427264, 0.018805632749202668), (20, -0.24976306026624151, 0.060970501691278746), (30, -0.29201537421928891, 0.013473354262004168), (60, 0.39159380189716453, 0.024218014597429012), (90, 0.29373226434887661, 0.26950376937960024)]	['-']	fur	fecd	fur	2.0	fecd	2.0	fur	fecd	2	4	0	1	77	0.4150251098765263	0.5974940552405341
111	19	148	(19, 148)	92.66666666666667	111.0	66.42539674953649	('yqji', 'cdar')	False												yqji	cdar	2	4	0	1	77	0.4150251098765263	0.5974940552405341
207	49	29	(29, 207)	95.0	49.0	97.50897394599124	('fur', 'garl')	True	1684.0	('fur', 'garl')		[(0, -0.18817000875203041, 0.032037923931882463), (10, -0.00076200571507956984, 0.99538960572844681), (20, 0.11789716181057268, 0.38242555025937131), (30, -0.11116743994904522, 0.356032290310346), (60, -0.045163610068227326, 0.80292096514432953), (90, -0.17874321115594818, 0.50775188725537923)]	['-']	fur	garl	fur	2.0	garl	2.0	fur	garl	2	4	0	1	77	0.4150251098765263	0.5974940552405341
180	55	58	(55, 180)	97.66666666666667	58.0	71.31853429041664	('fur', 'gspj')	True	1702.0	('fur', 'gspj')		[(0, -0.089885104358207318, 0.30914865987459744), (10, -0.057874947915444473, 0.66049089365919511), (20, -0.054386495768503469, 0.68782402482208727), (30, -0.12607913447728691, 0.29478031349076217), (60, 0.0090817661033581604, 0.95999480916486546), (90, 0.14702512281228422, 0.58688007718189739)]	['-']	fur	gspj	fur	2.0	gspj	2.0	fur	gspj	2	4	0	1	77	0.4150251098765263	0.5974940552405341
151	13	133	(13, 151)	99.0	133.0	75.0199973340442	('yqji', 'sdhc')	False												yqji	sdhc	2	4	0	1	77	0.4150251098765263	0.5974940552405341
138	117	42	(42, 138)	99.0	117.0	50.46781152378217	('fur', 'fiu')	True	1680.0	('fur', 'fiu')		[(0, 0.063608252004757684, 0.47215963493793611), (10, 0.078909481323441735, 0.54896747399522949), (20, 0.02436258260751897, 0.85724274776365883), (30, 0.021439741246573378, 0.85914062785685663), (60, 0.31491266140138874, 0.074259622999180749), (90, 0.53233638422882956, 0.033775198475384849)]	['-']	fur	fiu	fur	2.0	fiu	2.0	fur	fiu	2	4	0	1	77	0.4150251098765263	0.5974940552405341
106	114	82	(82, 114)	100.66666666666667	106.0	16.653327995729065	('cdar', 'fhud')	False												cdar	fhud	2	4	0	1	77	0.4150251098765263	0.5974940552405341
68	133	102	(68, 133)	101.0	102.0	32.51153641401772	('fur', 'yqjh')	True	1748.0	('fur', 'yqjh')		[(0, -0.26170685810162614, 0.0026323274926694797), (10, -0.26483860472007037, 0.040859847963109375), (20, -0.3663928526408195, 0.0050611120560240279), (30, -0.37001885471161433, 0.0014930504465605269), (60, 0.22560781984412664, 0.20680602326623121), (90, 0.26079303229333761, 0.32927475373925891)]	['-']	fur	yqjh	fur	2.0	yqjh	2.0	fur	yqjh	2	4	0	1	77	0.4150251098765263	0.5974940552405341
66	120	119	(66, 120)	101.66666666666667	119.0	30.89228598426043	('fur', 'fhue')	True	1678.0	('fur', 'fhue')		[(0, 0.02310696563679341, 0.794130879962059), (10, -0.0047825525444211633, 0.97106994652032586), (20, -0.017726318077734664, 0.89587338022439877), (30, 0.10382521127639248, 0.38888002578265679), (60, 0.28654772034179293, 0.10593672530426894), (90, 0.26579728965287264, 0.31973837145974465)]	['-']	fur	fhue	fur	2.0	fhue	2.0	fur	fhue	2	4	0	1	77	0.4150251098765263	0.5974940552405341
175	31	99	(31, 175)	101.66666666666667	99.0	72.03702751594719	('yqji', 'gspe')	False												yqji	gspe	2	4	0	1	77	0.4150251098765263	0.5974940552405341
153	129	26	(26, 153)	102.66666666666667	129.0	67.47098141670486	('yqji', 'gspi')	False												yqji	gspi	2	4	0	1	77	0.4150251098765263	0.5974940552405341
49	118	144	(49, 144)	103.66666666666667	118.0	49.09514572066502	('fur', 'entd')	True	1653.0	('fur', 'entd')		[(0, 0.091065949009051697, 0.30280997201174326), (10, 0.20083484950674341, 0.12388755804977401), (20, 0.14974505518109368, 0.26623005341799044), (30, 0.3223968403888271, 0.0061071488634293087), (60, 0.001970296192879353, 0.99131754562916696), (90, 0.42290053576118636, 0.10267364464561568)]	['-']	fur	entd	fur	2.0	entd	2.0	fur	entd	2	4	0	1	77	0.4150251098765263	0.5974940552405341
94	130	88	(88, 130)	104.0	94.0	22.715633383201094	('cdar', 'sdha')	False												cdar	sdha	2	4	0	1	77	0.4150251098765263	0.5974940552405341
61	116	138	(61, 138)	105.0	116.0	39.66106403010388	('yqji', 'entd')	False												yqji	entd	2	4	0	1	77	0.4150251098765263	0.5974940552405341
73	141	101	(73, 141)	105.0	101.0	34.17601498127012	('cdar', 'fhue')	False												cdar	fhue	2	4	0	1	77	0.4150251098765263	0.5974940552405341
98	33	185	(33, 185)	105.33333333333333	98.0	76.26488925667783	('yqji', 'lpd')	False												yqji	lpd	2	4	0	1	77	0.4150251098765263	0.5974940552405341
43	135	139	(43, 139)	105.66666666666667	135.0	54.30776494511014	('yqji', 'gudx')	False												yqji	gudx	2	4	0	1	77	0.4150251098765263	0.5974940552405341
158	108	54	(54, 158)	106.66666666666667	108.0	52.01281893277208	('fur', 'gsph')	True	1700.0	('fur', 'gsph')		[(0, 0.13966408873316663, 0.11300870569151483), (10, 0.20995638190020718, 0.10737451558337327), (20, 0.30599883684685331, 0.020618974011256626), (30, 0.19989995826326887, 0.094641646555081088), (60, 0.104061063729379, 0.56440973328504607), (90, 0.19431929698967518, 0.47082020198197427)]	['-']	fur	gsph	fur	2.0	gsph	2.0	fur	gsph	2	4	0	1	77	0.4150251098765263	0.5974940552405341
116	203	2	(2, 203)	107.0	116.0	100.80178569846865	('cdar', 'entd')	False												cdar	entd	2	4	0	1	77	0.4150251098765263	0.5974940552405341
149	85	91	(85, 149)	108.33333333333333	91.0	35.3459097114975	('fur', 'entb')	True	1651.0	('fur', 'entb')		[(0, -0.15271417937599452, 0.082814847225522986), (10, -0.072581665065159617, 0.58155406676686439), (20, 0.1250667973248262, 0.35394676113254941), (30, -0.060303288643566773, 0.61738467216632964), (60, 0.25243133236335574, 0.15640516270144095), (90, 0.55929700778171054, 0.024289953740298489)]	['-']	fur	entb	fur	2.0	entb	2.0	fur	entb	2	4	0	1	77	0.4150251098765263	0.5974940552405341
62	51	213	(51, 213)	108.66666666666667	62.0	90.52255704150946	('cdar', 'fhub')	False												cdar	fhub	2	4	0	1	77	0.4150251098765263	0.5974940552405341
182	40	105	(40, 182)	109.0	105.0	71.08445681019164	('fur', 'fhub')	True	1675.0	('fur', 'fhub')		[(0, 0.020841353668962143, 0.81393049461878353), (10, 0.11262539915660402, 0.39157117372469574), (20, 0.13837391158527351, 0.3046542540277643), (30, 0.098382252829160452, 0.41435600705293518), (60, 0.23321263127678588, 0.19150344841869629), (90, 0.22533154279829179, 0.40142246493723233)]	['-']	fur	fhub	fur	2.0	fhub	2.0	fur	fhub	2	4	0	1	77	0.4150251098765263	0.5974940552405341
160	152	16	(16, 160)	109.33333333333333	152.0	80.92795149596543	('cdar', 'gspo')	False												cdar	gspo	2	4	0	1	77	0.4150251098765263	0.5974940552405341
186	22	121	(22, 186)	109.66666666666667	121.0	82.58530942808977	('yqji', 'gspd')	False												yqji	gspd	2	4	0	1	77	0.4150251098765263	0.5974940552405341
77	71	181	(71, 181)	109.66666666666667	77.0	61.84927916583453	('cdar', 'sucb')	False												cdar	sucb	2	4	0	1	77	0.4150251098765263	0.5974940552405341
56	111	165	(56, 165)	110.66666666666667	111.0	54.50076452063158	('cdar', 'glnd')	False												cdar	glnd	2	4	0	1	77	0.4150251098765263	0.5974940552405341
92	48	192	(48, 192)	110.66666666666667	92.0	73.79250187744913	('cdar', 'gspe')	False												cdar	gspe	2	4	0	1	77	0.4150251098765263	0.5974940552405341
87	35	210	(35, 210)	110.66666666666667	87.0	89.86842233695512	('fur', 'tonb')	True	1743.0	('fur', 'tonb')		[(0, -0.11344221535936271, 0.19875707695614359), (10, -0.011647738477444996, 0.92961596946094516), (20, -0.17981270376313982, 0.18076006873033706), (30, -0.1582474201510034, 0.18747989765621731), (60, 0.37101645774453174, 0.03353017739785271), (90, 0.45536991209177363, 0.076317524549403146)]	['+']	fur	tonb	fur	2.0	tonb	2.0	fur	tonb	2	4	0	1	77	0.4150251098765263	0.5974940552405341
67	70	196	(67, 196)	111.0	70.0	73.62744053679987	('fur', 'sdhd')	True	1731.0	('fur', 'sdhd')	0.0	[(0, 0.3978935298860824, 2.7599414265293047e-06), (10, 0.35972932184722756, 0.0047575471741042085), (20, 0.32593869024825362, 0.013351935763780463), (30, 0.22340846042722431, 0.061095236688749159), (60, -0.17687458581568052, 0.32478057720738834), (90, -0.17887950328955315, 0.50742299803636004)]	['+']	fur	sdhd	fur	2.0	sdhd	2.0	fur	sdhd	2	4	0	1	77	0.4150251098765263	0.5974940552405341
69	106	158	(69, 158)	111.0	106.0	44.710177812216315	('fur', 'ygac')	True	1745.0	('fur', 'ygac')		[(0, -0.087486564066410338, 0.32228871796739123), (10, 0.00059887043796939658, 0.99637662224425849), (20, -0.025287868683876349, 0.85188073662148245), (30, 0.039292325849529769, 0.74492983658895906), (60, -0.069600664271699406, 0.70032922540432185), (90, 0.26902119966110027, 0.31368067434749519)]	['-']	fur	ygac	fur	2.0	ygac	2.0	fur	ygac	2	4	0	1	77	0.4150251098765263	0.5974940552405341
40	161	135	(40, 161)	112.0	135.0	63.694583757176716	('yqji', 'fepd')	False												yqji	fepd	2	4	0	1	77	0.4150251098765263	0.5974940552405341
108	142	86	(86, 142)	112.0	108.0	28.21347195933177	('fur', 'ente')	True	1654.0	('fur', 'ente')		[(0, -0.12595321799743439, 0.15331751920013559), (10, -0.079554446088200156, 0.54569603477113593), (20, 0.1283283037655934, 0.34143487736173284), (30, 0.064238113012146783, 0.59457193059998903), (60, 0.14139052178521025, 0.43253354604050731), (90, 0.51007416695696672, 0.043530707263027608)]	['-']	fur	ente	fur	2.0	ente	2.0	fur	ente	2	4	0	1	77	0.4150251098765263	0.5974940552405341
194	73	70	(70, 194)	112.33333333333333	73.0	70.7413127764345	('fur', 'garp')	True	1685.0	('fur', 'garp')		[(0, -0.1973325418255259, 0.024424653676688311), (10, -0.093710092373308282, 0.47635629896655018), (20, -0.0047704853068490953, 0.971905408994299), (30, -0.18222064428161849, 0.12827749836577071), (60, -0.030282619642115538, 0.86714114006409249), (90, -0.23794023828988695, 0.37486380396006991)]	['-']	fur	garp	fur	2.0	garp	2.0	fur	garp	2	4	0	1	77	0.4150251098765263	0.5974940552405341
130	156	52	(52, 156)	112.66666666666667	130.0	54.12331598611945	('fur', 'fecc')	True	1660.0	('fur', 'fecc')		[(0, -0.094733949621688796, 0.283668678001817), (10, -0.074228785409446704, 0.57298753518650669), (20, 0.061103780626700951, 0.65161098667659756), (30, -0.031084371536321459, 0.79692045924787991), (60, 0.26327895259567025, 0.13877547250633601), (90, 0.22477529031749441, 0.40261669518241172)]	['-']	fur	fecc	fur	2.0	fecc	2.0	fur	fecc	2	4	0	1	77	0.4150251098765263	0.5974940552405341
104	62	176	(62, 176)	114.0	104.0	57.654141221598294	('yqji', 'fecd')	False												yqji	fecd	2	4	0	1	77	0.4150251098765263	0.5974940552405341
85	95	169	(85, 169)	116.33333333333333	95.0	45.8839114868527	('cdar', 'cira')	False												cdar	cira	2	4	0	1	77	0.4150251098765263	0.5974940552405341
152	87	110	(87, 152)	116.33333333333333	110.0	32.95957119462165	('fur', 'ndh')	True	1713.0	('fur', 'ndh')		[(0, -0.036781842685429868, 0.6777995224313641), (10, -0.11642111046484986, 0.37570298205885133), (20, -0.2369543462340053, 0.075947132774726131), (30, -0.17255691217427094, 0.15015019860979878), (60, 0.34174853410431927, 0.051587793874567245), (90, 0.29620250452597685, 0.26530808587807514)]	['-']	fur	ndh	fur	2.0	ndh	2.0	fur	ndh	2	4	0	1	77	0.4150251098765263	0.5974940552405341
139	58	153	(58, 153)	116.66666666666667	139.0	51.2867754234299	('fur', 'enta')	True	1650.0	('fur', 'enta')		[(0, -0.059188687187118359, 0.50354409449309623), (10, 0.018858868580041183, 0.88627447231456025), (20, 0.2461047866714636, 0.064982093822956041), (30, 0.14226623051758158, 0.23660717374117321), (60, 0.17544233441156845, 0.32877658504011431), (90, 0.48672773086227628, 0.055882988286805095)]	['-']	fur	enta	fur	2.0	enta	2.0	fur	enta	2	4	0	1	77	0.4150251098765263	0.5974940552405341
136	122	93	(93, 136)	117.0	122.0	21.93171219946131	('fur', 'sdha')	True	1728.0	('fur', 'sdha')		[(0, 0.1992507398039384, 0.023043954200922867), (10, 0.22422673674342364, 0.085011168876311827), (20, 0.18137975151697214, 0.17692640326760581), (30, 0.067071142671711076, 0.57838418561237848), (60, -0.08131318252138911, 0.65282298217871237), (90, -0.0027348763916043239, 0.99197977446407415)]	['+']	fur	sdha	fur	2.0	sdha	2.0	fur	sdha	2	4	0	1	77	0.4150251098765263	0.5974940552405341
109	115	128	(109, 128)	117.33333333333333	115.0	9.71253485622231	('fur', 'fepc')	True	1669.0	('fur', 'fepc')		[(0, 0.03388892466516618, 0.70188933204649584), (10, -0.028679743244767349, 0.82780013282992981), (20, 0.0043904530659459691, 0.97414271963433074), (30, 0.077750903855828599, 0.51925856495900446), (60, 0.011338935368815016, 0.95006309826253366), (90, 0.22852150414114866, 0.39461044828689379)]	['-']	fur	fepc	fur	2.0	fepc	2.0	fur	fepc	2	4	0	1	77	0.4150251098765263	0.5974940552405341
44	173	137	(44, 173)	118.0	137.0	66.56575696257048	('yqji', 'fepg')	False												yqji	fepg	2	4	0	1	77	0.4150251098765263	0.5974940552405341
166	181	7	(7, 181)	118.0	166.0	96.42095207992918	('cdar', 'fepb')	False												cdar	fepb	2	4	0	1	77	0.4150251098765263	0.5974940552405341
93	131	132	(93, 132)	118.66666666666667	131.0	22.233608194203057	('fur', 'feci')	True	1663.0	('fur', 'feci')		[(0, -0.1274950914339473, 0.14830793703146597), (10, 0.015560430281098877, 0.90606592382861473), (20, -0.27973129058551777, 0.035082256490799019), (30, -0.26197824982372719, 0.027314994541359317), (60, 0.31102296302031218, 0.078104690285182854), (90, 0.31509648230125298, 0.23454615839829304)]	['-']	fur	feci	fur	2.0	feci	2.0	fur	feci	2	4	0	1	77	0.4150251098765263	0.5974940552405341
75	183	100	(75, 183)	119.33333333333333	100.0	56.536124144951195	('cdar', 'gspg')	False												cdar	gspg	2	4	0	1	77	0.4150251098765263	0.5974940552405341
59	153	146	(59, 153)	119.33333333333333	146.0	52.367292591209385	('yqji', 'ryhb')	False												yqji	ryhb	2	4	0	1	77	0.4150251098765263	0.5974940552405341
129	160	72	(72, 160)	120.33333333333333	129.0	44.635561308594895	('cdar', 'sdhc')	False												cdar	sdhc	2	4	0	1	77	0.4150251098765263	0.5974940552405341
145	159	61	(61, 159)	121.66666666666667	145.0	53.00314456080255	('yqji', 'fecc')	False												yqji	fecc	2	4	0	1	77	0.4150251098765263	0.5974940552405341
110	110	147	(110, 147)	122.33333333333333	110.0	21.361959960016154	('cdar', 'yqji')	False												cdar	yqji	2	4	0	1	77	0.4150251098765263	0.5974940552405341
132	167	71	(71, 167)	123.33333333333333	132.0	48.58326186386967	('cdar', 'gspj')	False												cdar	gspj	2	4	0	1	77	0.4150251098765263	0.5974940552405341
89	103	178	(89, 178)	123.33333333333333	103.0	47.85742714912005	('yqji', 'fecb')	False												yqji	fecb	2	4	0	1	77	0.4150251098765263	0.5974940552405341
119	112	140	(112, 140)	123.66666666666667	119.0	14.571661996262929	('cdar', 'gspi')	False												cdar	gspi	2	4	0	1	77	0.4150251098765263	0.5974940552405341
86	77	208	(77, 208)	123.66666666666667	86.0	73.17331025266886	('fur', 'sdhb')	True	1729.0	('fur', 'sdhb')		[(0, 0.10972342551151552, 0.21397373270902117), (10, 0.07053591879195506, 0.59227425515101983), (20, 0.082881784352669227, 0.53991821738530343), (30, 0.0079917101407338421, 0.94726229769472503), (60, -0.09930960367215666, 0.58241856216441912), (90, -0.050156768100944327, 0.85364668583221126)]	['+']	fur	sdhb	fur	2.0	sdhb	2.0	fur	sdhb	2	4	0	1	77	0.4150251098765263	0.5974940552405341
82	93	201	(82, 201)	125.33333333333333	93.0	65.75966342168529	('cdar', 'gsph')	False												cdar	gsph	2	4	0	1	77	0.4150251098765263	0.5974940552405341
83	134	159	(83, 159)	125.33333333333333	134.0	38.7341365378568	('yqji', 'fepc')	False												yqji	fepc	2	4	0	1	77	0.4150251098765263	0.5974940552405341
90	126	163	(90, 163)	126.33333333333333	126.0	36.50114153466071	('cdar', 'gspc')	False												cdar	gspc	2	4	0	1	77	0.4150251098765263	0.5974940552405341
114	123	149	(114, 149)	128.66666666666666	123.0	18.175074506954115	('fur', 'gudd')	False												fur	gudd	2	4	0	1	77	0.4150251098765263	0.5974940552405341
162	104	120	(104, 162)	128.66666666666666	120.0	29.955522584881294	('yqji', 'sdhd')	False												yqji	sdhd	2	4	0	1	77	0.4150251098765263	0.5974940552405341
134	174	79	(79, 174)	129.0	134.0	47.69696007084728	('yqji', 'ente')	False												yqji	ente	2	4	0	1	77	0.4150251098765263	0.5974940552405341
140	88	161	(88, 161)	129.66666666666666	140.0	37.58102358017053	('yqji', 'fhua')	False												yqji	fhua	2	4	0	1	77	0.4150251098765263	0.5974940552405341
167	132	90	(90, 167)	129.66666666666666	132.0	38.552993831002716	('yqji', 'sucb')	False												yqji	sucb	2	4	0	1	77	0.4150251098765263	0.5974940552405341
53	128	215	(53, 215)	132.0	128.0	81.0740402348372	('cdar', 'gspf')	False												cdar	gspf	2	4	0	1	77	0.4150251098765263	0.5974940552405341
156	187	55	(55, 187)	132.66666666666666	156.0	69.02415036299493	('fur', 'fepd')	True	1670.0	('fur', 'fepd')		[(0, -0.20471421661042019, 0.019472586261566598), (10, -0.1468353824643634, 0.26291106177127715), (20, -0.15099307702948861, 0.26221991879925777), (30, -0.24046655263757724, 0.043384760651537957), (60, 0.18814842497352044, 0.29438236694526687), (90, 0.51607119065597873, 0.040717757289527076)]	['-']	fur	fepd	fur	2.0	fepd	2.0	fur	fepd	2	4	0	1	77	0.4150251098765263	0.5974940552405341
99	147	152	(99, 152)	132.66666666666666	147.0	29.263173671584795	('yqji', 'gspj')	False												yqji	gspj	2	4	0	1	77	0.4150251098765263	0.5974940552405341
112	166	122	(112, 166)	133.33333333333334	122.0	28.728615235220325	('fur', 'gspf')	True	1698.0	('fur', 'gspf')		[(0, 0.15626600155856205, 0.075828191734586561), (10, 0.20020596535281845, 0.12509344721942744), (20, 0.2579966621193821, 0.052669581851195767), (30, 0.23207105999289049, 0.051482891278183722), (60, 0.089484443216793289, 0.620442306585131), (90, 0.28596658249054968, 0.28295526371784263)]	['-']	fur	gspf	fur	2.0	gspf	2.0	fur	gspf	2	4	0	1	77	0.4150251098765263	0.5974940552405341
124	150	127	(124, 150)	133.66666666666666	127.0	14.224392195567914	('yqji', 'feci')	False												yqji	feci	2	4	0	1	77	0.4150251098765263	0.5974940552405341
115	175	112	(112, 175)	134.0	115.0	35.53871128783372	('yqji', 'ybdz')	False												yqji	ybdz	2	4	0	1	77	0.4150251098765263	0.5974940552405341
117	105	182	(105, 182)	134.66666666666666	117.0	41.428653530296316	('fur', 'gspo')	True	1706.0	('fur', 'gspo')		[(0, -0.34245820059460397, 6.6577962218191067e-05), (10, -0.29717031029006102, 0.021121410684688792), (20, -0.24519325082718738, 0.066013917764198141), (30, -0.29596979195004969, 0.012209183550035221), (60, -0.38745314088316296, 0.025896760151229145), (90, 0.0073810709769548547, 0.97835650273955599)]	['-']	fur	gspo	fur	2.0	gspo	2.0	fur	gspo	2	4	0	1	77	0.4150251098765263	0.5974940552405341
146	76	191	(76, 191)	137.66666666666666	146.0	57.95112883571236	('cdar', 'fepe')	False												cdar	fepe	2	4	0	1	77	0.4150251098765263	0.5974940552405341
79	180	154	(79, 180)	137.66666666666666	154.0	52.443620520834884	('yqji', 'enta')	False												yqji	enta	2	4	0	1	77	0.4150251098765263	0.5974940552405341
192	215	9	(9, 215)	138.66666666666666	192.0	112.88194423083495	('cdar', 'fur')	False												cdar	fur	2	4	0	1	77	0.4150251098765263	0.5974940552405341
137	188	92	(92, 188)	139.0	137.0	48.03123983409131	('fur', 'cira')	True	1643.0	('fur', 'cira')		[(0, 0.02038828595514856, 0.81790451040376955), (10, 0.12544793563190595, 0.33955019943634568), (20, 0.1278515295694572, 0.3432465041012025), (30, 0.076261422065114784, 0.52731780008577167), (60, 0.15995072584024211, 0.37391609882524479), (90, 0.44151333062341064, 0.086884374297040545)]	['-']	fur	cira	fur	2.0	cira	2.0	fur	cira	2	4	0	1	77	0.4150251098765263	0.5974940552405341
131	144	143	(131, 144)	139.33333333333334	143.0	7.234178138070235	('yqji', 'entc')	False												yqji	entc	2	4	0	1	77	0.4150251098765263	0.5974940552405341
144	158	116	(116, 158)	139.33333333333334	144.0	21.385353243127252	('fur', 'gspd')	True	1696.0	('fur', 'gspd')		[(0, 0.057275389421476877, 0.51746085215363813), (10, 0.063303183727669118, 0.63086345779832587), (20, 0.13162191125829409, 0.32908300805279211), (30, 0.095334399770195699, 0.42903329498057619), (60, 0.045212303542869155, 0.80271265134543923), (90, 0.036111804372221029, 0.89437356810410651)]	['-']	fur	gspd	fur	2.0	gspd	2.0	fur	gspd	2	4	0	1	77	0.4150251098765263	0.5974940552405341
199	145	75	(75, 199)	139.66666666666666	145.0	62.171804970849394	('fur', 'gspg')	True	1699.0	('fur', 'gspg')		[(0, -0.0013910867357308789, 0.9874676249104527), (10, 0.020779663775953916, 0.87478018446359795), (20, 0.043016504899853598, 0.7506977140941532), (30, 0.016228456486057346, 0.89314556860939542), (60, -0.021646233589321755, 0.90482592048850563), (90, 0.041928785342156646, 0.87747012208562769)]	['-']	fur	gspg	fur	2.0	gspg	2.0	fur	gspg	2	4	0	1	77	0.4150251098765263	0.5974940552405341
201	154	65	(65, 201)	140.0	154.0	69.0724257573165	('cdar', 'gpma')	False												cdar	gpma	2	4	0	1	77	0.4150251098765263	0.5974940552405341
165	179	76	(76, 179)	140.0	165.0	55.86591089385369	('cdar', 'fhua')	False												cdar	fhua	2	4	0	1	77	0.4150251098765263	0.5974940552405341
74	177	170	(74, 177)	140.33333333333334	170.0	57.55287424041769	('cdar', 'fepc')	False												cdar	fepc	2	4	0	1	77	0.4150251098765263	0.5974940552405341
161	127	134	(127, 161)	140.66666666666666	134.0	17.95364401266031	('fur', 'yhhy')	True	1746.0	('fur', 'yhhy')		[(0, -0.264901497674423, 0.0023208107544695914), (10, -0.079927819995696189, 0.54380649316840013), (20, -0.22366610694584521, 0.094427089801979322), (30, -0.15734597633275726, 0.19003777795925564), (60, 0.17706427388813273, 0.32425360728423364), (90, 0.075547702064253194, 0.78095497835644023)]	['-']	fur	yhhy	fur	2.0	yhhy	2.0	fur	yhhy	2	4	0	1	77	0.4150251098765263	0.5974940552405341
154	195	77	(77, 195)	142.0	154.0	59.90826320300064	('yqji', 'fhuc')	False												yqji	fhuc	2	4	0	1	77	0.4150251098765263	0.5974940552405341
205	208	15	(15, 208)	142.66666666666666	205.0	110.57275131483946	('cdar', 'gspm')	False												cdar	gspm	2	4	0	1	77	0.4150251098765263	0.5974940552405341
163	194	73	(73, 194)	143.33333333333334	163.0	62.851677251552594	('cdar', 'fecc')	False												cdar	fecc	2	4	0	1	77	0.4150251098765263	0.5974940552405341
135	99	197	(99, 197)	143.66666666666666	135.0	49.57149718672347	('yqji', 'fiu')	False												yqji	fiu	2	4	0	1	77	0.4150251098765263	0.5974940552405341
170	164	97	(97, 170)	143.66666666666666	164.0	40.525712002793156	('fur', 'entc')	True	1652.0	('fur', 'entc')		[(0, -0.060722175043210834, 0.49253262488452854), (10, 0.0075075262946460173, 0.95460054538093031), (20, 0.082994696816924993, 0.53936429414669629), (30, -0.063362455622030939, 0.5996160225636078), (60, 0.26934308432661613, 0.12957798188381578), (90, 0.55681721304076148, 0.025065084699520766)]	['-']	fur	entc	fur	2.0	entc	2.0	fur	entc	2	4	0	1	77	0.4150251098765263	0.5974940552405341
91	138	203	(91, 203)	144.0	138.0	56.24055476255546	('cdar', 'suca')	False												cdar	suca	2	4	0	1	77	0.4150251098765263	0.5974940552405341
155	198	87	(87, 198)	146.66666666666666	155.0	55.96725232967341	('yqji', 'cira')	False												yqji	cira	2	4	0	1	77	0.4150251098765263	0.5974940552405341
204	36	200	(36, 204)	146.66666666666666	200.0	95.86101049609968	('fur', 'sucb')	True	1734.0	('fur', 'sucb')		[(0, -0.065337615805891355, 0.46017536389460034), (10, -0.10129216949134556, 0.44124975685478596), (20, -0.22984099014325188, 0.085445803200173157), (30, -0.23288168591788685, 0.050650608654047927), (60, 0.16823946533446313, 0.34932909617683194), (90, 0.12262026593515148, 0.65097492151999403)]	['+']	fur	sucb	fur	2.0	sucb	2.0	fur	sucb	2	4	0	1	77	0.4150251098765263	0.5974940552405341
174	137	131	(131, 174)	147.33333333333334	137.0	23.28805129961142	('cdar', 'fiu')	False												cdar	fiu	2	4	0	1	77	0.4150251098765263	0.5974940552405341
181	64	199	(64, 199)	148.0	181.0	73.3007503372237	('fur', 'fepg')	True	1672.0	('fur', 'fepg')		[(0, -0.0083222570479756664, 0.92513020571615157), (10, -0.076025973865184601, 0.56370759482596233), (20, -0.098034732782853365, 0.46814613741698308), (30, -0.061987276564472664, 0.60757552950373728), (60, 0.16552220869482945, 0.35727945181893228), (90, 0.50754474459077026, 0.044759808831966737)]	['-']	fur	fepg	fur	2.0	fepg	2.0	fur	fepg	2	4	0	1	77	0.4150251098765263	0.5974940552405341
212	54	179	(54, 212)	148.33333333333334	179.0	83.34466589610479	('fur', 'gudx')	False												fur	gudx	2	4	0	1	77	0.4150251098765263	0.5974940552405341
173	91	183	(91, 183)	149.0	173.0	50.47771785649585	('fur', 'fhuc')	True	1676.0	('fur', 'fhuc')		[(0, 0.027851048282435457, 0.75310724175317811), (10, 0.13085590438624284, 0.31897004323937783), (20, -0.020048450538870326, 0.88232388695539121), (30, -0.10515360973917043, 0.38280706696492495), (60, 0.26421089635251727, 0.13733175783314217), (90, 0.33856768756733269, 0.19959567179155233)]	['-']	fur	fhuc	fur	2.0	fhuc	2.0	fur	fhuc	2	4	0	1	77	0.4150251098765263	0.5974940552405341
96	140	212	(96, 212)	149.33333333333334	140.0	58.560510015994	('yqji', 'entf')	False												yqji	entf	2	4	0	1	77	0.4150251098765263	0.5974940552405341
172	157	123	(123, 172)	150.66666666666666	157.0	25.106440076867393	('cdar', 'fepa')	False												cdar	fepa	2	4	0	1	77	0.4150251098765263	0.5974940552405341
183	170	104	(104, 183)	152.33333333333334	170.0	42.35957192103496	('cdar', 'yqjh')	False												cdar	yqjh	2	4	0	1	77	0.4150251098765263	0.5974940552405341
195	80	184	(80, 195)	153.0	184.0	63.45864795282043	('yqji', 'gspg')	False												yqji	gspg	2	4	0	1	77	0.4150251098765263	0.5974940552405341
168	101	193	(101, 193)	154.0	168.0	47.57099956906519	('fur', 'gark')	True	1683.0	('fur', 'gark')		[(0, -0.16230489092377587, 0.065046231777565244), (10, -0.034962177559639922, 0.79085536652049893), (20, -0.011749297369610039, 0.93087581882435955), (30, -0.17487995726647673, 0.14465431771256687), (60, -0.049793205501897801, 0.78317673196473758), (90, -0.33651036558943687, 0.20251550809615809)]	['-']	fur	gark	fur	2.0	gark	2.0	fur	gark	2	4	0	1	77	0.4150251098765263	0.5974940552405341
107	165	194	(107, 194)	155.33333333333334	165.0	44.298231717906454	('yqji', 'gspk')	False												yqji	gspk	2	4	0	1	77	0.4150251098765263	0.5974940552405341
202	124	141	(124, 202)	155.66666666666666	141.0	41.01625693957621	('yqji', 'gsph')	False												yqji	gsph	2	4	0	1	77	0.4150251098765263	0.5974940552405341
200	192	78	(78, 200)	156.66666666666666	192.0	68.24465791058911	('cdar', 'entb')	False												cdar	entb	2	4	0	1	77	0.4150251098765263	0.5974940552405341
190	168	113	(113, 190)	157.0	168.0	39.66106403010388	('cdar', 'entf')	False												cdar	entf	2	4	0	1	77	0.4150251098765263	0.5974940552405341
157	185	129	(129, 185)	157.0	157.0	28.0	('fur', 'fhua')	True	1674.0	('fur', 'fhua')		[(0, -0.029446905657981724, 0.73945449906631133), (10, 0.069624785434609218, 0.59707705298339331), (20, -0.12867205395801987, 0.34013240910276099), (30, -0.119880245612524, 0.31934928088874154), (60, 0.30802090839074492, 0.081176229668197666), (90, 0.42873937619102814, 0.097518158006993871)]	['-']	fur	fhua	fur	2.0	fhua	2.0	fur	fhua	2	4	0	1	77	0.4150251098765263	0.5974940552405341
80	206	186	(80, 206)	157.33333333333334	186.0	67.71508940652248	('yqji', 'fepa')	False												yqji	fepa	2	4	0	1	77	0.4150251098765263	0.5974940552405341
177	211	89	(89, 211)	159.0	177.0	62.960304954788775	('yqji', 'fecr')	False												yqji	fecr	2	4	0	1	77	0.4150251098765263	0.5974940552405341
113	193	172	(113, 193)	159.33333333333334	172.0	41.47690120215508	('yqji', 'fhud')	False												yqji	fhud	2	4	0	1	77	0.4150251098765263	0.5974940552405341
171	191	117	(117, 191)	159.66666666666666	171.0	38.27967258654825	('cdar', 'ybdz')	False												cdar	ybdz	2	4	0	1	77	0.4150251098765263	0.5974940552405341
214	197	69	(69, 214)	160.0	197.0	79.26537705707328	('fur', 'suca')	True	1733.0	('fur', 'suca')		[(0, 0.018216634101735397, 0.83701539266493175), (10, 0.080837618338981149, 0.53921557174516455), (20, -0.054961491742537047, 0.68469536877539006), (30, -0.070598479623546595, 0.55851738693225395), (60, 0.11198015645891393, 0.53497497785231585), (90, 0.1413710520228032, 0.60149706397495795)]	['+']	fur	suca	fur	2.0	suca	2.0	fur	suca	2	4	0	1	77	0.4150251098765263	0.5974940552405341
128	176	177	(128, 177)	160.33333333333334	176.0	28.00595174839329	('fur', 'entf')	True	1655.0	('fur', 'entf')		[(0, -0.053567226312719998, 0.54498211573866917), (10, 0.062780823707449002, 0.63369046698551745), (20, -0.037779106870567007, 0.78023981414546628), (30, 0.23838504621351181, 0.045287224509952165), (60, 0.22340181711557183, 0.21139853824177715), (90, 0.62377782912230517, 0.0098177255124631754)]	['-']	fur	entf	fur	2.0	entf	2.0	fur	entf	2	4	0	1	77	0.4150251098765263	0.5974940552405341
148	184	150	(148, 184)	160.66666666666666	150.0	20.231987873991358	('cdar', 'ryhb')	False												cdar	ryhb	2	4	0	1	77	0.4150251098765263	0.5974940552405341
187	81	218	(81, 218)	162.0	187.0	71.84010022264724	('fur', 'garr')	True	1686.0	('fur', 'garr')		[(0, -0.15014032428519444, 0.088192865318152736), (10, -0.11495557218309491, 0.38178334698766614), (20, -0.099199357991179363, 0.46285123032087905), (30, -0.14505678768810262, 0.22744338399365108), (60, -0.15483279130494726, 0.3895925486459163), (90, -0.34071435070730155, 0.19657828647985021)]	['-']	fur	garr	fur	2.0	garr	2.0	fur	garr	2	4	0	1	77	0.4150251098765263	0.5974940552405341
197	121	171	(121, 197)	163.0	171.0	38.62641583165593	('yqji', 'sucd')	False												yqji	sucd	2	4	0	1	77	0.4150251098765263	0.5974940552405341
211	205	74	(74, 211)	163.33333333333334	205.0	77.42308010750627	('cdar', 'ente')	False												cdar	ente	2	4	0	1	77	0.4150251098765263	0.5974940552405341
191	97	202	(97, 202)	163.33333333333334	191.0	57.70904030854553	('fur', 'gspi')	True	1701.0	('fur', 'gspi')		[(0, 0.087891077190317995, 0.32004776830269976), (10, 0.17609500956432358, 0.17834228727561757), (20, 0.24797102734198931, 0.062909941474467351), (30, 0.15189982364996418, 0.20602744406464538), (60, 0.12185460009671252, 0.49933610858943711), (90, 0.31538811376987447, 0.23408975809859281)]	['-']	fur	gspi	fur	2.0	gspi	2.0	fur	gspi	2	4	0	1	77	0.4150251098765263	0.5974940552405341
178	217	95	(95, 217)	163.33333333333334	178.0	62.30837289910027	('cdar', 'feci')	False												cdar	feci	2	4	0	1	77	0.4150251098765263	0.5974940552405341
127	213	151	(127, 213)	163.66666666666666	151.0	44.37717130838032	('cdar', 'tonb')	False												cdar	tonb	2	4	0	1	77	0.4150251098765263	0.5974940552405341
188	107	198	(107, 198)	164.33333333333334	188.0	49.90323970779185	('fur', 'fhud')	True	1677.0	('fur', 'fhud')		[(0, -0.022808738424281053, 0.79672995828735915), (10, 0.16337319008162912, 0.21230128208732488), (20, 0.14457730866162308, 0.28327023385115246), (30, 0.084803558899689852, 0.48196097075228561), (60, 0.26275812389724135, 0.13958713482917171), (90, 0.56865256190562141, 0.021530169617268512)]	['-']	fur	fhud	fur	2.0	fhud	2.0	fur	fhud	2	4	0	1	77	0.4150251098765263	0.5974940552405341
218	210	68	(68, 218)	165.33333333333334	210.0	84.38799282678391	('fur', 'sucd')	True	1736.0	('fur', 'sucd')		[(0, 0.019561379045992314, 0.82516946808557667), (10, -0.04665888129109369, 0.72333270229935853), (20, -0.27430912963044812, 0.038932629857533353), (30, -0.27165217810520981, 0.021927025582269929), (60, -0.051584867559105442, 0.77557044381748053), (90, -0.19034125888487585, 0.48012494463351041)]	['+']	fur	sucd	fur	2.0	sucd	2.0	fur	sucd	2	4	0	1	77	0.4150251098765263	0.5974940552405341
123	190	188	(123, 190)	167.0	188.0	38.118237105091836	('fur', 'ryhb')	True	1727.0	('fur', 'ryhb')		[(0, -0.11493293210033548, 0.19288218074938854), (10, -0.04823437959260108, 0.71438333931419162), (20, -0.19352790128153816, 0.14918681834909098), (30, -0.10856907592610718, 0.36745583825165951), (60, -0.019136683364418598, 0.91581832598435631), (90, -0.0087870624844982453, 0.97423488845957373)]	['-']	fur	ryhb	fur	2.0	ryhb	2.0	fur	ryhb	2	4	0	1	77	0.4150251098765263	0.5974940552405341
164	143	195	(143, 195)	167.33333333333334	164.0	26.159765544311234	('cdar', 'fepd')	False												cdar	fepd	2	4	0	1	77	0.4150251098765263	0.5974940552405341
189	204	118	(118, 204)	170.33333333333334	189.0	45.938364504337045	('cdar', 'fes')	False												cdar	fes	2	4	0	1	77	0.4150251098765263	0.5974940552405341
179	169	164	(164, 179)	170.66666666666666	169.0	7.637626158259733	('fur', 'gard')	False												fur	gard	2	4	0	1	77	0.4150251098765263	0.5974940552405341
125	182	207	(125, 207)	171.33333333333334	182.0	42.027768598074935	('yqji', 'fes')	False												yqji	fes	2	4	0	1	77	0.4150251098765263	0.5974940552405341
193	186	142	(142, 193)	173.66666666666666	186.0	27.64657905299195	('cdar', 'fhuc')	False												cdar	fhuc	2	4	0	1	77	0.4150251098765263	0.5974940552405341
141	171	211	(141, 211)	174.33333333333334	171.0	35.11884584284247	('cdar', 'yjjz')	False												cdar	yjjz	2	4	0	1	77	0.4150251098765263	0.5974940552405341
150	201	175	(150, 201)	175.33333333333334	175.0	25.50163393458022	('cdar', 'crl')	False												cdar	crl	2	4	0	1	77	0.4150251098765263	0.5974940552405341
159	196	180	(159, 196)	178.33333333333334	180.0	18.556220879622373	('yqji', 'crl')	False												yqji	crl	2	4	0	1	77	0.4150251098765263	0.5974940552405341
217	146	174	(146, 217)	179.0	174.0	35.76310948449533	('fur', 'succ')	True	1735.0	('fur', 'succ')		[(0, -0.0027938885902986936, 0.9748328103571452), (10, -0.027248673000896353, 0.83627100561605883), (20, -0.22555678566206841, 0.091602272211297381), (30, -0.20419220855642198, 0.087624970866434587), (60, 0.031135683579479486, 0.86343297638640981), (90, -0.015104652705294734, 0.9557240413364817)]	['+']	fur	succ	fur	2.0	succ	2.0	fur	succ	2	4	0	1	77	0.4150251098765263	0.5974940552405341
169	212	168	(168, 212)	183.0	169.0	25.11971337416094	('cdar', 'fecd')	False												cdar	fecd	2	4	0	1	77	0.4150251098765263	0.5974940552405341
147	199	205	(147, 205)	183.66666666666666	199.0	31.895663237081827	('fur', 'fepb')	True	1668.0	('fur', 'fepb')		[(0, -0.087888726922185731, 0.32006075932798461), (10, -0.068098182405732316, 0.60516254930199853), (20, -0.19684233782282146, 0.14221181428549592), (30, -0.21524509155694008, 0.071437108093772586), (60, 0.073979744010815252, 0.68242505138972953), (90, 0.42940979711810012, 0.096938183752570323)]	['-']	fur	fepb	fur	2.0	fepb	2.0	fur	fepb	2	4	0	1	77	0.4150251098765263	0.5974940552405341
209	200	145	(145, 209)	184.66666666666666	200.0	34.645827069552446	('cdar', 'feca')	False												cdar	feca	2	4	0	1	77	0.4150251098765263	0.5974940552405341
216	216	125	(125, 216)	185.66666666666666	216.0	52.53887449625594	('cdar', 'exbb')	False												cdar	exbb	2	4	0	1	77	0.4150251098765263	0.5974940552405341
215	139	206	(139, 215)	186.66666666666666	206.0	41.52509281546922	('yqji', 'gspf')	False												yqji	gspf	2	4	0	1	77	0.4150251098765263	0.5974940552405341
142	207	216	(142, 216)	188.33333333333334	207.0	40.3773864103824	('cdar', 'fecr')	False												cdar	fecr	2	4	0	1	77	0.4150251098765263	0.5974940552405341
184	218	166	(166, 218)	189.33333333333334	184.0	26.407069760451144	('cdar', 'fecb')	False												cdar	fecb	2	4	0	1	77	0.4150251098765263	0.5974940552405341
198	162	209	(162, 209)	189.66666666666666	198.0	24.583192089989723	('yqji', 'suca')	False												yqji	suca	2	4	0	1	77	0.4150251098765263	0.5974940552405341
206	155	214	(155, 214)	191.66666666666666	206.0	32.00520790954705	('cdar', 'gspl')	False												cdar	gspl	2	4	0	1	77	0.4150251098765263	0.5974940552405341
213	202	160	(160, 213)	191.66666666666666	202.0	27.970222261064233	('cdar', 'enta')	False												cdar	enta	2	4	0	1	77	0.4150251098765263	0.5974940552405341
203	178	217	(178, 217)	199.33333333333334	203.0	19.75685535031659	('yqji', 'succ')	False												yqji	succ	2	4	0	1	77	0.4150251098765263	0.5974940552405341
208	189	204	(189, 208)	200.33333333333334	204.0	10.016652800877813	('cdar', 'entc')	False												cdar	entc	2	4	0	1	77	0.4150251098765263	0.5974940552405341
210	214	187	(187, 214)	203.66666666666666	210.0	14.571661996262929	('cdar', 'exbd')	False												cdar	exbd	2	4	0	1	77	0.4150251098765263	0.5974940552405341
1	0	19	(0, 19)	6.666666666666667	1.0	10.692676621563626	('iscr', 'iscu')	True	1892.0	('iscr', 'iscu')	0.0	[(0, 0.85229113224400299, 7.7814707472163877e-38), (10, 0.42500357461100235, 0.00071222481840350525), (20, 0.096552352717397219, 0.47493261311125645), (30, 0.16875155325279348, 0.15948719197647435), (60, 0.42389475866515192, 0.013957198244215128), (90, 0.3113847960418788, 0.24040376681891348)]	['-']	iscr	iscu	iscr	3.0	iscu	3.0	iscr	iscu	3	4	0	1	46	0.3516401625229707	0.46034077555816694
6	5	16	(5, 16)	9.0	6.0	6.082762530298219	('iscr', 'oxys')	False												iscr	oxys	3	4	0	1	46	0.3516401625229707	0.46034077555816694
10	14	6	(6, 14)	10.0	10.0	4.0	('mntr', 'ychf')	False												mntr	ychf	3	4	0	1	46	0.3516401625229707	0.46034077555816694
0	1	30	(0, 30)	10.333333333333334	1.0	17.039170558842745	('iscr', 'iscs')	True	1891.0	('iscr', 'iscs')	0.0	[(0, 0.8686719426393793, 7.2535167288466565e-41), (10, 0.37012287470476862, 0.0036051501998580135), (20, 0.04403944614483718, 0.74496749808890206), (30, 0.052751729844920374, 0.66217761019526944), (60, 0.31321145032194758, 0.075922809004694558), (90, 0.17347861495022765, 0.52053152076963283)]	['-']	iscr	iscs	iscr	3.0	iscs	3.0	iscr	iscs	3	4	0	1	46	0.3516401625229707	0.46034077555816694
9	2	22	(2, 22)	11.0	9.0	10.14889156509222	('mntr', 'nrdf')	False												mntr	nrdf	3	4	0	1	46	0.3516401625229707	0.46034077555816694
3	4	41	(3, 41)	16.0	4.0	21.656407827707714	('mntr', 'grxa')	False												mntr	grxa	3	4	0	1	46	0.3516401625229707	0.46034077555816694
4	3	42	(3, 42)	16.333333333333332	4.0	22.233608194203057	('iscr', 'isca')	True	1890.0	('iscr', 'isca')	0.0	[(0, 0.80005234757082899, 3.4625971606178707e-30), (10, 0.29654465143347869, 0.021407379558145399), (20, -0.077701657688187237, 0.56562429453991658), (30, 0.17526744403079966, 0.14375246259219818), (60, 0.37082150534116998, 0.033630630693100169), (90, 0.21864248715167386, 0.41590804466423204)]	['-']	iscr	isca	iscr	3.0	isca	3.0	iscr	isca	3	4	0	1	46	0.3516401625229707	0.46034077555816694
7	22	28	(7, 28)	19.0	22.0	10.816653826391969	('mntr', 'iscu')	False												mntr	iscu	3	4	0	1	46	0.3516401625229707	0.46034077555816694
5	11	43	(5, 43)	19.666666666666668	11.0	20.428737928059416	('mntr', 'gor')	False												mntr	gor	3	4	0	1	46	0.3516401625229707	0.46034077555816694
27	33	3	(3, 33)	21.0	27.0	15.874507866387544	('iscr', 'napg')	True	1898.0	('iscr', 'napg')		[(0, -0.1414568386963454, 0.10841411136500918), (10, 0.42650504503765485, 0.00067862648057372273), (20, 0.46693459647881891, 0.00025073956775985181), (30, 0.099229546922049716, 0.41032798075379739), (60, 0.0049576130675237111, 0.97815559706088706), (90, -0.15946536536175876, 0.55524754288473699)]	['-']	iscr	napg	iscr	3.0	napg	3.0	iscr	napg	3	4	0	1	46	0.3516401625229707	0.46034077555816694
20	17	29	(17, 29)	22.0	20.0	6.244997998398398	('mntr', 'isrc')	False												mntr	isrc	3	4	0	1	46	0.3516401625229707	0.46034077555816694
17	10	39	(10, 39)	22.0	17.0	15.132745950421556	('mntr', 'trxc')	False												mntr	trxc	3	4	0	1	46	0.3516401625229707	0.46034077555816694
8	8	54	(8, 54)	23.333333333333332	8.0	26.558112382722786	('mntr', 'isca')	False												mntr	isca	3	4	0	1	46	0.3516401625229707	0.46034077555816694
13	12	45	(12, 45)	23.333333333333332	13.0	18.77054430040145	('iscr', 'mntr')	False												iscr	mntr	3	4	0	1	46	0.3516401625229707	0.46034077555816694
22	38	14	(14, 38)	24.666666666666668	22.0	12.220201853215572	('mntr', 'oxys')	False												mntr	oxys	3	4	0	1	46	0.3516401625229707	0.46034077555816694
54	15	9	(9, 54)	26.0	15.0	24.43358344574123	('iscr', 'flu')	False												iscr	flu	3	4	0	1	46	0.3516401625229707	0.46034077555816694
51	28	1	(1, 51)	26.666666666666668	28.0	25.026652459594615	('oxyr', 'fhuf')	True	2445.0	('oxyr', 'fhuf')		[(0, 0.028262310447134734, 0.74958134860881365), (10, -0.058511738582310506, 0.65698718157402114), (20, -0.21093478170011831, 0.11525190285195545), (30, -0.39173698390988182, 0.00072922621353363785), (60, 0.11443219956912168, 0.52601266636872945), (90, 0.034222332555946033, 0.89987366602851682)]	['-']	oxyr	fhuf	oxyr	3.0	fhuf	3.0	oxyr	fhuf	3	4	0	1	46	0.3516401625229707	0.46034077555816694
11	21	52	(11, 52)	28.0	21.0	21.37755832643195	('mntr', 'iscr')	False												mntr	iscr	3	4	0	1	46	0.3516401625229707	0.46034077555816694
63	24	0	(0, 63)	29.0	24.0	31.796226191169293	('mntr', 'oxyr')	False												mntr	oxyr	3	4	0	1	46	0.3516401625229707	0.46034077555816694
55	36	2	(2, 55)	31.0	36.0	26.851443164195103	('oxyr', 'isrc')	True	2453.0	('oxyr', 'isrc')		[(0, 0.15189606409970138, 0.084495038025909769), (10, 0.13996502095733768, 0.28614392916104492), (20, 0.061717446588161168, 0.64834063533688646), (30, 0.17670430393359374, 0.14044503868401076), (60, 0.085073249334849457, 0.63784087130557465), (90, 0.30914849805564182, 0.24397674700458458)]	['-']	oxyr	isrc	oxyr	3.0	isrc	3.0	oxyr	isrc	3	4	0	1	46	0.3516401625229707	0.46034077555816694
35	47	13	(13, 47)	31.666666666666668	35.0	17.243356208503418	('oxyr', 'oxys')	True	2457.0	('oxyr', 'oxys')		[(0, 0.24649595487516332, 0.0046971495026923819), (10, 0.029165898168031244, 0.82492683933644251), (20, 0.26738494557281961, 0.044350552084736393), (30, 0.33722115132577835, 0.0040301912726920476), (60, -0.10271573803497892, 0.56948280521256245), (90, -0.40354207424905014, 0.12113812911490707)]	['+']	oxyr	oxys	oxyr	3.0	oxys	3.0	oxyr	oxys	3	4	0	1	46	0.3516401625229707	0.46034077555816694
61	25	15	(15, 61)	33.666666666666664	25.0	24.193663082165404	('oxyr', 'yhja')	True	2471.0	('oxyr', 'yhja')		[(0, -0.086280470523126027, 0.32903021396766885), (10, 0.20792200590508861, 0.11090164133502779), (20, 0.25426193021221738, 0.056313230687859477), (30, 0.21832984796011073, 0.067375485006585328), (60, 0.083537550950087441, 0.64394336066588209), (90, 0.22543116348313583, 0.40120878675287647)]	['+']	oxyr	yhja	oxyr	3.0	yhja	3.0	oxyr	yhja	3	4	0	1	46	0.3516401625229707	0.46034077555816694
2	27	72	(2, 72)	33.666666666666664	27.0	35.47299442298794	('oxyr', 'ydiu')	False												oxyr	ydiu	3	4	0	1	46	0.3516401625229707	0.46034077555816694
33	52	18	(18, 52)	34.333333333333336	33.0	17.03917055884274	('oxyr', 'dsbg')	True	2444.0	('oxyr', 'dsbg')		[(0, -0.0048073842319898428, 0.95670926877173335), (10, -0.0022130522352180469, 0.98661081922861993), (20, -0.010866873832340864, 0.93605608450197975), (30, -0.12012064801983344, 0.31837271481341184), (60, 0.23339758429431953, 0.19114143011952883), (90, 0.7398006159503997, 0.001052730885417503)]	['+']	oxyr	dsbg	oxyr	3.0	dsbg	3.0	oxyr	dsbg	3	4	0	1	46	0.3516401625229707	0.46034077555816694
41	30	32	(30, 41)	34.333333333333336	32.0	5.8594652770823155	('oxyr', 'gor')	True	2448.0	('oxyr', 'gor')		[(0, 0.087172102533610199, 0.32403776601222944), (10, 0.028942486919773407, 0.8262469727389905), (20, -0.22140442060846843, 0.097894888577819777), (30, -0.33043729077469086, 0.0048866205012079835), (60, 0.28459195544082311, 0.10844712545804865), (90, 0.35157656883175825, 0.18176596201437886)]	['+']	oxyr	gor	oxyr	3.0	gor	3.0	oxyr	gor	3	4	0	1	46	0.3516401625229707	0.46034077555816694
29	54	25	(25, 54)	36.0	29.0	15.716233645501712	('iscr', 'nrdf')	True	1901.0	('iscr', 'nrdf')	20.0	[(0, 0.32213669769138187, 0.00018579346276356753), (10, 0.49246017752648413, 6.419527139786267e-05), (20, 0.5995049087061054, 8.3240442856055638e-07), (30, 0.38385306417977716, 0.00095125407667978135), (60, 0.028155762006182829, 0.87639827468313491), (90, 0.033899866073527053, 0.90081277302439189)]	['+']	iscr	nrdf	iscr	3.0	nrdf	3.0	iscr	nrdf	3	4	0	1	46	0.3516401625229707	0.46034077555816694
26	9	73	(9, 73)	36.0	26.0	33.15116890850155	('iscr', 'katg')	False												iscr	katg	3	4	0	1	46	0.3516401625229707	0.46034077555816694
30	37	46	(30, 46)	37.666666666666664	37.0	8.020806277010644	('mntr', 'naph')	False												mntr	naph	3	4	0	1	46	0.3516401625229707	0.46034077555816694
21	34	68	(21, 68)	41.0	34.0	24.269322199023193	('iscr', 'trxc')	False												iscr	trxc	3	4	0	1	46	0.3516401625229707	0.46034077555816694
58	45	21	(21, 58)	41.333333333333336	45.0	18.77054430040145	('iscr', 'ryba')	False												iscr	ryba	3	4	0	1	46	0.3516401625229707	0.46034077555816694
16	19	94	(16, 94)	43.0	19.0	44.19275958796871	('iscr', 'ychf')	False												iscr	ychf	3	4	0	1	46	0.3516401625229707	0.46034077555816694
15	18	97	(15, 97)	43.333333333333336	18.0	46.5008960487143	('mntr', 'iscs')	False												mntr	iscs	3	4	0	1	46	0.3516401625229707	0.46034077555816694
60	6	65	(6, 65)	43.666666666666664	60.0	32.715949219506584	('mntr', 'hemh')	False												mntr	hemh	3	4	0	1	46	0.3516401625229707	0.46034077555816694
50	50	35	(35, 50)	45.0	50.0	8.660254037844387	('iscr', 'dps')	False												iscr	dps	3	4	0	1	46	0.3516401625229707	0.46034077555816694
12	7	118	(7, 118)	45.666666666666664	12.0	62.69237061503843	('iscr', 'grxa')	False												iscr	grxa	3	4	0	1	46	0.3516401625229707	0.46034077555816694
43	40	58	(40, 58)	47.0	43.0	9.643650760992955	('iscr', 'isrc')	False												iscr	isrc	3	4	0	1	46	0.3516401625229707	0.46034077555816694
57	31	53	(31, 57)	47.0	53.0	14.0	('mntr', 'napa')	False												mntr	napa	3	4	0	1	46	0.3516401625229707	0.46034077555816694
49	84	12	(12, 84)	48.333333333333336	49.0	36.004629331980816	('oxyr', 'hemh')	True	2452.0	('oxyr', 'hemh')	20.0	[(0, -0.068148696984612817, 0.44105887096848984), (10, -0.47871884062014919, 0.00010923164649411041), (20, -0.56778892672214287, 4.1006273178547995e-06), (30, -0.35319967910400452, 0.0025168335914539535), (60, 0.34688708315809558, 0.047954224610960716), (90, 0.55539656689169026, 0.02551761793276295)]	['+']	oxyr	hemh	oxyr	3.0	hemh	3.0	oxyr	hemh	3	4	0	1	46	0.3516401625229707	0.46034077555816694
75	26	50	(26, 75)	50.333333333333336	50.0	24.5017006212494	('iscr', 'ydiu')	True	1910.0	('iscr', 'ydiu')		[(0, -0.10537737831592883, 0.23278787145573246), (10, -0.065677688554168792, 0.61807934239506923), (20, -0.015855687161740618, 0.9068100984776557), (30, 0.14013632359763953, 0.24377108947772239), (60, 0.42803890161732988, 0.012955396644518204), (90, 0.21596454433133608, 0.42178306544441557)]	['+']	iscr	ydiu	iscr	3.0	ydiu	3.0	iscr	ydiu	3	4	0	1	46	0.3516401625229707	0.46034077555816694
47	55	49	(47, 55)	50.333333333333336	49.0	4.163331998932265	('oxyr', 'trxc')	True	2465.0	('oxyr', 'trxc')		[(0, 0.0065098819020095178, 0.94140189578006506), (10, -0.096049026179042984, 0.4653704543369741), (20, -0.06338422443378991, 0.63949140944749328), (30, -0.24051822440345716, 0.043338386786104542), (60, -0.16077937555813618, 0.3714133074145286), (90, -0.3612167497485515, 0.1692523961517651)]	['+']	oxyr	trxc	oxyr	3.0	trxc	3.0	oxyr	trxc	3	4	0	1	46	0.3516401625229707	0.46034077555816694
56	90	5	(5, 90)	50.333333333333336	56.0	42.782395133200914	('mntr', 'fhuf')	False												mntr	fhuf	3	4	0	1	46	0.3516401625229707	0.46034077555816694
24	16	111	(16, 111)	50.333333333333336	24.0	52.69092268439919	('mntr', 'nrde')	False												mntr	nrde	3	4	0	1	46	0.3516401625229707	0.46034077555816694
19	43	91	(19, 91)	51.0	43.0	36.66060555964672	('oxyr', 'ryba')	False												oxyr	ryba	3	4	0	1	46	0.3516401625229707	0.46034077555816694
77	71	7	(7, 77)	51.666666666666664	71.0	38.7986254052039	('oxyr', 'nrde')	False												oxyr	nrde	3	4	0	1	46	0.3516401625229707	0.46034077555816694
36	88	33	(33, 88)	52.333333333333336	36.0	30.924639582917266	('oxyr', 'dps')	True	2443.0	('oxyr', 'dps')		[(0, -0.00083638210385725287, 0.99246479320898917), (10, -0.027666412121186534, 0.83379634355064436), (20, 0.27392775363326133, 0.039216097664188584), (30, 0.17637926937887269, 0.14118815996428777), (60, 0.11743978963046563, 0.51512040228314127), (90, 0.31001898373142062, 0.24258204082771603)]	['+']	oxyr	dps	oxyr	3.0	dps	3.0	oxyr	dps	3	4	0	1	46	0.3516401625229707	0.46034077555816694
52	13	93	(13, 93)	52.666666666666664	52.0	40.00416644967538	('mntr', 'hcp')	False												mntr	hcp	3	4	0	1	46	0.3516401625229707	0.46034077555816694
18	81	60	(18, 81)	53.0	60.0	32.07802986469088	('oxyr', 'mnth')	True	2455.0	('oxyr', 'mnth')	30.0	[(0, -0.31519794035087284, 0.00025953601909663778), (10, -0.47635631554571367, 0.00011941495271903706), (20, -0.5694010571965249, 3.796449268866462e-06), (30, -0.58030413355874522, 1.1317714084622607e-07), (60, 0.11806369319190174, 0.51287491361172111), (90, 0.32084578975180034, 0.22565161151054158)]	['+']	oxyr	mnth	oxyr	3.0	mnth	3.0	oxyr	mnth	3	4	0	1	46	0.3516401625229707	0.46034077555816694
38	111	11	(11, 111)	53.333333333333336	38.0	51.733290377989036	('oxyr', 'sufa')	True	2459.0	('oxyr', 'sufa')	20.0	[(0, -0.28504011901470194, 0.0010124857163966311), (10, -0.42180542195181348, 0.00078885609245333058), (20, -0.5681668452160249, 4.0273504418862852e-06), (30, -0.47910323210297873, 2.3703361736523995e-05), (60, 0.06618462381021864, 0.71440728997556469), (90, 0.31172914387263168, 0.23985651938734062)]	['+']	oxyr	sufa	oxyr	3.0	sufa	3.0	oxyr	sufa	3	4	0	1	46	0.3516401625229707	0.46034077555816694
39	53	69	(39, 69)	53.666666666666664	53.0	15.01110699893027	('iscr', 'oxyr')	False												iscr	oxyr	3	4	0	1	46	0.3516401625229707	0.46034077555816694
25	73	63	(25, 73)	53.666666666666664	63.0	25.32455988429677	('oxyr', 'sufd')	True	2462.0	('oxyr', 'sufd')	30.0	[(0, -0.28095559002392967, 0.0012040285907271955), (10, -0.3878405427421262, 0.002199961958366442), (20, -0.55718073983335947, 6.7417286922228566e-06), (30, -0.53640250428739544, 1.4246425493948027e-06), (60, 0.019857592852740687, 0.91265892082852207), (90, 0.31919745722616355, 0.22817949575572416)]	['+']	oxyr	sufd	oxyr	3.0	sufd	3.0	oxyr	sufd	3	4	0	1	46	0.3516401625229707	0.46034077555816694
65	41	62	(41, 65)	56.0	62.0	13.076696830622021	('mntr', 'napd')	False												mntr	napd	3	4	0	1	46	0.3516401625229707	0.46034077555816694
31	20	119	(20, 119)	56.666666666666664	31.0	54.26171148547872	('mntr', 'dps')	True	2129.0	('mntr', 'dps')	60.0	[(0, 0.14403132940457469, 0.1020730890726661), (10, 0.56905710869581672, 2.0935232627781228e-06), (20, 0.22874222307661993, 0.08699283041222397), (30, -0.27557407332134898, 0.02001603871875491), (60, -0.77113229111489345, 1.5083598947062326e-07), (90, -0.56101030137556274, 0.023765266323993846)]	['-']	mntr	dps	mntr	3.0	dps	3.0	mntr	dps	3	4	0	1	46	0.3516401625229707	0.46034077555816694
78	76	17	(17, 78)	57.0	76.0	34.655446902326915	('iscr', 'hcp')	False												iscr	hcp	3	4	0	1	46	0.3516401625229707	0.46034077555816694
40	32	102	(32, 102)	58.0	40.0	38.31448812133603	('iscr', 'gor')	False												iscr	gor	3	4	0	1	46	0.3516401625229707	0.46034077555816694
62	77	37	(37, 77)	58.666666666666664	62.0	20.207259421636902	('iscr', 'hcr')	False												iscr	hcr	3	4	0	1	46	0.3516401625229707	0.46034077555816694
44	107	26	(26, 107)	59.0	44.0	42.532340636273474	('oxyr', 'katg')	True	2454.0	('oxyr', 'katg')		[(0, -0.024758108545395115, 0.7797825942274953), (10, -0.1795233831476728, 0.16990483599477738), (20, -0.31497984425282249, 0.017011724526721318), (30, -0.095743611493830108, 0.42704568286886346), (60, 0.24208278153000759, 0.17467701831146326), (90, 0.26194662254267154, 0.32706204747762357)]	['+']	oxyr	katg	oxyr	3.0	katg	3.0	oxyr	katg	3	4	0	1	46	0.3516401625229707	0.46034077555816694
42	65	70	(42, 70)	59.0	65.0	14.933184523068078	('oxyr', 'ychf')	True	2470.0	('oxyr', 'ychf')		[(0, 0.35738220372251606, 2.9911726507298547e-05), (10, 0.37148531835173487, 0.0034741013623201828), (20, 0.44885559137125908, 0.00046171273569513158), (30, 0.44818953174417259, 8.8722501042808719e-05), (60, -0.16414869795772857, 0.36133904103517112), (90, -0.34606413075861553, 0.18918814354183974)]	['-']	oxyr	ychf	oxyr	3.0	ychf	3.0	oxyr	ychf	3	4	0	1	46	0.3516401625229707	0.46034077555816694
80	89	10	(10, 89)	59.666666666666664	80.0	43.24735059322517	('mntr', 'ydiu')	False												mntr	ydiu	3	4	0	1	46	0.3516401625229707	0.46034077555816694
48	42	90	(42, 90)	60.0	48.0	26.153393661244042	('mntr', 'flu')	False												mntr	flu	3	4	0	1	46	0.3516401625229707	0.46034077555816694
34	56	92	(34, 92)	60.666666666666664	56.0	29.280255007997	('oxyr', 'sufs')	True	2464.0	('oxyr', 'sufs')	30.0	[(0, -0.22606964577295846, 0.0097021364121841064), (10, -0.27524509794106072, 0.033296420997593647), (20, -0.47800446994909362, 0.0001696172293088779), (30, -0.55482010168685503, 5.1451855390415925e-07), (60, 0.019225369739772232, 0.91542958639150063), (90, 0.34543345936436237, 0.19004975155286563)]	['+']	oxyr	sufs	oxyr	3.0	sufs	3.0	oxyr	sufs	3	4	0	1	46	0.3516401625229707	0.46034077555816694
106	57	20	(20, 106)	61.0	57.0	43.139309220245984	('oxyr', 'naph')	False												oxyr	naph	3	4	0	1	46	0.3516401625229707	0.46034077555816694
76	74	34	(34, 76)	61.333333333333336	74.0	23.692474191889147	('iscr', 'yhja')	False												iscr	yhja	3	4	0	1	46	0.3516401625229707	0.46034077555816694
37	64	84	(37, 84)	61.666666666666664	64.0	23.58671942711265	('mntr', 'nrdh')	False												mntr	nrdh	3	4	0	1	46	0.3516401625229707	0.46034077555816694
81	23	81	(23, 81)	61.666666666666664	81.0	33.48631561299829	('mntr', 'dsbg')	False												mntr	dsbg	3	4	0	1	46	0.3516401625229707	0.46034077555816694
64	69	55	(55, 69)	62.666666666666664	64.0	7.094598884597588	('mntr', 'yhja')	False												mntr	yhja	3	4	0	1	46	0.3516401625229707	0.46034077555816694
96	48	47	(47, 96)	63.666666666666664	48.0	28.00595174839329	('mntr', 'napc')	False												mntr	napc	3	4	0	1	46	0.3516401625229707	0.46034077555816694
59	39	96	(39, 96)	64.66666666666667	59.0	28.919428302325294	('mntr', 'napf')	False												mntr	napf	3	4	0	1	46	0.3516401625229707	0.46034077555816694
32	61	105	(32, 105)	66.0	61.0	36.75595189897821	('oxyr', 'sufe')	True	2463.0	('oxyr', 'sufe')	30.0	[(0, -0.24137056475819138, 0.0056662391920350016), (10, -0.33785724253571403, 0.0082880383176576564), (20, -0.53276641617679366, 1.9884507856657727e-05), (30, -0.55192195499256458, 6.064063645003371e-07), (60, 0.024669912620482896, 0.89160468658172987), (90, 0.18598401317800864, 0.4904177623060918)]	['+']	oxyr	sufe	oxyr	3.0	sufe	3.0	oxyr	sufe	3	4	0	1	46	0.3516401625229707	0.46034077555816694
28	58	113	(28, 113)	66.33333333333333	58.0	43.10839052125854	('mntr', 'nrdi')	False												mntr	nrdi	3	4	0	1	46	0.3516401625229707	0.46034077555816694
84	51	67	(51, 84)	67.33333333333333	67.0	16.502525059315417	('mntr', 'hcr')	False												mntr	hcr	3	4	0	1	46	0.3516401625229707	0.46034077555816694
72	46	87	(46, 87)	68.33333333333333	72.0	20.744477176668816	('iscr', 'napb')	True	1894.0	('iscr', 'napb')		[(0, -0.17966174684036804, 0.040820495541864212), (10, 0.34198287015775208, 0.0074858022697275161), (20, 0.44901936265506787, 0.00045923517435293471), (30, 0.11226323073741892, 0.35128111005906626), (60, -0.03787722401614696, 0.8342350118401558), (90, -0.33758873748328949, 0.20098161375835361)]	['-']	iscr	napb	iscr	3.0	napb	3.0	iscr	napb	3	4	0	1	46	0.3516401625229707	0.46034077555816694
14	92	100	(14, 100)	68.66666666666667	92.0	47.51140214025822	('oxyr', 'sufb')	True	2460.0	('oxyr', 'sufb')	30.0	[(0, -0.35102582880908373, 4.2264864248768431e-05), (10, -0.46920279799679249, 0.00015579909795570513), (20, -0.57908762084468368, 2.3685159816137187e-06), (30, -0.60445865512902486, 2.3794239330408919e-08), (60, 0.026597943819781814, 0.88318895268325692), (90, 0.21377975051172035, 0.4266079956084351)]	['+']	oxyr	sufb	oxyr	3.0	sufb	3.0	oxyr	sufb	3	4	0	1	46	0.3516401625229707	0.46034077555816694
67	35	110	(35, 110)	70.66666666666667	67.0	37.634204300520736	('iscr', 'napa')	True	1893.0	('iscr', 'napa')		[(0, -0.22120824112492538, 0.011431734240533346), (10, 0.49176030226390394, 6.599324692783597e-05), (20, 0.44146739390960221, 0.0005869235916888361), (30, 0.086644318273616044, 0.47246635181769037), (60, -0.099805688622020147, 0.58052644990106206), (90, -0.57754509278791033, 0.019137513095532001)]	['-']	iscr	napa	iscr	3.0	napa	3.0	iscr	napa	3	4	0	1	46	0.3516401625229707	0.46034077555816694
53	60	99	(53, 99)	70.66666666666667	60.0	24.785748593361735	('iscr', 'nrdi')	True	1903.0	('iscr', 'nrdi')		[(0, 0.2723636725205541, 0.0017190186534897843), (10, 0.23714784861979304, 0.068088732009804656), (20, 0.19942386092753611, 0.13695012092928283), (30, 0.16113418820655206, 0.17945601014021179), (60, -0.020606098560629824, 0.90937996329666726), (90, 0.040841746688711232, 0.88062536850074935)]	['+']	iscr	nrdi	iscr	3.0	nrdi	3.0	iscr	nrdi	3	4	0	1	46	0.3516401625229707	0.46034077555816694
94	87	31	(31, 94)	70.66666666666667	87.0	34.530180036213736	('oxyr', 'iscs')	False												oxyr	iscs	3	4	0	1	46	0.3516401625229707	0.46034077555816694
90	44	78	(44, 90)	70.66666666666667	78.0	23.860706890897706	('iscr', 'dsbg')	False												iscr	dsbg	3	4	0	1	46	0.3516401625229707	0.46034077555816694
105	70	40	(40, 105)	71.66666666666667	70.0	32.53203549323856	('oxyr', 'mntr')	False												oxyr	mntr	3	4	0	1	46	0.3516401625229707	0.46034077555816694
102	96	23	(23, 102)	73.66666666666667	96.0	43.98105652816145	('iscr', 'sufs')	True	1909.0	('iscr', 'sufs')	60.0	[(0, 0.15228791436946429, 0.083686912047645751), (10, 0.35881742563830821, 0.0048726703253862249), (20, 0.26780417717488986, 0.044005807002128243), (30, 0.13093932244652909, 0.27640766521150023), (60, -0.69470478695175375, 7.2762356882990126e-06), (90, -0.52398462533865686, 0.03721769213439572)]	['+']	iscr	sufs	iscr	3.0	sufs	3.0	iscr	sufs	3	4	0	1	46	0.3516401625229707	0.46034077555816694
68	83	71	(68, 83)	74.0	71.0	7.937253933193772	('iscr', 'nrdh')	True	1902.0	('iscr', 'nrdh')		[(0, 0.1606970288730013, 0.067786888565178324), (10, 0.068550565971870661, 0.60276156544467041), (20, 0.069137525171184738, 0.60933364691652958), (30, 0.10988143398675043, 0.36165849366554825), (60, -0.0098445400760992108, 0.95663781375412149), (90, 0.1032648549788059, 0.70352011326450481)]	['+']	iscr	nrdh	iscr	3.0	nrdh	3.0	iscr	nrdh	3	4	0	1	46	0.3516401625229707	0.46034077555816694
45	94	86	(45, 94)	75.0	86.0	26.28687885618983	('iscr', 'nrde')	True	1900.0	('iscr', 'nrde')		[(0, 0.28476810683528464, 0.0010243186374395198), (10, 0.38901616912333636, 0.0021269744518253508), (20, 0.39651374691893754, 0.0022617136761689145), (30, 0.25273576853576057, 0.033466425846309669), (60, -0.067346396258156041, 0.70960878537610628), (90, -0.054556422613647959, 0.84095506524272623)]	['+']	iscr	nrde	iscr	3.0	nrde	3.0	iscr	nrde	3	4	0	1	46	0.3516401625229707	0.46034077555816694
74	101	51	(51, 101)	75.33333333333333	74.0	25.026652459594615	('oxyr', 'nrdh')	False												oxyr	nrdh	3	4	0	1	46	0.3516401625229707	0.46034077555816694
116	103	8	(8, 116)	75.66666666666667	103.0	58.96043871388113	('oxyr', 'napa')	False												oxyr	napa	3	4	0	1	46	0.3516401625229707	0.46034077555816694
82	72	74	(72, 82)	76.0	74.0	5.291502622129181	('iscr', 'naph')	True	1899.0	('iscr', 'naph')	20.0	[(0, -0.11795114650780034, 0.18137552955427763), (10, 0.41403031361278853, 0.0010071550721443888), (20, 0.57282356898119591, 3.2190401008253533e-06), (30, 0.28801243828747558, 0.014866693955532322), (60, 0.062714951250549641, 0.72880157446636407), (90, -0.16175920397819907, 0.54949690521208461)]	['-']	iscr	naph	iscr	3.0	naph	3.0	iscr	naph	3	4	0	1	46	0.3516401625229707	0.46034077555816694
85	29	114	(29, 114)	76.0	85.0	43.2087954009366	('oxyr', 'flu')	True	2446.0	('oxyr', 'flu')		[(0, -0.081432101840789042, 0.35703357809945413), (10, -0.17299650008301715, 0.18622552224473743), (20, -0.12760943723781651, 0.34416867811020158), (30, -0.11081440690026328, 0.35757138774019137), (60, 0.13937941599568657, 0.43917415034786422), (90, 0.011626350732882918, 0.96591357969691594)]	['-']	oxyr	flu	oxyr	3.0	flu	3.0	oxyr	flu	3	4	0	1	46	0.3516401625229707	0.46034077555816694
86	62	83	(62, 86)	77.0	83.0	13.076696830622021	('mntr', 'katg')	False												mntr	katg	3	4	0	1	46	0.3516401625229707	0.46034077555816694
107	100	24	(24, 107)	77.0	100.0	46.03259714593562	('oxyr', 'hcp')	True	2450.0	('oxyr', 'hcp')		[(0, -0.005472060422652622, 0.95073089374067787), (10, 0.13465340749056395, 0.3050044565510307), (20, -0.10611830030390823, 0.43207375968304507), (30, -0.058402561354192806, 0.62853698046531614), (60, 0.062272481351723884, 0.73064387663662733), (90, 0.45284343602288257, 0.078171046225241195)]	['+']	oxyr	hcp	oxyr	3.0	hcp	3.0	oxyr	hcp	3	4	0	1	46	0.3516401625229707	0.46034077555816694
73	98	61	(61, 98)	77.33333333333333	73.0	18.876793513023692	('iscr', 'fhuf')	False												iscr	fhuf	3	4	0	1	46	0.3516401625229707	0.46034077555816694
114	115	4	(4, 115)	77.66666666666667	114.0	63.799164048859865	('oxyr', 'napd')	False												oxyr	napd	3	4	0	1	46	0.3516401625229707	0.46034077555816694
70	78	85	(70, 85)	77.66666666666667	78.0	7.505553499465135	('mntr', 'napg')	False												mntr	napg	3	4	0	1	46	0.3516401625229707	0.46034077555816694
46	85	103	(46, 103)	78.0	85.0	29.13760456866693	('mntr', 'ryba')	True	2131.0	('mntr', 'ryba')		[(0, 0.21785371812776541, 0.012777674409376541), (10, -0.039714686130456409, 0.76320386170962962), (20, -0.021659783669106137, 0.87294126648934345), (30, 0.21636513237622176, 0.069940267634427941), (60, 0.13449252252947111, 0.45554011743533518), (90, 0.22073288632353857, 0.41135201328977289)]	['-']	mntr	ryba	mntr	3.0	ryba	3.0	mntr	ryba	3	4	0	1	46	0.3516401625229707	0.46034077555816694
71	59	107	(59, 107)	79.0	71.0	24.979991993593593	('iscr', 'napf')	True	1897.0	('iscr', 'napf')	20.0	[(0, -0.16055994753428066, 0.068024827058898923), (10, 0.39684102597139709, 0.0016938328366616002), (20, 0.54650906811519884, 1.0930182169827673e-05), (30, 0.13358297381132958, 0.26674179664729858), (60, -0.091832668833416134, 0.61126139654110312), (90, -0.52588384766582863, 0.036412567150504629)]	['-']	iscr	napf	iscr	3.0	napf	3.0	iscr	napf	3	4	0	1	46	0.3516401625229707	0.46034077555816694
66	95	76	(66, 95)	79.0	76.0	14.730919862656235	('mntr', 'napb')	False												mntr	napb	3	4	0	1	46	0.3516401625229707	0.46034077555816694
104	108	27	(27, 108)	79.66666666666667	104.0	45.654499595695206	('oxyr', 'isca')	False												oxyr	isca	3	4	0	1	46	0.3516401625229707	0.46034077555816694
23	104	112	(23, 112)	79.66666666666667	104.0	49.23751956926073	('oxyr', 'sufc')	True	2461.0	('oxyr', 'sufc')	30.0	[(0, -0.31185202225647246, 0.00030405447357843737), (10, -0.42820821413181887, 0.00064225606202119245), (20, -0.55727345790532457, 6.7129920364029482e-06), (30, -0.54653379653100453, 8.1972014301142677e-07), (60, 0.022846479428192321, 0.89957456631147559), (90, 0.24023894024148168, 0.37012842253472511)]	['+']	oxyr	sufc	oxyr	3.0	sufc	3.0	oxyr	sufc	3	4	0	1	46	0.3516401625229707	0.46034077555816694
89	49	101	(49, 101)	79.66666666666667	89.0	27.227437142216182	('iscr', 'hemh')	False												iscr	hemh	3	4	0	1	46	0.3516401625229707	0.46034077555816694
101	80	59	(59, 101)	80.0	80.0	21.0	('mntr', 'sufa')	False												mntr	sufa	3	4	0	1	46	0.3516401625229707	0.46034077555816694
79	75	89	(75, 89)	81.0	79.0	7.211102550927978	('iscr', 'napd')	True	1896.0	('iscr', 'napd')		[(0, -0.13289545607925543, 0.1317335444602632), (10, 0.51622879984604519, 2.421931292796024e-05), (20, 0.48826886116069229, 0.00011663248884564635), (30, 0.17615840153646942, 0.14169481064628037), (60, 0.041787802938711059, 0.81739458342360305), (90, -0.33138428684884258, 0.20991029781779758)]	['-']	iscr	napd	iscr	3.0	napd	3.0	iscr	napd	3	4	0	1	46	0.3516401625229707	0.46034077555816694
87	63	95	(63, 95)	81.66666666666667	87.0	16.653327995729065	('oxyr', 'nrdf')	False												oxyr	nrdf	3	4	0	1	46	0.3516401625229707	0.46034077555816694
69	68	109	(68, 109)	82.0	69.0	23.388031127053	('oxyr', 'nrdi')	False												oxyr	nrdi	3	4	0	1	46	0.3516401625229707	0.46034077555816694
91	91	64	(64, 91)	82.0	91.0	15.588457268119896	('oxyr', 'napg')	False												oxyr	napg	3	4	0	1	46	0.3516401625229707	0.46034077555816694
88	97	66	(66, 97)	83.66666666666667	88.0	15.947831618540915	('iscr', 'napc')	True	1895.0	('iscr', 'napc')		[(0, -0.12720220626212494, 0.14924989669299424), (10, 0.50320840980812587, 4.1682393985659356e-05), (20, 0.49054878504018734, 0.00010714878293527798), (30, 0.27297139722600866, 0.021267592858700685), (60, -0.25631186176250625, 0.14992220863785555), (90, -0.5329560097723397, 0.033529777775269234)]	['-']	iscr	napc	iscr	3.0	napc	3.0	iscr	napc	3	4	0	1	46	0.3516401625229707	0.46034077555816694
95	82	77	(77, 95)	84.66666666666667	82.0	9.291573243177568	('oxyr', 'hcr')	True	2451.0	('oxyr', 'hcr')		[(0, -0.088279780741530048, 0.31790391161965709), (10, -0.11254226999258252, 0.39192307259814152), (20, -0.18140795085783548, 0.1768579595351954), (30, -0.038216444530855889, 0.75168579284940684), (60, -0.0056393473205147843, 0.97515258400508609), (90, 0.1260245272014604, 0.64188234993187887)]	['+']	oxyr	hcr	oxyr	3.0	hcr	3.0	oxyr	hcr	3	4	0	1	46	0.3516401625229707	0.46034077555816694
108	66	80	(66, 108)	84.66666666666667	80.0	21.385353243127255	('oxyr', 'napc')	False												oxyr	napc	3	4	0	1	46	0.3516401625229707	0.46034077555816694
93	109	56	(56, 109)	86.0	93.0	27.184554438136374	('mntr', 'mnth')	True	2130.0	('mntr', 'mnth')		[(0, 0.36287146955220428, 2.2059228760862517e-05), (10, 0.31898654694326395, 0.012986032800578013), (20, 0.1736608383986, 0.19638998106578928), (30, 0.29014322535707443, 0.014110295094405751), (60, -0.26841516810013721, 0.13095539836514816), (90, -0.4705535668876446, 0.065842116436664433)]	['-']	mntr	mnth	mntr	3.0	mnth	3.0	mntr	mnth	3	4	0	1	46	0.3516401625229707	0.46034077555816694
112	113	38	(38, 113)	87.66666666666667	112.0	43.015501081974314	('mntr', 'sufc')	False												mntr	sufc	3	4	0	1	46	0.3516401625229707	0.46034077555816694
109	119	36	(36, 119)	88.0	109.0	45.31004303683677	('mntr', 'sufd')	False												mntr	sufd	3	4	0	1	46	0.3516401625229707	0.46034077555816694
98	93	75	(75, 98)	88.66666666666667	93.0	12.096831541082702	('iscr', 'sufe')	True	1908.0	('iscr', 'sufe')		[(0, 0.21020296455536147, 0.016376353169796166), (10, 0.31265695704635643, 0.015007373376451923), (20, 0.1865459887873156, 0.1647051794678476), (30, 0.13666381628901794, 0.25576766710715843), (60, -0.55754613766877159, 0.00074935203565478848), (90, -0.41175777807460257, 0.11304053029966867)]	['+']	iscr	sufe	iscr	3.0	sufe	3.0	iscr	sufe	3	4	0	1	46	0.3516401625229707	0.46034077555816694
113	112	44	(44, 113)	89.66666666666667	112.0	39.55165398985652	('iscr', 'sufc')	True	1906.0	('iscr', 'sufc')		[(0, 0.11264389636550318, 0.20195588255419386), (10, 0.22454448879526046, 0.084558620685761671), (20, 0.18406287526053686, 0.17049971258802571), (30, 0.14732309925483839, 0.2201854718201928), (60, -0.64724628874113244, 4.6830019721067936e-05), (90, -0.44844174357460809, 0.081477600908010664)]	['+']	iscr	sufc	iscr	3.0	sufc	3.0	iscr	sufc	3	4	0	1	46	0.3516401625229707	0.46034077555816694
110	86	79	(79, 110)	91.66666666666667	86.0	16.258331197676267	('oxyr', 'iscu')	False												oxyr	iscu	3	4	0	1	46	0.3516401625229707	0.46034077555816694
92	105	82	(82, 105)	93.0	92.0	11.532562594670797	('mntr', 'sufe')	False												mntr	sufe	3	4	0	1	46	0.3516401625229707	0.46034077555816694
97	67	116	(67, 116)	93.33333333333333	97.0	24.70492528491704	('oxyr', 'napb')	False												oxyr	napb	3	4	0	1	46	0.3516401625229707	0.46034077555816694
119	118	48	(48, 119)	95.0	118.0	40.70626487409524	('mntr', 'sufb')	False												mntr	sufb	3	4	0	1	46	0.3516401625229707	0.46034077555816694
115	114	57	(57, 115)	95.33333333333333	114.0	33.20140559273558	('iscr', 'sufd')	True	1907.0	('iscr', 'sufd')	60.0	[(0, 0.091020703948836296, 0.30305125923227766), (10, 0.20976203457342948, 0.10770768237949781), (20, 0.15001434198866262, 0.26536132989781652), (30, 0.094797347509534696, 0.43164981532329905), (60, -0.7112854121804103, 3.4866880745177778e-06), (90, -0.62196755908730283, 0.01009674821180756)]	['+']	iscr	sufd	iscr	3.0	sufd	3.0	iscr	sufd	3	4	0	1	46	0.3516401625229707	0.46034077555816694
103	79	104	(79, 104)	95.33333333333333	103.0	14.153915830374762	('mntr', 'sufs')	False												mntr	sufs	3	4	0	1	46	0.3516401625229707	0.46034077555816694
83	102	106	(83, 106)	97.0	102.0	12.288205727444508	('iscr', 'mnth')	False												iscr	mnth	3	4	0	1	46	0.3516401625229707	0.46034077555816694
100	99	115	(99, 115)	104.66666666666667	100.0	8.962886439832502	('oxyr', 'iscr')	False												oxyr	iscr	3	4	0	1	46	0.3516401625229707	0.46034077555816694
99	106	117	(99, 117)	107.33333333333333	106.0	9.073771725877467	('oxyr', 'grxa')	True	2449.0	('oxyr', 'grxa')		[(0, 0.10488243984798427, 0.23500182127094948), (10, 0.28104437280308808, 0.029614022675307314), (20, 0.53046563649323419, 2.1924289562758501e-05), (30, 0.13228870687425043, 0.27144517363503778), (60, -0.046808574218415826, 0.79589116192242404), (90, 0.28545514806305539, 0.28385507094356516)]	['+']	oxyr	grxa	oxyr	3.0	grxa	3.0	oxyr	grxa	3	4	0	1	46	0.3516401625229707	0.46034077555816694
118	116	88	(88, 118)	107.33333333333333	116.0	16.77299416721217	('iscr', 'sufb')	True	1905.0	('iscr', 'sufb')		[(0, 0.048400116885054301, 0.5844906889876017), (10, 0.1327801751900205, 0.3118432436018872), (20, 0.085636327644640839, 0.52648459308523243), (30, 0.11367307306179682, 0.34522635453558714), (60, -0.61687435181521855, 0.00013166104431755477), (90, -0.48498377428898909, 0.056899617615762552)]	['+']	iscr	sufb	iscr	3.0	sufb	3.0	iscr	sufb	3	4	0	1	46	0.3516401625229707	0.46034077555816694
111	110	108	(108, 111)	109.66666666666667	110.0	1.5275252316519465	('iscr', 'sufa')	True	1904.0	('iscr', 'sufa')	60.0	[(0, 0.073410319294497123, 0.40651436798174889), (10, 0.21354424710239819, 0.1013656319390473), (20, 0.095157602180179476, 0.48136554974412971), (30, 0.046013111097359567, 0.70317847953722268), (60, -0.71656174729777722, 2.7296399094367149e-06), (90, -0.5668606105390237, 0.022039063898823808)]	['+']	iscr	sufa	iscr	3.0	sufa	3.0	iscr	sufa	3	4	0	1	46	0.3516401625229707	0.46034077555816694
117	117	98	(98, 117)	110.66666666666667	117.0	10.969655114602888	('oxyr', 'napf')	False												oxyr	napf	3	4	0	1	46	0.3516401625229707	0.46034077555816694
5	4	9	(4, 9)	6.0	5.0	2.6457513110645907	('lexa', 'dind')	True	1931.0	('lexa', 'dind')	0.0	[(0, 0.86692772996730194, 1.5928359912456159e-40), (10, 0.78896239645893684, 7.0612309814898802e-14), (20, 0.76175219884773437, 5.9483406561528566e-12), (30, 0.78642045140302341, 4.4140302572237199e-16), (60, 0.69294970720207794, 7.843268218044335e-06), (90, 0.70842819174487914, 0.0021293339768049895)]	['-']	lexa	dind	lexa	8.0	dind	8.0	lexa	dind	8	4	0	1	94	0.5205870584711159	0.7040484633569742
4	1	19	(1, 19)	8.0	4.0	9.643650760992955	('pdhr', 'acee')	True	2484.0	('pdhr', 'acee')	0.0	[(0, 0.53888236640629827, 3.7434663281827599e-11), (10, 0.39513854461944847, 0.0017806966152022711), (20, 0.42404745590159781, 0.0010120143732477299), (30, 0.30834145247354505, 0.0088943129915210698), (60, 0.2935063109664236, 0.097359030432356344), (90, 0.49595542381754737, 0.050725694193966935)]	['-']	pdhr	acee	pdhr	8.0	acee	8.0	pdhr	acee	8	4	0	1	94	0.5205870584711159	0.7040484633569742
11	17	0	(0, 17)	9.333333333333334	11.0	8.621678104251709	('lexa', 'recn')	True	1957.0	('lexa', 'recn')	0.0	[(0, 0.86236236140521771, 1.1856117435424748e-39), (10, 0.67482204065340645, 3.3689349634457652e-09), (20, 0.6262254167317467, 1.8887374356399511e-07), (30, 0.74110086532362962, 1.4709877618760023e-13), (60, 0.78809822989175748, 5.1954296871312576e-08), (90, 0.79743372766769949, 0.00021552390962923575)]	['-']	lexa	recn	lexa	8.0	recn	8.0	lexa	recn	8	4	0	1	94	0.5205870584711159	0.7040484633569742
3	3	27	(3, 27)	11.0	3.0	13.856406460551018	('pdhr', 'acef')	True	2485.0	('pdhr', 'acef')	0.0	[(0, 0.55643089420715719, 6.262525537033743e-12), (10, 0.38320929325361686, 0.0025097158293178761), (20, 0.4607882708264322, 0.00030975329058075777), (30, 0.40668148420910766, 0.00043260151316431937), (60, 0.28922276491341636, 0.10257432224078347), (90, 0.54223686985578701, 0.0300133198849564)]	['-']	pdhr	acef	pdhr	8.0	acef	8.0	pdhr	acef	8	4	0	1	94	0.5205870584711159	0.7040484633569742
13	21	1	(1, 21)	11.666666666666666	13.0	10.066445913694334	('lexa', 'yafo')	True	1973.0	('lexa', 'yafo')	0.0	[(0, 0.78705178257383368, 1.246716925520282e-28), (10, 0.74994234765471801, 5.354430298408454e-12), (20, 0.70738593793554239, 7.6746259203738753e-10), (30, 0.6164952203359586, 1.0409916888307834e-08), (60, 0.51586352256014667, 0.0021206684304557999), (90, 0.75021958512068398, 0.00081525849853206558)]	['-']	lexa	yafo	lexa	8.0	yafo	8.0	lexa	yafo	8	4	0	1	94	0.5205870584711159	0.7040484633569742
0	0	39	(0, 39)	13.0	0.0	22.516660498395403	('mraz', 'ftsl')	True	2185.0	('mraz', 'ftsl')	0.0	[(0, 0.79643324872346444, 9.6378358626320767e-30), (10, 0.48821383972989491, 7.5838572643145726e-05), (20, 0.50310191868452336, 6.6445689464017852e-05), (30, 0.64085039923590981, 1.7485672557454711e-09), (60, 0.6885779174173009, 9.4341721053940331e-06), (90, 0.59955668480868074, 0.014096685754713999)]	['-']	mraz	ftsl	mraz	8.0	ftsl	8.0	mraz	ftsl	8	4	0	1	94	0.5205870584711159	0.7040484633569742
6	11	23	(6, 23)	13.333333333333334	11.0	8.736894948054106	('lexa', 'umuc')	True	1966.0	('lexa', 'umuc')	0.0	[(0, 0.81641756908942553, 2.5639794242754621e-32), (10, 0.74743416686299946, 6.8821018621759207e-12), (20, 0.69819193505393484, 1.568054242369407e-09), (30, 0.76346715116285957, 9.8357223677976999e-15), (60, 0.69335547841620349, 7.7087213939878433e-06), (90, 0.7907879662579802, 0.00026508189652096957)]	['-']	lexa	umuc	lexa	8.0	umuc	8.0	lexa	umuc	8	4	0	1	94	0.5205870584711159	0.7040484633569742
2	7	41	(2, 41)	16.666666666666668	7.0	21.221058723196006	('lexa', 'ydjm')	True	1976.0	('lexa', 'ydjm')	0.0	[(0, 0.83347534320512862, 8.8995810449506452e-35), (10, 0.8025609787125263, 1.2540861766743639e-14), (20, 0.75286740849439215, 1.4325006127961309e-11), (30, 0.68568418619846594, 4.1791300391138433e-11), (60, 0.65897135206631874, 3.0469245379063852e-05), (90, 0.76105196613285586, 0.00061685830611417944)]	['-']	lexa	ydjm	lexa	8.0	ydjm	8.0	lexa	ydjm	8	4	0	1	94	0.5205870584711159	0.7040484633569742
21	10	26	(10, 26)	19.0	21.0	8.18535277187245	('lexa', 'ding')	True	1933.0	('lexa', 'ding')	0.0	[(0, 0.548462344520943, 1.4287151358780841e-11), (10, 0.33956488162118836, 0.0079473279278279539), (20, 0.30039445590055464, 0.023183446809932617), (30, 0.3999469210735474, 0.00054902335360243828), (60, 0.42752882806758669, 0.013075341063429894), (90, 0.61218085120494892, 0.011715321428530691)]	['-']	lexa	ding	lexa	8.0	ding	8.0	lexa	ding	8	4	0	1	94	0.5205870584711159	0.7040484633569742
33	20	21	(20, 33)	24.666666666666668	21.0	7.234178138070235	('lexa', 'sbmc')	True	1963.0	('lexa', 'sbmc')	0.0	[(0, 0.56323576604931158, 3.0426863191622768e-12), (10, 0.41077936541313725, 0.0011135619084449184), (20, 0.23649756627159038, 0.076530759429379258), (30, 0.44025899189207834, 0.00012202002328015257), (60, 0.66509505456236417, 2.4162795128935757e-05), (90, 0.72789925442213865, 0.0013903221117462919)]	['-']	lexa	sbmc	lexa	8.0	sbmc	8.0	lexa	sbmc	8	4	0	1	94	0.5205870584711159	0.7040484633569742
26	16	40	(16, 40)	27.333333333333332	26.0	12.055427546683417	('sdia', 'murd')	False												sdia	murd	8	4	0	1	94	0.5205870584711159	0.7040484633569742
38	26	18	(18, 38)	27.333333333333332	26.0	10.066445913694333	('sdia', 'ddlb')	False												sdia	ddlb	8	4	0	1	94	0.5205870584711159	0.7040484633569742
1	2	85	(1, 85)	29.333333333333332	2.0	48.21134029803915	('lexa', 'dinf')	True	1932.0	('lexa', 'dinf')	0.0	[(0, 0.80636942950246115, 5.5096709788310264e-31), (10, 0.67223166839698256, 4.0689927903984523e-09), (20, 0.60719068133937137, 5.5092999442766508e-07), (30, 0.7227524473288337, 1.1095571662415881e-12), (60, 0.72846306378059644, 1.539724884641372e-06), (90, 0.6419819964961615, 0.0073364099812546707)]	['-']	lexa	dinf	lexa	8.0	dinf	8.0	lexa	dinf	8	4	0	1	94	0.5205870584711159	0.7040484633569742
19	9	69	(9, 69)	32.333333333333336	19.0	32.145502536643185	('sdia', 'mraz')	False												sdia	mraz	8	4	0	1	94	0.5205870584711159	0.7040484633569742
17	30	52	(17, 52)	33.0	30.0	17.69180601295413	('lexa', 'sula')	True	1965.0	('lexa', 'sula')	0.0	[(0, 0.82724306793019575, 7.5711435790702421e-34), (10, 0.67399775109292337, 3.5782695684895395e-09), (20, 0.62961704351450454, 1.5489157547309104e-07), (30, 0.6712588824703547, 1.4905743346957116e-10), (60, 0.7970397487606492, 2.8478771922061431e-08), (90, 0.79977412458482422, 0.00020001723618667908)]	['-']	lexa	sula	lexa	8.0	sula	8.0	lexa	sula	8	4	0	1	94	0.5205870584711159	0.7040484633569742
7	14	82	(7, 82)	34.333333333333336	14.0	41.428653530296316	('mraz', 'sdia')	False												mraz	sdia	8	4	0	1	94	0.5205870584711159	0.7040484633569742
41	27	46	(27, 46)	38.0	41.0	9.848857801796104	('pdhr', 'murc')	True	2512.0	('pdhr', 'murc')	0.0	[(0, 0.52713193895040633, 1.1714785268997806e-10), (10, 0.41658339690742918, 0.0009301126071937731), (20, 0.3231019394775429, 0.014227506141435283), (30, 0.27228284992875051, 0.021609635162053061), (60, 0.40545046721148453, 0.019238823332183658), (90, 0.068183459850994846, 0.80189029044804261)]	['-']	pdhr	murc	pdhr	8.0	murc	8.0	pdhr	murc	8	4	0	1	94	0.5205870584711159	0.7040484633569742
67	39	12	(12, 67)	39.333333333333336	39.0	27.50151510977774	('pdhr', 'insk')	False												pdhr	insk	8	4	0	1	94	0.5205870584711159	0.7040484633569742
37	41	45	(37, 45)	41.0	41.0	4.0	('sdia', 'ftsi')	False												sdia	ftsi	8	4	0	1	94	0.5205870584711159	0.7040484633569742
48	82	16	(16, 82)	48.666666666666664	48.0	33.005050118630834	('sdia', 'ftsq')	True	2707.0	('sdia', 'ftsq')		[(0, 0.29896604750079459, 0.00054990815764311037), (10, 0.37134554368850664, 0.0034873486736542361), (20, 0.30229053437342696, 0.022287253493259079), (30, 0.19727876718854531, 0.099138505436644001), (60, -0.045143114735742819, 0.80300864946937234), (90, 0.15693524811590021, 0.56162062618985098)]	['+']	sdia	ftsq	sdia	8.0	ftsq	8.0	sdia	ftsq	8	4	0	1	94	0.5205870584711159	0.7040484633569742
46	43	76	(43, 76)	55.0	46.0	18.24828759089466	('pdhr', 'recd')	False												pdhr	recd	8	4	0	1	94	0.5205870584711159	0.7040484633569742
12	57	99	(12, 99)	56.0	57.0	43.508619835614184	('sdia', 'acef')	False												sdia	acef	8	4	0	1	94	0.5205870584711159	0.7040484633569742
95	25	51	(25, 95)	57.0	51.0	35.38361202590826	('lexa', 'insk')	True	1944.0	('lexa', 'insk')	10.0	[(0, 0.27022562583248627, 0.0018750093778595398), (10, 0.66614177318624956, 6.2961926186977783e-09), (20, 0.61839553393181868, 2.9590738397974897e-07), (30, 0.31038788938044631, 0.0084295968962557945), (60, -0.033894233731642021, 0.85146185034261013), (90, 0.10691067640022395, 0.6935175461791262)]	['-']	lexa	insk	lexa	8.0	insk	8.0	lexa	insk	8	4	0	1	94	0.5205870584711159	0.7040484633569742
72	77	30	(30, 77)	59.666666666666664	72.0	25.81343319539912	('mraz', 'yafq')	False												mraz	yafq	8	4	0	1	94	0.5205870584711159	0.7040484633569742
62	67	53	(53, 67)	60.666666666666664	62.0	7.094598884597588	('sdia', 'murc')	False												sdia	murc	8	4	0	1	94	0.5205870584711159	0.7040484633569742
20	15	151	(15, 151)	62.0	20.0	77.1167945391923	('mraz', 'glcf')	False												mraz	glcf	8	4	0	1	94	0.5205870584711159	0.7040484633569742
51	80	58	(51, 80)	63.0	58.0	15.132745950421556	('mraz', 'recd')	False												mraz	recd	8	4	0	1	94	0.5205870584711159	0.7040484633569742
15	93	83	(15, 93)	63.666666666666664	83.0	42.44211744639201	('pdhr', 'lpxc')	True	2510.0	('pdhr', 'lpxc')		[(0, 0.1895671628448434, 0.030761081559186755), (10, 0.30807433003558049, 0.016634148517934908), (20, 0.00052524582580313933, 0.99690608056579644), (30, 0.079405153477765236, 0.51038129064540738), (60, -0.042340968717552302, 0.81501871736112463), (90, 0.42419794510793951, 0.10151181839574053)]	['-']	pdhr	lpxc	pdhr	8.0	lpxc	8.0	pdhr	lpxc	8	4	0	1	94	0.5205870584711159	0.7040484633569742
47	124	28	(28, 124)	66.33333333333333	47.0	50.836338708972086	('glcc', 'lpxc')	False												glcc	lpxc	8	4	0	1	94	0.5205870584711159	0.7040484633569742
32	78	89	(32, 89)	66.33333333333333	78.0	30.237945256470937	('mraz', 'ftsi')	True	2184.0	('mraz', 'ftsi')		[(0, 0.30735879752380035, 0.00037498888962227578), (10, -0.20751862053897818, 0.11161147984898674), (20, -0.14515998285515352, 0.28131378586334255), (30, 0.11589999531131717, 0.33579603958506354), (60, 0.52847755368929317, 0.0015696138730350447), (90, -0.02076990560361229, 0.93914233581511397)]	['-']	mraz	ftsi	mraz	8.0	ftsi	8.0	mraz	ftsi	8	4	0	1	94	0.5205870584711159	0.7040484633569742
94	28	80	(28, 94)	67.33333333333333	80.0	34.7754702819866	('glcc', 'ruva')	False												glcc	ruva	8	4	0	1	94	0.5205870584711159	0.7040484633569742
28	38	139	(28, 139)	68.33333333333333	38.0	61.40304009846201	('lexa', 'hoke')	True	1943.0	('lexa', 'hoke')	0.0	[(0, 0.50889273413763658, 6.3269291652166612e-10), (10, 0.68919220374102286, 1.1410345055863332e-09), (20, 0.6783461906212197, 6.7178577794548762e-09), (30, 0.52724302762188291, 2.3125710396703937e-06), (60, 0.14992015848236798, 0.40499149093835041), (90, 0.052125317568382609, 0.84796369677505246)]	['-']	lexa	hoke	lexa	8.0	hoke	8.0	lexa	hoke	8	4	0	1	94	0.5205870584711159	0.7040484633569742
40	136	31	(31, 136)	69.0	40.0	58.19793810780585	('glcc', 'glcb')	True	1825.0	('glcc', 'glcb')		[(0, 0.34985034571015117, 4.5018911999904112e-05), (10, 0.43763083338617903, 0.00047106434445307938), (20, 0.31391716557900196, 0.017408296395517869), (30, 0.37803117633452565, 0.0011527251138723242), (60, 0.076315403473619994, 0.67294384157307174), (90, -0.06450733059217377, 0.81238929635617196)]	['+']	glcc	glcb	glcc	8.0	glcb	8.0	glcc	glcb	8	4	0	1	94	0.5205870584711159	0.7040484633569742
99	106	3	(3, 106)	69.33333333333333	99.0	57.55287424041768	('sdia', 'dinf')	False												sdia	dinf	8	4	0	1	94	0.5205870584711159	0.7040484633569742
64	34	120	(34, 120)	72.66666666666667	64.0	43.65012409298894	('sdia', 'ftsl')	False												sdia	ftsl	8	4	0	1	94	0.5205870584711159	0.7040484633569742
70	84	65	(65, 84)	73.0	70.0	9.848857801796104	('glcc', 'dinj')	False												glcc	dinj	8	4	0	1	94	0.5205870584711159	0.7040484633569742
56	46	123	(46, 123)	75.0	56.0	41.86884283091664	('lexa', 'ftsi')	True	1937.0	('lexa', 'ftsi')	10.0	[(0, 0.43160974014891218, 2.9444869520549329e-07), (10, 0.71206499801250622, 1.7810633453059057e-10), (20, 0.54197980438353222, 1.3351877722984261e-05), (30, 0.23432822918610244, 0.049192820210759235), (60, 0.18871641300162353, 0.29290054357361722), (90, 0.37291297516810706, 0.15485744504113486)]	['-']	lexa	ftsi	lexa	8.0	ftsi	8.0	lexa	ftsi	8	4	0	1	94	0.5205870584711159	0.7040484633569742
86	88	54	(54, 88)	76.0	86.0	19.078784028338912	('glcc', 'phr')	False												glcc	phr	8	4	0	1	94	0.5205870584711159	0.7040484633569742
89	120	20	(20, 120)	76.33333333333333	89.0	51.189191567491406	('pdhr', 'ybfe')	False												pdhr	ybfe	8	4	0	1	94	0.5205870584711159	0.7040484633569742
123	53	57	(53, 123)	77.66666666666667	57.0	39.31072796748151	('lexa', 'phr')	True	1952.0	('lexa', 'phr')	10.0	[(0, 0.02459257036045881, 0.78121785493821017), (10, 0.58210486106452297, 1.0689841243880373e-06), (20, 0.50864720262963914, 5.3479399036177142e-05), (30, 0.11421334557446459, 0.34292343723481677), (60, -0.37980220892700012, 0.029250038762778513), (90, -0.201551153226842, 0.45413410233623097)]	['-']	lexa	phr	lexa	8.0	phr	8.0	lexa	phr	8	4	0	1	94	0.5205870584711159	0.7040484633569742
80	90	64	(64, 90)	78.0	80.0	13.114877048604	('pdhr', 'rpod')	False												pdhr	rpod	8	4	0	1	94	0.5205870584711159	0.7040484633569742
140	13	92	(13, 140)	81.66666666666667	92.0	64.12747721011121	('glcc', 'yafq')	False												glcc	yafq	8	4	0	1	94	0.5205870584711159	0.7040484633569742
65	45	137	(45, 137)	82.33333333333333	65.0	48.38732616433081	('lexa', 'pdhr')	False												lexa	pdhr	8	4	0	1	94	0.5205870584711159	0.7040484633569742
76	117	60	(60, 117)	84.33333333333333	76.0	29.39954648176283	('pdhr', 'recb')	False												pdhr	recb	8	4	0	1	94	0.5205870584711159	0.7040484633569742
88	113	56	(56, 113)	85.66666666666667	88.0	28.571547618799602	('sdia', 'phr')	False												sdia	phr	8	4	0	1	94	0.5205870584711159	0.7040484633569742
61	47	150	(47, 150)	86.0	61.0	55.86591089385369	('sdia', 'recd')	False												sdia	recd	8	4	0	1	94	0.5205870584711159	0.7040484633569742
114	73	73	(73, 114)	86.66666666666667	73.0	23.671361036774655	('mraz', 'murd')	True	2193.0	('mraz', 'murd')		[(0, 0.043249421997770925, 0.62513527992916162), (10, -0.34280330305219259, 0.0073346132731623584), (20, -0.33749620799833507, 0.010246384260589719), (30, -0.017681690904950222, 0.88364080623257557), (60, 0.20980024269680719, 0.24126225621391539), (90, 0.11918414533868611, 0.66019959584324617)]	['-']	mraz	murd	mraz	8.0	murd	8.0	mraz	murd	8	4	0	1	94	0.5205870584711159	0.7040484633569742
115	75	72	(72, 115)	87.33333333333333	75.0	24.006943440041116	('glcc', 'glcd')	True	1826.0	('glcc', 'glcd')	0.0	[(0, 0.37854887229953255, 8.9604649995233535e-06), (10, 0.43663324504343559, 0.00048698781843274235), (20, 0.43699754276420999, 0.00067685721028241496), (30, 0.2051004431595039, 0.086194245952454313), (60, -0.0011649463652250443, 0.99486639768419383), (90, -0.17196298249497652, 0.52423772473765173)]	['+']	glcc	glcd	glcc	8.0	glcd	8.0	glcc	glcd	8	4	0	1	94	0.5205870584711159	0.7040484633569742
120	54	93	(54, 120)	89.0	93.0	33.18132004607411	('glcc', 'pdhr')	False												glcc	pdhr	8	4	0	1	94	0.5205870584711159	0.7040484633569742
29	146	95	(29, 146)	90.0	95.0	58.66003750424986	('lexa', 'uvrb')	True	1969.0	('lexa', 'uvrb')	0.0	[(0, 0.66288646224912584, 8.6053113100225753e-18), (10, 0.57669588322277754, 1.4174667608317907e-06), (20, 0.50571470628666981, 6.0013280584035196e-05), (30, 0.5110989093909607, 5.2515372494228282e-06), (60, 0.59064232352267021, 0.00029612270243874937), (90, 0.58562411111402135, 0.017147286477128505)]	['-']	lexa	uvrb	lexa	8.0	uvrb	8.0	lexa	uvrb	8	4	0	1	94	0.5205870584711159	0.7040484633569742
81	32	160	(32, 160)	91.0	81.0	64.5832795698701	('lexa', 'uvrc')	True	1970.0	('lexa', 'uvrc')	10.0	[(0, 0.39213774158375125, 3.9487853514755558e-06), (10, 0.71305739430464754, 1.6365392995079328e-10), (20, 0.67991539960533987, 6.0124371436566802e-09), (30, 0.32378041805379842, 0.0058797141651138569), (60, -0.24827351138642512, 0.16357305809888625), (90, -0.24262518220836454, 0.36524781375383369)]	['-']	lexa	uvrc	lexa	8.0	uvrc	8.0	lexa	uvrc	8	4	0	1	94	0.5205870584711159	0.7040484633569742
196	70	10	(10, 196)	92.0	70.0	94.93155429044654	('sdia', 'ftsa')	True	2706.0	('sdia', 'ftsa')		[(0, 0.25132222343325317, 0.003923070671789603), (10, 0.36133773522004786, 0.0045603240069380926), (20, 0.34098991131678619, 0.0094402857217485737), (30, 0.28292338950569051, 0.016815956703891181), (60, -0.024673523198040351, 0.89158891549780095), (90, -0.045403676261374953, 0.86739568676957701)]	['-']	sdia	ftsa	sdia	8.0	ftsa	8.0	sdia	ftsa	8	4	0	1	94	0.5205870584711159	0.7040484633569742
83	108	87	(83, 108)	92.66666666666667	87.0	13.428824718989123	('mraz', 'mure')	True	2194.0	('mraz', 'mure')		[(0, 0.23078817396221626, 0.0082481786624902676), (10, -0.26373988928493208, 0.0417351758714734), (20, -0.13168897001171026, 0.32883448312231034), (30, 0.26674328249657131, 0.024535765043534372), (60, 0.59622924342318162, 0.00025063843397612253), (90, 0.58446289769880022, 0.017422983334426222)]	['-']	mraz	mure	mraz	8.0	mure	8.0	mraz	mure	8	4	0	1	94	0.5205870584711159	0.7040484633569742
108	123	50	(50, 123)	93.66666666666667	108.0	38.552993831002716	('pdhr', 'ftsi')	True	2498.0	('pdhr', 'ftsi')		[(0, 0.068857432947906264, 0.43631115669663545), (10, 0.11572398409170143, 0.37858798935726956), (20, 0.16693274155039484, 0.21456022891397852), (30, 0.18174298607119202, 0.12929827204539374), (60, -0.078955663359785766, 0.66228542942635205), (90, -0.50137409673193478, 0.047867022497022779)]	['-']	pdhr	ftsi	pdhr	8.0	ftsi	8.0	pdhr	ftsi	8	4	0	1	94	0.5205870584711159	0.7040484633569742
186	83	15	(15, 186)	94.66666666666667	83.0	86.09490886999843	('sdia', 'hoke')	False												sdia	hoke	8	4	0	1	94	0.5205870584711159	0.7040484633569742
16	35	234	(16, 234)	95.0	35.0	120.75181158061356	('lexa', 'dinb')	True	1930.0	('lexa', 'dinb')	0.0	[(0, 0.82076395477526509, 6.4138785612013658e-33), (10, 0.7098784813225878, 2.1434680597244338e-10), (20, 0.72490685372204555, 1.8180912893593271e-10), (30, 0.69158292267946375, 2.4324913326690452e-11), (60, 0.67774422266102374, 1.4712364443527273e-05), (90, 0.76987679119995545, 0.00048626981369855526)]	['-']	lexa	dinb	lexa	8.0	dinb	8.0	lexa	dinb	8	4	0	1	94	0.5205870584711159	0.7040484633569742
52	201	34	(34, 201)	95.66666666666667	52.0	91.66424239218549	('sdia', 'ftsk')	False												sdia	ftsk	8	4	0	1	94	0.5205870584711159	0.7040484633569742
74	155	59	(59, 155)	96.0	74.0	51.64300533470143	('glcc', 'umud')	False												glcc	umud	8	4	0	1	94	0.5205870584711159	0.7040484633569742
25	24	240	(24, 240)	96.33333333333333	25.0	124.41998767615007	('lexa', 'ruvb')	True	1962.0	('lexa', 'ruvb')	0.0	[(0, 0.66714821853332884, 4.4627194864115773e-18), (10, 0.43217070015058678, 0.0005643729550154266), (20, 0.24517612639763023, 0.066033426858002245), (30, 0.59097898124412651, 5.7712235076058549e-08), (60, 0.59281291991409291, 0.00027764611958912272), (90, 0.50351036497094348, 0.046773665280611158)]	['-']	lexa	ruvb	lexa	8.0	ruvb	8.0	lexa	ruvb	8	4	0	1	94	0.5205870584711159	0.7040484633569742
50	22	218	(22, 218)	96.66666666666667	50.0	106.0062891216051	('glcc', 'uvrc')	False												glcc	uvrc	8	4	0	1	94	0.5205870584711159	0.7040484633569742
209	49	32	(32, 209)	96.66666666666667	49.0	97.6541516441228	('sdia', 'yafq')	False												sdia	yafq	8	4	0	1	94	0.5205870584711159	0.7040484633569742
90	121	81	(81, 121)	97.33333333333333	90.0	20.984120980716188	('mraz', 'ruvb')	False												mraz	ruvb	8	4	0	1	94	0.5205870584711159	0.7040484633569742
49	221	25	(25, 221)	98.33333333333333	49.0	106.90806018880585	('sdia', 'ftsw')	False												sdia	ftsw	8	4	0	1	94	0.5205870584711159	0.7040484633569742
8	6	283	(6, 283)	99.0	8.0	159.3518120386461	('lexa', 'yafn')	True	1972.0	('lexa', 'yafn')	0.0	[(0, 0.85336210243963218, 5.062110757411615e-38), (10, 0.70971417442145035, 2.1733607432349521e-10), (20, 0.66683199642140889, 1.4858480510038883e-08), (30, 0.68304614268686747, 5.3018593084007853e-11), (60, 0.73352711081613342, 1.1959330472831332e-06), (90, 0.82606760971140047, 8.0441050777130179e-05)]	['-']	lexa	yafn	lexa	8.0	yafn	8.0	lexa	yafn	8	4	0	1	94	0.5205870584711159	0.7040484633569742
24	19	255	(19, 255)	99.33333333333333	24.0	134.83446641468691	('lexa', 'yafp')	True	1974.0	('lexa', 'yafp')	0.0	[(0, 0.64044649194624892, 2.3054856369498497e-16), (10, 0.67978069197158542, 2.334664059223338e-09), (20, 0.64177148099600978, 7.4579102114517513e-08), (30, 0.49622575222851173, 1.0782609011998159e-05), (60, 0.4168607762688778, 0.015806171779891662), (90, 0.6440323902496714, 0.007091562499932166)]	['-']	lexa	yafp	lexa	8.0	yafp	8.0	lexa	yafp	8	4	0	1	94	0.5205870584711159	0.7040484633569742
113	50	135	(50, 135)	99.33333333333333	113.0	44.11726797222754	('mraz', 'murf')	True	2195.0	('mraz', 'murf')		[(0, -0.014189822387585621, 0.87269647852640853), (10, -0.30539578386759864, 0.01765308755959593), (20, -0.20374702157779609, 0.12846764204417821), (30, 0.14052146029833271, 0.24246477279421508), (60, 0.080665390342708337, 0.6554178374296743), (90, 0.46730059747862468, 0.06799225807344457)]	['-']	mraz	murf	mraz	8.0	murf	8.0	mraz	murf	8	4	0	1	94	0.5205870584711159	0.7040484633569742
78	55	166	(55, 166)	99.66666666666667	78.0	58.58611894752317	('glcc', 'ftsz')	False												glcc	ftsz	8	4	0	1	94	0.5205870584711159	0.7040484633569742
9	5	286	(5, 286)	100.0	9.0	161.09314076024467	('lexa', 'yebg')	True	1977.0	('lexa', 'yebg')	0.0	[(0, 0.85730820091828663, 1.0075456008917995e-38), (10, 0.6352390869558715, 4.9817995034976464e-08), (20, 0.56658752441708793, 4.3419061658134228e-06), (30, 0.73778985780132678, 2.1445695552749988e-13), (60, 0.81361880591741809, 8.6008054109553533e-09), (90, 0.77500105959850707, 0.00042154098842056868)]	['-']	lexa	yebg	lexa	8.0	yebg	8.0	lexa	yebg	8	4	0	1	94	0.5205870584711159	0.7040484633569742
141	162	2	(2, 162)	101.66666666666667	141.0	86.95017730478376	('mraz', 'lpxc')	True	2189.0	('mraz', 'lpxc')	10.0	[(0, 0.37648660924317018, 1.0114943650831487e-05), (10, 0.53990141083787113, 8.5089262632499984e-06), (20, 0.39870857183776509, 0.0021264842357718305), (30, 0.25632129772949891, 0.030954884565580126), (60, 0.169943281910931, 0.34439887216948495), (90, -0.10135205101498379, 0.70878642740682141)]	['-']	mraz	lpxc	mraz	8.0	lpxc	8.0	mraz	lpxc	8	4	0	1	94	0.5205870584711159	0.7040484633569742
182	66	61	(61, 182)	103.0	66.0	68.46166810705097	('pdhr', 'mraz')	True	167.0	('pdhr', 'mraz')		[(0, 0.20763504100773861, 0.017767253531801915), (10, 0.22066285036680669, 0.090218608625669702), (20, 0.045303665682422715, 0.73790465996578003), (30, 0.22851893820412111, 0.055262928899697666), (60, -0.20537942868880102, 0.25154789462331145), (90, -0.36032458786266913, 0.17038570673434525)]	['-']	pdhr	mraz	pdhr	8.0	mraz	8.0	pdhr	mraz	8	4	0	1	94	0.5205870584711159	0.7040484633569742
92	56	163	(56, 163)	103.66666666666667	92.0	54.44569159569317	('lexa', 'glcd')	False												lexa	glcd	8	4	0	1	94	0.5205870584711159	0.7040484633569742
58	31	223	(31, 223)	104.0	58.0	103.93748120865735	('lexa', 'acee')	False												lexa	acee	8	4	0	1	94	0.5205870584711159	0.7040484633569742
69	62	182	(62, 182)	104.33333333333333	69.0	67.35230755759845	('pdhr', 'glcd')	True	2504.0	('pdhr', 'glcd')		[(0, -0.18892854957090832, 0.031339242391088984), (10, 0.01857114047830544, 0.88799834227224295), (20, 0.19551227990540507, 0.14498098103296411), (30, -0.099476031515423696, 0.40916048346036749), (60, -0.27570075309021314, 0.12042676334804592), (90, -0.016263360885185194, 0.95233100827721351)]	['-']	pdhr	glcd	pdhr	8.0	glcd	8.0	pdhr	glcd	8	4	0	1	94	0.5205870584711159	0.7040484633569742
197	76	42	(42, 197)	105.0	76.0	81.46778504415104	('lexa', 'recd')	True	1956.0	('lexa', 'recd')	10.0	[(0, 0.14081149197245657, 0.11005092648758416), (10, 0.626804120640856, 8.4246130731270404e-08), (20, 0.53412610048297338, 1.8763149032805939e-05), (30, 0.21162070988948678, 0.076457490713666407), (60, -0.32326002989787733, 0.066505208942693114), (90, -0.36848164310708409, 0.16021047280809969)]	['-']	lexa	recd	lexa	8.0	recd	8.0	lexa	recd	8	4	0	1	94	0.5205870584711159	0.7040484633569742
10	8	298	(8, 298)	105.33333333333333	10.0	166.85722439658804	('lexa', 'reca')	True	1954.0	('lexa', 'reca')	0.0	[(0, 0.83565889829962292, 4.115945401895565e-35), (10, 0.59628009017674222, 4.9786789108111116e-07), (20, 0.54624458506576112, 1.1059550286157701e-05), (30, 0.73325586980920854, 3.5612966535628825e-13), (60, 0.8351367363868043, 1.5056966824849177e-09), (90, 0.8412917969549546, 4.4217994990582141e-05)]	['-']	lexa	reca	lexa	8.0	reca	8.0	lexa	reca	8	4	0	1	94	0.5205870584711159	0.7040484633569742
34	72	214	(34, 214)	106.66666666666667	72.0	94.87535682849015	('lexa', 'ruva')	True	1961.0	('lexa', 'ruva')	0.0	[(0, 0.7948022417116366, 1.5184863272252273e-29), (10, 0.55998196345368256, 3.2858412121607558e-06), (20, 0.41525894598925334, 0.0013178608896840817), (30, 0.66990234566994922, 1.6738436440878041e-10), (60, 0.69922855327666988, 5.9820259465060949e-06), (90, 0.64456966692599904, 0.0070284903487439349)]	['-']	lexa	ruva	lexa	8.0	ruva	8.0	lexa	ruva	8	4	0	1	94	0.5205870584711159	0.7040484633569742
156	23	142	(23, 156)	107.0	142.0	73.08214556237385	('glcc', 'rpod')	False												glcc	rpod	8	4	0	1	94	0.5205870584711159	0.7040484633569742
27	33	264	(27, 264)	108.0	33.0	135.1332675546625	('lexa', 'uvrd')	True	1971.0	('lexa', 'uvrd')	0.0	[(0, 0.69751409008347642, 2.9762004199461907e-20), (10, 0.65898878150544782, 1.0381183375809484e-08), (20, 0.63611608680226917, 1.0520302124150929e-07), (30, 0.56589906465160744, 2.7056892120805673e-07), (60, 0.4689257402160798, 0.0059104436031310464), (90, 0.56334907359752406, 0.023063146962126711)]	['-']	lexa	uvrd	lexa	8.0	uvrd	8.0	lexa	uvrd	8	4	0	1	94	0.5205870584711159	0.7040484633569742
73	36	220	(36, 220)	109.66666666666667	73.0	97.32591295915664	('lexa', 'ftsl')	True	1939.0	('lexa', 'ftsl')		[(0, 0.34791424565455503, 4.9924559121243558e-05), (10, 0.23973842879297363, 0.065045108868270682), (20, 0.17968607595133138, 0.18107245298489569), (30, 0.36613037131416271, 0.0016888214201928567), (60, 0.41877929395206193, 0.01528265301151017), (90, 0.49166669482712999, 0.053076656507149045)]	['-']	lexa	ftsl	lexa	8.0	ftsl	8.0	lexa	ftsl	8	4	0	1	94	0.5205870584711159	0.7040484633569742
128	18	188	(18, 188)	111.33333333333333	128.0	86.21678104251708	('lexa', 'ftsk')	True	1938.0	('lexa', 'ftsk')	0.0	[(0, 0.39682460689237758, 2.9512835604150835e-06), (10, 0.2264271163591994, 0.081916160497471191), (20, 0.031406330074687287, 0.81660277315374796), (30, 0.19780132652294058, 0.0982289552591602), (60, 0.43591375075763189, 0.01121778737952208), (90, 0.56496874477784298, 0.022586343314822767)]	['-']	lexa	ftsk	lexa	8.0	ftsk	8.0	lexa	ftsk	8	4	0	1	94	0.5205870584711159	0.7040484633569742
14	40	280	(14, 280)	111.33333333333333	40.0	146.64696837416494	('lexa', 'recx')	True	1958.0	('lexa', 'recx')	0.0	[(0, 0.80644979545024464, 5.379988852113657e-31), (10, 0.74152889412733625, 1.2286315132826126e-11), (20, 0.7062778284346487, 8.3768826889286712e-10), (30, 0.63548102985767452, 2.6262708011137914e-09), (60, 0.70197388357843171, 5.3024005512657272e-06), (90, 0.75312118612982881, 0.00075760457526986077)]	['-']	lexa	recx	lexa	8.0	recx	8.0	lexa	recx	8	4	0	1	94	0.5205870584711159	0.7040484633569742
151	58	127	(58, 151)	112.0	127.0	48.28043081829324	('pdhr', 'glcc')	False												pdhr	glcc	8	4	0	1	94	0.5205870584711159	0.7040484633569742
63	103	174	(63, 174)	113.33333333333333	103.0	56.21684207898317	('pdhr', 'murg')	True	2516.0	('pdhr', 'murg')		[(0, 0.32779624057651241, 0.00014060829921811753), (10, 0.31150652536125206, 0.015402363830684282), (20, 0.22441393893181158, 0.093301763810584665), (30, 0.21084452730480688, 0.077568376337419309), (60, 0.12331039821625364, 0.494185295996734), (90, -0.29931965635909435, 0.26007098288093439)]	['-']	pdhr	murg	pdhr	8.0	murg	8.0	pdhr	murg	8	4	0	1	94	0.5205870584711159	0.7040484633569742
165	42	134	(42, 165)	113.66666666666667	134.0	63.971347752984954	('pdhr', 'rpsu')	False												pdhr	rpsu	8	4	0	1	94	0.5205870584711159	0.7040484633569742
43	98	201	(43, 201)	114.0	98.0	80.20598481410225	('pdhr', 'murd')	True	2513.0	('pdhr', 'murd')		[(0, 0.3438477668127613, 6.190270442948747e-05), (10, 0.28719862829506676, 0.026085555040389945), (20, 0.23724080890570118, 0.07558292531030622), (30, 0.20816838942933066, 0.081497412068829891), (60, 0.27320690935434344, 0.12395725700982081), (90, -0.22595214121319779, 0.40009232069668715)]	['-']	pdhr	murd	pdhr	8.0	murd	8.0	pdhr	murd	8	4	0	1	94	0.5205870584711159	0.7040484633569742
68	138	138	(68, 138)	114.66666666666667	138.0	40.414518843273804	('glcc', 'acee')	False												glcc	acee	8	4	0	1	94	0.5205870584711159	0.7040484633569742
154	100	91	(91, 154)	115.0	100.0	34.07345007480164	('pdhr', 'glcf')	True	2505.0	('pdhr', 'glcf')		[(0, -0.089868803185286367, 0.30923676542707801), (10, 0.17901957210132916, 0.17112613802792781), (20, 0.34410018808241927, 0.008769519450643826), (30, -0.11046714502742061, 0.3590893149189639), (60, -0.48489211332822896, 0.0042373237913950453), (90, -0.17513030893084294, 0.51650631177190443)]	['-']	pdhr	glcf	pdhr	8.0	glcf	8.0	pdhr	glcf	8	4	0	1	94	0.5205870584711159	0.7040484633569742
85	64	196	(64, 196)	115.0	85.0	70.92954250522133	('pdhr', 'phr')	False												pdhr	phr	8	4	0	1	94	0.5205870584711159	0.7040484633569742
66	179	102	(66, 179)	115.66666666666667	102.0	57.72636601530823	('glcc', 'glcg')	True	1828.0	('glcc', 'glcg')		[(0, 0.24530364420237463, 0.004908292744067959), (10, 0.27945225791174361, 0.030589281582227491), (20, 0.096135091768660474, 0.47685229917599392), (30, 0.2220278677066872, 0.062753586335422176), (60, 0.10562776618438224, 0.55852807645130054), (90, -0.0389969033354923, 0.88598405567146654)]	['+']	glcc	glcg	glcc	8.0	glcg	8.0	glcc	glcg	8	4	0	1	94	0.5205870584711159	0.7040484633569742
22	51	275	(22, 275)	116.0	51.0	138.4593803250614	('mraz', 'phr')	False												mraz	phr	8	4	0	1	94	0.5205870584711159	0.7040484633569742
87	48	215	(48, 215)	116.66666666666667	87.0	87.36322643614608	('lexa', 'dinj')	True	138.0	('lexa', 'dinj')	0.0	[(0, 0.45462907968848587, 5.5240579076625015e-08), (10, 0.51146541151060332, 2.9617014943221876e-05), (20, 0.46160120064733495, 0.00030128259813623568), (30, 0.26976346048801675, 0.022901365909998452), (60, 0.25881347571523705, 0.14584756617297417), (90, 0.21524069599814499, 0.42337846498972098)]	['-']	lexa	dinj	lexa	8.0	dinj	8.0	lexa	dinj	8	4	0	1	94	0.5205870584711159	0.7040484633569742
91	104	176	(91, 176)	123.66666666666667	104.0	45.785732857881975	('lexa', 'acef')	False												lexa	acef	8	4	0	1	94	0.5205870584711159	0.7040484633569742
54	258	68	(54, 258)	126.66666666666667	68.0	113.95320677073258	('glcc', 'dind')	False												glcc	dind	8	4	0	1	94	0.5205870584711159	0.7040484633569742
44	249	88	(44, 249)	127.0	88.0	107.92126759818937	('glcc', 'sula')	False												glcc	sula	8	4	0	1	94	0.5205870584711159	0.7040484633569742
200	140	43	(43, 200)	127.66666666666667	140.0	79.22331306713531	('lexa', 'rpsu')	True	1960.0	('lexa', 'rpsu')		[(0, 0.23837457389966196, 0.0063118603564603325), (10, 0.32758731136709279, 0.010617914711264201), (20, 0.32044599079811031, 0.015091464407480704), (30, 0.27885911042916539, 0.018526573895573571), (60, -0.027056108767350671, 0.88119089886306057), (90, -0.36054020332694148, 0.17011134987450807)]	['-']	lexa	rpsu	lexa	8.0	rpsu	8.0	lexa	rpsu	8	4	0	1	94	0.5205870584711159	0.7040484633569742
247	94	44	(44, 247)	128.33333333333334	94.0	105.76546380238368	('sdia', 'reca')	False												sdia	reca	8	4	0	1	94	0.5205870584711159	0.7040484633569742
23	60	304	(23, 304)	129.0	60.0	152.67940267108725	('lexa', 'polb')	True	1953.0	('lexa', 'polb')	0.0	[(0, 0.73807187734003787, 1.2724194884855507e-23), (10, 0.63440462145917964, 5.2512869043520126e-08), (20, 0.57904109147160054, 2.3739759024478849e-06), (30, 0.55025650907374646, 6.6599270867943168e-07), (60, 0.51155890157814021, 0.0023439019087908891), (90, 0.719279923656997, 0.0016861210629888475)]	['-']	lexa	polb	lexa	8.0	polb	8.0	lexa	polb	8	4	0	1	94	0.5205870584711159	0.7040484633569742
240	114	33	(33, 240)	129.0	114.0	104.31203190428226	('mraz', 'rpod')	False												mraz	rpod	8	4	0	1	94	0.5205870584711159	0.7040484633569742
102	91	194	(91, 194)	129.0	102.0	56.55970296951709	('mraz', 'dinj')	False												mraz	dinj	8	4	0	1	94	0.5205870584711159	0.7040484633569742
133	194	63	(63, 194)	130.0	133.0	65.55150646628954	('pdhr', 'fece')	True	2496.0	('pdhr', 'fece')		[(0, 0.16707314728049216, 0.05744555766449045), (10, 0.0027392136395630183, 0.98342789469288305), (20, 0.16668534448710176, 0.21525009829353775), (30, 0.29018902781408806, 0.014094407475035422), (60, 0.51695683424148753, 0.0020670108130274186), (90, 0.59053660678040543, 0.016018266195641881)]	['+']	pdhr	fece	pdhr	8.0	fece	8.0	pdhr	fece	8	4	0	1	94	0.5205870584711159	0.7040484633569742
75	211	106	(75, 211)	130.66666666666666	106.0	71.27645707618564	('lexa', 'ftsa')	True	1936.0	('lexa', 'ftsa')		[(0, 0.25912347223645155, 0.002911336940498509), (10, 0.12173356020332581, 0.35415476726929862), (20, -0.06169760022686166, 0.64844629792852537), (30, 6.8507842516867876e-05, 0.99954759083438771), (60, 0.19364141037058524, 0.28025164629324167), (90, 0.47433268154405234, 0.063407111650174722)]	['-']	lexa	ftsa	lexa	8.0	ftsa	8.0	lexa	ftsa	8	4	0	1	94	0.5205870584711159	0.7040484633569742
35	81	278	(35, 278)	131.33333333333334	81.0	129.08266085471485	('sdia', 'glcb')	False												sdia	glcb	8	4	0	1	94	0.5205870584711159	0.7040484633569742
59	87	250	(59, 250)	132.0	87.0	103.14552825983296	('sdia', 'murg')	False												sdia	murg	8	4	0	1	94	0.5205870584711159	0.7040484633569742
146	144	109	(109, 146)	133.0	144.0	20.808652046684813	('sdia', 'pdhr')	False												sdia	pdhr	8	4	0	1	94	0.5205870584711159	0.7040484633569742
238	158	6	(6, 238)	134.0	158.0	117.84735890124988	('glcc', 'rpsu')	False												glcc	rpsu	8	4	0	1	94	0.5205870584711159	0.7040484633569742
18	122	263	(18, 263)	134.33333333333334	122.0	122.96476460081291	('lexa', 'umud')	True	1967.0	('lexa', 'umud')	0.0	[(0, 0.80016702216218083, 3.3509371263902347e-30), (10, 0.69228749596718564, 8.9635322206937396e-10), (20, 0.60911798561564656, 4.959132628186867e-07), (30, 0.73518418563900956, 2.8739294367959416e-13), (60, 0.69651636697010388, 6.7302075004489013e-06), (90, 0.78525142961429617, 0.0003132512116143568)]	['-']	lexa	umud	lexa	8.0	umud	8.0	lexa	umud	8	4	0	1	94	0.5205870584711159	0.7040484633569742
212	74	122	(74, 212)	136.0	122.0	70.05711955254797	('sdia', 'recb')	False												sdia	recb	8	4	0	1	94	0.5205870584711159	0.7040484633569742
106	12	290	(12, 290)	136.0	106.0	141.40721339450826	('lexa', 'glcc')	False												lexa	glcc	8	4	0	1	94	0.5205870584711159	0.7040484633569742
164	116	129	(116, 164)	136.33333333333334	129.0	24.826061575153908	('lexa', 'ddlb')	True	1929.0	('lexa', 'ddlb')		[(0, -0.0052788728191421816, 0.95246823599236807), (10, -0.17414673555510024, 0.18327033577138388), (20, -0.31495279130695192, 0.017021723737173089), (30, -0.15706513386116377, 0.19083979171268442), (60, 0.40354800466562668, 0.019867316439544289), (90, 0.44242654350143246, 0.08615741425643704)]	['-']	lexa	ddlb	lexa	8.0	ddlb	8.0	lexa	ddlb	8	4	0	1	94	0.5205870584711159	0.7040484633569742
171	68	171	(68, 171)	136.66666666666666	171.0	59.46707772653145	('lexa', 'sdia')	False												lexa	sdia	8	4	0	1	94	0.5205870584711159	0.7040484633569742
103	176	131	(103, 176)	136.66666666666666	131.0	36.8284310463171	('sdia', 'glcc')	False												sdia	glcc	8	4	0	1	94	0.5205870584711159	0.7040484633569742
132	180	100	(100, 180)	137.33333333333334	132.0	40.26578365477734	('pdhr', 'ftsz')	True	2502.0	('pdhr', 'ftsz')		[(0, 0.13961676626267605, 0.11313201001086556), (10, 0.32221213463777676, 0.012049400550924036), (20, 0.3346606534731511, 0.010943772437355772), (30, 0.36035521056291525, 0.0020223214774831915), (60, -0.2409659888959487, 0.17673573631050099), (90, -0.49364424007151136, 0.05198280179956094)]	['-']	pdhr	ftsz	pdhr	8.0	ftsz	8.0	pdhr	ftsz	8	4	0	1	94	0.5205870584711159	0.7040484633569742
158	59	195	(59, 195)	137.33333333333334	158.0	70.31595361888604	('pdhr', 'dinj')	False												pdhr	dinj	8	4	0	1	94	0.5205870584711159	0.7040484633569742
136	177	101	(101, 177)	138.0	136.0	38.03945320322047	('lexa', 'fece')	False												lexa	fece	8	4	0	1	94	0.5205870584711159	0.7040484633569742
147	142	125	(125, 147)	138.0	142.0	11.532562594670797	('sdia', 'glcg')	False												sdia	glcg	8	4	0	1	94	0.5205870584711159	0.7040484633569742
161	69	184	(69, 184)	138.0	161.0	60.852280154485584	('sdia', 'ding')	False												sdia	ding	8	4	0	1	94	0.5205870584711159	0.7040484633569742
149	229	38	(38, 229)	138.66666666666666	149.0	95.9183680706325	('glcc', 'fece')	False												glcc	fece	8	4	0	1	94	0.5205870584711159	0.7040484633569742
96	151	170	(96, 170)	139.0	151.0	38.43175770115127	('lexa', 'ybfe')	True	1975.0	('lexa', 'ybfe')		[(0, 0.2838799437646522, 0.0010638411685320287), (10, 0.28484233619052457, 0.02739225704505191), (20, 0.21922275690488929, 0.10133296378593122), (30, 0.28360966912236485, 0.01654091873240017), (60, -0.036433152756280882, 0.8404724646364341), (90, -0.069835493611678692, 0.79718231033549736)]	['-']	lexa	ybfe	lexa	8.0	ybfe	8.0	lexa	ybfe	8	4	0	1	94	0.5205870584711159	0.7040484633569742
229	52	136	(52, 229)	139.0	136.0	88.53812738024223	('lexa', 'mure')	True	1949.0	('lexa', 'mure')		[(0, 0.28903129460054328, 0.00085264908810131826), (10, 0.36306523130790996, 0.0043565634729782199), (20, 0.24607220514927355, 0.065018750587522794), (30, 0.18646144408436549, 0.11948163486242011), (60, 0.22983464433789208, 0.19819987027107072), (90, 0.15878594981343386, 0.55695582857217329)]	['-']	lexa	mure	lexa	8.0	mure	8.0	lexa	mure	8	4	0	1	94	0.5205870584711159	0.7040484633569742
77	126	216	(77, 216)	139.66666666666666	126.0	70.50059101407118	('lexa', 'ftsz')	True	1942.0	('lexa', 'ftsz')		[(0, 0.075825285259915276, 0.39120914927265138), (10, 0.091590910727192859, 0.4864282214352823), (20, -0.15040837942074498, 0.26409358416672041), (30, -0.13735980610104062, 0.25333163282349996), (60, -0.056695890965249365, 0.7539865989320248), (90, 0.083128790987446993, 0.7595496835352582)]	['-']	lexa	ftsz	lexa	8.0	ftsz	8.0	lexa	ftsz	8	4	0	1	94	0.5205870584711159	0.7040484633569742
175	209	35	(35, 209)	139.66666666666666	175.0	92.2243640982866	('glcc', 'ftsi')	False												glcc	ftsi	8	4	0	1	94	0.5205870584711159	0.7040484633569742
208	141	70	(70, 208)	139.66666666666666	141.0	69.00966115938647	('mraz', 'fece')	False												mraz	fece	8	4	0	1	94	0.5205870584711159	0.7040484633569742
144	129	149	(129, 149)	140.66666666666666	144.0	10.408329997330663	('lexa', 'yafq')	True	140.0	('lexa', 'yafq')		[(0, 0.17954705114889141, 0.040951445550507552), (10, 0.18218266121990134, 0.16356369999526393), (20, 0.1796532679498811, 0.18115345215238202), (30, -0.016920642897819187, 0.88861642304147215), (60, 0.1395745510782341, 0.43852739327717294), (90, 0.1681548531197033, 0.53360244384840616)]	['-']	lexa	yafq	lexa	8.0	yafq	8.0	lexa	yafq	8	4	0	1	94	0.5205870584711159	0.7040484633569742
153	85	192	(85, 192)	143.33333333333334	153.0	54.1510233821424	('glcc', 'ydiv')	False												glcc	ydiv	8	4	0	1	94	0.5205870584711159	0.7040484633569742
223	134	74	(74, 223)	143.66666666666666	134.0	74.96888243353594	('pdhr', 'ftsq')	True	2500.0	('pdhr', 'ftsq')	10.0	[(0, 0.3991889870871756, 2.5438026546460606e-06), (10, 0.58921339738966072, 7.3202929488927014e-07), (20, 0.39931861241154215, 0.0020902011414938768), (30, 0.24185849153377187, 0.042149773151321908), (60, -0.3044646753473349, 0.084934413469018158), (90, -0.72883992514184759, 0.0013607836923412605)]	['-']	pdhr	ftsq	pdhr	8.0	ftsq	8.0	pdhr	ftsq	8	4	0	1	94	0.5205870584711159	0.7040484633569742
30	166	236	(30, 236)	144.0	166.0	104.74731500138799	('lexa', 'ssb')	True	1964.0	('lexa', 'ssb')	0.0	[(0, 0.70999319678890382, 3.1533305205480184e-21), (10, 0.60639759575578722, 2.8204929669783842e-07), (20, 0.54540708162084017, 1.1478636170009318e-05), (30, 0.48232803928915063, 2.0500964638533403e-05), (60, 0.74469359549639713, 6.7120703319293465e-07), (90, 0.50965274037668695, 0.043733711913469198)]	['-']	lexa	ssb	lexa	8.0	ssb	8.0	lexa	ssb	8	4	0	1	94	0.5205870584711159	0.7040484633569742
246	157	29	(29, 246)	144.0	157.0	109.0825375575761	('sdia', 'ruvb')	False												sdia	ruvb	8	4	0	1	94	0.5205870584711159	0.7040484633569742
105	170	158	(105, 170)	144.33333333333334	158.0	34.58805188693537	('sdia', 'rpsu')	False												sdia	rpsu	8	4	0	1	94	0.5205870584711159	0.7040484633569742
159	63	212	(63, 212)	144.66666666666666	159.0	75.52703710151307	('glcc', 'mraz')	False												glcc	mraz	8	4	0	1	94	0.5205870584711159	0.7040484633569742
118	302	14	(14, 302)	144.66666666666666	118.0	145.8400950813367	('glcc', 'uvra')	False												glcc	uvra	8	4	0	1	94	0.5205870584711159	0.7040484633569742
57	110	268	(57, 268)	145.0	110.0	109.7679370308106	('sdia', 'murf')	False												sdia	murf	8	4	0	1	94	0.5205870584711159	0.7040484633569742
148	96	191	(96, 191)	145.0	148.0	47.57099956906519	('lexa', 'murf')	True	1950.0	('lexa', 'murf')		[(0, 0.16656425397310143, 0.058220246817638932), (10, 0.35392237117129433, 0.0055335708443650213), (20, 0.23186059733250478, 0.082658743617348027), (30, 0.18888884751072502, 0.11465925435449133), (60, -0.12482657051359912, 0.48884974362723832), (90, -0.055812047199441481, 0.83733957324364583)]	['-']	lexa	murf	lexa	8.0	murf	8.0	lexa	murf	8	4	0	1	94	0.5205870584711159	0.7040484633569742
71	127	237	(71, 237)	145.0	127.0	84.45116932286965	('sdia', 'mray')	False												sdia	mray	8	4	0	1	94	0.5205870584711159	0.7040484633569742
45	135	258	(45, 258)	146.0	135.0	106.92520750505935	('mraz', 'glcc')	False												mraz	glcc	8	4	0	1	94	0.5205870584711159	0.7040484633569742
121	207	110	(110, 207)	146.0	121.0	53.113086899558006	('pdhr', 'yebg')	False												pdhr	yebg	8	4	0	1	94	0.5205870584711159	0.7040484633569742
205	119	117	(117, 205)	147.0	119.0	50.23942674832188	('pdhr', 'dind')	False												pdhr	dind	8	4	0	1	94	0.5205870584711159	0.7040484633569742
222	210	11	(11, 222)	147.66666666666666	210.0	118.5087901099886	('glcc', 'murf')	False												glcc	murf	8	4	0	1	94	0.5205870584711159	0.7040484633569742
129	193	121	(121, 193)	147.66666666666666	129.0	39.46306289852998	('lexa', 'ydiv')	False												lexa	ydiv	8	4	0	1	94	0.5205870584711159	0.7040484633569742
180	145	119	(119, 180)	148.0	145.0	30.610455730027933	('lexa', 'glcg')	False												lexa	glcg	8	4	0	1	94	0.5205870584711159	0.7040484633569742
198	181	66	(66, 198)	148.33333333333334	181.0	71.80761333823409	('mraz', 'ydiv')	False												mraz	ydiv	8	4	0	1	94	0.5205870584711159	0.7040484633569742
267	71	108	(71, 267)	148.66666666666666	108.0	104.13612885705582	('sdia', 'ydjm')	False												sdia	ydjm	8	4	0	1	94	0.5205870584711159	0.7040484633569742
42	112	296	(42, 296)	150.0	112.0	131.1945120803458	('mraz', 'glcd')	False												mraz	glcd	8	4	0	1	94	0.5205870584711159	0.7040484633569742
145	115	190	(115, 190)	150.0	145.0	37.749172176353746	('mraz', 'hoke')	False												mraz	hoke	8	4	0	1	94	0.5205870584711159	0.7040484633569742
225	37	189	(37, 225)	150.33333333333334	189.0	99.78643862436084	('pdhr', 'ftsl')	True	2499.0	('pdhr', 'ftsl')		[(0, -0.0054234373389840662, 0.95116814120407323), (10, 0.10887828089344115, 0.40761822760110589), (20, 0.04907103408898679, 0.71698672315898027), (30, 0.28943846524169975, 0.014356712761460402), (60, -0.1907687521343272, 0.28758594343563021), (90, -0.39409104489669261, 0.13094118980825648)]	['-']	pdhr	ftsl	pdhr	8.0	ftsl	8.0	pdhr	ftsl	8	4	0	1	94	0.5205870584711159	0.7040484633569742
82	273	98	(82, 273)	151.0	98.0	105.95753866525968	('glcc', 'uvrb')	False												glcc	uvrb	8	4	0	1	94	0.5205870584711159	0.7040484633569742
248	65	140	(65, 248)	151.0	140.0	91.9945650568554	('lexa', 'ftsq')	True	1940.0	('lexa', 'ftsq')		[(0, 0.21350190768547161, 0.014728928625343694), (10, 0.11215732470979534, 0.39355504109615658), (20, -0.14467033114872319, 0.28295729204528891), (30, -0.047616903362729598, 0.693338014375673), (60, 0.26515651728693629, 0.13587813955864853), (90, 0.43085980460070017, 0.095692175278360353)]	['-']	lexa	ftsq	lexa	8.0	ftsq	8.0	lexa	ftsq	8	4	0	1	94	0.5205870584711159	0.7040484633569742
101	306	47	(47, 306)	151.33333333333334	101.0	136.63942817991202	('glcc', 'recn')	False												glcc	recn	8	4	0	1	94	0.5205870584711159	0.7040484633569742
221	61	177	(61, 221)	153.0	177.0	82.6559132790873	('sdia', 'glcf')	False												sdia	glcf	8	4	0	1	94	0.5205870584711159	0.7040484633569742
185	128	147	(128, 185)	153.33333333333334	147.0	29.022979401386987	('pdhr', 'sdia')	False												pdhr	sdia	8	4	0	1	94	0.5205870584711159	0.7040484633569742
143	29	291	(29, 291)	154.33333333333334	143.0	131.36716992206743	('lexa', 'mraz')	False												lexa	mraz	8	4	0	1	94	0.5205870584711159	0.7040484633569742
112	152	199	(112, 199)	154.33333333333334	152.0	43.546909572704855	('pdhr', 'hoke')	False												pdhr	hoke	8	4	0	1	94	0.5205870584711159	0.7040484633569742
214	132	118	(118, 214)	154.66666666666666	132.0	51.85878260558508	('glcc', 'insk')	False												glcc	insk	8	4	0	1	94	0.5205870584711159	0.7040484633569742
289	171	5	(5, 289)	155.0	171.0	142.67445461609447	('sdia', 'dnag')	False												sdia	dnag	8	4	0	1	94	0.5205870584711159	0.7040484633569742
155	189	124	(124, 189)	156.0	155.0	32.51153641401772	('glcc', 'acef')	False												glcc	acef	8	4	0	1	94	0.5205870584711159	0.7040484633569742
207	244	17	(17, 244)	156.0	207.0	121.79080425056729	('glcc', 'uvrd')	False												glcc	uvrd	8	4	0	1	94	0.5205870584711159	0.7040484633569742
36	225	207	(36, 225)	156.0	207.0	104.31203190428226	('lexa', 'lpxc')	True	1945.0	('lexa', 'lpxc')	0.0	[(0, 0.37669660818315776, 9.9912591751322339e-06), (10, 0.44362135310997386, 0.00038498758718605991), (20, 0.36824691075457255, 0.0048265613923679368), (30, 0.29042245743506168, 0.014013676756828266), (60, 0.004425782218721433, 0.98049849785517618), (90, -0.42435350171834252, 0.10137314423629247)]	['-']	lexa	lpxc	lexa	8.0	lpxc	8.0	lexa	lpxc	8	4	0	1	94	0.5205870584711159	0.7040484633569742
237	195	37	(37, 237)	156.33333333333334	195.0	105.45773244922978	('mraz', 'ybfe')	False												mraz	ybfe	8	4	0	1	94	0.5205870584711159	0.7040484633569742
116	111	244	(111, 244)	157.0	116.0	75.38567503179898	('glcc', 'sdia')	False												glcc	sdia	8	4	0	1	94	0.5205870584711159	0.7040484633569742
111	95	273	(95, 273)	159.66666666666666	111.0	98.47503913852147	('lexa', 'rpod')	True	1959.0	('lexa', 'rpod')		[(0, 0.036092643000292204, 0.68351024411399375), (10, 0.017551092235700286, 0.89411387790387553), (20, -0.053600679016446655, 0.69210820298158748), (30, -0.038142838742980419, 0.75214868514871691), (60, -0.13037876141085988, 0.46956581219436677), (90, -0.21296399000972224, 0.42841682805843129)]	['-']	lexa	rpod	lexa	8.0	rpod	8.0	lexa	rpod	8	4	0	1	94	0.5205870584711159	0.7040484633569742
306	149	24	(24, 306)	159.66666666666666	149.0	141.3022764619641	('sdia', 'yafn')	False												sdia	yafn	8	4	0	1	94	0.5205870584711159	0.7040484633569742
53	175	253	(53, 253)	160.33333333333334	175.0	100.80343909477162	('sdia', 'ydiv')	True	2709.0	('sdia', 'ydiv')		[(0, 0.3589543091131388, 2.7429162950019439e-05), (10, 0.40187685056071248, 0.0014586684903040677), (20, 0.36166999964611157, 0.0057044070329494148), (30, 0.2773524910734762, 0.019197477207149656), (60, 0.24050434371885801, 0.17759174266678038), (90, 0.2344143679181481, 0.38219138271882541)]	['+']	sdia	ydiv	sdia	8.0	ydiv	8.0	sdia	ydiv	8	4	0	1	94	0.5205870584711159	0.7040484633569742
93	163	226	(93, 226)	160.66666666666666	163.0	66.53069467045518	('glcc', 'murc')	False												glcc	murc	8	4	0	1	94	0.5205870584711159	0.7040484633569742
230	101	152	(101, 230)	161.0	152.0	64.96922348312314	('pdhr', 'ftsa')	True	2497.0	('pdhr', 'ftsa')		[(0, 0.038261845336433675, 0.66559818512293889), (10, 0.36281001393553408, 0.0043861514473980826), (20, 0.23198817103908415, 0.082485126944099402), (30, -0.00038352690139288728, 0.99746728542440177), (60, -0.47105514890273986, 0.0056589235891216921), (90, -0.66849412991840107, 0.0046404107720044111)]	['-']	pdhr	ftsa	pdhr	8.0	ftsa	8.0	pdhr	ftsa	8	4	0	1	94	0.5205870584711159	0.7040484633569742
97	89	297	(89, 297)	161.0	97.0	117.84735890124988	('pdhr', 'glcg')	True	2506.0	('pdhr', 'glcg')		[(0, -0.11967255074543781, 0.17504260255757584), (10, 0.236392075496177, 0.068997844690447729), (20, 0.16913880719574659, 0.20847706801754845), (30, -0.022481010815793293, 0.85237458050184411), (60, -0.38131130883780451, 0.028561939630029048), (90, -0.13440135253147337, 0.61971257346200093)]	['-']	pdhr	glcg	pdhr	8.0	glcg	8.0	pdhr	glcg	8	4	0	1	94	0.5205870584711159	0.7040484633569742
39	190	260	(39, 260)	163.0	190.0	112.94689017409908	('pdhr', 'murf')	True	2515.0	('pdhr', 'murf')	30.0	[(0, 0.25609558066197308, 0.0032721142557002527), (10, 0.12820859046704167, 0.32894300282220312), (20, 0.24616992086627604, 0.064908862447060414), (30, 0.49252967402695458, 1.2827037361203133e-05), (60, 0.45034056553425877, 0.0085421398266977283), (90, 0.20273028652280073, 0.45144189965924209)]	['-']	pdhr	murf	pdhr	8.0	murf	8.0	pdhr	murf	8	4	0	1	94	0.5205870584711159	0.7040484633569742
134	259	96	(96, 259)	163.0	134.0	85.28188553262645	('lexa', 'dnag')	True	1935.0	('lexa', 'dnag')		[(0, 0.21246709063187291, 0.015229424793166139), (10, 0.15919269297914038, 0.22439380151540844), (20, 0.15615093225308763, 0.246078454924126), (30, 0.19723103382302717, 0.099221915179974016), (60, 0.085480988715831902, 0.63622450615808779), (90, -0.02854895252052949, 0.91641316031303055)]	['-']	lexa	dnag	lexa	8.0	dnag	8.0	lexa	dnag	8	4	0	1	94	0.5205870584711159	0.7040484633569742
239	247	4	(4, 247)	163.33333333333334	239.0	138.04467875776066	('mraz', 'glcg')	False												mraz	glcg	8	4	0	1	94	0.5205870584711159	0.7040484633569742
178	167	148	(148, 178)	164.33333333333334	167.0	15.17673658377628	('glcc', 'ydjm')	False												glcc	ydjm	8	4	0	1	94	0.5205870584711159	0.7040484633569742
100	309	86	(86, 309)	165.0	100.0	124.90396310766124	('glcc', 'recx')	False												glcc	recx	8	4	0	1	94	0.5205870584711159	0.7040484633569742
288	147	62	(62, 288)	165.66666666666666	147.0	114.15048547129939	('sdia', 'ybfe')	False												sdia	ybfe	8	4	0	1	94	0.5205870584711159	0.7040484633569742
272	204	22	(22, 272)	166.0	204.0	129.2594290564522	('mraz', 'umuc')	False												mraz	umuc	8	4	0	1	94	0.5205870584711159	0.7040484633569742
125	133	241	(125, 241)	166.33333333333334	133.0	64.78682993736716	('glcc', 'murg')	False												glcc	murg	8	4	0	1	94	0.5205870584711159	0.7040484633569742
179	137	187	(137, 187)	167.66666666666666	179.0	26.857649437978246	('sdia', 'insk')	False												sdia	insk	8	4	0	1	94	0.5205870584711159	0.7040484633569742
110	296	97	(97, 296)	167.66666666666666	110.0	111.329840264564	('pdhr', 'reca')	False												pdhr	reca	8	4	0	1	94	0.5205870584711159	0.7040484633569742
137	105	262	(105, 262)	168.0	137.0	82.96384754819415	('sdia', 'glcd')	False												sdia	glcd	8	4	0	1	94	0.5205870584711159	0.7040484633569742
199	298	8	(8, 298)	168.33333333333334	199.0	147.41212071377757	('pdhr', 'uvra')	False												pdhr	uvra	8	4	0	1	94	0.5205870584711159	0.7040484633569742
150	153	203	(150, 203)	168.66666666666666	153.0	29.77135088190211	('pdhr', 'ydiv')	False												pdhr	ydiv	8	4	0	1	94	0.5205870584711159	0.7040484633569742
157	243	107	(107, 243)	169.0	157.0	68.78953408767936	('glcc', 'umuc')	False												glcc	umuc	8	4	0	1	94	0.5205870584711159	0.7040484633569742
135	161	211	(135, 211)	169.0	161.0	38.62641583165593	('glcc', 'ding')	False												glcc	ding	8	4	0	1	94	0.5205870584711159	0.7040484633569742
60	182	266	(60, 266)	169.33333333333334	182.0	103.58249530366284	('sdia', 'mure')	False												sdia	mure	8	4	0	1	94	0.5205870584711159	0.7040484633569742
233	164	112	(112, 233)	169.66666666666666	164.0	60.698709486556076	('glcc', 'ybfe')	False												glcc	ybfe	8	4	0	1	94	0.5205870584711159	0.7040484633569742
152	109	249	(109, 249)	170.0	152.0	71.71471257698799	('glcc', 'ftsa')	False												glcc	ftsa	8	4	0	1	94	0.5205870584711159	0.7040484633569742
126	199	186	(126, 199)	170.33333333333334	186.0	38.940124978399	('glcc', 'yafp')	False												glcc	yafp	8	4	0	1	94	0.5205870584711159	0.7040484633569742
79	169	265	(79, 265)	171.0	169.0	93.01612763386788	('pdhr', 'ftsw')	True	2501.0	('pdhr', 'ftsw')		[(0, 0.32003586150803587, 0.000205756244648162), (10, 0.27302143855506, 0.03480607611069849), (20, 0.27587121398141495, 0.037789173868655483), (30, 0.21550045865823206, 0.071093591569724834), (60, 0.23299293157129389, 0.19193410095558533), (90, -0.23908523114250929, 0.37250095065812944)]	['-']	pdhr	ftsw	pdhr	8.0	ftsw	8.0	pdhr	ftsw	8	4	0	1	94	0.5205870584711159	0.7040484633569742
235	202	77	(77, 235)	171.33333333333334	202.0	83.34466589610479	('mraz', 'ydjm')	False												mraz	ydjm	8	4	0	1	94	0.5205870584711159	0.7040484633569742
204	236	75	(75, 236)	171.66666666666666	204.0	85.231058501777	('pdhr', 'ding')	False												pdhr	ding	8	4	0	1	94	0.5205870584711159	0.7040484633569742
138	197	181	(138, 197)	172.0	181.0	30.512292604784715	('glcc', 'sbmc')	False												glcc	sbmc	8	4	0	1	94	0.5205870584711159	0.7040484633569742
122	242	155	(122, 242)	173.0	155.0	61.99193495931547	('glcc', 'glcf')	True	1827.0	('glcc', 'glcf')		[(0, 0.13607804410431021, 0.12265291782293941), (10, -0.057797283181407054, 0.66091871421146275), (20, 0.066899419234485211, 0.62099248387053807), (30, 0.069978672722623231, 0.56198468073079599), (60, 0.25534991156163001, 0.15151080222606764), (90, -0.055583295343047928, 0.83799802466157913)]	['+']	glcc	glcf	glcc	8.0	glcf	8.0	glcc	glcf	8	4	0	1	94	0.5205870584711159	0.7040484633569742
269	172	78	(78, 269)	173.0	172.0	95.50392662084633	('mraz', 'sula')	False												mraz	sula	8	4	0	1	94	0.5205870584711159	0.7040484633569742
84	174	269	(84, 269)	175.66666666666666	174.0	92.51126057585277	('mraz', 'uvrc')	False												mraz	uvrc	8	4	0	1	94	0.5205870584711159	0.7040484633569742
31	188	309	(31, 309)	176.0	188.0	139.38794782907166	('lexa', 'uvra')	True	1968.0	('lexa', 'uvra')	0.0	[(0, 0.71967361790929185, 5.0855128516635809e-22), (10, 0.68548144568994229, 1.5179942048198552e-09), (20, 0.60872563435763294, 5.0667767956831049e-07), (30, 0.54210128095354171, 1.0462873745498296e-06), (60, 0.72286066084697331, 2.0233514987766873e-06), (90, 0.600856590055314, 0.013835325460218284)]	['-']	lexa	uvra	lexa	8.0	uvra	8.0	lexa	uvra	8	4	0	1	94	0.5205870584711159	0.7040484633569742
282	92	156	(92, 282)	176.66666666666666	156.0	96.67126425848238	('sdia', 'lexa')	False												sdia	lexa	8	4	0	1	94	0.5205870584711159	0.7040484633569742
168	160	205	(160, 205)	177.66666666666666	168.0	24.00694344004112	('sdia', 'fece')	False												sdia	fece	8	4	0	1	94	0.5205870584711159	0.7040484633569742
174	282	84	(84, 282)	180.0	174.0	99.13626985114983	('glcc', 'lexa')	False												glcc	lexa	8	4	0	1	94	0.5205870584711159	0.7040484633569742
276	154	111	(111, 276)	180.33333333333334	154.0	85.594002905188	('glcc', 'ftsk')	False												glcc	ftsk	8	4	0	1	94	0.5205870584711159	0.7040484633569742
55	196	293	(55, 293)	181.33333333333334	196.0	119.67595135754439	('sdia', 'acee')	False												sdia	acee	8	4	0	1	94	0.5205870584711159	0.7040484633569742
256	284	7	(7, 284)	182.33333333333334	256.0	152.48715792922803	('mraz', 'sbmc')	False												mraz	sbmc	8	4	0	1	94	0.5205870584711159	0.7040484633569742
184	107	259	(107, 259)	183.33333333333334	184.0	76.00219295081776	('pdhr', 'yafq')	False												pdhr	yafq	8	4	0	1	94	0.5205870584711159	0.7040484633569742
283	200	67	(67, 283)	183.33333333333334	200.0	108.96023739572769	('mraz', 'lexa')	False												mraz	lexa	8	4	0	1	94	0.5205870584711159	0.7040484633569742
203	130	219	(130, 219)	184.0	203.0	47.44470465710583	('glcc', 'recd')	False												glcc	recd	8	4	0	1	94	0.5205870584711159	0.7040484633569742
253	131	168	(131, 253)	184.0	168.0	62.55397669213365	('lexa', 'mray')	True	1946.0	('lexa', 'mray')		[(0, 0.22309374200794638, 0.010731182144952596), (10, 0.32468644838625144, 0.011370996864731022), (20, 0.22421515650646598, 0.093599862383955804), (30, 0.098007655483394823, 0.41614410489251874), (60, 0.24921613806138146, 0.16192775340341981), (90, 0.28310787906775797, 0.288006837027937)]	['-']	lexa	mray	lexa	8.0	mray	8.0	lexa	mray	8	4	0	1	94	0.5205870584711159	0.7040484633569742
274	270	13	(13, 274)	185.66666666666666	270.0	149.5470940317241	('mraz', 'yafn')	False												mraz	yafn	8	4	0	1	94	0.5205870584711159	0.7040484633569742
280	99	180	(99, 280)	186.33333333333334	180.0	90.66605391949807	('sdia', 'yafp')	False												sdia	yafp	8	4	0	1	94	0.5205870584711159	0.7040484633569742
189	266	105	(105, 266)	186.66666666666666	189.0	80.52535832477452	('pdhr', 'ruva')	False												pdhr	ruva	8	4	0	1	94	0.5205870584711159	0.7040484633569742
255	143	165	(143, 255)	187.66666666666666	165.0	59.34082349726311	('mraz', 'reca')	False												mraz	reca	8	4	0	1	94	0.5205870584711159	0.7040484633569742
190	212	167	(167, 212)	189.66666666666666	190.0	22.50185177565023	('sdia', 'uvrd')	False												sdia	uvrd	8	4	0	1	94	0.5205870584711159	0.7040484633569742
169	268	133	(133, 268)	190.0	169.0	69.90708118638626	('pdhr', 'yafp')	False												pdhr	yafp	8	4	0	1	94	0.5205870584711159	0.7040484633569742
278	79	213	(79, 278)	190.0	213.0	101.4741346353838	('sdia', 'rpod')	False												sdia	rpod	8	4	0	1	94	0.5205870584711159	0.7040484633569742
245	102	224	(102, 245)	190.33333333333334	224.0	77.21614684334703	('mraz', 'glcb')	False												mraz	glcb	8	4	0	1	94	0.5205870584711159	0.7040484633569742
301	235	36	(36, 301)	190.66666666666666	235.0	137.950474204815	('sdia', 'polb')	False												sdia	polb	8	4	0	1	94	0.5205870584711159	0.7040484633569742
167	262	143	(143, 262)	190.66666666666666	167.0	62.93117934166921	('glcc', 'recb')	False												glcc	recb	8	4	0	1	94	0.5205870584711159	0.7040484633569742
228	274	71	(71, 274)	191.0	228.0	106.4377752492037	('pdhr', 'uvrd')	False												pdhr	uvrd	8	4	0	1	94	0.5205870584711159	0.7040484633569742
124	214	235	(124, 235)	191.0	214.0	58.966091951222275	('lexa', 'recb')	True	1955.0	('lexa', 'recb')		[(0, -0.14843023956918561, 0.09191738070943388), (10, -0.091664160047618612, 0.48607822615369789), (20, -0.23121210153286897, 0.083545747206529547), (30, -0.1814835591219493, 0.12985525671801171), (60, -0.145799660524665, 0.41816991796022773), (90, -0.33682546096940358, 0.20206653058468629)]	['-']	lexa	recb	lexa	8.0	recb	8.0	lexa	recb	8	4	0	1	94	0.5205870584711159	0.7040484633569742
117	218	239	(117, 239)	191.33333333333334	218.0	65.22525073415459	('mraz', 'dnag')	False												mraz	dnag	8	4	0	1	94	0.5205870584711159	0.7040484633569742
139	234	202	(139, 234)	191.66666666666666	202.0	48.33563212924119	('glcc', 'yafn')	False												glcc	yafn	8	4	0	1	94	0.5205870584711159	0.7040484633569742
295	168	113	(113, 295)	192.0	168.0	93.34345183246653	('sdia', 'yafo')	False												sdia	yafo	8	4	0	1	94	0.5205870584711159	0.7040484633569742
130	148	299	(130, 299)	192.33333333333334	148.0	92.81343293582741	('mraz', 'insk')	False												mraz	insk	8	4	0	1	94	0.5205870584711159	0.7040484633569742
296	187	94	(94, 296)	192.33333333333334	187.0	101.10555540292201	('sdia', 'ftsz')	True	2708.0	('sdia', 'ftsz')		[(0, -0.004542343318079998, 0.95909384730799541), (10, -0.16197774327032785, 0.21628566913363123), (20, -0.078356479185614253, 0.56234346138097535), (30, -0.087507654465694903, 0.46804823207881985), (60, 0.023692922122171549, 0.89587368150502755), (90, 0.27890151378198424, 0.29553731285024837)]	['-']	sdia	ftsz	sdia	8.0	ftsz	8.0	sdia	ftsz	8	4	0	1	94	0.5205870584711159	0.7040484633569742
98	232	248	(98, 248)	192.66666666666666	232.0	82.37313477908518	('glcc', 'dinb')	False												glcc	dinb	8	4	0	1	94	0.5205870584711159	0.7040484633569742
107	227	246	(107, 246)	193.33333333333334	227.0	75.36798613027506	('pdhr', 'mure')	True	2514.0	('pdhr', 'mure')		[(0, 0.17667905106383219, 0.044342037516524976), (10, 0.039683110146324474, 0.76338665463833277), (20, 0.17729022873696962, 0.18705650418248457), (30, 0.45611791648110317, 6.4007117459227578e-05), (60, 0.26240263522093982, 0.1401431210032715), (90, -0.011842546298937674, 0.96528008451454228)]	['-']	pdhr	mure	pdhr	8.0	mure	8.0	pdhr	mure	8	4	0	1	94	0.5205870584711159	0.7040484633569742
160	294	130	(130, 294)	194.66666666666666	160.0	87.32315462312006	('pdhr', 'lexa')	False												pdhr	lexa	8	4	0	1	94	0.5205870584711159	0.7040484633569742
224	245	116	(116, 245)	195.0	224.0	69.21704992268884	('pdhr', 'dinf')	False												pdhr	dinf	8	4	0	1	94	0.5205870584711159	0.7040484633569742
127	231	232	(127, 232)	196.66666666666666	231.0	60.33517492585344	('mraz', 'rpsu')	False												mraz	rpsu	8	4	0	1	94	0.5205870584711159	0.7040484633569742
249	217	126	(126, 249)	197.33333333333334	217.0	63.81483631047982	('lexa', 'murg')	True	1951.0	('lexa', 'murg')		[(0, 0.099585866728602063, 0.25961905468638663), (10, 0.1531393563870426, 0.24274025898668208), (20, 0.042812462096955446, 0.75184231459267803), (30, 0.063891344355264237, 0.59656717100469414), (60, -0.15297527393931556, 0.39537479337275394), (90, 0.08929130130650359, 0.74226877725487594)]	['-']	lexa	murg	lexa	8.0	murg	8.0	lexa	murg	8	4	0	1	94	0.5205870584711159	0.7040484633569742
119	248	225	(119, 248)	197.33333333333334	225.0	68.80649194177344	('pdhr', 'mray')	True	2511.0	('pdhr', 'mray')		[(0, 0.22942384813757422, 0.008647359873597122), (10, 0.14529643226379468, 0.26800152950984463), (20, 0.34791049851787181, 0.0080045259034120016), (30, 0.29210178515859009, 0.013444565428733055), (60, 0.26281537806527278, 0.13949774010245461), (90, -0.1433929023130649, 0.59625339698058477)]	['-']	pdhr	mray	pdhr	8.0	mray	8.0	pdhr	mray	8	4	0	1	94	0.5205870584711159	0.7040484633569742
220	228	145	(145, 228)	197.66666666666666	220.0	45.78573285788198	('mraz', 'dinf')	False												mraz	dinf	8	4	0	1	94	0.5205870584711159	0.7040484633569742
285	254	55	(55, 285)	198.0	254.0	124.80785231707178	('mraz', 'ftsq')	True	2186.0	('mraz', 'ftsq')		[(0, 0.32699385532437292, 0.00014632306676223193), (10, -0.095171937509820198, 0.46947393946758209), (20, -0.17756615235111325, 0.18636019034088425), (30, 0.10103083957659932, 0.40184066896104742), (60, 0.33197188395110061, 0.059103484071113127), (90, -0.22969834003425663, 0.39211315113027839)]	['-']	mraz	ftsq	mraz	8.0	ftsq	8.0	mraz	ftsq	8	4	0	1	94	0.5205870584711159	0.7040484633569742
273	44	277	(44, 277)	198.0	273.0	133.3829074506925	('mraz', 'ftsz')	True	2188.0	('mraz', 'ftsz')		[(0, 0.26496927868682713, 0.0023145788899171893), (10, 0.16057384109312764, 0.22034680363644649), (20, 0.068035566362391428, 0.61506220678077095), (30, 0.14144449778379822, 0.23935361436894376), (60, 0.34515318475250412, 0.049156706716962109), (90, -0.070447395039279437, 0.79544016166096299)]	['-']	mraz	ftsz	mraz	8.0	ftsz	8.0	mraz	ftsz	8	4	0	1	94	0.5205870584711159	0.7040484633569742
170	261	164	(164, 261)	198.33333333333334	170.0	54.35377938408086	('glcc', 'ssb')	False												glcc	ssb	8	4	0	1	94	0.5205870584711159	0.7040484633569742
206	86	307	(86, 307)	199.66666666666666	206.0	110.636039938771	('lexa', 'glcb')	False												lexa	glcb	8	4	0	1	94	0.5205870584711159	0.7040484633569742
275	97	229	(97, 275)	200.33333333333334	229.0	92.3976911688454	('lexa', 'glcf')	False												lexa	glcf	8	4	0	1	94	0.5205870584711159	0.7040484633569742
162	230	209	(162, 230)	200.33333333333334	209.0	34.81857741685225	('glcc', 'ftsw')	False												glcc	ftsw	8	4	0	1	94	0.5205870584711159	0.7040484633569742
263	224	115	(115, 263)	200.66666666666666	224.0	76.70940837559193	('sdia', 'uvrc')	False												sdia	uvrc	8	4	0	1	94	0.5205870584711159	0.7040484633569742
201	165	238	(165, 238)	201.33333333333334	201.0	36.50114153466071	('glcc', 'ruvb')	False												glcc	ruvb	8	4	0	1	94	0.5205870584711159	0.7040484633569742
142	303	159	(142, 303)	201.33333333333334	159.0	88.45526176171394	('glcc', 'yebg')	False												glcc	yebg	8	4	0	1	94	0.5205870584711159	0.7040484633569742
187	222	198	(187, 222)	202.33333333333334	198.0	17.897858344878397	('pdhr', 'sula')	False												pdhr	sula	8	4	0	1	94	0.5205870584711159	0.7040484633569742
217	192	200	(192, 217)	203.0	200.0	12.767145334803704	('lexa', 'ftsw')	True	1941.0	('lexa', 'ftsw')		[(0, 0.16267097501501923, 0.064435024386049602), (10, 0.13912257054570801, 0.28908293703166715), (20, 0.010151605979004498, 0.94025700553537861), (30, -0.014115138122443532, 0.90699402698213305), (60, 0.26710526459539341, 0.13291817499358005), (90, 0.2604943082640564, 0.32984913780766889)]	['-']	lexa	ftsw	lexa	8.0	ftsw	8.0	lexa	ftsw	8	4	0	1	94	0.5205870584711159	0.7040484633569742
172	216	222	(172, 222)	203.33333333333334	216.0	27.30079363925769	('lexa', 'murc')	True	1947.0	('lexa', 'murc')		[(0, -0.067539793080562335, 0.44516108397065468), (10, -0.003575574918340374, 0.97836901706967061), (20, -0.10101335855346703, 0.45466905910822975), (30, -0.090885239956397856, 0.45098045225405325), (60, -0.13124074095929492, 0.46660827952250017), (90, -0.20350709447764445, 0.44967268044082276)]	['-']	lexa	murc	lexa	8.0	murc	8.0	lexa	murc	8	4	0	1	94	0.5205870584711159	0.7040484633569742
210	260	141	(141, 260)	203.66666666666666	210.0	59.752266344744896	('mraz', 'acee')	False												mraz	acee	8	4	0	1	94	0.5205870584711159	0.7040484633569742
213	125	276	(125, 276)	204.66666666666666	213.0	75.84413842435903	('glcc', 'hoke')	False												glcc	hoke	8	4	0	1	94	0.5205870584711159	0.7040484633569742
243	198	175	(175, 243)	205.33333333333334	198.0	34.58805188693537	('glcc', 'dnag')	False												glcc	dnag	8	4	0	1	94	0.5205870584711159	0.7040484633569742
302	156	162	(156, 302)	206.66666666666666	162.0	82.61557560976824	('sdia', 'sbmc')	False												sdia	sbmc	8	4	0	1	94	0.5205870584711159	0.7040484633569742
264	178	178	(178, 264)	206.66666666666666	178.0	49.652123150307816	('mraz', 'ftsa')	True	2183.0	('mraz', 'ftsa')		[(0, 0.27735904900610209, 0.0013994830280817314), (10, -0.031527933460168266, 0.81099978602921108), (20, -0.12272218748272991, 0.36311294792009796), (30, 0.044936689066896955, 0.70981063613962703), (60, 0.23918852923604814, 0.18004768586865805), (90, -0.29469383371886604, 0.26786577510910198)]	['-']	mraz	ftsa	mraz	8.0	ftsa	8.0	mraz	ftsa	8	4	0	1	94	0.5205870584711159	0.7040484633569742
202	250	169	(169, 250)	207.0	202.0	40.7308237088326	('glcc', 'mray')	False												glcc	mray	8	4	0	1	94	0.5205870584711159	0.7040484633569742
109	293	221	(109, 293)	207.66666666666666	221.0	92.7218061371398	('glcc', 'polb')	False												glcc	polb	8	4	0	1	94	0.5205870584711159	0.7040484633569742
236	118	271	(118, 271)	208.33333333333334	236.0	80.16441438277543	('sdia', 'dinj')	False												sdia	dinj	8	4	0	1	94	0.5205870584711159	0.7040484633569742
258	291	79	(79, 291)	209.33333333333334	258.0	114.0716149326086	('pdhr', 'umuc')	False												pdhr	umuc	8	4	0	1	94	0.5205870584711159	0.7040484633569742
281	257	90	(90, 281)	209.33333333333334	257.0	104.04005638855323	('sdia', 'lpxc')	False												sdia	lpxc	8	4	0	1	94	0.5205870584711159	0.7040484633569742
194	150	288	(150, 288)	210.66666666666666	194.0	70.49349851818488	('pdhr', 'ddlb')	True	2491.0	('pdhr', 'ddlb')	0.0	[(0, 0.37527058527047358, 1.0860042955306137e-05), (10, 0.52260659198624759, 1.8411932004516227e-05), (20, 0.39797782667610443, 0.0021706847851371875), (30, 0.19524792936839144, 0.10273586472347226), (60, -0.16911966951192531, 0.3467768114840829), (90, -0.62637718476976489, 0.0094277587736077487)]	['-']	pdhr	ddlb	pdhr	8.0	ddlb	8.0	pdhr	ddlb	8	4	0	1	94	0.5205870584711159	0.7040484633569742
192	238	204	(192, 238)	211.33333333333334	204.0	23.86070689089771	('pdhr', 'yafo')	False												pdhr	yafo	8	4	0	1	94	0.5205870584711159	0.7040484633569742
261	213	161	(161, 261)	211.66666666666666	213.0	50.01333155602947	('mraz', 'yafp')	False												mraz	yafp	8	4	0	1	94	0.5205870584711159	0.7040484633569742
216	305	114	(114, 305)	211.66666666666666	216.0	95.57370628647469	('pdhr', 'polb')	False												pdhr	polb	8	4	0	1	94	0.5205870584711159	0.7040484633569742
215	278	144	(144, 278)	212.33333333333334	215.0	67.03978918025723	('pdhr', 'umud')	False												pdhr	umud	8	4	0	1	94	0.5205870584711159	0.7040484633569742
183	269	185	(183, 269)	212.33333333333334	185.0	49.08496035786658	('glcc', 'ddlb')	False												glcc	ddlb	8	4	0	1	94	0.5205870584711159	0.7040484633569742
131	206	305	(131, 305)	214.0	206.0	87.27542609463445	('pdhr', 'glcb')	True	2503.0	('pdhr', 'glcb')		[(0, -0.13131058180854621, 0.13644341096832455), (10, 0.15931995634772639, 0.22401874912711511), (20, 0.23413216890848704, 0.079610124652323588), (30, 0.11859024946306802, 0.32462222455222012), (60, -0.35038410833581829, 0.045600486376571943), (90, -0.18714175032452379, 0.48767269107764688)]	['-']	pdhr	glcb	pdhr	8.0	glcb	8.0	pdhr	glcb	8	4	0	1	94	0.5205870584711159	0.7040484633569742
252	288	104	(104, 288)	214.66666666666666	252.0	97.51581068387492	('pdhr', 'ssb')	False												pdhr	ssb	8	4	0	1	94	0.5205870584711159	0.7040484633569742
193	300	153	(153, 300)	215.33333333333334	193.0	76.00219295081776	('pdhr', 'ydjm')	False												pdhr	ydjm	8	4	0	1	94	0.5205870584711159	0.7040484633569742
231	159	257	(159, 257)	215.66666666666666	231.0	50.76744363598913	('mraz', 'pdhr')	False												mraz	pdhr	8	4	0	1	94	0.5205870584711159	0.7040484633569742
104	263	284	(104, 284)	217.0	263.0	98.42255838983256	('glcc', 'yafo')	False												glcc	yafo	8	4	0	1	94	0.5205870584711159	0.7040484633569742
305	299	48	(48, 305)	217.33333333333334	299.0	146.6776511038179	('sdia', 'uvrb')	False												sdia	uvrb	8	4	0	1	94	0.5205870584711159	0.7040484633569742
297	308	49	(49, 308)	218.0	297.0	146.46159906268946	('mraz', 'recn')	False												mraz	recn	8	4	0	1	94	0.5205870584711159	0.7040484633569742
166	220	272	(166, 272)	219.33333333333334	220.0	53.00314456080255	('glcc', 'murd')	False												glcc	murd	8	4	0	1	94	0.5205870584711159	0.7040484633569742
181	297	183	(181, 297)	220.33333333333334	183.0	66.40281118547117	('pdhr', 'recn')	False												pdhr	recn	8	4	0	1	94	0.5205870584711159	0.7040484633569742
250	173	242	(173, 250)	221.66666666666666	242.0	42.335957923889396	('mraz', 'mray')	True	2191.0	('mraz', 'mray')		[(0, -0.0010781205770774294, 0.99028699621598093), (10, -0.45819031305938396, 0.00023199803563826794), (20, -0.30305141188399964, 0.021935947599683925), (30, -0.021617611883805652, 0.8579841145695225), (60, 0.64739178422422505, 4.6586078511326974e-05), (90, 0.46985471250020394, 0.066299793905127927)]	['-']	mraz	mray	mraz	8.0	mray	8.0	mraz	mray	8	4	0	1	94	0.5205870584711159	0.7040484633569742
298	241	128	(128, 298)	222.33333333333334	241.0	86.52359986346693	('sdia', 'recx')	False												sdia	recx	8	4	0	1	94	0.5205870584711159	0.7040484633569742
195	203	274	(195, 274)	224.0	203.0	43.485629810317796	('lexa', 'murd')	True	1948.0	('lexa', 'murd')		[(0, -0.03836077323088824, 0.66478567749986217), (10, -0.12133838940422993, 0.35573095636616114), (20, -0.15578105584925311, 0.24721290839739693), (30, -0.077386813748688124, 0.52122281160072148), (60, -0.028085632496500729, 0.87670379370523344), (90, 0.11896128096140277, 0.66079950602824655)]	['-']	lexa	murd	lexa	8.0	murd	8.0	lexa	murd	8	4	0	1	94	0.5205870584711159	0.7040484633569742
268	253	154	(154, 268)	225.0	253.0	61.94352266379432	('sdia', 'ruva')	False												sdia	ruva	8	4	0	1	94	0.5205870584711159	0.7040484633569742
234	233	210	(210, 234)	225.66666666666666	233.0	13.576941236277534	('pdhr', 'uvrc')	False												pdhr	uvrc	8	4	0	1	94	0.5205870584711159	0.7040484633569742
307	267	103	(103, 307)	225.66666666666666	267.0	108.09872031311626	('sdia', 'recn')	False												sdia	recn	8	4	0	1	94	0.5205870584711159	0.7040484633569742
188	208	285	(188, 285)	227.0	208.0	51.21523210920751	('glcc', 'ftsl')	False												glcc	ftsl	8	4	0	1	94	0.5205870584711159	0.7040484633569742
173	240	270	(173, 270)	227.66666666666666	240.0	49.66219219218311	('mraz', 'murg')	True	2196.0	('mraz', 'murg')		[(0, 0.016940324703013376, 0.84829238851186139), (10, -0.35266872074253658, 0.0057150091438657822), (20, -0.32983054009996221, 0.012226299976558167), (30, 0.018411061476365516, 0.87887649843943449), (60, 0.099859933974654244, 0.58031971942271188), (90, -0.14481244699662704, 0.59258290641907096)]	['-']	mraz	murg	mraz	8.0	murg	8.0	mraz	murg	8	4	0	1	94	0.5205870584711159	0.7040484633569742
191	205	287	(191, 287)	227.66666666666666	205.0	51.85878260558508	('pdhr', 'ftsk')	False												pdhr	ftsk	8	4	0	1	94	0.5205870584711159	0.7040484633569742
286	226	172	(172, 286)	228.0	226.0	57.02630971753301	('mraz', 'yafo')	False												mraz	yafo	8	4	0	1	94	0.5205870584711159	0.7040484633569742
244	186	256	(186, 256)	228.66666666666666	244.0	37.43438704364389	('pdhr', 'dnag')	False												pdhr	dnag	8	4	0	1	94	0.5205870584711159	0.7040484633569742
291	271	132	(132, 291)	231.33333333333334	271.0	86.6044648579583	('sdia', 'umud')	False												sdia	umud	8	4	0	1	94	0.5205870584711159	0.7040484633569742
177	276	243	(177, 276)	232.0	243.0	50.40833264451424	('pdhr', 'recx')	False												pdhr	recx	8	4	0	1	94	0.5205870584711159	0.7040484633569742
232	237	231	(231, 237)	233.33333333333334	232.0	3.214550253664318	('mraz', 'acef')	False												mraz	acef	8	4	0	1	94	0.5205870584711159	0.7040484633569742
226	183	292	(183, 292)	233.66666666666666	226.0	54.90294466905517	('pdhr', 'sbmc')	False												pdhr	sbmc	8	4	0	1	94	0.5205870584711159	0.7040484633569742
219	290	193	(193, 290)	234.0	219.0	50.20956084253277	('pdhr', 'yafn')	False												pdhr	yafn	8	4	0	1	94	0.5205870584711159	0.7040484633569742
254	277	173	(173, 277)	234.66666666666666	254.0	54.62905209989766	('mraz', 'ftsw')	True	2187.0	('mraz', 'ftsw')		[(0, 0.0010289187557448731, 0.99073024507916252), (10, -0.48631831558652877, 8.1638830101917292e-05), (20, -0.42046283932149137, 0.0011280660670795204), (30, -0.11383164718889652, 0.34454943292782736), (60, 0.639277260204135, 6.2083470280365575e-05), (90, 0.28112402131917075, 0.29154400286055659)]	['-']	mraz	ftsw	mraz	8.0	ftsw	8.0	mraz	ftsw	8	4	0	1	94	0.5205870584711159	0.7040484633569742
227	184	295	(184, 295)	235.33333333333334	227.0	55.96725232967341	('mraz', 'uvrd')	False												mraz	uvrd	8	4	0	1	94	0.5205870584711159	0.7040484633569742
218	246	245	(218, 246)	236.33333333333334	245.0	15.88500340992514	('glcc', 'mure')	False												glcc	mure	8	4	0	1	94	0.5205870584711159	0.7040484633569742
265	139	306	(139, 306)	236.66666666666666	265.0	87.03064594344531	('mraz', 'ding')	False												mraz	ding	8	4	0	1	94	0.5205870584711159	0.7040484633569742
270	215	228	(215, 270)	237.66666666666666	228.0	28.746014216467184	('mraz', 'recb')	False												mraz	recb	8	4	0	1	94	0.5205870584711159	0.7040484633569742
292	281	146	(146, 292)	239.66666666666666	281.0	81.30395644329576	('sdia', 'uvra')	False												sdia	uvra	8	4	0	1	94	0.5205870584711159	0.7040484633569742
271	292	157	(157, 292)	240.0	271.0	72.64296249465602	('mraz', 'dind')	False												mraz	dind	8	4	0	1	94	0.5205870584711159	0.7040484633569742
304	191	227	(191, 304)	240.66666666666666	227.0	57.72636601530823	('sdia', 'yebg')	False												sdia	yebg	8	4	0	1	94	0.5205870584711159	0.7040484633569742
266	265	197	(197, 266)	242.66666666666666	265.0	39.55165398985652	('mraz', 'murc')	True	2192.0	('mraz', 'murc')		[(0, -0.0059310233750146935, 0.94660436821460126), (10, -0.36023083984648863, 0.0046952598256403046), (20, -0.33564996774660594, 0.010695935936856931), (30, -0.065304540880482695, 0.58845468380505817), (60, 0.23488362201781426, 0.18825009708493495), (90, 0.18170801538513787, 0.50061996879594406)]	['-']	mraz	murc	mraz	8.0	murc	8.0	mraz	murc	8	4	0	1	94	0.5205870584711159	0.7040484633569742
241	286	217	(217, 286)	248.0	241.0	35.02855977627399	('pdhr', 'dinb')	False												pdhr	dinb	8	4	0	1	94	0.5205870584711159	0.7040484633569742
279	289	179	(179, 289)	249.0	279.0	60.8276253029822	('sdia', 'dinb')	False												sdia	dinb	8	4	0	1	94	0.5205870584711159	0.7040484633569742
300	252	208	(208, 300)	253.33333333333334	252.0	46.01449047129973	('mraz', 'ddlb')	True	2182.0	('mraz', 'ddlb')	60.0	[(0, 0.14604211588529301, 0.097326390355605183), (10, -0.29748958264056219, 0.020976734565176205), (20, -0.34595343301945164, 0.0083898587861629351), (30, -0.061743377161129771, 0.60899201404869996), (60, 0.68803818233441305, 9.6496372778497252e-06), (90, 0.074576355600950175, 0.78370861184118712)]	['-']	mraz	ddlb	mraz	8.0	ddlb	8.0	mraz	ddlb	8	4	0	1	94	0.5205870584711159	0.7040484633569742
259	219	282	(219, 282)	253.33333333333334	259.0	31.879983270593687	('glcc', 'dinf')	False												glcc	dinf	8	4	0	1	94	0.5205870584711159	0.7040484633569742
260	272	230	(230, 272)	254.0	260.0	21.633307652783937	('pdhr', 'ruvb')	False												pdhr	ruvb	8	4	0	1	94	0.5205870584711159	0.7040484633569742
294	239	233	(233, 294)	255.33333333333334	239.0	33.6204302966713	('sdia', 'ssb')	False												sdia	ssb	8	4	0	1	94	0.5205870584711159	0.7040484633569742
163	304	301	(163, 304)	256.0	301.0	80.55432949258531	('glcc', 'reca')	False												glcc	reca	8	4	0	1	94	0.5205870584711159	0.7040484633569742
308	185	289	(185, 308)	260.6666666666667	289.0	66.21429855653032	('sdia', 'dind')	False												sdia	dind	8	4	0	1	94	0.5205870584711159	0.7040484633569742
176	307	300	(176, 307)	261.0	300.0	73.69531871157082	('pdhr', 'uvrb')	False												pdhr	uvrb	8	4	0	1	94	0.5205870584711159	0.7040484633569742
211	280	294	(211, 294)	261.6666666666667	280.0	44.43347086750408	('glcc', 'ftsq')	False												glcc	ftsq	8	4	0	1	94	0.5205870584711159	0.7040484633569742
262	223	303	(223, 303)	262.6666666666667	262.0	40.00416644967538	('mraz', 'ssb')	False												mraz	ssb	8	4	0	1	94	0.5205870584711159	0.7040484633569742
287	255	261	(255, 287)	267.6666666666667	261.0	17.009801096230763	('mraz', 'ruva')	False												mraz	ruva	8	4	0	1	94	0.5205870584711159	0.7040484633569742
303	295	206	(206, 303)	268.0	295.0	53.842362503887216	('mraz', 'umud')	False												mraz	umud	8	4	0	1	94	0.5205870584711159	0.7040484633569742
257	301	247	(247, 301)	268.3333333333333	257.0	28.728615235220328	('mraz', 'polb')	False												mraz	polb	8	4	0	1	94	0.5205870584711159	0.7040484633569742
242	264	302	(242, 302)	269.3333333333333	264.0	30.35347316755256	('mraz', 'ftsk')	False												mraz	ftsk	8	4	0	1	94	0.5205870584711159	0.7040484633569742
251	251	308	(251, 308)	270.0	251.0	32.90896534380867	('sdia', 'umuc')	False												sdia	umuc	8	4	0	1	94	0.5205870584711159	0.7040484633569742
284	275	252	(252, 284)	270.3333333333333	275.0	16.502525059315417	('mraz', 'recx')	False												mraz	recx	8	4	0	1	94	0.5205870584711159	0.7040484633569742
277	256	279	(256, 279)	270.6666666666667	277.0	12.741009902410928	('mraz', 'uvrb')	False												mraz	uvrb	8	4	0	1	94	0.5205870584711159	0.7040484633569742
293	285	251	(251, 293)	276.3333333333333	285.0	22.300971578236975	('mraz', 'yebg')	False												mraz	yebg	8	4	0	1	94	0.5205870584711159	0.7040484633569742
299	279	254	(254, 299)	277.3333333333333	279.0	22.54624876411447	('mraz', 'dinb')	False												mraz	dinb	8	4	0	1	94	0.5205870584711159	0.7040484633569742
290	287	281	(281, 290)	286.0	287.0	4.58257569495584	('mraz', 'uvra')	False												mraz	uvra	8	4	0	1	94	0.5205870584711159	0.7040484633569742
309	283	267	(267, 309)	286.3333333333333	283.0	21.197484127446195	('sdia', 'sula')	False												sdia	sula	8	4	0	1	94	0.5205870584711159	0.7040484633569742
4	9	10	(4, 10)	7.666666666666667	9.0	3.214550253664318	('torr', 'tora')	True	2767.0	('torr', 'tora')	10.0	[(0, 0.44806593571601944, 9.01483380560248e-08), (10, 0.73147962471571326, 3.1806231993285692e-11), (20, 0.54292609746458687, 1.2808175121592434e-05), (30, 0.25637402851934005, 0.030919163191101766), (60, 0.10491422804299678, 0.56120330161571463), (90, 0.186072511036245, 0.49020766798257986)]	['+']	torr	tora	torr	11.0	tora	11.0	torr	tora	11	4	0	1	44	0.25985523970014257	0.540697674418605
3	0	25	(0, 25)	9.333333333333334	3.0	13.650396819628845	('uhpa', 'uhpt')	True	2795.0	('uhpa', 'uhpt')	10.0	[(0, 0.4518470296065174, 6.8071531942293193e-08), (10, 0.75225956044201381, 4.2350660127812149e-12), (20, 0.7001916779611751, 1.3454262281319314e-09), (30, 0.48380679709678737, 1.9171493404226398e-05), (60, 0.46448122380017715, 0.0064663997897702104), (90, 0.20982033169857076, 0.43542435229586685)]	['+']	uhpa	uhpt	uhpa	11.0	uhpt	11.0	uhpa	uhpt	11	4	0	1	44	0.25985523970014257	0.540697674418605
8	3	22	(3, 22)	11.0	8.0	9.848857801796104	('uhpa', 'gadb')	False												uhpa	gadb	11	4	0	1	44	0.25985523970014257	0.540697674418605
20	20	1	(1, 20)	13.666666666666666	20.0	10.96965511460289	('nhar', 'gadx')	False												nhar	gadx	11	4	0	1	44	0.25985523970014257	0.540697674418605
7	15	20	(7, 20)	14.0	15.0	6.557438524302	('nhar', 'ydep')	False												nhar	ydep	11	4	0	1	44	0.25985523970014257	0.540697674418605
11	18	15	(11, 18)	14.666666666666666	15.0	3.511884584284246	('gadx', 'nhar')	False												gadx	nhar	11	4	0	1	44	0.25985523970014257	0.540697674418605
23	4	23	(4, 23)	16.666666666666668	23.0	10.969655114602888	('rcsb', 'uhpt')	False												rcsb	uhpt	11	4	0	1	44	0.25985523970014257	0.540697674418605
2	13	42	(2, 42)	19.0	13.0	20.663978319771825	('torr', 'tord')	True	2769.0	('torr', 'tord')	10.0	[(0, 0.43898760978717172, 1.7453982524172354e-07), (10, 0.74972795051794994, 5.4711823082271293e-12), (20, 0.58343519988283299, 1.9070218801178872e-06), (30, 0.38950361834089064, 0.00078677837705311759), (60, 0.098460228193191987, 0.58566449415526445), (90, 0.051169465884240567, 0.85072227715999671)]	['+']	torr	tord	torr	11.0	tord	11.0	torr	tord	11	4	0	1	44	0.25985523970014257	0.540697674418605
1	8	56	(1, 56)	21.666666666666668	8.0	29.938826518975876	('rcsb', 'lon')	False												rcsb	lon	11	4	0	1	44	0.25985523970014257	0.540697674418605
19	34	16	(16, 34)	23.0	19.0	9.643650760992955	('gadx', 'muri')	True	1798.0	('gadx', 'muri')	30.0	[(0, 0.037193265136698413, 0.67439914236886545), (10, 0.21476707638435585, 0.09937836733189237), (20, 0.34514540794178955, 0.0085535984950105438), (30, 0.54330075896484442, 9.7976082126752582e-07), (60, -0.19605700735924156, 0.27417864279173171), (90, 0.091264880580645191, 0.73675835596612904)]	['-']	gadx	muri	gadx	11.0	muri	11.0	gadx	muri	11	4	0	1	44	0.25985523970014257	0.540697674418605
32	19	21	(19, 32)	24.0	21.0	7.0	('torr', 'ybas')	False												torr	ybas	11	4	0	1	44	0.25985523970014257	0.540697674418605
21	27	24	(21, 27)	24.0	24.0	3.0	('uvry', 'gadx')	False												uvry	gadx	11	4	0	1	44	0.25985523970014257	0.540697674418605
0	14	63	(0, 63)	25.666666666666668	14.0	33.08070938376826	('rcsb', 'uspe')	False												rcsb	uspe	11	4	0	1	44	0.25985523970014257	0.540697674418605
18	31	34	(18, 34)	27.666666666666668	31.0	8.504900548115383	('rcsb', 'lola')	True	2664.0	('rcsb', 'lola')	0.0	[(0, 0.38092781929979957, 7.783410584764682e-06), (10, 0.33290495045728313, 0.0093490829122541644), (20, 0.37981961891228183, 0.0035670383597638921), (30, 0.42458106725959238, 0.0002239819519596832), (60, 0.036693761296485834, 0.83934608865177318), (90, -0.31912918930717482, 0.22828457600827917)]	['+']	rcsb	lola	rcsb	11.0	lola	11.0	rcsb	lola	11	4	0	1	44	0.25985523970014257	0.540697674418605
5	2	77	(2, 77)	28.0	5.0	42.46174749112429	('gadx', 'ydep')	False												gadx	ydep	11	4	0	1	44	0.25985523970014257	0.540697674418605
14	5	66	(5, 66)	28.333333333333332	14.0	32.929217016706204	('torr', 'nhaa')	False												torr	nhaa	11	4	0	1	44	0.25985523970014257	0.540697674418605
6	25	69	(6, 69)	33.333333333333336	25.0	32.316146634976974	('torr', 'amtb')	False												torr	amtb	11	4	0	1	44	0.25985523970014257	0.540697674418605
17	45	44	(17, 45)	35.333333333333336	44.0	15.88500340992514	('rcsb', 'tnab')	False												rcsb	tnab	11	4	0	1	44	0.25985523970014257	0.540697674418605
34	62	12	(12, 62)	36.0	34.0	25.059928172283335	('uvry', 'rpra')	False												uvry	rpra	11	4	0	1	44	0.25985523970014257	0.540697674418605
12	30	68	(12, 68)	36.666666666666664	30.0	28.589042189855423	('nhar', 'nhaa')	True	2422.0	('nhar', 'nhaa')	0.0	[(0, 0.38789487168779818, 5.1201333371084495e-06), (10, 0.30662044687693513, 0.017180791891795694), (20, 0.19226751628866059, 0.15190478736544749), (30, 0.19658499603701293, 0.10035620267270909), (60, 0.35837128888589809, 0.040570828978398678), (90, -0.40235065927297742, 0.12234495678996926)]	['+']	nhar	nhaa	nhar	11.0	nhaa	11.0	nhar	nhaa	11	4	0	1	44	0.25985523970014257	0.540697674418605
16	12	86	(12, 86)	38.0	16.0	41.617304093369626	('rcsb', 'rara')	True	2667.0	('rcsb', 'rara')	20.0	[(0, 0.39970986966991295, 2.4615061750402905e-06), (10, 0.65196282302051445, 1.6748437030120765e-08), (20, 0.68524862769487205, 4.1027513295718431e-09), (30, 0.48231124305184148, 2.0516546599094289e-05), (60, -0.1964820618955927, 0.2731189349060868), (90, -0.539293934985275, 0.031096426120786051)]	['+']	rcsb	rara	rcsb	11.0	rara	11.0	rcsb	rara	11	4	0	1	44	0.25985523970014257	0.540697674418605
30	49	38	(30, 49)	39.0	38.0	9.539392014169456	('gadx', 'uvry')	False												gadx	uvry	11	4	0	1	44	0.25985523970014257	0.540697674418605
38	90	6	(6, 90)	44.666666666666664	38.0	42.39496825489239	('uvry', 'ydep')	True	2807.0	('uvry', 'ydep')		[(0, 0.14275856171420231, 0.10517048523369785), (10, 0.45251705034014378, 0.00028334116591230418), (20, 0.39800399178784468, 0.002169088111832306), (30, 0.2633140899407832, 0.026510294010844246), (60, -0.32482664813549311, 0.06512326411905657), (90, -0.18298289156737857, 0.49756779967997167)]	['+']	uvry	ydep	uvry	11.0	ydep	11.0	uvry	ydep	11	4	0	1	44	0.25985523970014257	0.540697674418605
79	16	40	(16, 79)	45.0	40.0	31.796226191169293	('uvry', 'bdm')	False												uvry	bdm	11	4	0	1	44	0.25985523970014257	0.540697674418605
10	29	97	(10, 97)	45.333333333333336	29.0	45.74203027122138	('uhpa', 'bdm')	False												uhpa	bdm	11	4	0	1	44	0.25985523970014257	0.540697674418605
67	63	11	(11, 67)	47.0	63.0	31.240998703626616	('gadx', 'ybat')	True	1803.0	('gadx', 'ybat')	0.0	[(0, 0.54779306830754526, 1.5296859341059886e-11), (10, 0.45804549393210786, 0.00023319515356179946), (20, 0.2634884443494977, 0.047661962172395399), (30, 0.13773208713717894, 0.25203512023478081), (60, 0.7086055319918444, 3.9402463463589524e-06), (90, 0.70261573923899889, 0.002402990794257986)]	['+']	gadx	ybat	gadx	11.0	ybat	11.0	gadx	ybat	11	4	0	1	44	0.25985523970014257	0.540697674418605
64	26	51	(26, 64)	47.0	51.0	19.313207915827967	('rcsb', 'gadc')	True	2659.0	('rcsb', 'gadc')		[(0, 0.24252149081597318, 0.0054343153707975145), (10, 0.3348851830609198, 0.0089114347699071478), (20, 0.34572604218341163, 0.0084356597540288063), (30, 0.3755618843105144, 0.0012492601763235119), (60, -0.089050269063893434, 0.62214603832149695), (90, 0.022943513805860988, 0.93278623898146373)]	['+']	rcsb	gadc	rcsb	11.0	gadc	11.0	rcsb	gadc	11	4	0	1	44	0.25985523970014257	0.540697674418605
50	10	83	(10, 83)	47.666666666666664	50.0	36.555893277737496	('torr', 'ydep')	False												torr	ydep	11	4	0	1	44	0.25985523970014257	0.540697674418605
56	40	47	(40, 56)	47.666666666666664	47.0	8.020806277010642	('nhar', 'rara')	False												nhar	rara	11	4	0	1	44	0.25985523970014257	0.540697674418605
89	46	9	(9, 89)	48.0	46.0	40.0374824383352	('nhar', 'lon')	False												nhar	lon	11	4	0	1	44	0.25985523970014257	0.540697674418605
80	35	30	(30, 80)	48.333333333333336	35.0	27.53785273643051	('nhar', 'rcsb')	False												nhar	rcsb	11	4	0	1	44	0.25985523970014257	0.540697674418605
78	53	14	(14, 78)	48.333333333333336	53.0	32.25419869309007	('gadx', 'gadb')	True	1788.0	('gadx', 'gadb')	60.0	[(0, 0.30723539346524287, 0.00037713706104130091), (10, 0.021136811670520176, 0.87264572640069571), (20, -0.1009272065003433, 0.45505585214687883), (30, 0.059271155222719071, 0.62343010942009802), (60, 0.76966170035859482, 1.6473287807944116e-07), (90, 0.77946330856089852, 0.00037112775413833518)]	['+']	gadx	gadb	gadx	11.0	gadb	11.0	gadx	gadb	11	4	0	1	44	0.25985523970014257	0.540697674418605
71	69	5	(5, 71)	48.333333333333336	69.0	37.5410886008029	('uvry', 'osmc')	False												uvry	osmc	11	4	0	1	44	0.25985523970014257	0.540697674418605
27	55	72	(27, 72)	51.333333333333336	55.0	22.722969289539016	('nhar', 'hdeb')	False												nhar	hdeb	11	4	0	1	44	0.25985523970014257	0.540697674418605
36	80	39	(36, 80)	51.666666666666664	39.0	24.583192089989726	('uvry', 'yhid')	False												uvry	yhid	11	4	0	1	44	0.25985523970014257	0.540697674418605
49	38	73	(38, 73)	53.333333333333336	49.0	17.897858344878397	('uvry', 'asnb')	False												uvry	asnb	11	4	0	1	44	0.25985523970014257	0.540697674418605
40	56	70	(40, 70)	55.333333333333336	56.0	15.01110699893027	('nhar', 'ybas')	False												nhar	ybas	11	4	0	1	44	0.25985523970014257	0.540697674418605
39	84	49	(39, 84)	57.333333333333336	49.0	23.62907813126304	('uhpa', 'uspe')	False												uhpa	uspe	11	4	0	1	44	0.25985523970014257	0.540697674418605
35	6	132	(6, 132)	57.666666666666664	35.0	65.98737252939637	('uvry', 'uhpt')	True	2806.0	('uvry', 'uhpt')		[(0, -0.3031658468112991, 0.0004546801462656515), (10, 0.39922919100498833, 0.0015783790441105628), (20, 0.21697712579428041, 0.10496875698710606), (30, -0.22856084589670841, 0.055217048565982169), (60, -0.41493359128606011, 0.016347060913907027), (90, -0.65858138696712476, 0.0055347965139447685)]	['+']	uvry	uhpt	uvry	11.0	uhpt	11.0	uvry	uhpt	11	4	0	1	44	0.25985523970014257	0.540697674418605
26	131	18	(18, 131)	58.333333333333336	26.0	63.058174199173685	('torr', 'yhid')	True	2770.0	('torr', 'yhid')	10.0	[(0, 0.3720060607875329, 1.3124707494953724e-05), (10, 0.74229837528481624, 1.1402759046661609e-11), (20, 0.6193827167159407, 2.7981185285876569e-07), (30, 0.54437269714683145, 9.2369614797686991e-07), (60, 0.5669696764029597, 0.00058100901447364261), (90, -0.28714400379740679, 0.28089026451484556)]	['+']	torr	yhid	torr	11.0	yhid	11.0	torr	yhid	11	4	0	1	44	0.25985523970014257	0.540697674418605
60	119	0	(0, 119)	59.666666666666664	60.0	59.50070027599115	('gadx', 'osmb')	False												gadx	osmb	11	4	0	1	44	0.25985523970014257	0.540697674418605
82	54	43	(43, 82)	59.666666666666664	54.0	20.108041509140897	('rcsb', 'tnac')	False												rcsb	tnac	11	4	0	1	44	0.25985523970014257	0.540697674418605
59	120	3	(3, 120)	60.666666666666664	59.0	58.51780355868916	('gadx', 'osmc')	False												gadx	osmc	11	4	0	1	44	0.25985523970014257	0.540697674418605
53	41	89	(41, 89)	61.0	53.0	24.979991993593593	('uvry', 'torr')	False												uvry	torr	11	4	0	1	44	0.25985523970014257	0.540697674418605
112	64	8	(8, 112)	61.333333333333336	64.0	52.05125678918169	('uhpa', 'osmb')	False												uhpa	osmb	11	4	0	1	44	0.25985523970014257	0.540697674418605
107	48	33	(33, 107)	62.666666666666664	48.0	39.11947511576981	('rcsb', 'nhaa')	False												rcsb	nhaa	11	4	0	1	44	0.25985523970014257	0.540697674418605
68	42	85	(42, 85)	65.0	68.0	21.656407827707714	('uvry', 'rara')	False												uvry	rara	11	4	0	1	44	0.25985523970014257	0.540697674418605
9	73	114	(9, 114)	65.33333333333333	73.0	52.91817583149794	('torr', 'torc')	True	2768.0	('torr', 'torc')		[(0, 0.23614577346170704, 0.0068337811216203932), (10, 0.36787796533759248, 0.003830646620945176), (20, 0.37199835603257325, 0.0043810423365078796), (30, 0.13749356464789514, 0.25286528105311912), (60, 0.030261703225015098, 0.8672320963977137), (90, 0.14281953283780757, 0.59773855053157376)]	['+']	torr	torc	torr	11.0	torc	11.0	torr	torc	11	4	0	1	44	0.25985523970014257	0.540697674418605
77	21	98	(21, 98)	65.33333333333333	77.0	39.80368492154129	('uhpa', 'btub')	False												uhpa	btub	11	4	0	1	44	0.25985523970014257	0.540697674418605
104	32	60	(32, 104)	65.33333333333333	60.0	36.29508690350987	('torr', 'uvry')	False												torr	uvry	11	4	0	1	44	0.25985523970014257	0.540697674418605
31	83	84	(31, 84)	66.0	83.0	30.315012782448235	('uvry', 'nhaa')	False												uvry	nhaa	11	4	0	1	44	0.25985523970014257	0.540697674418605
70	88	41	(41, 88)	66.33333333333333	70.0	23.71356854910988	('uvry', 'tord')	False												uvry	tord	11	4	0	1	44	0.25985523970014257	0.540697674418605
115	22	62	(22, 115)	66.33333333333333	62.0	46.65118790913403	('torr', 'ybat')	False												torr	ybat	11	4	0	1	44	0.25985523970014257	0.540697674418605
24	39	138	(24, 138)	67.0	39.0	61.94352266379432	('gadx', 'amtb')	True	1782.0	('gadx', 'amtb')		[(0, -0.22962124349800242, 0.0085885690541902277), (10, -0.23192534504285706, 0.074570878404234112), (20, -0.11907439183312134, 0.377658026801588), (30, -0.11873014683347828, 0.324047720273129), (60, -0.098186888067067241, 0.58671077270053618), (90, -0.072318182135723219, 0.79011947870662491)]	['+']	gadx	amtb	gadx	11.0	amtb	11.0	gadx	amtb	11	4	0	1	44	0.25985523970014257	0.540697674418605
55	76	71	(55, 76)	67.33333333333333	71.0	10.96965511460289	('rcsb', 'ybat')	False												rcsb	ybat	11	4	0	1	44	0.25985523970014257	0.540697674418605
54	97	52	(52, 97)	67.66666666666667	54.0	25.423086620891127	('gadx', 'gada')	True	1787.0	('gadx', 'gada')	60.0	[(0, 0.30725375477774269, 0.00037681671604692339), (10, 0.014146174033870106, 0.91456996194839402), (20, -0.040005486408248005, 0.76764125908813097), (30, 0.11403605776832219, 0.34367806752409802), (60, 0.83207709730924373, 1.957723944474674e-09), (90, 0.85324784647794383, 2.6424689104399831e-05)]	['+']	gadx	gada	gadx	11.0	gada	11.0	gadx	gada	11	4	0	1	44	0.25985523970014257	0.540697674418605
22	1	183	(1, 183)	68.66666666666667	22.0	99.57074536897538	('rcsb', 'rpos')	False												rcsb	rpos	11	4	0	1	44	0.25985523970014257	0.540697674418605
48	86	74	(48, 86)	69.33333333333333	74.0	19.42506971244462	('uhpa', 'rara')	False												uhpa	rara	11	4	0	1	44	0.25985523970014257	0.540697674418605
84	96	29	(29, 96)	69.66666666666667	84.0	35.72580766523457	('uhpa', 'tnac')	False												uhpa	tnac	11	4	0	1	44	0.25985523970014257	0.540697674418605
73	11	126	(11, 126)	70.0	73.0	57.55866572463264	('uvry', 'hdeb')	False												uvry	hdeb	11	4	0	1	44	0.25985523970014257	0.540697674418605
37	59	115	(37, 115)	70.33333333333333	59.0	40.21608301828179	('gadx', 'btub')	True	1784.0	('gadx', 'btub')		[(0, -0.33341899472430614, 0.00010602757150718766), (10, -0.28104075663623124, 0.029616207916412673), (20, -0.060804257159721486, 0.65320958325494649), (30, 0.15020421398455142, 0.21119536538449929), (60, -0.45449925980424177, 0.0078799664577408075), (90, -0.23949139788434148, 0.37166474255147874)]	['-']	gadx	btub	gadx	11.0	btub	11.0	gadx	btub	11	4	0	1	44	0.25985523970014257	0.540697674418605
52	50	109	(50, 109)	70.33333333333333	52.0	33.50124375800596	('uhpa', 'glnk')	False												uhpa	glnk	11	4	0	1	44	0.25985523970014257	0.540697674418605
133	37	46	(37, 133)	72.0	46.0	53.018864567246254	('uhpa', 'gada')	False												uhpa	gada	11	4	0	1	44	0.25985523970014257	0.540697674418605
25	28	169	(25, 169)	74.0	28.0	82.28608630868283	('gadx', 'hdeb')	True	1793.0	('gadx', 'hdeb')	0.0	[(0, 0.50018617005931254, 1.367334235720141e-09), (10, 0.37514246073595642, 0.0031429681864054153), (20, 0.34864412241791048, 0.0078641025798910809), (30, 0.41543859868707927, 0.00031493016413670872), (60, 0.73660267360296239, 1.0229607827303447e-06), (90, 0.65518554033923393, 0.0058710247214009362)]	['+-']	gadx	hdeb	gadx	11.0	hdeb	11.0	gadx	hdeb	11	4	0	1	44	0.25985523970014257	0.540697674418605
76	134	19	(19, 134)	76.33333333333333	76.0	57.50072463311513	('uvry', 'ybas')	False												uvry	ybas	11	4	0	1	44	0.25985523970014257	0.540697674418605
51	36	144	(36, 144)	77.0	51.0	58.5064099052403	('gadx', 'asnb')	True	1783.0	('gadx', 'asnb')	30.0	[(0, 0.28875572451400222, 0.00086289349066764724), (10, 0.28597250166704563, 0.02675881029365058), (20, 0.4722700606081961, 0.00020802972165770764), (30, 0.56417433010248541, 2.9950261514963717e-07), (60, 0.10295841779686543, 0.56856615957694401), (90, 0.14643772598307148, 0.58839179839188072)]	['+']	gadx	asnb	gadx	11.0	asnb	11.0	gadx	asnb	11	4	0	1	44	0.25985523970014257	0.540697674418605
43	66	123	(43, 123)	77.33333333333333	66.0	41.18656738954259	('uhpa', 'tnab')	False												uhpa	tnab	11	4	0	1	44	0.25985523970014257	0.540697674418605
58	102	75	(58, 102)	78.33333333333333	75.0	22.18858565419016	('torr', 'rara')	False												torr	rara	11	4	0	1	44	0.25985523970014257	0.540697674418605
33	146	57	(33, 146)	78.66666666666667	57.0	59.53430383680768	('nhar', 'asnb')	False												nhar	asnb	11	4	0	1	44	0.25985523970014257	0.540697674418605
41	57	143	(41, 143)	80.33333333333333	57.0	54.85739087245522	('uvry', 'osmb')	False												uvry	osmb	11	4	0	1	44	0.25985523970014257	0.540697674418605
15	17	210	(15, 210)	80.66666666666667	17.0	112.0104161823057	('rcsb', 'muri')	False												rcsb	muri	11	4	0	1	44	0.25985523970014257	0.540697674418605
28	127	87	(28, 127)	80.66666666666667	87.0	49.80294502670834	('rcsb', 'uhpa')	False												rcsb	uhpa	11	4	0	1	44	0.25985523970014257	0.540697674418605
88	78	79	(78, 88)	81.66666666666667	79.0	5.507570547286101	('torr', 'rpra')	False												torr	rpra	11	4	0	1	44	0.25985523970014257	0.540697674418605
44	100	107	(44, 107)	83.66666666666667	100.0	34.53018003621373	('uvry', 'nhar')	False												uvry	nhar	11	4	0	1	44	0.25985523970014257	0.540697674418605
152	51	48	(48, 152)	83.66666666666667	51.0	59.197409853247244	('uhpa', 'muri')	False												uhpa	muri	11	4	0	1	44	0.25985523970014257	0.540697674418605
197	47	7	(7, 197)	83.66666666666667	47.0	100.16652800877813	('uvry', 'uhpa')	False												uvry	uhpa	11	4	0	1	44	0.25985523970014257	0.540697674418605
57	71	127	(57, 127)	85.0	71.0	37.04051835490427	('gadx', 'lola')	False												gadx	lola	11	4	0	1	44	0.25985523970014257	0.540697674418605
97	130	32	(32, 130)	86.33333333333333	97.0	49.863146043278626	('uvry', 'torc')	False												uvry	torc	11	4	0	1	44	0.25985523970014257	0.540697674418605
63	7	189	(7, 189)	86.33333333333333	63.0	93.2165936587115	('nhar', 'muri')	False												nhar	muri	11	4	0	1	44	0.25985523970014257	0.540697674418605
139	85	36	(36, 139)	86.66666666666667	85.0	51.520222566807035	('nhar', 'ybat')	False												nhar	ybat	11	4	0	1	44	0.25985523970014257	0.540697674418605
13	101	151	(13, 151)	88.33333333333333	101.0	69.86653944008772	('uvry', 'muri')	False												uvry	muri	11	4	0	1	44	0.25985523970014257	0.540697674418605
69	148	50	(50, 148)	89.0	69.0	51.97114584074513	('rcsb', 'ybas')	False												rcsb	ybas	11	4	0	1	44	0.25985523970014257	0.540697674418605
155	87	26	(26, 155)	89.33333333333333	87.0	64.53164598345012	('uvry', 'tnac')	False												uvry	tnac	11	4	0	1	44	0.25985523970014257	0.540697674418605
140	98	31	(31, 140)	89.66666666666667	98.0	54.97575223071834	('torr', 'osmb')	False												torr	osmb	11	4	0	1	44	0.25985523970014257	0.540697674418605
127	141	2	(2, 141)	90.0	127.0	76.53103945458993	('uhpa', 'lola')	False												uhpa	lola	11	4	0	1	44	0.25985523970014257	0.540697674418605
46	43	187	(43, 187)	92.0	46.0	82.28608630868283	('gadx', 'uhpt')	False												gadx	uhpt	11	4	0	1	44	0.25985523970014257	0.540697674418605
114	150	13	(13, 150)	92.33333333333333	114.0	71.02347029914361	('nhar', 'rpra')	False												nhar	rpra	11	4	0	1	44	0.25985523970014257	0.540697674418605
120	33	124	(33, 124)	92.33333333333333	120.0	51.42308171758411	('rcsb', 'yhid')	True	2671.0	('rcsb', 'yhid')		[(0, -0.086473168660698568, 0.32794710250326664), (10, 0.37440988799877578, 0.0032069605800128884), (20, 0.31371334642457355, 0.017485251893406065), (30, 0.081601539069672727, 0.49871584464875862), (60, -0.14210784505515114, 0.43017841273608903), (90, -0.11724954075827677, 0.66541362975122875)]	['+']	rcsb	yhid	rcsb	11.0	yhid	11.0	rcsb	yhid	11	4	0	1	44	0.25985523970014257	0.540697674418605
65	126	91	(65, 126)	94.0	91.0	30.610455730027933	('uhpa', 'rcsb')	False												uhpa	rcsb	11	4	0	1	44	0.25985523970014257	0.540697674418605
210	24	53	(24, 210)	95.66666666666667	53.0	100.07164100449904	('uhpa', 'uvry')	False												uhpa	uvry	11	4	0	1	44	0.25985523970014257	0.540697674418605
87	44	158	(44, 158)	96.33333333333333	87.0	57.57024694521757	('gadx', 'bdm')	False												gadx	bdm	11	4	0	1	44	0.25985523970014257	0.540697674418605
91	93	106	(91, 106)	96.66666666666667	93.0	8.144527815247077	('gadx', 'glnk')	True	1791.0	('gadx', 'glnk')		[(0, -0.12521063787924913, 0.15577508012941682), (10, -0.339648665940461, 0.007930930208727132), (20, -0.33907574172373184, 0.0098748473080840522), (30, 0.057813833145243743, 0.63200832220218861), (60, -0.023965035201245873, 0.89468438050054544), (90, 0.071562779952485348, 0.79226687650217398)]	['+']	gadx	glnk	gadx	11.0	glnk	11.0	gadx	glnk	11	4	0	1	44	0.25985523970014257	0.540697674418605
42	108	142	(42, 142)	97.33333333333333	108.0	50.84617324178225	('uvry', 'gada')	False												uvry	gada	11	4	0	1	44	0.25985523970014257	0.540697674418605
72	77	145	(72, 145)	98.0	77.0	40.779897008207364	('gadx', 'yhid')	True	1804.0	('gadx', 'yhid')	60.0	[(0, 0.33311304655866542, 0.00010768380038459026), (10, 0.14620169194431792, 0.26499922452577651), (20, 0.10112577336844433, 0.45416462629753385), (30, 0.26794480644137708, 0.02387408105238089), (60, 0.81000476646950537, 1.1276090442912684e-08), (90, 0.84792116806988393, 3.3415050368549803e-05)]	['+-']	gadx	yhid	gadx	11.0	yhid	11.0	gadx	yhid	11	4	0	1	44	0.25985523970014257	0.540697674418605
108	61	133	(61, 133)	100.66666666666667	108.0	36.555893277737496	('rcsb', 'btub')	False												rcsb	btub	11	4	0	1	44	0.25985523970014257	0.540697674418605
109	106	90	(90, 109)	101.66666666666667	106.0	10.214368964029708	('rcsb', 'torr')	False												rcsb	torr	11	4	0	1	44	0.25985523970014257	0.540697674418605
190	112	4	(4, 190)	102.0	112.0	93.40235543068493	('uvry', 'uspe')	False												uvry	uspe	11	4	0	1	44	0.25985523970014257	0.540697674418605
66	75	172	(66, 172)	104.33333333333333	75.0	58.77357682950165	('uhpa', 'sra')	False												uhpa	sra	11	4	0	1	44	0.25985523970014257	0.540697674418605
110	137	67	(67, 137)	104.66666666666667	110.0	35.303446479534166	('nhar', 'btub')	False												nhar	btub	11	4	0	1	44	0.25985523970014257	0.540697674418605
99	121	100	(99, 121)	106.66666666666667	100.0	12.423096769056148	('uhpa', 'rpos')	False												uhpa	rpos	11	4	0	1	44	0.25985523970014257	0.540697674418605
92	110	120	(92, 120)	107.33333333333333	110.0	14.189197769195175	('nhar', 'tnab')	False												nhar	tnab	11	4	0	1	44	0.25985523970014257	0.540697674418605
172	123	28	(28, 172)	107.66666666666667	123.0	73.21429732868665	('rcsb', 'torc')	False												rcsb	torc	11	4	0	1	44	0.25985523970014257	0.540697674418605
29	79	215	(29, 215)	107.66666666666667	79.0	96.2566015052128	('nhar', 'lola')	False												nhar	lola	11	4	0	1	44	0.25985523970014257	0.540697674418605
85	58	188	(58, 188)	110.33333333333333	85.0	68.60272103447015	('gadx', 'ybas')	True	1802.0	('gadx', 'ybas')	0.0	[(0, 0.5162932511834758, 3.2300994178708788e-10), (10, 0.23262902500439592, 0.073669891631844051), (20, 0.056101561144113264, 0.67850762142556431), (30, 0.20298186736580182, 0.089560645361830393), (60, 0.71775532081208648, 2.5806571107169212e-06), (90, 0.71928893992811127, 0.0016857868927915884)]	['+']	gadx	ybas	gadx	11.0	ybas	11.0	gadx	ybas	11	4	0	1	44	0.25985523970014257	0.540697674418605
129	145	59	(59, 145)	111.0	129.0	45.73838650411709	('torr', 'rcsb')	False												torr	rcsb	11	4	0	1	44	0.25985523970014257	0.540697674418605
117	23	194	(23, 194)	111.33333333333333	117.0	85.64072240081428	('rcsb', 'nhar')	False												rcsb	nhar	11	4	0	1	44	0.25985523970014257	0.540697674418605
169	65	102	(65, 169)	112.0	102.0	52.716221412388805	('rcsb', 'gada')	True	2657.0	('rcsb', 'gada')		[(0, -0.0049805889089299255, 0.95515114825265623), (10, 0.44652626170863685, 0.00034863349320110262), (20, 0.47356220867854043, 0.00019873967000812534), (30, 0.25580242072731951, 0.031308238460910735), (60, -0.1977856285563451, 0.26988562423513546), (90, 0.0081899729736561126, 0.97598516622185216)]	['-']	rcsb	gada	rcsb	11.0	gada	11.0	rcsb	gada	11	4	0	1	44	0.25985523970014257	0.540697674418605
123	82	135	(82, 135)	113.33333333333333	123.0	27.790885796126275	('uvry', 'sra')	False												uvry	sra	11	4	0	1	44	0.25985523970014257	0.540697674418605
204	60	78	(60, 204)	114.0	78.0	78.46018098373213	('rcsb', 'osmb')	True	2665.0	('rcsb', 'osmb')		[(0, 0.15054118012713449, 0.087337449508461271), (10, 0.16680902650830734, 0.20271186396424795), (20, 0.023079501151455361, 0.86468873790006961), (30, -0.0028678626056012646, 0.98106306940891252), (60, -0.10641794926357331, 0.55557238473812964), (90, 0.16211371974396663, 0.54861047027132503)]	['+']	rcsb	osmb	rcsb	11.0	osmb	11.0	rcsb	osmb	11	4	0	1	44	0.25985523970014257	0.540697674418605
94	170	80	(80, 170)	114.66666666666667	94.0	48.42864166310401	('uvry', 'btub')	False												uvry	btub	11	4	0	1	44	0.25985523970014257	0.540697674418605
101	91	155	(91, 155)	115.66666666666667	101.0	34.42867022313428	('uhpa', 'gadc')	False												uhpa	gadc	11	4	0	1	44	0.25985523970014257	0.540697674418605
81	142	128	(81, 142)	117.0	128.0	31.953090617340916	('nhar', 'osmb')	False												nhar	osmb	11	4	0	1	44	0.25985523970014257	0.540697674418605
75	165	113	(75, 165)	117.66666666666667	113.0	45.1811169996198	('rcsb', 'tnaa')	False												rcsb	tnaa	11	4	0	1	44	0.25985523970014257	0.540697674418605
132	125	96	(96, 132)	117.66666666666667	125.0	19.08751773629388	('nhar', 'bdm')	False												nhar	bdm	11	4	0	1	44	0.25985523970014257	0.540697674418605
95	94	167	(94, 167)	118.66666666666667	95.0	41.86088070422472	('gadx', 'tora')	False												gadx	tora	11	4	0	1	44	0.25985523970014257	0.540697674418605
61	99	197	(61, 197)	119.0	99.0	70.17121917139534	('gadx', 'rara')	False												gadx	rara	11	4	0	1	44	0.25985523970014257	0.540697674418605
201	111	45	(45, 201)	119.0	111.0	78.30708780180757	('torr', 'uhpt')	False												torr	uhpt	11	4	0	1	44	0.25985523970014257	0.540697674418605
177	72	110	(72, 177)	119.66666666666667	110.0	53.163270528940686	('uhpa', 'torc')	False												uhpa	torc	11	4	0	1	44	0.25985523970014257	0.540697674418605
90	68	206	(68, 206)	121.33333333333333	90.0	74.14400402819727	('rcsb', 'ydep')	True	2670.0	('rcsb', 'ydep')		[(0, -0.12813860708522323, 0.14625407138829552), (10, 0.064315611206842094, 0.62539918844646669), (20, -0.091541415288118461, 0.49825683102355778), (30, -0.15231095089456143, 0.20478805034154249), (60, -0.30098528844974692, 0.088739444516033841), (90, -0.070306090749952962, 0.79584238992379341)]	['+']	rcsb	ydep	rcsb	11.0	ydep	11.0	rcsb	ydep	11	4	0	1	44	0.25985523970014257	0.540697674418605
93	135	136	(93, 136)	121.33333333333333	135.0	24.54248017893329	('torr', 'lon')	False												torr	lon	11	4	0	1	44	0.25985523970014257	0.540697674418605
102	186	82	(82, 186)	123.33333333333333	102.0	55.18453889753301	('torr', 'muri')	False												torr	muri	11	4	0	1	44	0.25985523970014257	0.540697674418605
150	129	93	(93, 150)	124.0	129.0	28.827070610799147	('uvry', 'glnk')	False												uvry	glnk	11	4	0	1	44	0.25985523970014257	0.540697674418605
113	144	118	(113, 144)	125.0	118.0	16.64331697709324	('uhpa', 'nhar')	False												uhpa	nhar	11	4	0	1	44	0.25985523970014257	0.540697674418605
167	117	94	(94, 167)	126.0	117.0	37.322915213043046	('torr', 'bdm')	False												torr	bdm	11	4	0	1	44	0.25985523970014257	0.540697674418605
193	138	54	(54, 193)	128.33333333333334	138.0	70.00238091188994	('torr', 'gadb')	False												torr	gadb	11	4	0	1	44	0.25985523970014257	0.540697674418605
159	171	58	(58, 171)	129.33333333333334	159.0	62.06716791777544	('torr', 'osmc')	False												torr	osmc	11	4	0	1	44	0.25985523970014257	0.540697674418605
143	92	154	(92, 154)	129.66666666666666	143.0	33.08070938376826	('uhpa', 'lon')	False												uhpa	lon	11	4	0	1	44	0.25985523970014257	0.540697674418605
74	199	117	(74, 199)	130.0	117.0	63.50590523722971	('nhar', 'gada')	False												nhar	gada	11	4	0	1	44	0.25985523970014257	0.540697674418605
98	81	212	(81, 212)	130.33333333333334	98.0	71.23435500749153	('uvry', 'lola')	False												uvry	lola	11	4	0	1	44	0.25985523970014257	0.540697674418605
149	162	81	(81, 162)	130.66666666666666	149.0	43.50095784386056	('uhpa', 'asnb')	False												uhpa	asnb	11	4	0	1	44	0.25985523970014257	0.540697674418605
103	182	108	(103, 182)	131.0	108.0	44.23799272118933	('uhpa', 'tnaa')	False												uhpa	tnaa	11	4	0	1	44	0.25985523970014257	0.540697674418605
189	105	99	(99, 189)	131.0	105.0	50.3189825016365	('uhpa', 'ybat')	False												uhpa	ybat	11	4	0	1	44	0.25985523970014257	0.540697674418605
170	198	27	(27, 198)	131.66666666666666	170.0	91.71877306927593	('gadx', 'rpos')	True	1799.0	('gadx', 'rpos')		[(0, 0.32723972569101906, 0.00014454936018995843), (10, 0.026676314353202311, 0.83966418406072263), (20, -0.11508936309086922, 0.39394042987658984), (30, -0.21083632962119636, 0.077580177250778551), (60, 0.4443547988624284, 0.0095778416421534018), (90, 0.28635010153765467, 0.28228163549412461)]	['+']	gadx	rpos	gadx	11.0	rpos	11.0	gadx	rpos	11	4	0	1	44	0.25985523970014257	0.540697674418605
206	173	17	(17, 206)	132.0	173.0	100.9504829111778	('gadx', 'uspe')	True	1801.0	('gadx', 'uspe')		[(0, 0.096343204414583244, 0.27553215172094525), (10, -0.19900188414161468, 0.12742711518468297), (20, -0.40725789603875834, 0.0016658498946143848), (30, -0.35063787386795142, 0.0027185972294342712), (60, 0.38452578434709633, 0.02714036632691437), (90, 0.44716897678914835, 0.082452184450211685)]	['+']	gadx	uspe	gadx	11.0	uspe	11.0	gadx	uspe	11	4	0	1	44	0.25985523970014257	0.540697674418605
126	159	112	(112, 159)	132.33333333333334	126.0	24.131583730317686	('torr', 'glnk')	False												torr	glnk	11	4	0	1	44	0.25985523970014257	0.540697674418605
213	149	35	(35, 213)	132.33333333333334	149.0	90.16281569102271	('uhpa', 'tord')	False												uhpa	tord	11	4	0	1	44	0.25985523970014257	0.540697674418605
157	204	37	(37, 204)	132.66666666666666	157.0	86.1181359141809	('nhar', 'uhpt')	False												nhar	uhpt	11	4	0	1	44	0.25985523970014257	0.540697674418605
142	166	92	(92, 166)	133.33333333333334	142.0	37.753587026047384	('nhar', 'gadc')	False												nhar	gadc	11	4	0	1	44	0.25985523970014257	0.540697674418605
187	160	55	(55, 187)	134.0	160.0	69.73521348644456	('rcsb', 'tora')	False												rcsb	tora	11	4	0	1	44	0.25985523970014257	0.540697674418605
161	181	64	(64, 181)	135.33333333333334	161.0	62.580614676857664	('nhar', 'rpos')	False												nhar	rpos	11	4	0	1	44	0.25985523970014257	0.540697674418605
136	70	200	(70, 200)	135.33333333333334	136.0	65.00256405199208	('torr', 'gadc')	False												torr	gadc	11	4	0	1	44	0.25985523970014257	0.540697674418605
121	139	147	(121, 147)	135.66666666666666	139.0	13.316656236958785	('uvry', 'ybat')	False												uvry	ybat	11	4	0	1	44	0.25985523970014257	0.540697674418605
180	152	76	(76, 180)	136.0	152.0	53.81449618829484	('nhar', 'glnk')	False												nhar	glnk	11	4	0	1	44	0.25985523970014257	0.540697674418605
62	206	140	(62, 206)	136.0	140.0	72.0832851637604	('nhar', 'yhid')	False												nhar	yhid	11	4	0	1	44	0.25985523970014257	0.540697674418605
111	115	184	(111, 184)	136.66666666666666	115.0	41.04063027456247	('gadx', 'gadc')	True	1789.0	('gadx', 'gadc')	60.0	[(0, 0.37456420766857002, 1.1316334568415871e-05), (10, 0.21094080457855735, 0.10569913038749117), (20, 0.060588213714852901, 0.65436359811655009), (30, 0.071023658883518109, 0.55614476513393196), (60, 0.77623804849748546, 1.1051189913403778e-07), (90, 0.84746009637445374, 3.4086731419456541e-05)]	['+']	gadx	gadc	gadx	11.0	gadc	11.0	gadx	gadc	11	4	0	1	44	0.25985523970014257	0.540697674418605
166	52	193	(52, 193)	137.0	166.0	74.83982896827064	('rcsb', 'uvry')	False												rcsb	uvry	11	4	0	1	44	0.25985523970014257	0.540697674418605
130	124	157	(124, 157)	137.0	130.0	17.578395831246947	('uhpa', 'rpra')	False												uhpa	rpra	11	4	0	1	44	0.25985523970014257	0.540697674418605
45	188	178	(45, 188)	137.0	178.0	79.83107164506812	('nhar', 'uvry')	False												nhar	uvry	11	4	0	1	44	0.25985523970014257	0.540697674418605
191	116	105	(105, 191)	137.33333333333334	116.0	46.800997140374406	('torr', 'sra')	False												torr	sra	11	4	0	1	44	0.25985523970014257	0.540697674418605
83	189	141	(83, 189)	137.66666666666666	141.0	53.078558131634786	('gadx', 'torc')	False												gadx	torc	11	4	0	1	44	0.25985523970014257	0.540697674418605
156	67	196	(67, 196)	139.66666666666666	156.0	66.03282012252191	('torr', 'lola')	False												torr	lola	11	4	0	1	44	0.25985523970014257	0.540697674418605
144	114	164	(114, 164)	140.66666666666666	144.0	25.166114784235834	('rcsb', 'glnk')	False												rcsb	glnk	11	4	0	1	44	0.25985523970014257	0.540697674418605
171	132	119	(119, 171)	140.66666666666666	132.0	27.061657993059725	('rcsb', 'tord')	False												rcsb	tord	11	4	0	1	44	0.25985523970014257	0.540697674418605
199	163	61	(61, 199)	141.0	163.0	71.58212067269312	('torr', 'tnab')	True	2765.0	('torr', 'tnab')	10.0	[(0, 0.34198322483008625, 6.825035192810644e-05), (10, 0.66977645313864098, 4.8579566788874836e-09), (20, 0.50781102473182105, 5.5272314599874962e-05), (30, 0.20740356493474763, 0.082648857568079478), (60, 0.048879271006612816, 0.7870643819159806), (90, -0.013311179488583126, 0.96097723616266262)]	['+']	torr	tnab	torr	11.0	tnab	11.0	torr	tnab	11	4	0	1	44	0.25985523970014257	0.540697674418605
141	89	195	(89, 195)	141.66666666666666	141.0	53.00314456080255	('uvry', 'amtb')	False												uvry	amtb	11	4	0	1	44	0.25985523970014257	0.540697674418605
125	95	205	(95, 205)	141.66666666666666	125.0	56.86240703077327	('rcsb', 'rpra')	True	2668.0	('rcsb', 'rpra')		[(0, 0.10403256938788381, 0.23883773084449), (10, 0.25657701565847191, 0.047828029393224357), (20, 0.061634627828418886, 0.64878161033171977), (30, 0.11042694113705913, 0.3592653068709607), (60, -0.17013152222796121, 0.34385677561931716), (90, 0.0068744269765952937, 0.97984184259740659)]	['+']	rcsb	rpra	rcsb	11.0	rpra	11.0	rcsb	rpra	11	4	0	1	44	0.25985523970014257	0.540697674418605
200	122	104	(104, 200)	142.0	122.0	51.02940328869229	('uhpa', 'tora')	False												uhpa	tora	11	4	0	1	44	0.25985523970014257	0.540697674418605
168	194	65	(65, 194)	142.33333333333334	168.0	68.2226746275264	('nhar', 'tora')	False												nhar	tora	11	4	0	1	44	0.25985523970014257	0.540697674418605
47	184	198	(47, 198)	143.0	184.0	83.43260753446461	('gadx', 'nhaa')	False												gadx	nhaa	11	4	0	1	44	0.25985523970014257	0.540697674418605
100	158	175	(100, 175)	144.33333333333334	158.0	39.3234450847498	('nhar', 'tord')	False												nhar	tord	11	4	0	1	44	0.25985523970014257	0.540697674418605
137	107	190	(107, 190)	144.66666666666666	137.0	42.02776859807493	('gadx', 'rpra')	False												gadx	rpra	11	4	0	1	44	0.25985523970014257	0.540697674418605
158	178	103	(103, 178)	146.33333333333334	158.0	38.83726732577015	('uvry', 'rcsb')	False												uvry	rcsb	11	4	0	1	44	0.25985523970014257	0.540697674418605
153	109	177	(109, 177)	146.33333333333334	153.0	34.486712417006835	('uhpa', 'osmc')	False												uhpa	osmc	11	4	0	1	44	0.25985523970014257	0.540697674418605
118	156	166	(118, 166)	146.66666666666666	156.0	25.32455988429677	('gadx', 'torr')	False												gadx	torr	11	4	0	1	44	0.25985523970014257	0.540697674418605
138	205	101	(101, 205)	148.0	138.0	52.716221412388805	('uvry', 'lon')	False												uvry	lon	11	4	0	1	44	0.25985523970014257	0.540697674418605
165	191	95	(95, 191)	150.33333333333334	165.0	49.652123150307816	('uvry', 'rpos')	False												uvry	rpos	11	4	0	1	44	0.25985523970014257	0.540697674418605
175	104	173	(104, 175)	150.66666666666666	173.0	40.42688874169435	('gadx', 'tnab')	False												gadx	tnab	11	4	0	1	44	0.25985523970014257	0.540697674418605
119	151	182	(119, 182)	150.66666666666666	151.0	31.50132272355136	('rcsb', 'gadx')	True	183.0	('rcsb', 'gadx')		[(0, -0.14149245161834467, 0.10832434237936485), (10, -0.078918174068343241, 0.5489233194174955), (20, -0.11151471659575944, 0.40889167265843351), (30, -0.11802500859425996, 0.3269500481797678), (60, -0.065125510433280062, 0.71879115790651715), (90, -0.1073168948295531, 0.69240595466120813)]	['-']	rcsb	gadx	rcsb	11.0	gadx	11.0	rcsb	gadx	11	4	0	1	44	0.25985523970014257	0.540697674418605
96	180	181	(96, 181)	152.33333333333334	180.0	48.7886598845811	('torr', 'gada')	True	2761.0	('torr', 'gada')	10.0	[(0, 0.44175667977343303, 1.4297377782087785e-07), (10, 0.79438351999394774, 3.600886809615072e-14), (20, 0.66173025953663855, 2.0890783673690042e-08), (30, 0.56406298146898781, 3.0146755345388433e-07), (60, 0.63862824781940497, 6.3503412062833472e-05), (90, -0.29669921835203322, 0.26446927394602321)]	['-']	torr	gada	torr	11.0	gada	11.0	torr	gada	11	4	0	1	44	0.25985523970014257	0.540697674418605
182	113	162	(113, 182)	152.33333333333334	162.0	35.50117368951811	('rcsb', 'asnb')	False												rcsb	asnb	11	4	0	1	44	0.25985523970014257	0.540697674418605
106	200	152	(106, 200)	152.66666666666666	152.0	47.00354596552619	('gadx', 'lon')	True	1795.0	('gadx', 'lon')	30.0	[(0, -0.2383671807551169, 0.0063135313130488341), (10, -0.25784558311669403, 0.046698856376848411), (20, -0.50391534146683292, 6.4378192744732405e-05), (30, -0.54517074629341455, 8.8393275123866564e-07), (60, -0.35871491600413119, 0.040364908352032887), (90, -0.42633547887373807, 0.099617971854085927)]	['+']	gadx	lon	gadx	11.0	lon	11.0	gadx	lon	11	4	0	1	44	0.25985523970014257	0.540697674418605
131	177	150	(131, 177)	152.66666666666666	150.0	23.115651263447745	('gadx', 'sra')	False												gadx	sra	11	4	0	1	44	0.25985523970014257	0.540697674418605
186	74	202	(74, 202)	154.0	186.0	69.74238309665078	('uhpa', 'hdeb')	False												uhpa	hdeb	11	4	0	1	44	0.25985523970014257	0.540697674418605
134	185	146	(134, 185)	155.0	146.0	26.664583251946766	('uvry', 'gadb')	False												uvry	gadb	11	4	0	1	44	0.25985523970014257	0.540697674418605
124	168	174	(124, 174)	155.33333333333334	168.0	27.30079363925769	('uvry', 'tora')	False												uvry	tora	11	4	0	1	44	0.25985523970014257	0.540697674418605
198	183	88	(88, 198)	156.33333333333334	183.0	59.651767227244264	('uvry', 'tnab')	False												uvry	tnab	11	4	0	1	44	0.25985523970014257	0.540697674418605
162	118	191	(118, 191)	157.0	162.0	36.75595189897821	('nhar', 'tnaa')	False												nhar	tnaa	11	4	0	1	44	0.25985523970014257	0.540697674418605
105	195	171	(105, 195)	157.0	171.0	46.604720790924176	('gadx', 'tord')	False												gadx	tord	11	4	0	1	44	0.25985523970014257	0.540697674418605
208	136	129	(129, 208)	157.66666666666666	136.0	43.730233629988	('torr', 'tnac')	True	2766.0	('torr', 'tnac')		[(0, 0.26421694398370005, 0.0023846058580650263), (10, 0.29694831618773748, 0.021222503980888024), (20, 0.29612469730238283, 0.025313472907030905), (30, -0.020260956144583994, 0.86681243763526661), (60, 0.13558083943954183, 0.45186742789429524), (90, -0.07344973861024677, 0.78690543018619952)]	['+']	torr	tnac	torr	11.0	tnac	11.0	torr	tnac	11	4	0	1	44	0.25985523970014257	0.540697674418605
86	196	192	(86, 196)	158.0	192.0	62.385895841928885	('gadx', 'rcsb')	False												gadx	rcsb	11	4	0	1	44	0.25985523970014257	0.540697674418605
122	167	186	(122, 186)	158.33333333333334	167.0	32.86842456421259	('nhar', 'torr')	False												nhar	torr	11	4	0	1	44	0.25985523970014257	0.540697674418605
146	208	121	(121, 208)	158.33333333333334	146.0	44.792112400882964	('nhar', 'osmc')	True	2423.0	('nhar', 'osmc')		[(0, 0.14361802121324055, 0.10307094555920494), (10, 0.035888202780904044, 0.78544615225823322), (20, 0.029229760896315727, 0.82911492533708753), (30, -0.010441869955180682, 0.93112828709935602), (60, -0.10970139337130726, 0.54336901872095078), (90, -0.40528503370602648, 0.11938754766587428)]	['+']	nhar	osmc	nhar	11.0	osmc	11.0	nhar	osmc	11	4	0	1	44	0.25985523970014257	0.540697674418605
203	157	116	(116, 203)	158.66666666666666	157.0	43.52393977265079	('uhpa', 'torr')	False												uhpa	torr	11	4	0	1	44	0.25985523970014257	0.540697674418605
145	176	159	(145, 176)	160.0	159.0	15.524174696260024	('torr', 'asnb')	False												torr	asnb	11	4	0	1	44	0.25985523970014257	0.540697674418605
215	155	111	(111, 215)	160.33333333333334	155.0	52.20472520120505	('torr', 'tnaa')	True	2764.0	('torr', 'tnaa')	10.0	[(0, 0.31857271475446564, 0.00022081638710652314), (10, 0.71771419439559414, 1.0949332108049475e-10), (20, 0.54088179653920554, 1.4009538704524507e-05), (30, 0.17208002685872087, 0.15129743404287516), (60, 0.19862139678251928, 0.26782580678466128), (90, -0.12313989322472604, 0.64958400397005833)]	['+']	torr	tnaa	torr	11.0	tnaa	11.0	torr	tnaa	11	4	0	1	44	0.25985523970014257	0.540697674418605
174	161	148	(148, 174)	161.0	161.0	13.0	('rcsb', 'bdm')	True	2654.0	('rcsb', 'bdm')		[(0, 0.15731116822776328, 0.0738653399219142), (10, 0.10118460439546852, 0.44173748468912311), (20, 0.027620282889520783, 0.83839448670716266), (30, 0.097456418433717551, 0.41878345647446402), (60, -0.018794514433093087, 0.91731833598804247), (90, 0.25417086684522044, 0.34214257731622338)]	['+']	rcsb	bdm	rcsb	11.0	bdm	11.0	rcsb	bdm	11	4	0	1	44	0.25985523970014257	0.540697674418605
163	190	131	(131, 190)	161.33333333333334	163.0	29.53528962670475	('rcsb', 'amtb')	False												rcsb	amtb	11	4	0	1	44	0.25985523970014257	0.540697674418605
178	103	203	(103, 203)	161.33333333333334	178.0	52.04164998665332	('rcsb', 'sra')	True	2669.0	('rcsb', 'sra')		[(0, 0.23478233688670699, 0.0071716322666473915), (10, 0.29132579258221358, 0.023923202589226936), (20, 0.021999618408011207, 0.8709646179860111), (30, 0.13537764284935611, 0.26031118263956188), (60, 0.12062637060595297, 0.50370273403680654), (90, 0.43711937914722426, 0.09044365919259155)]	['+']	rcsb	sra	rcsb	11.0	sra	11.0	rcsb	sra	11	4	0	1	44	0.25985523970014257	0.540697674418605
212	143	134	(134, 212)	163.0	143.0	42.67317658670374	('uhpa', 'amtb')	False												uhpa	amtb	11	4	0	1	44	0.25985523970014257	0.540697674418605
211	140	139	(139, 211)	163.33333333333334	140.0	41.28357219685977	('rcsb', 'osmc')	True	2666.0	('rcsb', 'osmc')		[(0, 0.25296261799763825, 0.0036873110947495346), (10, 0.43190962572046465, 0.00056922792531916206), (20, 0.14027993403611269, 0.29797589422816317), (30, 0.18031886284127827, 0.13237830693533098), (60, 0.17460192966283605, 0.33113537123393366), (90, 0.56424542148718371, 0.022798329884703664)]	['+']	rcsb	osmc	rcsb	11.0	osmc	11.0	rcsb	osmc	11	4	0	1	44	0.25985523970014257	0.540697674418605
154	164	180	(154, 180)	166.0	164.0	13.114877048604	('nhar', 'amtb')	False												nhar	amtb	11	4	0	1	44	0.25985523970014257	0.540697674418605
195	147	163	(147, 195)	168.33333333333334	163.0	24.440403706431148	('rcsb', 'hdeb')	True	2662.0	('rcsb', 'hdeb')		[(0, 0.20115247223214378, 0.021741776687074939), (10, 0.31476397926680066, 0.014306446501064773), (20, 0.25232570556664313, 0.058281039313022379), (30, 0.22591860997219282, 0.058171118910818144), (60, -0.18321298567525388, 0.30745913462397118), (90, -0.13392134993945295, 0.62097489439801579)]	['+']	rcsb	hdeb	rcsb	11.0	hdeb	11.0	rcsb	hdeb	11	4	0	1	44	0.25985523970014257	0.540697674418605
176	209	122	(122, 209)	169.0	176.0	43.9203825119955	('uhpa', 'nhaa')	False												uhpa	nhaa	11	4	0	1	44	0.25985523970014257	0.540697674418605
196	153	160	(153, 196)	169.66666666666666	160.0	23.072349974229617	('uhpa', 'ybas')	False												uhpa	ybas	11	4	0	1	44	0.25985523970014257	0.540697674418605
207	179	125	(125, 207)	170.33333333333334	179.0	41.68133075290823	('torr', 'uhpa')	False												torr	uhpa	11	4	0	1	44	0.25985523970014257	0.540697674418605
116	197	199	(116, 199)	170.66666666666666	197.0	47.353282181210346	('torr', 'hdeb')	True	2763.0	('torr', 'hdeb')		[(0, 0.29809951255557304, 0.00057171047340031061), (10, 0.28073871516287124, 0.029799208158808679), (20, 0.29663348919122745, 0.025051314573877118), (30, 0.29857414383153102, 0.011433915202034762), (60, 0.54117277566291433, 0.0011457655719801058), (90, -0.28298727197590789, 0.28822113931659299)]	['+']	torr	hdeb	torr	11.0	hdeb	11.0	torr	hdeb	11	4	0	1	44	0.25985523970014257	0.540697674418605
192	172	149	(149, 192)	171.0	172.0	21.517434791350013	('uhpa', 'yhid')	False												uhpa	yhid	11	4	0	1	44	0.25985523970014257	0.540697674418605
173	187	153	(153, 187)	171.0	173.0	17.08800749063506	('uvry', 'tnaa')	False												uvry	tnaa	11	4	0	1	44	0.25985523970014257	0.540697674418605
135	202	179	(135, 202)	172.0	179.0	34.044089061098404	('nhar', 'torc')	False												nhar	torc	11	4	0	1	44	0.25985523970014257	0.540697674418605
181	128	208	(128, 208)	172.33333333333334	181.0	40.69807530256601	('torr', 'btub')	False												torr	btub	11	4	0	1	44	0.25985523970014257	0.540697674418605
160	193	165	(160, 193)	172.66666666666666	165.0	17.7857620959388	('uhpa', 'ydep')	False												uhpa	ydep	11	4	0	1	44	0.25985523970014257	0.540697674418605
148	169	204	(148, 204)	173.66666666666666	169.0	28.29016319029166	('rcsb', 'gadb')	True	2658.0	('rcsb', 'gadb')		[(0, 0.079113657687921807, 0.37093362967047605), (10, 0.49916469728631147, 4.9119089016259067e-05), (20, 0.53357280434448606, 1.9212204290259976e-05), (30, 0.36359254359896331, 0.0018287462989349209), (60, -0.16052989013037472, 0.37216579279147555), (90, -0.035296257629132195, 0.89674701870756546)]	['+']	rcsb	gadb	rcsb	11.0	gadb	11.0	rcsb	gadb	11	4	0	1	44	0.25985523970014257	0.540697674418605
183	211	130	(130, 211)	174.66666666666666	183.0	41.137979208188305	('nhar', 'sra')	False												nhar	sra	11	4	0	1	44	0.25985523970014257	0.540697674418605
185	133	209	(133, 209)	175.66666666666666	185.0	38.85013942488924	('gadx', 'uhpa')	False												gadx	uhpa	11	4	0	1	44	0.25985523970014257	0.540697674418605
147	210	170	(147, 210)	175.66666666666666	170.0	31.879983270593687	('nhar', 'gadb')	False												nhar	gadb	11	4	0	1	44	0.25985523970014257	0.540697674418605
179	175	176	(175, 179)	176.66666666666666	176.0	2.081665999466133	('nhar', 'uspe')	False												nhar	uspe	11	4	0	1	44	0.25985523970014257	0.540697674418605
128	192	214	(128, 214)	178.0	192.0	44.67661580737735	('torr', 'nhar')	False												torr	nhar	11	4	0	1	44	0.25985523970014257	0.540697674418605
164	203	168	(164, 203)	178.33333333333334	168.0	21.455380055672126	('nhar', 'uhpa')	False												nhar	uhpa	11	4	0	1	44	0.25985523970014257	0.540697674418605
184	215	137	(137, 215)	178.66666666666666	184.0	39.272551907577046	('gadx', 'tnac')	False												gadx	tnac	11	4	0	1	44	0.25985523970014257	0.540697674418605
209	154	185	(154, 209)	182.66666666666666	185.0	27.57414247684474	('uhpa', 'gadx')	False												uhpa	gadx	11	4	0	1	44	0.25985523970014257	0.540697674418605
151	201	201	(151, 201)	184.33333333333334	201.0	28.867513459481287	('torr', 'gadx')	True	199.0	('torr', 'gadx')		[(0, 0.28237492368349837, 0.0011340084265249301), (10, 0.24074644266488363, 0.063890761354840092), (20, 0.24743871938606296, 0.063495491842320048), (30, 0.22799082113199726, 0.05584377667834426), (60, 0.30255489931375379, 0.087007084150493755), (90, -0.44174296173571037, 0.086701165318720227)]	['-']	torr	gadx	torr	11.0	gadx	11.0	torr	gadx	11	4	0	1	44	0.25985523970014257	0.540697674418605
188	213	156	(156, 213)	185.66666666666666	188.0	28.571547618799602	('uvry', 'gadc')	False												uvry	gadc	11	4	0	1	44	0.25985523970014257	0.540697674418605
194	174	211	(174, 211)	193.0	194.0	18.520259177452136	('torr', 'uspe')	False												torr	uspe	11	4	0	1	44	0.25985523970014257	0.540697674418605
205	214	161	(161, 214)	193.33333333333334	205.0	28.36077102854105	('nhar', 'tnac')	False												nhar	tnac	11	4	0	1	44	0.25985523970014257	0.540697674418605
202	207	213	(202, 213)	207.33333333333334	207.0	5.507570547286102	('gadx', 'tnaa')	False												gadx	tnaa	11	4	0	1	44	0.25985523970014257	0.540697674418605
214	212	207	(207, 214)	211.0	212.0	3.605551275463989	('torr', 'rpos')	False												torr	rpos	11	4	0	1	44	0.25985523970014257	0.540697674418605
2	5	18	(2, 18)	8.333333333333334	5.0	8.504900548115383	('csir', 'hdfr')	False												csir	hdfr	15	4	0	1	31	0.27396978129907607	0.5295461033399943
18	12	14	(12, 18)	14.666666666666666	14.0	3.055050463303893	('asnc', 'gltf')	False												asnc	gltf	15	4	0	1	31	0.27396978129907607	0.5295461033399943
7	15	38	(7, 38)	20.0	15.0	16.09347693943108	('csir', 'ydcs')	False												csir	ydcs	15	4	0	1	31	0.27396978129907607	0.5295461033399943
12	35	13	(12, 35)	20.0	13.0	13.0	('csir', 'gabp')	True	1027.0	('csir', 'gabp')	0.0	[(0, 0.41480896777284371, 9.2581939430394458e-07), (10, 0.26231207947525925, 0.04289572666557312), (20, 0.33843418601884478, 0.010024321968675327), (30, 0.29303310643529862, 0.013137643415881918), (60, 0.46021678661757243, 0.0070412496004342113), (90, 0.60986952827848218, 0.012125778774469185)]	['-']	csir	gabp	csir	15.0	gabp	15.0	csir	gabp	15	4	0	1	31	0.27396978129907607	0.5295461033399943
8	36	22	(8, 36)	22.0	22.0	14.0	('csir', 'gabd')	True	1026.0	('csir', 'gabd')	0.0	[(0, 0.54723923857730483, 1.6184293547646627e-11), (10, 0.52456381306839872, 1.6907469172689657e-05), (20, 0.51551580892001503, 4.0655756101816841e-05), (30, 0.39075957432708197, 0.00075392551282286492), (60, 0.5425360655189575, 0.0011068699175637339), (90, 0.67876916800458476, 0.0038395575668814861)]	['-']	csir	gabd	csir	15.0	gabd	15.0	csir	gabd	15	4	0	1	31	0.27396978129907607	0.5295461033399943
6	4	57	(4, 57)	22.333333333333332	6.0	30.03886371574886	('fear', 'feab')	True	1436.0	('fear', 'feab')	0.0	[(0, 0.51437628526647949, 3.8505251399042809e-10), (10, 0.56954221942942362, 2.0429055586426774e-06), (20, 0.53026852003436187, 2.2107755840026957e-05), (30, 0.34372012506381877, 0.0033375079540143657), (60, 0.029768480321757482, 0.86937738856494029), (90, 0.23467088918405982, 0.38165565841905702)]	['+']	fear	feab	fear	15.0	feab	15.0	fear	feab	15	4	0	1	31	0.27396978129907607	0.5295461033399943
17	6	45	(6, 45)	22.666666666666668	17.0	20.108041509140897	('adiy', 'adia')	True	213.0	('adiy', 'adia')		[(0, 0.34828783871585772, 4.8940608015365881e-05), (10, 0.31705459686115001, 0.013576528067917768), (20, 0.50201309867574306, 6.9308804398340222e-05), (30, 0.37338938754452677, 0.0013401649974463272), (60, 0.038564709639272304, 0.83126897543117073), (90, -0.16091691625710325, 0.55160548136598053)]	['+']	adiy	adia	adiy	15.0	adia	15.0	adiy	adia	15	4	0	1	31	0.27396978129907607	0.5295461033399943
23	23	24	(23, 24)	23.333333333333332	23.0	0.5773502691896258	('hdfr', 'ydcs')	False												hdfr	ydcs	15	4	0	1	31	0.27396978129907607	0.5295461033399943
28	33	11	(11, 33)	24.0	28.0	11.532562594670797	('adiy', 'codb')	False												adiy	codb	15	4	0	1	31	0.27396978129907607	0.5295461033399943
5	3	65	(3, 65)	24.333333333333332	5.0	35.23256069793017	('asnc', 'asna')	True	461.0	('asnc', 'asna')		[(0, 0.26720399814640372, 0.0021174087183777487), (10, 0.039024900217826876, 0.76719993369630513), (20, -0.036421664286257052, 0.78794911863574801), (30, 0.33107327865253711, 0.0047999982753676304), (60, 0.30162466915350306, 0.088030606836954781), (90, -0.030289456449159889, 0.91133538487943)]	['+']	asnc	asna	asnc	15.0	asna	15.0	asnc	asna	15	4	0	1	31	0.27396978129907607	0.5295461033399943
3	7	64	(3, 64)	24.666666666666668	7.0	34.122328955294556	('hdfr', 'csir')	False												hdfr	csir	15	4	0	1	31	0.27396978129907607	0.5295461033399943
43	22	12	(12, 43)	25.666666666666668	22.0	15.821925715074423	('csir', 'ydcv')	False												csir	ydcv	15	4	0	1	31	0.27396978129907607	0.5295461033399943
9	9	62	(9, 62)	26.666666666666668	9.0	30.599564267050166	('nac', 'gdha')	True	2204.0	('nac', 'gdha')	0.0	[(0, 0.46330367184376325, 2.8456691252679708e-08), (10, 0.5588613719230493, 3.4707258400575392e-06), (20, 0.47886980056280709, 0.00016442032058158203), (30, 0.26546028609594596, 0.025259407807989635), (60, -0.092933597319124386, 0.60697687684734247), (90, -0.072233979837524692, 0.79035877256547871)]	['-']	nac	gdha	nac	15.0	gdha	15.0	nac	gdha	15	4	0	1	31	0.27396978129907607	0.5295461033399943
1	1	79	(1, 79)	27.0	1.0	45.033320996790806	('hdfr', 'gltf')	True	1860.0	('hdfr', 'gltf')	0.0	[(0, -0.64290623729162055, 1.6293001537909888e-16), (10, -0.67828222249600001, 2.6102248428522029e-09), (20, -0.68004249187881849, 5.9584797227211701e-09), (30, -0.51769798355064234, 3.7747863743090266e-06), (60, -0.34389182352791964, 0.05004649382091729), (90, -0.44530008738812221, 0.083898383154008882)]	['+']	hdfr	gltf	hdfr	15.0	gltf	15.0	hdfr	gltf	15	4	0	1	31	0.27396978129907607	0.5295461033399943
4	2	77	(2, 77)	27.666666666666668	4.0	42.735621363604075	('asnc', 'gdha')	False												asnc	gdha	15	4	0	1	31	0.27396978129907607	0.5295461033399943
16	28	42	(16, 42)	28.666666666666668	28.0	13.012814197295423	('csir', 'ydct')	False												csir	ydct	15	4	0	1	31	0.27396978129907607	0.5295461033399943
57	19	10	(10, 57)	28.666666666666668	19.0	24.94660965609021	('csir', 'mioc')	False												csir	mioc	15	4	0	1	31	0.27396978129907607	0.5295461033399943
36	31	20	(20, 36)	29.0	31.0	8.18535277187245	('adiy', 'coda')	False												adiy	coda	15	4	0	1	31	0.27396978129907607	0.5295461033399943
15	43	34	(15, 43)	30.666666666666668	34.0	14.294521094927712	('adiy', 'ydct')	False												adiy	ydct	15	4	0	1	31	0.27396978129907607	0.5295461033399943
24	39	31	(24, 39)	31.333333333333332	31.0	7.505553499465135	('csir', 'fear')	False												csir	fear	15	4	0	1	31	0.27396978129907607	0.5295461033399943
29	37	29	(29, 37)	31.666666666666668	29.0	4.618802153517007	('fear', 'gabp')	False												fear	gabp	15	4	0	1	31	0.27396978129907607	0.5295461033399943
45	10	41	(10, 45)	32.0	41.0	19.157244060668017	('nac', 'feab')	False												nac	feab	15	4	0	1	31	0.27396978129907607	0.5295461033399943
22	34	46	(22, 46)	34.0	34.0	12.0	('hdfr', 'sera')	False												hdfr	sera	15	4	0	1	31	0.27396978129907607	0.5295461033399943
39	67	0	(0, 67)	35.333333333333336	39.0	33.6501609703926	('fear', 'adiy')	False												fear	adiy	15	4	0	1	31	0.27396978129907607	0.5295461033399943
31	48	28	(28, 48)	35.666666666666664	31.0	10.785793124908958	('adiy', 'ydcv')	False												adiy	ydcv	15	4	0	1	31	0.27396978129907607	0.5295461033399943
67	38	3	(3, 67)	36.0	38.0	32.046840717924134	('asnc', 'mioc')	True	462.0	('asnc', 'mioc')		[(0, 0.1427822925466625, 0.10511206725871827), (10, 0.15486233448885842, 0.23741681756905186), (20, -0.053910675965160866, 0.69041698351725866), (30, 0.037861561684784828, 0.75391838320929661), (60, 0.2460268696140599, 0.16754267034212292), (90, 0.10356983311851617, 0.70268160971530225)]	['-']	asnc	mioc	asnc	15.0	mioc	15.0	asnc	mioc	15	4	0	1	31	0.27396978129907607	0.5295461033399943
49	8	53	(8, 53)	36.666666666666664	49.0	24.90649179096352	('hdfr', 'mioc')	False												hdfr	mioc	15	4	0	1	31	0.27396978129907607	0.5295461033399943
25	14	73	(14, 73)	37.333333333333336	25.0	31.374086972106987	('csir', 'asna')	False												csir	asna	15	4	0	1	31	0.27396978129907607	0.5295461033399943
11	13	95	(11, 95)	39.666666666666664	13.0	47.93050524804984	('adiy', 'gltd')	True	218.0	('adiy', 'gltd')		[(0, -0.14326885030016173, 0.10391991398028233), (10, -0.15702086571823695, 0.23086175090155406), (20, -0.33687289644311513, 0.010396294130380526), (30, -0.072255679742524143, 0.54929702301848649), (60, -0.020337930206931296, 0.91055455483644776), (90, -0.32333633634233666, 0.22186590749478793)]	['+']	adiy	gltd	adiy	15.0	gltd	15.0	adiy	gltd	15	4	0	1	31	0.27396978129907607	0.5295461033399943
20	52	49	(20, 52)	40.333333333333336	49.0	17.67295485574875	('fear', 'tyna')	True	1437.0	('fear', 'tyna')	0.0	[(0, 0.47571645692961545, 1.0661078156426662e-08), (10, 0.55124009371025606, 5.0099763959464123e-06), (20, 0.40569180351215395, 0.0017428736284759668), (30, 0.15831611670116622, 0.18728599308744429), (60, 0.019635228522607583, 0.91363330074095772), (90, -0.3299590600588248, 0.21199671027945233)]	['+']	fear	tyna	fear	15.0	tyna	15.0	fear	tyna	15	4	0	1	31	0.27396978129907607	0.5295461033399943
10	24	88	(10, 88)	40.666666666666664	24.0	41.58525379666852	('csir', 'gabt')	True	1028.0	('csir', 'gabt')	0.0	[(0, 0.48494976907653314, 5.0055374018681023e-09), (10, 0.37267141413550975, 0.0033634703676538183), (20, 0.35963182584287406, 0.0060034718522243308), (30, 0.29687357476768028, 0.011935134390715484), (60, 0.54990842840102561, 0.00091596331011357533), (90, 0.66781016538821858, 0.0046981323604018193)]	['-']	csir	gabt	csir	15.0	gabt	15.0	csir	gabt	15	4	0	1	31	0.27396978129907607	0.5295461033399943
21	69	33	(21, 69)	41.0	33.0	24.979991993593593	('adiy', 'ydcs')	False												adiy	ydcs	15	4	0	1	31	0.27396978129907607	0.5295461033399943
13	44	70	(13, 70)	42.333333333333336	44.0	28.53652630109932	('csir', 'asnc')	False												csir	asnc	15	4	0	1	31	0.27396978129907607	0.5295461033399943
41	41	52	(41, 52)	44.666666666666664	41.0	6.3508529610858835	('asnc', 'csir')	False												asnc	csir	15	4	0	1	31	0.27396978129907607	0.5295461033399943
0	0	136	(0, 136)	45.333333333333336	0.0	78.5196366097891	('csir', 'gltf')	False												csir	gltf	15	4	0	1	31	0.27396978129907607	0.5295461033399943
73	51	16	(16, 73)	46.666666666666664	51.0	28.746014216467184	('adiy', 'feab')	False												adiy	feab	15	4	0	1	31	0.27396978129907607	0.5295461033399943
30	108	6	(6, 108)	48.0	30.0	53.32916650389353	('nac', 'mioc')	True	2208.0	('nac', 'mioc')		[(0, -0.10019508722391046, 0.25670099722461404), (10, -0.018269084722465394, 0.88980860887378144), (20, -0.015313755420703599, 0.90998182782644466), (30, -0.17123342545116202, 0.15335015910187877), (60, -0.34632228114727404, 0.048343314450349242), (90, -0.42514317532229279, 0.10067123745110362)]	['-']	nac	mioc	nac	15.0	mioc	15.0	nac	mioc	15	4	0	1	31	0.27396978129907607	0.5295461033399943
78	47	21	(21, 78)	48.666666666666664	47.0	28.53652630109932	('adiy', 'nac')	False												adiy	nac	15	4	0	1	31	0.27396978129907607	0.5295461033399943
53	11	87	(11, 87)	50.333333333333336	53.0	38.07011076071796	('asnc', 'sera')	False												asnc	sera	15	4	0	1	31	0.27396978129907607	0.5295461033399943
71	65	15	(15, 71)	50.333333333333336	65.0	30.74627348693388	('adiy', 'asnc')	False												adiy	asnc	15	4	0	1	31	0.27396978129907607	0.5295461033399943
40	30	82	(30, 82)	50.666666666666664	40.0	27.592269448766505	('hdfr', 'asnc')	False												hdfr	asnc	15	4	0	1	31	0.27396978129907607	0.5295461033399943
81	72	1	(1, 81)	51.333333333333336	72.0	43.82160806421112	('hdfr', 'fear')	False												hdfr	fear	15	4	0	1	31	0.27396978129907607	0.5295461033399943
76	53	25	(25, 76)	51.333333333333336	53.0	25.540817005987364	('nac', 'tyna')	False												nac	tyna	15	4	0	1	31	0.27396978129907607	0.5295461033399943
63	66	30	(30, 66)	53.0	63.0	19.974984355438178	('nac', 'adiy')	False												nac	adiy	15	4	0	1	31	0.27396978129907607	0.5295461033399943
50	46	67	(46, 67)	54.333333333333336	50.0	11.150485789118488	('asnc', 'adiy')	False												asnc	adiy	15	4	0	1	31	0.27396978129907607	0.5295461033399943
14	29	120	(14, 120)	54.333333333333336	29.0	57.361427225386684	('asnc', 'adia')	False												asnc	adia	15	4	0	1	31	0.27396978129907607	0.5295461033399943
26	98	40	(26, 98)	54.666666666666664	40.0	38.17503547258775	('csir', 'gdha')	False												csir	gdha	15	4	0	1	31	0.27396978129907607	0.5295461033399943
42	54	69	(42, 69)	55.0	54.0	13.527749258468683	('csir', 'gltb')	False												csir	gltb	15	4	0	1	31	0.27396978129907607	0.5295461033399943
130	16	19	(16, 130)	55.0	19.0	64.96922348312314	('hdfr', 'codb')	False												hdfr	codb	15	4	0	1	31	0.27396978129907607	0.5295461033399943
32	32	106	(32, 106)	56.666666666666664	32.0	42.72391992003231	('asnc', 'nac')	False												asnc	nac	15	4	0	1	31	0.27396978129907607	0.5295461033399943
56	26	89	(26, 89)	57.0	56.0	31.51190251317746	('asnc', 'fear')	False												asnc	fear	15	4	0	1	31	0.27396978129907607	0.5295461033399943
52	97	27	(27, 97)	58.666666666666664	52.0	35.47299442298794	('fear', 'gabd')	False												fear	gabd	15	4	0	1	31	0.27396978129907607	0.5295461033399943
33	20	124	(20, 124)	59.0	33.0	56.66568626602876	('hdfr', 'tyna')	False												hdfr	tyna	15	4	0	1	31	0.27396978129907607	0.5295461033399943
62	60	63	(60, 63)	61.666666666666664	62.0	1.5275252316519465	('asnc', 'ydcu')	False												asnc	ydcu	15	4	0	1	31	0.27396978129907607	0.5295461033399943
54	18	113	(18, 113)	61.666666666666664	54.0	47.9617903474561	('hdfr', 'gltb')	True	1858.0	('hdfr', 'gltb')		[(0, 0.180923072546957, 0.039403410537661498), (10, 0.050777502980349193, 0.70001837503294362), (20, 0.24293392309900994, 0.068628041649372556), (30, 0.4032648008867773, 0.00048850624646668678), (60, -0.15674460213382202, 0.38369267524555528), (90, -0.42951598698845511, 0.096846545001208983)]	['+']	hdfr	gltb	hdfr	15.0	gltb	15.0	hdfr	gltb	15	4	0	1	31	0.27396978129907607	0.5295461033399943
34	119	35	(34, 119)	62.666666666666664	35.0	48.7886598845811	('asnc', 'hdfr')	False												asnc	hdfr	15	4	0	1	31	0.27396978129907607	0.5295461033399943
59	21	109	(21, 109)	63.0	59.0	44.13615298142782	('hdfr', 'asna')	False												hdfr	asna	15	4	0	1	31	0.27396978129907607	0.5295461033399943
64	64	61	(61, 64)	63.0	64.0	1.7320508075688772	('fear', 'asnc')	False												fear	asnc	15	4	0	1	31	0.27396978129907607	0.5295461033399943
51	93	47	(47, 93)	63.666666666666664	51.0	25.482019804821856	('adiy', 'mioc')	False												adiy	mioc	15	4	0	1	31	0.27396978129907607	0.5295461033399943
75	92	26	(26, 92)	64.33333333333333	75.0	34.26854728950928	('hdfr', 'adia')	False												hdfr	adia	15	4	0	1	31	0.27396978129907607	0.5295461033399943
109	40	44	(40, 109)	64.33333333333333	44.0	38.734136537856806	('csir', 'tyna')	False												csir	tyna	15	4	0	1	31	0.27396978129907607	0.5295461033399943
19	49	128	(19, 128)	65.33333333333333	49.0	56.305713150028865	('csir', 'ydcu')	False												csir	ydcu	15	4	0	1	31	0.27396978129907607	0.5295461033399943
48	90	60	(48, 90)	66.0	60.0	21.633307652783937	('nac', 'gabp')	True	2202.0	('nac', 'gabp')		[(0, 0.31147401908490269, 0.00030950538890315649), (10, 0.20991479981495381, 0.10744573222010166), (20, 0.18896528827888676, 0.15919953749483209), (30, 0.18416517481339789, 0.12418511522347796), (60, 0.33559649079540388, 0.056222400776810899), (90, 0.59322961050569811, 0.015424415262427662)]	['+']	nac	gabp	nac	15.0	gabp	15.0	nac	gabp	15	4	0	1	31	0.27396978129907607	0.5295461033399943
86	109	4	(4, 109)	66.33333333333333	86.0	55.193598662646856	('nac', 'fear')	True	156.0	('nac', 'fear')		[(0, 0.074410694638650951, 0.40013195179598116), (10, -0.0098678347395617268, 0.94035013108406462), (20, -0.013489898868367533, 0.92066616662338097), (30, 0.054027163531750307, 0.65452309619795601), (60, 0.10560422869970706, 0.55861623005495464), (90, 0.24531956134339145, 0.35978012384632529)]	['+']	nac	fear	nac	15.0	fear	15.0	nac	fear	15	4	0	1	31	0.27396978129907607	0.5295461033399943
55	78	71	(55, 78)	68.0	71.0	11.789826122551595	('adiy', 'sera')	False												adiy	sera	15	4	0	1	31	0.27396978129907607	0.5295461033399943
27	59	118	(27, 118)	68.0	59.0	46.16275555033516	('fear', 'adia')	False												fear	adia	15	4	0	1	31	0.27396978129907607	0.5295461033399943
112	91	2	(2, 112)	68.33333333333333	91.0	58.39805932848568	('fear', 'ydcv')	False												fear	ydcv	15	4	0	1	31	0.27396978129907607	0.5295461033399943
35	58	114	(35, 114)	69.0	58.0	40.63249930782009	('nac', 'asnc')	True	155.0	('nac', 'asnc')		[(0, -0.16494513080731854, 0.060742284763607712), (10, -0.26894272159865862, 0.037723094023111685), (20, -0.30296117683608581, 0.021977363779427789), (30, -0.21013792642509027, 0.078590821203648145), (60, -0.26050225120199544, 0.14314282258377439), (90, -0.34553104666313245, 0.18991626267680178)]	['-']	nac	asnc	nac	15.0	asnc	15.0	nac	asnc	15	4	0	1	31	0.27396978129907607	0.5295461033399943
113	45	54	(45, 113)	70.66666666666667	54.0	36.93688310257558	('hdfr', 'adiy')	False												hdfr	adiy	15	4	0	1	31	0.27396978129907607	0.5295461033399943
106	102	8	(8, 106)	72.0	102.0	55.46169849544819	('fear', 'ydcu')	False												fear	ydcu	15	4	0	1	31	0.27396978129907607	0.5295461033399943
47	27	143	(27, 143)	72.33333333333333	47.0	62.01075175591192	('fear', 'gabt')	False												fear	gabt	15	4	0	1	31	0.27396978129907607	0.5295461033399943
77	105	36	(36, 105)	72.66666666666667	77.0	34.70350606687072	('csir', 'feab')	False												csir	feab	15	4	0	1	31	0.27396978129907607	0.5295461033399943
129	87	7	(7, 129)	74.33333333333333	87.0	61.97849089267448	('nac', 'codb')	True	2200.0	('nac', 'codb')		[(0, 0.22450426376323113, 0.010232052445972866), (10, 0.34647559007279383, 0.0066901054034090744), (20, 0.2496555074701895, 0.061085526430021429), (30, -0.045804010989293313, 0.70446509822394776), (60, -0.18967360940233574, 0.29041410453876543), (90, -0.0070210128033260785, 0.97941208697605475)]	['+']	nac	codb	nac	15.0	codb	15.0	nac	codb	15	4	0	1	31	0.27396978129907607	0.5295461033399943
93	57	78	(57, 93)	76.0	78.0	18.083141320025124	('hdfr', 'gltd')	True	1859.0	('hdfr', 'gltd')		[(0, 0.061253682665983217, 0.48874603812376849), (10, -0.12318873570144809, 0.34838774049749077), (20, 0.091631308579190329, 0.49783325534665546), (30, 0.29087297225763686, 0.01385899605342852), (60, -0.2285165959807394, 0.20085635284388151), (90, -0.39030675555412025, 0.13501517384750844)]	['+']	hdfr	gltd	hdfr	15.0	gltd	15.0	hdfr	gltd	15	4	0	1	31	0.27396978129907607	0.5295461033399943
94	89	48	(48, 94)	77.0	89.0	25.238858928247925	('fear', 'sera')	False												fear	sera	15	4	0	1	31	0.27396978129907607	0.5295461033399943
66	62	105	(62, 105)	77.66666666666667	66.0	23.75570107012911	('csir', 'sera')	False												csir	sera	15	4	0	1	31	0.27396978129907607	0.5295461033399943
46	63	126	(46, 126)	78.33333333333333	63.0	42.146569650842686	('hdfr', 'nac')	False												hdfr	nac	15	4	0	1	31	0.27396978129907607	0.5295461033399943
85	17	137	(17, 137)	79.66666666666667	85.0	60.177515180782706	('adiy', 'fear')	False												adiy	fear	15	4	0	1	31	0.27396978129907607	0.5295461033399943
61	74	104	(61, 104)	79.66666666666667	74.0	22.052966542697455	('asnc', 'gabp')	False												asnc	gabp	15	4	0	1	31	0.27396978129907607	0.5295461033399943
115	73	55	(55, 115)	81.0	73.0	30.789608636681304	('asnc', 'coda')	False												asnc	coda	15	4	0	1	31	0.27396978129907607	0.5295461033399943
84	42	117	(42, 117)	81.0	84.0	37.589892258425	('hdfr', 'gabd')	False												hdfr	gabd	15	4	0	1	31	0.27396978129907607	0.5295461033399943
95	83	66	(66, 95)	81.33333333333333	83.0	14.571661996262929	('asnc', 'tyna')	False												asnc	tyna	15	4	0	1	31	0.27396978129907607	0.5295461033399943
69	117	58	(58, 117)	81.33333333333333	69.0	31.37408697210699	('hdfr', 'gdha')	False												hdfr	gdha	15	4	0	1	31	0.27396978129907607	0.5295461033399943
65	111	72	(65, 111)	82.66666666666667	72.0	24.78574859336174	('fear', 'ydcs')	False												fear	ydcs	15	4	0	1	31	0.27396978129907607	0.5295461033399943
58	56	134	(56, 134)	82.66666666666667	58.0	44.467216388406115	('adiy', 'gltb')	True	217.0	('adiy', 'gltb')		[(0, -0.14245877770311469, 0.10591065542591997), (10, -0.090324680956132747, 0.49249935407355527), (20, -0.32814938910439734, 0.012702088480367619), (30, -0.075863141077217727, 0.52948332968044698), (60, 0.0027902307725555047, 0.98770459263053789), (90, -0.24589871458266502, 0.35861084507204893)]	['+']	adiy	gltb	adiy	15.0	gltb	15.0	adiy	gltb	15	4	0	1	31	0.27396978129907607	0.5295461033399943
126	118	5	(5, 126)	83.0	118.0	67.66830868286867	('csir', 'coda')	False												csir	coda	15	4	0	1	31	0.27396978129907607	0.5295461033399943
108	134	9	(9, 134)	83.66666666666667	108.0	65.9570567364352	('hdfr', 'ydcu')	False												hdfr	ydcu	15	4	0	1	31	0.27396978129907607	0.5295461033399943
83	110	59	(59, 110)	84.0	83.0	25.514701644346147	('fear', 'gdha')	False												fear	gdha	15	4	0	1	31	0.27396978129907607	0.5295461033399943
72	71	110	(71, 110)	84.33333333333333	72.0	22.233608194203057	('nac', 'ydct')	True	2212.0	('nac', 'ydct')		[(0, 0.15238577104390258, 0.083486067115284432), (10, -0.20117319987172488, 0.12324243505758722), (20, -0.18527623298741205, 0.16764996764789866), (30, 0.12580161319833519, 0.29585301423045041), (60, 0.42370819995572523, 0.014003783412707577), (90, 0.40336805223499361, 0.12131388489930942)]	['+']	nac	ydct	nac	15.0	ydct	15.0	nac	ydct	15	4	0	1	31	0.27396978129907607	0.5295461033399943
38	86	130	(38, 130)	84.66666666666667	86.0	46.01449047129972	('asnc', 'gltb')	False												asnc	gltb	15	4	0	1	31	0.27396978129907607	0.5295461033399943
101	25	129	(25, 129)	85.0	101.0	53.81449618829484	('nac', 'asna')	False												nac	asna	15	4	0	1	31	0.27396978129907607	0.5295461033399943
70	76	111	(70, 111)	85.66666666666667	76.0	22.143471573656498	('asnc', 'gabt')	False												asnc	gabt	15	4	0	1	31	0.27396978129907607	0.5295461033399943
134	70	56	(56, 134)	86.66666666666667	70.0	41.58525379666852	('adiy', 'hdfr')	False												adiy	hdfr	15	4	0	1	31	0.27396978129907607	0.5295461033399943
132	55	74	(55, 132)	87.0	74.0	40.11234224026316	('asnc', 'feab')	False												asnc	feab	15	4	0	1	31	0.27396978129907607	0.5295461033399943
44	95	123	(44, 123)	87.33333333333333	95.0	40.05413004090007	('adiy', 'tyna')	False												adiy	tyna	15	4	0	1	31	0.27396978129907607	0.5295461033399943
92	84	86	(84, 92)	87.33333333333333	86.0	4.163331998932265	('fear', 'csir')	False												fear	csir	15	4	0	1	31	0.27396978129907607	0.5295461033399943
97	123	43	(43, 123)	87.66666666666667	97.0	40.808495847474376	('nac', 'gltf')	True	2207.0	('nac', 'gltf')		[(0, 0.04756521447085104, 0.59099596286851042), (10, 0.22833306863359853, 0.079307840364981466), (20, 0.16111025143571275, 0.23120994529982994), (30, 0.11914544189043477, 0.32234608241284579), (60, -0.3989650457451156, 0.021451543523319062), (90, -0.32703144762354786, 0.21632407957006988)]	['-']	nac	gltf	nac	15.0	gltf	15.0	nac	gltf	15	4	0	1	31	0.27396978129907607	0.5295461033399943
60	129	76	(60, 129)	88.33333333333333	76.0	36.11555528208494	('fear', 'nac')	False												fear	nac	15	4	0	1	31	0.27396978129907607	0.5295461033399943
107	142	17	(17, 142)	88.66666666666667	107.0	64.48514040717701	('nac', 'gabt')	True	2203.0	('nac', 'gabt')		[(0, 0.27455997745914701, 0.0015711446053317114), (10, 0.130554517145968, 0.32009560208834781), (20, 0.12041926021987967, 0.37225541286645525), (30, 0.16318769440227615, 0.17390219366947901), (60, 0.37819967652019587, 0.029995519320908354), (90, 0.60245033893084832, 0.01352007413678756)]	['+']	nac	gabt	nac	15.0	gabt	15.0	nac	gabt	15	4	0	1	31	0.27396978129907607	0.5295461033399943
122	113	32	(32, 122)	89.0	113.0	49.56813492557492	('nac', 'ydcv')	True	2214.0	('nac', 'ydcv')		[(0, 0.14461462932518099, 0.10067776592508398), (10, -0.17280519671244166, 0.18672032642603614), (20, -0.17446346699339099, 0.19429788543998383), (30, 0.10688554602309021, 0.37497521197786599), (60, 0.40622619025519774, 0.018987340903983931), (90, 0.32941793859923146, 0.21279233752726515)]	['+']	nac	ydcv	nac	15.0	ydcv	15.0	nac	ydcv	15	4	0	1	31	0.27396978129907607	0.5295461033399943
104	140	23	(23, 140)	89.0	104.0	59.924953066314536	('fear', 'gltb')	False												fear	gltb	15	4	0	1	31	0.27396978129907607	0.5295461033399943
74	94	102	(74, 102)	90.0	94.0	14.422205101855956	('nac', 'adia')	False												nac	adia	15	4	0	1	31	0.27396978129907607	0.5295461033399943
90	100	81	(81, 100)	90.33333333333333	90.0	9.50438495292217	('adiy', 'gdha')	False												adiy	gdha	15	4	0	1	31	0.27396978129907607	0.5295461033399943
98	99	75	(75, 99)	90.66666666666667	98.0	13.576941236277534	('asnc', 'ydcs')	False												asnc	ydcs	15	4	0	1	31	0.27396978129907607	0.5295461033399943
37	106	131	(37, 131)	91.33333333333333	106.0	48.6860691916418	('csir', 'nac')	False												csir	nac	15	4	0	1	31	0.27396978129907607	0.5295461033399943
137	50	91	(50, 137)	92.66666666666667	91.0	43.52393977265079	('hdfr', 'coda')	False												hdfr	coda	15	4	0	1	31	0.27396978129907607	0.5295461033399943
102	61	116	(61, 116)	93.0	102.0	28.583211855912904	('csir', 'adia')	False												csir	adia	15	4	0	1	31	0.27396978129907607	0.5295461033399943
96	116	68	(68, 116)	93.33333333333333	96.0	24.11085509336683	('fear', 'mioc')	False												fear	mioc	15	4	0	1	31	0.27396978129907607	0.5295461033399943
117	128	39	(39, 128)	94.66666666666667	117.0	48.52147290976783	('fear', 'asna')	False												fear	asna	15	4	0	1	31	0.27396978129907607	0.5295461033399943
88	96	103	(88, 103)	95.66666666666667	96.0	7.505553499465135	('fear', 'ydct')	False												fear	ydct	15	4	0	1	31	0.27396978129907607	0.5295461033399943
125	127	37	(37, 127)	96.33333333333333	125.0	51.39390365922142	('fear', 'hdfr')	False												fear	hdfr	15	4	0	1	31	0.27396978129907607	0.5295461033399943
119	88	90	(88, 119)	99.0	90.0	17.349351572897472	('fear', 'gltd')	False												fear	gltd	15	4	0	1	31	0.27396978129907607	0.5295461033399943
123	132	51	(51, 132)	102.0	123.0	44.395945760846224	('nac', 'ydcs')	True	2211.0	('nac', 'ydcs')		[(0, 0.07797579595820657, 0.37787536515939557), (10, -0.34020672778720357, 0.007822460827330506), (20, -0.34567061222790474, 0.0084468573345221742), (30, 0.028271325960360923, 0.81495640533805291), (60, 0.36482308794815194, 0.036842993552489947), (90, 0.48727886071550147, 0.0555645182849131)]	['+']	nac	ydcs	nac	15.0	ydcs	15.0	nac	ydcs	15	4	0	1	31	0.27396978129907607	0.5295461033399943
110	101	98	(98, 110)	103.0	101.0	6.244997998398398	('asnc', 'ydcv')	False												asnc	ydcv	15	4	0	1	31	0.27396978129907607	0.5295461033399943
68	115	127	(68, 127)	103.33333333333333	115.0	31.182259913824932	('adiy', 'ydcu')	False												adiy	ydcu	15	4	0	1	31	0.27396978129907607	0.5295461033399943
99	80	132	(80, 132)	103.66666666666667	99.0	26.312227829154512	('fear', 'codb')	False												fear	codb	15	4	0	1	31	0.27396978129907607	0.5295461033399943
80	130	101	(80, 130)	103.66666666666667	101.0	25.106440076867397	('hdfr', 'gabt')	False												hdfr	gabt	15	4	0	1	31	0.27396978129907607	0.5295461033399943
87	114	112	(87, 114)	104.33333333333333	112.0	15.044378795195676	('hdfr', 'feab')	False												hdfr	feab	15	4	0	1	31	0.27396978129907607	0.5295461033399943
142	75	99	(75, 142)	105.33333333333333	99.0	33.946035605550954	('csir', 'codb')	False												csir	codb	15	4	0	1	31	0.27396978129907607	0.5295461033399943
133	135	50	(50, 135)	106.0	133.0	48.507731342539614	('fear', 'coda')	False												fear	coda	15	4	0	1	31	0.27396978129907607	0.5295461033399943
128	82	108	(82, 128)	106.0	108.0	23.065125189341593	('adiy', 'asna')	False												adiy	asna	15	4	0	1	31	0.27396978129907607	0.5295461033399943
121	68	133	(68, 133)	107.33333333333333	121.0	34.58805188693537	('csir', 'adiy')	False												csir	adiy	15	4	0	1	31	0.27396978129907607	0.5295461033399943
103	79	140	(79, 140)	107.33333333333333	103.0	30.730007050655445	('asnc', 'codb')	False												asnc	codb	15	4	0	1	31	0.27396978129907607	0.5295461033399943
79	121	122	(79, 122)	107.33333333333333	121.0	24.54248017893329	('asnc', 'gabd')	False												asnc	gabd	15	4	0	1	31	0.27396978129907607	0.5295461033399943
120	124	80	(80, 124)	108.0	120.0	24.331050121192877	('nac', 'ydcu')	True	2213.0	('nac', 'ydcu')		[(0, 0.089186833613124863, 0.31293740762656197), (10, -0.23004971867242779, 0.077015283649656957), (20, -0.21485260483044782, 0.10850038165116219), (30, -0.01140480710033639, 0.9247946687357973), (60, 0.33365631909219712, 0.057750428183379061), (90, 0.45696818208769713, 0.075161516205999784)]	['+']	nac	ydcu	nac	15.0	ydcu	15.0	nac	ydcu	15	4	0	1	31	0.27396978129907607	0.5295461033399943
100	126	100	(100, 126)	108.66666666666667	100.0	15.011106998930272	('asnc', 'ydct')	False												asnc	ydct	15	4	0	1	31	0.27396978129907607	0.5295461033399943
105	85	138	(85, 138)	109.33333333333333	105.0	26.764404221527766	('csir', 'gltd')	False												csir	gltd	15	4	0	1	31	0.27396978129907607	0.5295461033399943
91	103	135	(91, 135)	109.66666666666667	103.0	22.744962812309307	('asnc', 'gltd')	False												asnc	gltd	15	4	0	1	31	0.27396978129907607	0.5295461033399943
111	136	85	(85, 136)	110.66666666666667	111.0	25.501633934580216	('fear', 'gltf')	False												fear	gltf	15	4	0	1	31	0.27396978129907607	0.5295461033399943
82	143	107	(82, 143)	110.66666666666667	107.0	30.664855018951798	('hdfr', 'gabp')	False												hdfr	gabp	15	4	0	1	31	0.27396978129907607	0.5295461033399943
118	122	93	(93, 122)	111.0	118.0	15.716233645501712	('hdfr', 'ydcv')	False												hdfr	ydcv	15	4	0	1	31	0.27396978129907607	0.5295461033399943
136	77	121	(77, 136)	111.33333333333333	121.0	30.6648550189518	('nac', 'sera')	True	2210.0	('nac', 'sera')		[(0, 0.16406331266337837, 0.062153053815742446), (10, 0.25582094699160979, 0.048511580394594855), (20, 0.20743175598437233, 0.12155651849432314), (30, -0.018426354615929518, 0.87877664770575747), (60, -0.3342691412046831, 0.057264282536293759), (90, -0.51339244105557824, 0.041956834620550096)]	['-']	nac	sera	nac	15.0	sera	15.0	nac	sera	15	4	0	1	31	0.27396978129907607	0.5295461033399943
116	81	141	(81, 141)	112.66666666666667	116.0	30.13856886670854	('hdfr', 'ydct')	False												hdfr	ydct	15	4	0	1	31	0.27396978129907607	0.5295461033399943
138	107	97	(97, 138)	114.0	107.0	21.37755832643195	('adiy', 'gabp')	False												adiy	gabp	15	4	0	1	31	0.27396978129907607	0.5295461033399943
114	137	96	(96, 137)	115.66666666666667	114.0	20.55075018906447	('nac', 'gabd')	True	2201.0	('nac', 'gabd')		[(0, 0.14838498194887417, 0.092017620939432596), (10, -0.11886823600001599, 0.36568084459347905), (20, -0.11024096242017076, 0.41429756698493159), (30, 0.00850818408558047, 0.94385939936908925), (60, 0.37020845509748662, 0.033948112734851967), (90, 0.66562841320232902, 0.0048861115040474655)]	['+']	nac	gabd	nac	15.0	gabd	15.0	nac	gabd	15	4	0	1	31	0.27396978129907607	0.5295461033399943
135	125	92	(92, 135)	117.33333333333333	125.0	22.501851775650227	('nac', 'gltd')	True	2206.0	('nac', 'gltd')		[(0, 0.13158698835726879, 0.13561287908055061), (10, 0.39980833964488449, 0.0015514658882355703), (20, 0.32262283420045779, 0.014380142217115489), (30, -0.030356959888333649, 0.80157453737578432), (60, -0.29379679237077577, 0.097012800959480727), (90, -0.71197560311293617, 0.0019751372858467365)]	['-']	nac	gltd	nac	15.0	gltd	15.0	nac	gltd	15	4	0	1	31	0.27396978129907607	0.5295461033399943
139	104	115	(104, 139)	119.33333333333333	115.0	17.897858344878397	('adiy', 'csir')	False												adiy	csir	15	4	0	1	31	0.27396978129907607	0.5295461033399943
143	131	84	(84, 143)	119.33333333333333	131.0	31.182259913824932	('nac', 'gltb')	True	2205.0	('nac', 'gltb')		[(0, 0.17386802676559163, 0.047889320003921529), (10, 0.37785573673752121, 0.0029157152679598112), (20, 0.29784486588655656, 0.024436330153778909), (30, -0.025509985800035266, 0.83275468502741667), (60, -0.32913757057052445, 0.061436519643747217), (90, -0.60272891133708484, 0.013465553268855601)]	['-']	nac	gltb	nac	15.0	gltb	15.0	nac	gltb	15	4	0	1	31	0.27396978129907607	0.5295461033399943
89	133	139	(89, 139)	120.33333333333333	133.0	27.300793639257694	('nac', 'hdfr')	False												nac	hdfr	15	4	0	1	31	0.27396978129907607	0.5295461033399943
131	112	119	(112, 131)	120.66666666666667	119.0	9.60902353693305	('adiy', 'gabd')	False												adiy	gabd	15	4	0	1	31	0.27396978129907607	0.5295461033399943
140	141	83	(83, 141)	121.33333333333333	140.0	33.20140559273558	('adiy', 'gabt')	False												adiy	gabt	15	4	0	1	31	0.27396978129907607	0.5295461033399943
141	138	94	(94, 141)	124.33333333333333	138.0	26.312227829154516	('adiy', 'gltf')	True	219.0	('adiy', 'gltf')		[(0, -0.022730887955319107, 0.79740880058213093), (10, -0.057169701583916231, 0.66437973174491993), (20, 0.17069373208776523, 0.20426311023068741), (30, 0.32488835178236058, 0.0057030073439994335), (60, -0.090880230056371331, 0.61497827421947893), (90, -0.39367300929979981, 0.13138701823892043)]	['+']	adiy	gltf	adiy	15.0	gltf	15.0	adiy	gltf	15	4	0	1	31	0.27396978129907607	0.5295461033399943
124	139	125	(124, 139)	129.33333333333334	125.0	8.386497083606084	('nac', 'csir')	False												nac	csir	15	4	0	1	31	0.27396978129907607	0.5295461033399943
127	120	142	(120, 142)	129.66666666666666	127.0	11.239810200058244	('nac', 'coda')	True	2199.0	('nac', 'coda')		[(0, 0.15405937951676804, 0.080110433832875208), (10, 0.18575396287310544, 0.15532346639402012), (20, 0.15580918412764863, 0.24712651082451648), (30, -0.070940660228160021, 0.55660754335579055), (60, -0.1709065085055293, 0.34163042144417644), (90, -0.03355870009213921, 0.90180647211946285)]	['+']	nac	coda	nac	15.0	coda	15.0	nac	coda	15	4	0	1	31	0.27396978129907607	0.5295461033399943
4	2	3	(2, 4)	3.0	3.0	1.0	('iclr', 'ubia')	False												iclr	ubia	21	4	0	1	47	0.2503196129760913	0.5576480736055204
5	12	27	(5, 27)	14.666666666666666	12.0	11.239810200058244	('lldr', 'acek')	False												lldr	acek	21	4	0	1	47	0.2503196129760913	0.5576480736055204
13	11	21	(11, 21)	15.0	13.0	5.291502622129181	('trer', 'beta')	False												trer	beta	21	4	0	1	47	0.2503196129760913	0.5576480736055204
12	5	32	(5, 32)	16.333333333333332	12.0	14.011899704655802	('lldr', 'nuon')	False												lldr	nuon	21	4	0	1	47	0.2503196129760913	0.5576480736055204
2	6	45	(2, 45)	17.666666666666668	6.0	23.75570107012911	('lldr', 'aceb')	False												lldr	aceb	21	4	0	1	47	0.2503196129760913	0.5576480736055204
3	14	38	(3, 38)	18.333333333333332	14.0	17.8978583448784	('lldr', 'lldp')	True	1979.0	('lldr', 'lldp')	0.0	[(0, 0.69410745187153045, 5.384773787738342e-20), (10, 0.34270112343432441, 0.0073532962810976517), (20, 0.20500689217822821, 0.12607198425174601), (30, -0.0035231031157326024, 0.97673750493265987), (60, -0.019116652380330241, 0.91590613058619019), (90, 0.29372920357952109, 0.26950899299507869)]	['+']	lldr	lldp	lldr	21.0	lldp	21.0	lldr	lldp	21	4	0	1	47	0.2503196129760913	0.5576480736055204
21	1	33	(1, 33)	18.333333333333332	21.0	16.165807537309522	('iclr', 'nuon')	False												iclr	nuon	21	4	0	1	47	0.2503196129760913	0.5576480736055204
6	9	43	(6, 43)	19.333333333333332	9.0	20.55075018906447	('lldr', 'lldd')	True	1978.0	('lldr', 'lldd')	0.0	[(0, 0.69407520849596815, 5.4148650213504834e-20), (10, 0.37117283989127808, 0.003503778688920307), (20, 0.27791503619952035, 0.036335168060226339), (30, 0.048787397850661801, 0.68618784650710785), (60, -0.33663698797932567, 0.055416214501714002), (90, 0.3055679420563539, 0.24976604223309223)]	['+']	lldr	lldd	lldr	21.0	lldd	21.0	lldr	lldd	21	4	0	1	47	0.2503196129760913	0.5576480736055204
0	0	59	(0, 59)	19.666666666666668	0.0	34.06366588218792	('beti', 'betb')	True	484.0	('beti', 'betb')	0.0	[(0, 0.9093689125230856, 1.351266056774044e-50), (10, 0.81596614148823254, 1.9919483883083768e-15), (20, 0.63746984359046044, 9.6948155390204834e-08), (30, 0.28085647973157324, 0.017668148343707883), (60, 0.17781805788423272, 0.32216476466269578), (90, 0.015453682772633044, 0.95470190272259592)]	['-']	beti	betb	beti	21.0	betb	21.0	beti	betb	21	4	0	1	47	0.2503196129760913	0.5576480736055204
36	30	0	(0, 36)	22.0	30.0	19.28730152198591	('iclr', 'trer')	False												iclr	trer	21	4	0	1	47	0.2503196129760913	0.5576480736055204
47	8	13	(8, 47)	22.666666666666668	13.0	21.221058723196006	('iclr', 'hema')	False												iclr	hema	21	4	0	1	47	0.2503196129760913	0.5576480736055204
15	18	41	(15, 41)	24.666666666666668	18.0	14.224392195567912	('lldr', 'nuom')	False												lldr	nuom	21	4	0	1	47	0.2503196129760913	0.5576480736055204
19	7	48	(7, 48)	24.666666666666668	19.0	21.07921567168317	('iclr', 'bett')	False												iclr	bett	21	4	0	1	47	0.2503196129760913	0.5576480736055204
7	4	69	(4, 69)	26.666666666666668	7.0	36.69241520169167	('trer', 'ubia')	False												trer	ubia	21	4	0	1	47	0.2503196129760913	0.5576480736055204
27	3	52	(3, 52)	27.333333333333332	27.0	24.5017006212494	('iclr', 'nuom')	False												iclr	nuom	21	4	0	1	47	0.2503196129760913	0.5576480736055204
8	27	56	(8, 56)	30.333333333333332	27.0	24.172987679087857	('beti', 'bett')	True	485.0	('beti', 'bett')	0.0	[(0, 0.70127667745714084, 1.5311974407887255e-20), (10, 0.57220495396554316, 1.7848464671443441e-06), (20, 0.51435783016716308, 4.2596590659864942e-05), (30, 0.34851226172534422, 0.0028968482312138459), (60, 0.051106828320063184, 0.77759793303627145), (90, 0.1104134739410341, 0.68395182981804847)]	['-']	beti	bett	beti	21.0	bett	21.0	beti	bett	21	4	0	1	47	0.2503196129760913	0.5576480736055204
22	34	44	(22, 44)	33.333333333333336	34.0	11.015141094572204	('lldr', 'treb')	False												lldr	treb	21	4	0	1	47	0.2503196129760913	0.5576480736055204
29	25	47	(25, 47)	33.666666666666664	29.0	11.71893055416463	('beti', 'tpx')	False												beti	tpx	21	4	0	1	47	0.2503196129760913	0.5576480736055204
50	48	8	(8, 50)	35.333333333333336	48.0	23.692474191889147	('lldr', 'acka')	False												lldr	acka	21	4	0	1	47	0.2503196129760913	0.5576480736055204
78	23	6	(6, 78)	35.666666666666664	23.0	37.634204300520736	('iclr', 'tpx')	False												iclr	tpx	21	4	0	1	47	0.2503196129760913	0.5576480736055204
24	81	2	(2, 81)	35.666666666666664	24.0	40.771722226726375	('trer', 'hema')	False												trer	hema	21	4	0	1	47	0.2503196129760913	0.5576480736055204
23	24	61	(23, 61)	36.0	24.0	21.656407827707714	('trer', 'dcuc')	False												trer	dcuc	21	4	0	1	47	0.2503196129760913	0.5576480736055204
30	32	46	(30, 46)	36.0	32.0	8.717797887081348	('lldr', 'icd')	False												lldr	icd	21	4	0	1	47	0.2503196129760913	0.5576480736055204
61	53	5	(5, 61)	39.666666666666664	53.0	30.28751117760146	('arca', 'cydb')	True	290.0	('arca', 'cydb')		[(0, 0.11445577182828279, 0.19474877826343276), (10, -0.16689363101008106, 0.20247967555314714), (20, -0.21263747829260585, 0.11227924378278706), (30, 0.14747748419655352, 0.21969703248923786), (60, 0.10328018898333167, 0.56735180618354686), (90, 0.43154353945694884, 0.095108598325256977)]	['+']	arca	cydb	arca	21.0	cydb	21.0	arca	cydb	21	4	0	1	47	0.2503196129760913	0.5576480736055204
48	57	28	(28, 57)	44.333333333333336	48.0	14.843629385474879	('iclr', 'rpsq')	False												iclr	rpsq	21	4	0	1	47	0.2503196129760913	0.5576480736055204
1	15	119	(1, 119)	45.0	15.0	64.4670458451448	('lldr', 'acea')	False												lldr	acea	21	4	0	1	47	0.2503196129760913	0.5576480736055204
31	68	36	(31, 68)	45.0	36.0	20.074859899884732	('lldr', 'tpx')	False												lldr	tpx	21	4	0	1	47	0.2503196129760913	0.5576480736055204
35	92	10	(10, 92)	45.666666666666664	35.0	42.02776859807493	('trer', 'iclr')	False												trer	iclr	21	4	0	1	47	0.2503196129760913	0.5576480736055204
28	52	58	(28, 58)	46.0	52.0	15.874507866387544	('iclr', 'ydea')	False												iclr	ydea	21	4	0	1	47	0.2503196129760913	0.5576480736055204
18	29	95	(18, 95)	47.333333333333336	29.0	41.645327869202006	('trer', 'nuom')	False												trer	nuom	21	4	0	1	47	0.2503196129760913	0.5576480736055204
11	28	105	(11, 105)	48.0	28.0	50.08991914547278	('iclr', 'arca')	False												iclr	arca	21	4	0	1	47	0.2503196129760913	0.5576480736055204
41	41	64	(41, 64)	48.666666666666664	41.0	13.279056191361391	('trer', 'beti')	False												trer	beti	21	4	0	1	47	0.2503196129760913	0.5576480736055204
16	17	115	(16, 115)	49.333333333333336	17.0	56.87119950672162	('beti', 'beta')	True	483.0	('beti', 'beta')	0.0	[(0, 0.70217068757093182, 1.3055347141432107e-20), (10, 0.56078576074070707, 3.1589318929595244e-06), (20, 0.39735782558532723, 0.0022088268719175981), (30, 0.10469352671217144, 0.38490393598174255), (60, 0.12537240557053456, 0.48693615032612747), (90, 0.19448261992509841, 0.47044008519183123)]	['-']	beti	beta	beti	21.0	beta	21.0	beti	beta	21	4	0	1	47	0.2503196129760913	0.5576480736055204
9	10	135	(9, 135)	51.333333333333336	10.0	72.45918391296809	('iclr', 'icd')	False												iclr	icd	21	4	0	1	47	0.2503196129760913	0.5576480736055204
32	76	49	(32, 76)	52.333333333333336	49.0	22.18858565419016	('trer', 'treb')	True	2771.0	('trer', 'treb')	0.0	[(0, 0.53402241996858379, 6.03265145589151e-11), (10, 0.668463654482783, 5.3371824641738609e-09), (20, 0.49138430214938011, 0.00010385425507780787), (30, 0.30509678130742929, 0.0096770341281055931), (60, 0.09187189150276541, 0.61110853373450968), (90, -0.10359633251879476, 0.70260876771038117)]	['-']	trer	treb	trer	21.0	treb	21.0	trer	treb	21	4	0	1	47	0.2503196129760913	0.5576480736055204
17	22	121	(17, 121)	53.333333333333336	22.0	58.65435476870692	('lldr', 'trec')	False												lldr	trec	21	4	0	1	47	0.2503196129760913	0.5576480736055204
115	37	9	(9, 115)	53.666666666666664	37.0	54.930258813638716	('lldr', 'iclr')	False												lldr	iclr	21	4	0	1	47	0.2503196129760913	0.5576480736055204
25	98	39	(25, 98)	54.0	39.0	38.742741255621034	('arca', 'iclr')	False												arca	iclr	21	4	0	1	47	0.2503196129760913	0.5576480736055204
14	13	136	(13, 136)	54.333333333333336	14.0	70.72717535242967	('lldr', 'nuoj')	False												lldr	nuoj	21	4	0	1	47	0.2503196129760913	0.5576480736055204
86	55	23	(23, 86)	54.666666666666664	55.0	31.50132272355136	('iclr', 'acek')	True	1876.0	('iclr', 'acek')	20.0	[(0, 0.33303914830071024, 0.00010808744424818531), (10, 0.59097847999384046, 6.6540425216493943e-07), (20, 0.64195363207287137, 7.3748631904665485e-08), (30, 0.3574722580340558, 0.0022099756864148142), (60, -0.35519786267530351, 0.042512796145768611), (90, -0.6151873788043829, 0.011197830209904837)]	['-']	iclr	acek	iclr	21.0	acek	21.0	iclr	acek	21	4	0	1	47	0.2503196129760913	0.5576480736055204
37	50	89	(37, 89)	58.666666666666664	50.0	27.061657993059725	('trer', 'prfa')	False												trer	prfa	21	4	0	1	47	0.2503196129760913	0.5576480736055204
52	93	31	(31, 93)	58.666666666666664	52.0	31.533051443419385	('iclr', 'dcuc')	False												iclr	dcuc	21	4	0	1	47	0.2503196129760913	0.5576480736055204
26	38	114	(26, 114)	59.333333333333336	38.0	47.72141378179541	('lldr', 'prfa')	False												lldr	prfa	21	4	0	1	47	0.2503196129760913	0.5576480736055204
44	64	77	(44, 77)	61.666666666666664	64.0	16.623276853055575	('arca', 'ubia')	True	403.0	('arca', 'ubia')		[(0, 0.061875885005190819, 0.48433309444251871), (10, -0.13087144796218933, 0.3189120628027925), (20, 0.041445018914094314, 0.75952672902256169), (30, -0.094935977858075171, 0.43097354316882297), (60, 0.021640671465313347, 0.90485026545770031), (90, -0.37221893101314324, 0.15568777435572836)]	['-']	arca	ubia	arca	21.0	ubia	21.0	arca	ubia	21	4	0	1	47	0.2503196129760913	0.5576480736055204
42	45	101	(42, 101)	62.666666666666664	45.0	33.231511150312336	('iclr', 'cydb')	False												iclr	cydb	21	4	0	1	47	0.2503196129760913	0.5576480736055204
68	42	82	(42, 82)	64.0	68.0	20.29778313018444	('trer', 'cyda')	False												trer	cyda	21	4	0	1	47	0.2503196129760913	0.5576480736055204
66	62	65	(62, 66)	64.33333333333333	65.0	2.0816659994661326	('arca', 'nuon')	True	361.0	('arca', 'nuon')	0.0	[(0, -0.43458476241849897, 2.3882251068121816e-07), (10, -0.47905710483428871, 0.00010784073665061204), (20, -0.37980140746872842, 0.0035687665989146311), (30, -0.17382192982478353, 0.14713841202482233), (60, -0.063776611674915676, 0.72438724784736752), (90, 0.12273054103603435, 0.65067965111739889)]	['-']	arca	nuon	arca	21.0	nuon	21.0	arca	nuon	21	4	0	1	47	0.2503196129760913	0.5576480736055204
84	94	17	(17, 94)	65.0	84.0	41.86884283091664	('trer', 'icd')	False												trer	icd	21	4	0	1	47	0.2503196129760913	0.5576480736055204
96	65	37	(37, 96)	66.0	65.0	29.512709126747414	('beti', 'dcuc')	False												beti	dcuc	21	4	0	1	47	0.2503196129760913	0.5576480736055204
140	54	7	(7, 140)	67.0	54.0	67.446274915669	('arca', 'tpx')	True	400.0	('arca', 'tpx')		[(0, 0.13151601340634764, 0.13582577177420932), (10, 0.05322650771914398, 0.68628307239318154), (20, -0.017776246948254679, 0.89558172342844877), (30, 0.10683727265975795, 0.37519218416423039), (60, 0.33275787359780296, 0.058469043550918795), (90, -0.15902024544595775, 0.55636647149515517)]	['-']	arca	tpx	arca	21.0	tpx	21.0	arca	tpx	21	4	0	1	47	0.2503196129760913	0.5576480736055204
108	20	80	(20, 108)	69.33333333333333	80.0	44.959240800232976	('iclr', 'nuoj')	False												iclr	nuoj	21	4	0	1	47	0.2503196129760913	0.5576480736055204
70	109	29	(29, 109)	69.33333333333333	70.0	40.00416644967538	('arca', 'rpmc')	True	384.0	('arca', 'rpmc')		[(0, -0.30296768346561154, 0.00045880744049741072), (10, -0.2892116284520258, 0.025011169823915831), (20, -0.32621328464263666, 0.013269694062261113), (30, -0.087815401245899677, 0.4664787678555079), (60, -0.15764511011606519, 0.380931812516352), (90, -0.25186475929867308, 0.34668972945863852)]	['-']	arca	rpmc	arca	21.0	rpmc	21.0	arca	rpmc	21	4	0	1	47	0.2503196129760913	0.5576480736055204
53	116	40	(40, 116)	69.66666666666667	53.0	40.64890322423636	('lldr', 'ubia')	False												lldr	ubia	21	4	0	1	47	0.2503196129760913	0.5576480736055204
10	21	179	(10, 179)	70.0	21.0	94.5568612000208	('trer', 'nuoj')	False												trer	nuoj	21	4	0	1	47	0.2503196129760913	0.5576480736055204
49	58	104	(49, 104)	70.33333333333333	58.0	29.501412395567325	('trer', 'arca')	False												trer	arca	21	4	0	1	47	0.2503196129760913	0.5576480736055204
74	115	25	(25, 115)	71.33333333333333	74.0	45.05922029211484	('arca', 'aceb')	True	261.0	('arca', 'aceb')		[(0, 0.34345500796972056, 6.3192031605001101e-05), (10, 0.15324333117920502, 0.24241671241050156), (20, 0.24291646896511068, 0.068648554029108022), (30, 0.31964990813262967, 0.0065817660514824843), (60, 0.32050311904957057, 0.068992769502117399), (90, 0.34091203211019788, 0.1963019222160903)]	['-']	arca	aceb	arca	21.0	aceb	21.0	arca	aceb	21	4	0	1	47	0.2503196129760913	0.5576480736055204
63	43	109	(43, 109)	71.66666666666667	63.0	33.84277372399215	('arca', 'betb')	True	273.0	('arca', 'betb')	10.0	[(0, 0.39888539445458171, 2.5929653398149056e-06), (10, 0.63315968840999981, 5.6790102400930248e-08), (20, 0.55575587388582337, 7.1979799494690847e-06), (30, 0.1527185374607205, 0.20356457396004246), (60, 0.43097192100381154, 0.012283498138926263), (90, 0.18658198581141833, 0.48899900925112938)]	['-']	arca	betb	arca	21.0	betb	21.0	arca	betb	21	4	0	1	47	0.2503196129760913	0.5576480736055204
76	125	15	(15, 125)	72.0	76.0	55.10898293381942	('arca', 'acka')	True	265.0	('arca', 'acka')		[(0, -0.12612756802320665, 0.15274475650418678), (10, 0.058642416415685406, 0.65626907778290589), (20, -0.035683175037487871, 0.79215176192036441), (30, 0.13153225871351412, 0.27421968368925975), (60, -0.30161376399079853, 0.088042660156280511), (90, -0.38847191471637227, 0.13702142144349738)]	['+']	arca	acka	arca	21.0	acka	21.0	arca	acka	21	4	0	1	47	0.2503196129760913	0.5576480736055204
34	165	18	(18, 165)	72.33333333333333	34.0	80.64944719794012	('lldr', 'hema')	False												lldr	hema	21	4	0	1	47	0.2503196129760913	0.5576480736055204
89	110	22	(22, 110)	73.66666666666667	89.0	45.96012764705221	('beti', 'ubia')	False												beti	ubia	21	4	0	1	47	0.2503196129760913	0.5576480736055204
80	47	96	(47, 96)	74.33333333333333	80.0	24.986663109213552	('arca', 'dcuc')	True	299.0	('arca', 'dcuc')		[(0, 0.090612940019031932, 0.30523151981962232), (10, 0.012531290067042117, 0.92429199586984478), (20, -0.077370714295418794, 0.56728580452939137), (30, -0.052468767625243412, 0.66388053223899579), (60, -0.2621116470006295, 0.14059943199625244), (90, 0.25395587115467866, 0.34256506458812314)]	['+']	arca	dcuc	arca	21.0	dcuc	21.0	arca	dcuc	21	4	0	1	47	0.2503196129760913	0.5576480736055204
158	33	35	(33, 158)	75.33333333333333	35.0	71.59841711471933	('lldr', 'rpss')	False												lldr	rpss	21	4	0	1	47	0.2503196129760913	0.5576480736055204
65	105	57	(57, 105)	75.66666666666667	65.0	25.716402029314548	('beti', 'lldp')	False												beti	lldp	21	4	0	1	47	0.2503196129760913	0.5576480736055204
103	107	24	(24, 107)	78.0	103.0	46.8081189538738	('arca', 'trec')	True	402.0	('arca', 'trec')		[(0, -0.16928996727357656, 0.054169078193450022), (10, 0.12466663527860579, 0.3425905193154869), (20, 0.0034691058940133877, 0.97956762552994225), (30, -0.17267659916227446, 0.14986329073953028), (60, -0.16127798747819472, 0.36991211048947337), (90, -0.14838431260664514, 0.58338821841398303)]	['+']	arca	trec	arca	21.0	trec	21.0	arca	trec	21	4	0	1	47	0.2503196129760913	0.5576480736055204
132	84	20	(20, 132)	78.66666666666667	84.0	56.19015334854794	('iclr', 'lldr')	False												iclr	lldr	21	4	0	1	47	0.2503196129760913	0.5576480736055204
45	101	92	(45, 101)	79.33333333333333	92.0	30.072135496724094	('trer', 'trec')	True	2772.0	('trer', 'trec')	0.0	[(0, 0.45287467758157884, 6.3030923453155218e-08), (10, 0.54657284144535001, 6.2451199654100351e-06), (20, 0.36618543440434947, 0.0050879648501949348), (30, 0.18747969824047322, 0.11744014433863398), (60, 0.073245796922223091, 0.68541433389325845), (90, -0.15525792355525975, 0.56586284619171212)]	['-']	trer	trec	trer	21.0	trec	21.0	trer	trec	21	4	0	1	47	0.2503196129760913	0.5576480736055204
100	137	1	(1, 137)	79.33333333333333	100.0	70.31595361888604	('iclr', 'rpmc')	False												iclr	rpmc	21	4	0	1	47	0.2503196129760913	0.5576480736055204
72	111	55	(55, 111)	79.33333333333333	72.0	28.71120571019847	('iclr', 'acka')	False												iclr	acka	21	4	0	1	47	0.2503196129760913	0.5576480736055204
33	49	157	(33, 157)	79.66666666666667	49.0	67.44874597302261	('trer', 'nuon')	False												trer	nuon	21	4	0	1	47	0.2503196129760913	0.5576480736055204
131	61	50	(50, 131)	80.66666666666667	61.0	43.93555887129847	('trer', 'cydb')	False												trer	cydb	21	4	0	1	47	0.2503196129760913	0.5576480736055204
69	70	111	(69, 111)	83.33333333333333	70.0	23.96525262402492	('arca', 'nuom')	True	360.0	('arca', 'nuom')	0.0	[(0, -0.38037844752384203, 8.041485926714651e-06), (10, -0.44667559229766191, 0.00034685204999883887), (20, -0.34424174358094789, 0.008740002547575584), (30, -0.10360273600414785, 0.38990268029763697), (60, -0.13236297480804007, 0.4627725643995344), (90, 0.19651492669866019, 0.46572272377054247)]	['-']	arca	nuom	arca	21.0	nuom	21.0	arca	nuom	21	4	0	1	47	0.2503196129760913	0.5576480736055204
59	74	118	(59, 118)	83.66666666666667	74.0	30.6648550189518	('lldr', 'beta')	False												lldr	beta	21	4	0	1	47	0.2503196129760913	0.5576480736055204
38	91	126	(38, 126)	85.0	91.0	44.30575583375144	('arca', 'ydea')	True	407.0	('arca', 'ydea')		[(0, -0.26060544067600916, 0.0027481862344493116), (10, -0.06082154665561456, 0.64434026444713588), (20, -0.066784776300491747, 0.62159221932874953), (30, -0.091107634955294073, 0.44986886165594586), (60, -0.13356426940775776, 0.45868522314011895), (90, -0.3094955688006048, 0.2434200667035942)]	['-']	arca	ydea	arca	21.0	ydea	21.0	arca	ydea	21	4	0	1	47	0.2503196129760913	0.5576480736055204
107	97	51	(51, 107)	85.0	97.0	29.866369046136157	('arca', 'beti')	True	6.0	('arca', 'beti')		[(0, 0.27740776298730879, 0.0013966530039853037), (10, 0.51153785033813859, 2.9527197144879215e-05), (20, 0.43267846209632221, 0.00077540305268138478), (30, 0.061234677231731774, 0.61195098368012535), (60, 0.34569651709468185, 0.048777339269274231), (90, 0.14918320169590779, 0.58133983671372524)]	['-']	arca	beti	arca	21.0	beti	21.0	arca	beti	21	4	0	1	47	0.2503196129760913	0.5576480736055204
85	36	138	(36, 138)	86.33333333333333	85.0	51.013070220614374	('iclr', 'aceb')	True	1875.0	('iclr', 'aceb')		[(0, 0.015818008881952176, 0.85823425523810803), (10, 0.13245215788384937, 0.31305081599820439), (20, 0.21033423767648662, 0.11631459924471704), (30, 0.045202591286299235, 0.70817030981667473), (60, -0.45856681599198479, 0.0072750780248957616), (90, -0.78525977813684888, 0.00031317347986032501)]	['-']	iclr	aceb	iclr	21.0	aceb	21.0	iclr	aceb	21	4	0	1	47	0.2503196129760913	0.5576480736055204
83	19	158	(19, 158)	86.66666666666667	83.0	69.57250414735216	('beti', 'hema')	False												beti	hema	21	4	0	1	47	0.2503196129760913	0.5576480736055204
164	80	16	(16, 164)	86.66666666666667	80.0	74.22488351848949	('beti', 'iclr')	False												beti	iclr	21	4	0	1	47	0.2503196129760913	0.5576480736055204
134	39	90	(39, 134)	87.66666666666667	90.0	47.54296302643887	('beti', 'prfa')	False												beti	prfa	21	4	0	1	47	0.2503196129760913	0.5576480736055204
20	75	168	(20, 168)	87.66666666666667	75.0	74.80864477674578	('lldr', 'prmc')	False												lldr	prmc	21	4	0	1	47	0.2503196129760913	0.5576480736055204
113	139	12	(12, 139)	88.0	113.0	67.08949247087803	('iclr', 'rpss')	False												iclr	rpss	21	4	0	1	47	0.2503196129760913	0.5576480736055204
133	120	11	(11, 133)	88.0	120.0	67.0	('trer', 'rplc')	False												trer	rplc	21	4	0	1	47	0.2503196129760913	0.5576480736055204
40	60	169	(40, 169)	89.66666666666667	60.0	69.42862041934387	('trer', 'betb')	False												trer	betb	21	4	0	1	47	0.2503196129760913	0.5576480736055204
77	189	4	(4, 189)	90.0	77.0	93.18261640456336	('arca', 'rplw')	True	383.0	('arca', 'rplw')	0.0	[(0, -0.38334885919246481, 6.7365017460122837e-06), (10, -0.22025409945176774, 0.09083150150537235), (20, -0.20270195870594571, 0.13048081519395807), (30, -0.024632626453624022, 0.83842777774237764), (60, -0.23074970370463152, 0.19637002645652846), (90, -0.29583878603181529, 0.26592333615136821)]	['-']	arca	rplw	arca	21.0	rplw	21.0	arca	rplw	21	4	0	1	47	0.2503196129760913	0.5576480736055204
161	35	74	(35, 161)	90.0	74.0	64.50581369148055	('trer', 'bett')	False												trer	bett	21	4	0	1	47	0.2503196129760913	0.5576480736055204
106	89	76	(76, 106)	90.33333333333333	89.0	15.044378795195678	('trer', 'rpsj')	False												trer	rpsj	21	4	0	1	47	0.2503196129760913	0.5576480736055204
62	88	122	(62, 122)	90.66666666666667	88.0	30.088757590391356	('arca', 'cyda')	True	289.0	('arca', 'cyda')		[(0, 0.077253940560488163, 0.38231990149748907), (10, -0.13729993368270957, 0.29550901440061894), (20, -0.14096210513696253, 0.29560898083635484), (30, 0.20676545297972312, 0.083619372897948324), (60, 0.024134611596717793, 0.8939433413247404), (90, 0.46277279321611919, 0.071069686683453814)]	['+']	arca	cyda	arca	21.0	cyda	21.0	arca	cyda	21	4	0	1	47	0.2503196129760913	0.5576480736055204
46	67	162	(46, 162)	91.66666666666667	67.0	61.80884510596629	('trer', 'rpsq')	False												trer	rpsq	21	4	0	1	47	0.2503196129760913	0.5576480736055204
43	63	171	(43, 171)	92.33333333333333	63.0	68.85734044626858	('arca', 'icd')	True	341.0	('arca', 'icd')		[(0, 0.19689966734283895, 0.024745848736545506), (10, -0.15950000584282567, 0.22348887892434754), (20, -0.1607423863445932, 0.2322910359395059), (30, -0.040124431928224964, 0.73971775787495253), (60, 0.035152191405990227, 0.84601338148167826), (90, -0.10826153924256617, 0.6898232712680521)]	['-']	arca	icd	arca	21.0	icd	21.0	arca	icd	21	4	0	1	47	0.2503196129760913	0.5576480736055204
73	106	98	(73, 106)	92.33333333333333	98.0	17.214335111567145	('trer', 'rpsc')	False												trer	rpsc	21	4	0	1	47	0.2503196129760913	0.5576480736055204
109	26	143	(26, 143)	92.66666666666667	109.0	60.18582335843993	('beti', 'acek')	False												beti	acek	21	4	0	1	47	0.2503196129760913	0.5576480736055204
88	104	93	(88, 104)	95.0	93.0	8.18535277187245	('trer', 'rplp')	False												trer	rplp	21	4	0	1	47	0.2503196129760913	0.5576480736055204
141	131	14	(14, 141)	95.33333333333333	131.0	70.61397406557242	('trer', 'rplb')	False												trer	rplb	21	4	0	1	47	0.2503196129760913	0.5576480736055204
173	87	26	(26, 173)	95.33333333333333	87.0	73.85345850624284	('iclr', 'beti')	False												iclr	beti	21	4	0	1	47	0.2503196129760913	0.5576480736055204
39	66	183	(39, 183)	96.0	66.0	76.54410493303844	('arca', 'rpsq')	True	388.0	('arca', 'rpsq')	0.0	[(0, -0.42924420926305712, 3.4729356377892815e-07), (10, -0.37802165650552183, 0.00290230470849164), (20, -0.29406326934180727, 0.026399383826118256), (30, -0.10224950047586395, 0.39615748954987284), (60, -0.092345761895824871, 0.60926298960665692), (90, -0.17537253724200214, 0.51591720443531131)]	['-']	arca	rpsq	arca	21.0	rpsq	21.0	arca	rpsq	21	4	0	1	47	0.2503196129760913	0.5576480736055204
112	147	30	(30, 147)	96.33333333333333	112.0	60.052754585725154	('trer', 'rpmc')	False												trer	rpmc	21	4	0	1	47	0.2503196129760913	0.5576480736055204
102	77	112	(77, 112)	97.0	102.0	18.027756377319946	('trer', 'tpx')	False												trer	tpx	21	4	0	1	47	0.2503196129760913	0.5576480736055204
95	16	181	(16, 181)	97.33333333333333	95.0	82.52474376411801	('iclr', 'prfa')	False												iclr	prfa	21	4	0	1	47	0.2503196129760913	0.5576480736055204
79	148	66	(66, 148)	97.66666666666667	79.0	44.07191093353377	('arca', 'rplp')	True	381.0	('arca', 'rplp')		[(0, -0.28264941893550904, 0.001120903831795773), (10, -0.21315024545961375, 0.10201246083814085), (20, -0.26534530485191615, 0.046059562350071082), (30, -0.058723802482857593, 0.6266462093713342), (60, -0.13227106615435572, 0.46308607172546834), (90, -0.2742920351935671, 0.30392247416981066)]	['-']	arca	rplp	arca	21.0	rplp	21.0	arca	rplp	21	4	0	1	47	0.2503196129760913	0.5576480736055204
118	31	144	(31, 144)	97.66666666666667	118.0	59.18051481132395	('iclr', 'prmc')	False												iclr	prmc	21	4	0	1	47	0.2503196129760913	0.5576480736055204
55	122	117	(55, 122)	98.0	117.0	37.322915213043046	('arca', 'rpld')	True	380.0	('arca', 'rpld')	0.0	[(0, -0.41366235057669182, 9.9886961610339306e-07), (10, -0.25602150695785802, 0.048329483135804943), (20, -0.2312446855342761, 0.083501001153667292), (30, -0.054298618387213719, 0.65289850116191483), (60, -0.25379996457136544, 0.15409601222132557), (90, -0.31356308390636567, 0.23695511093853969)]	['-']	arca	rpld	arca	21.0	rpld	21.0	arca	rpld	21	4	0	1	47	0.2503196129760913	0.5576480736055204
105	40	154	(40, 154)	99.66666666666667	105.0	57.18682832028135	('iclr', 'beta')	False												iclr	beta	21	4	0	1	47	0.2503196129760913	0.5576480736055204
129	46	128	(46, 129)	101.0	128.0	47.634021455258214	('beti', 'trer')	False												beti	trer	21	4	0	1	47	0.2503196129760913	0.5576480736055204
81	134	88	(81, 134)	101.0	88.0	28.792360097775937	('trer', 'rplv')	False												trer	rplv	21	4	0	1	47	0.2503196129760913	0.5576480736055204
57	108	140	(57, 140)	101.66666666666667	108.0	41.86088070422472	('lldr', 'ydea')	False												lldr	ydea	21	4	0	1	47	0.2503196129760913	0.5576480736055204
124	124	62	(62, 124)	103.33333333333333	124.0	35.7957166897568	('beti', 'arca')	False												beti	arca	21	4	0	1	47	0.2503196129760913	0.5576480736055204
90	72	148	(72, 148)	103.33333333333333	90.0	39.71565602295062	('trer', 'acek')	False												trer	acek	21	4	0	1	47	0.2503196129760913	0.5576480736055204
114	44	152	(44, 152)	103.33333333333333	114.0	54.78442601080469	('beti', 'cyda')	False												beti	cyda	21	4	0	1	47	0.2503196129760913	0.5576480736055204
98	83	131	(83, 131)	104.0	98.0	24.55605831561735	('lldr', 'cydb')	False												lldr	cydb	21	4	0	1	47	0.2503196129760913	0.5576480736055204
110	118	84	(84, 118)	104.0	110.0	17.776388834631177	('lldr', 'bett')	False												lldr	bett	21	4	0	1	47	0.2503196129760913	0.5576480736055204
64	178	73	(64, 178)	105.0	73.0	63.3798075099633	('arca', 'rpsc')	True	386.0	('arca', 'rpsc')	0.0	[(0, -0.40374772072393189, 1.903971386856697e-06), (10, -0.34333356170285756, 0.0072383227371014981), (20, -0.31454164885160502, 0.017174306995888754), (30, -0.13779457698353045, 0.25181793630004856), (60, -0.20389511611190148, 0.25506557951187997), (90, -0.32426322896748661, 0.22046738161711252)]	['-']	arca	rpsc	arca	21.0	rpsc	21.0	arca	rpsc	21	4	0	1	47	0.2503196129760913	0.5576480736055204
154	143	19	(19, 154)	105.33333333333333	143.0	74.96888243353594	('beti', 'aceb')	False												beti	aceb	21	4	0	1	47	0.2503196129760913	0.5576480736055204
58	99	160	(58, 160)	105.66666666666667	99.0	51.32575701666107	('arca', 'bett')	True	274.0	('arca', 'bett')		[(0, -0.092527922618786188, 0.29508136616944181), (10, 0.081665227666943424, 0.53505587641919261), (20, 0.1084628178563571, 0.42191245488297391), (30, 0.0058756358040417357, 0.96121367788241208), (60, 0.40230401981180747, 0.020287414482918903), (90, 0.49403612019431048, 0.051768038765930037)]	['-']	arca	bett	arca	21.0	bett	21.0	arca	bett	21	4	0	1	47	0.2503196129760913	0.5576480736055204
51	86	180	(51, 180)	105.66666666666667	86.0	66.7108187128095	('iclr', 'cyda')	False												iclr	cyda	21	4	0	1	47	0.2503196129760913	0.5576480736055204
128	156	34	(34, 156)	106.0	128.0	63.90618123468183	('iclr', 'rpsj')	False												iclr	rpsj	21	4	0	1	47	0.2503196129760913	0.5576480736055204
54	126	142	(54, 142)	107.33333333333333	126.0	46.875722216658524	('lldr', 'dcuc')	False												lldr	dcuc	21	4	0	1	47	0.2503196129760913	0.5576480736055204
116	138	71	(71, 138)	108.33333333333333	116.0	34.151622704248375	('beti', 'ydea')	False												beti	ydea	21	4	0	1	47	0.2503196129760913	0.5576480736055204
153	96	78	(78, 153)	109.0	96.0	39.153543900903784	('beti', 'cydb')	False												beti	cydb	21	4	0	1	47	0.2503196129760913	0.5576480736055204
180	69	79	(69, 180)	109.33333333333333	79.0	61.40304009846201	('lldr', 'cyda')	False												lldr	cyda	21	4	0	1	47	0.2503196129760913	0.5576480736055204
127	160	42	(42, 160)	109.66666666666667	127.0	60.879662723551064	('trer', 'acka')	False												trer	acka	21	4	0	1	47	0.2503196129760913	0.5576480736055204
60	102	167	(60, 167)	109.66666666666667	102.0	53.91041952473876	('arca', 'trer')	False												arca	trer	21	4	0	1	47	0.2503196129760913	0.5576480736055204
56	155	120	(56, 155)	110.33333333333333	120.0	50.20292156173117	('arca', 'rpsj')	True	387.0	('arca', 'rpsj')	0.0	[(0, -0.45885947216325856, 4.0065516247210596e-08), (10, -0.29263981370150982, 0.023267348315898155), (20, -0.24856904327992618, 0.062257296703233114), (30, -0.075357688768036807, 0.53223792334409215), (60, -0.28576006775911295, 0.10694242553818936), (90, -0.26890223861533946, 0.31390300123598808)]	['-']	arca	rpsj	arca	21.0	rpsj	21.0	arca	rpsj	21	4	0	1	47	0.2503196129760913	0.5576480736055204
121	142	72	(72, 142)	111.66666666666667	121.0	35.92121007612819	('iclr', 'treb')	False												iclr	treb	21	4	0	1	47	0.2503196129760913	0.5576480736055204
122	154	60	(60, 154)	112.0	122.0	47.791212581394085	('arca', 'acea')	True	260.0	('arca', 'acea')		[(0, 0.20358895313529488, 0.020166315299304738), (10, -0.041839517432803973, 0.75093325795832355), (20, -0.020968826580923895, 0.87696258474149913), (30, 0.22559124249780624, 0.058545899670045455), (60, 0.38372742406376731, 0.027487898311084495), (90, 0.41030479594594499, 0.11444427919937453)]	['-']	arca	acea	arca	21.0	acea	21.0	arca	acea	21	4	0	1	47	0.2503196129760913	0.5576480736055204
143	140	54	(54, 143)	112.33333333333333	140.0	50.54041287260457	('arca', 'prfa')	True	368.0	('arca', 'prfa')		[(0, 0.0087046356313736518, 0.92170089432506819), (10, -0.098065020147340282, 0.45601260308449021), (20, -0.14016824552044849, 0.29836458686696438), (30, -0.02345733983868583, 0.84604013718139215), (60, -0.14566544389979735, 0.41860317292190041), (90, -0.30679587495157107, 0.24777112111820238)]	['+']	arca	prfa	arca	21.0	prfa	21.0	arca	prfa	21	4	0	1	47	0.2503196129760913	0.5576480736055204
67	166	110	(67, 166)	114.33333333333333	110.0	49.642052066099495	('trer', 'prmc')	False												trer	prmc	21	4	0	1	47	0.2503196129760913	0.5576480736055204
120	51	176	(51, 176)	115.66666666666667	120.0	62.612565299094186	('beti', 'prmc')	False												beti	prmc	21	4	0	1	47	0.2503196129760913	0.5576480736055204
94	73	182	(73, 182)	116.33333333333333	94.0	57.830211250983105	('arca', 'beta')	True	272.0	('arca', 'beta')		[(0, -0.013143456355153496, 0.88201328806560819), (10, 0.20596368626686734, 0.11438040476489296), (20, 0.20973497568201008, 0.11738247295179501), (30, 0.028029709937654905, 0.81651016181517133), (60, 0.10992293459923874, 0.54255022377207518), (90, 0.0080709476127828507, 0.97633408361658525)]	['-']	arca	beta	arca	21.0	beta	21.0	arca	beta	21	4	0	1	47	0.2503196129760913	0.5576480736055204
123	121	106	(106, 123)	116.66666666666667	121.0	9.291573243177568	('arca', 'hema')	True	326.0	('arca', 'hema')		[(0, -0.0028263771864852961, 0.97454025254198773), (10, -0.15879660822519792, 0.22556388188859502), (20, -0.20151345707879756, 0.13279912595077795), (30, -0.089284464722737822, 0.45902627039690325), (60, -0.31156484508431564, 0.077559978469808735), (90, -0.43213822665429102, 0.094603085105091259)]	['+']	arca	hema	arca	21.0	hema	21.0	arca	hema	21	4	0	1	47	0.2503196129760913	0.5576480736055204
119	100	132	(100, 132)	117.0	119.0	16.09347693943108	('trer', 'lldr')	False												trer	lldr	21	4	0	1	47	0.2503196129760913	0.5576480736055204
92	175	91	(91, 175)	119.33333333333333	92.0	48.21134029803915	('arca', 'rplc')	True	379.0	('arca', 'rplc')	0.0	[(0, -0.40107685073623339, 2.257373571554858e-06), (10, -0.25321098220120142, 0.050932855748634868), (20, -0.21807601688337805, 0.10317721413052135), (30, -0.058051962625022928, 0.63060326853051052), (60, -0.21862449213320664, 0.22158305813932447), (90, -0.26282436118700969, 0.32538421259948319)]	['-']	arca	rplc	arca	21.0	rplc	21.0	arca	rplc	21	4	0	1	47	0.2503196129760913	0.5576480736055204
104	153	103	(103, 153)	120.0	104.0	28.583211855912904	('beti', 'lldd')	False												beti	lldd	21	4	0	1	47	0.2503196129760913	0.5576480736055204
144	59	159	(59, 159)	120.66666666666667	144.0	53.92896562454479	('trer', 'rplw')	False												trer	rplw	21	4	0	1	47	0.2503196129760913	0.5576480736055204
130	170	63	(63, 170)	121.0	130.0	54.064775963653084	('beti', 'rpsj')	False												beti	rpsj	21	4	0	1	47	0.2503196129760913	0.5576480736055204
97	114	153	(97, 153)	121.33333333333333	114.0	28.71120571019847	('lldr', 'trer')	False												lldr	trer	21	4	0	1	47	0.2503196129760913	0.5576480736055204
155	141	75	(75, 155)	123.66666666666667	141.0	42.72391992003231	('beti', 'nuoj')	False												beti	nuoj	21	4	0	1	47	0.2503196129760913	0.5576480736055204
117	129	125	(117, 129)	123.66666666666667	125.0	6.110100926607786	('iclr', 'acea')	True	1874.0	('iclr', 'acea')		[(0, 0.023481367494405173, 0.7908711309892491), (10, 0.14052532522448874, 0.28420015244811309), (20, 0.26273918161102172, 0.048321318312771762), (30, 0.12008017984854054, 0.31853697113512691), (60, -0.51969290522347933, 0.0019378832725219751), (90, -0.80092917066027114, 0.00019271246414059149)]	['-']	iclr	acea	iclr	21.0	acea	21.0	iclr	acea	21	4	0	1	47	0.2503196129760913	0.5576480736055204
138	150	87	(87, 150)	125.0	138.0	33.45145736735546	('arca', 'lldp')	True	343.0	('arca', 'lldp')		[(0, -0.13264542071917024, 0.13246820241908849), (10, 0.033612451917600775, 0.79875708809606949), (20, -0.050428447932126946, 0.70949920040875813), (30, -0.323234790970997, 0.0059684978712207732), (60, 0.48843232591438762, 0.0039274839182197145), (90, 0.043775848589833063, 0.87211280945796332)]	['-']	arca	lldp	arca	21.0	lldp	21.0	arca	lldp	21	4	0	1	47	0.2503196129760913	0.5576480736055204
126	85	164	(85, 164)	125.0	126.0	39.50949253027682	('trer', 'rpld')	False												trer	rpld	21	4	0	1	47	0.2503196129760913	0.5576480736055204
181	79	116	(79, 181)	125.33333333333333	116.0	51.63655036244514	('lldr', 'beti')	False												lldr	beti	21	4	0	1	47	0.2503196129760913	0.5576480736055204
91	130	155	(91, 155)	125.33333333333333	130.0	32.25419869309007	('arca', 'nuoj')	True	357.0	('arca', 'nuoj')	0.0	[(0, -0.39956854279261922, 2.4835818211203128e-06), (10, -0.49099450088816887, 6.8013663423672878e-05), (20, -0.35351064154366874, 0.0069857603176249573), (30, -0.16746160686824571, 0.16274777289724571), (60, -0.073681906591726298, 0.68363754121235476), (90, -0.079667320053373181, 0.76930387528081789)]	['-']	arca	nuoj	arca	21.0	nuoj	21.0	arca	nuoj	21	4	0	1	47	0.2503196129760913	0.5576480736055204
125	172	81	(81, 172)	126.0	125.0	45.50824101193101	('arca', 'lldd')	True	342.0	('arca', 'lldd')		[(0, -0.15027072137903449, 0.087913871847580746), (10, 0.029369789579447195, 0.82372246893863155), (20, 0.056870371290532427, 0.67434672751627645), (30, -0.25778557250570977, 0.029975726312543218), (60, 0.26076398952194357, 0.14272691895037135), (90, 0.0068939121239702588, 0.97978471636592579)]	['-']	arca	lldd	arca	21.0	lldd	21.0	arca	lldd	21	4	0	1	47	0.2503196129760913	0.5576480736055204
75	174	129	(75, 174)	126.0	129.0	49.56813492557492	('arca', 'rplv')	True	382.0	('arca', 'rplv')	0.0	[(0, -0.3757771532405712, 1.0543568907221588e-05), (10, -0.28322361299513493, 0.028321444023063646), (20, -0.26778672819797178, 0.044020111747152875), (30, -0.064379972697351379, 0.59375655767907909), (60, -0.2417810255872716, 0.1752315955663053), (90, -0.33951678511037159, 0.19825792414701771)]	['-']	arca	rplv	arca	21.0	rplv	21.0	arca	rplv	21	4	0	1	47	0.2503196129760913	0.5576480736055204
87	113	178	(87, 178)	126.0	113.0	46.87216658103186	('trer', 'ydea')	False												trer	ydea	21	4	0	1	47	0.2503196129760913	0.5576480736055204
169	127	83	(83, 169)	126.33333333333333	127.0	43.003875794320365	('beti', 'icd')	False												beti	icd	21	4	0	1	47	0.2503196129760913	0.5576480736055204
82	128	172	(82, 172)	127.33333333333333	128.0	45.00370355130046	('beti', 'trec')	False												beti	trec	21	4	0	1	47	0.2503196129760913	0.5576480736055204
168	78	139	(78, 168)	128.33333333333334	139.0	45.938364504337045	('lldr', 'rpmc')	False												lldr	rpmc	21	4	0	1	47	0.2503196129760913	0.5576480736055204
71	157	163	(71, 163)	130.33333333333334	157.0	51.47167505855364	('arca', 'rpss')	True	389.0	('arca', 'rpss')	0.0	[(0, -0.41673849709743316, 8.1422960514379539e-07), (10, -0.46449540125564798, 0.00018501119054548947), (20, -0.43661145871293833, 0.00068518132243201152), (30, -0.19861745606401593, 0.096821482344967486), (60, -0.20876829820804069, 0.2436376354468264), (90, -0.27131653287188451, 0.30940894282975046)]	['-']	arca	rpss	arca	21.0	rpss	21.0	arca	rpss	21	4	0	1	47	0.2503196129760913	0.5576480736055204
162	56	175	(56, 175)	131.0	162.0	65.27633568147036	('lldr', 'arca')	False												lldr	arca	21	4	0	1	47	0.2503196129760913	0.5576480736055204
160	144	94	(94, 160)	132.66666666666666	144.0	34.42867022313429	('arca', 'prmc')	True	369.0	('arca', 'prmc')		[(0, -0.17403364024095117, 0.04767398806705337), (10, -0.20143422799521019, 0.12274648818363411), (20, -0.25241595160274871, 0.058188103325355039), (30, -0.10684228392619194, 0.3751696567144015), (60, -0.32390807393486182, 0.065930798970717894), (90, -0.42045852101775405, 0.1048858586770602)]	['+']	arca	prmc	arca	21.0	prmc	21.0	arca	prmc	21	4	0	1	47	0.2503196129760913	0.5576480736055204
166	164	70	(70, 166)	133.33333333333334	164.0	54.85739087245522	('beti', 'nuom')	False												beti	nuom	21	4	0	1	47	0.2503196129760913	0.5576480736055204
139	71	193	(71, 193)	134.33333333333334	139.0	61.133733186624006	('beti', 'rpss')	False												beti	rpss	21	4	0	1	47	0.2503196129760913	0.5576480736055204
174	95	137	(95, 174)	135.33333333333334	137.0	39.52636251077669	('trer', 'aceb')	False												trer	aceb	21	4	0	1	47	0.2503196129760913	0.5576480736055204
99	152	156	(99, 156)	135.66666666666666	152.0	31.817186131607134	('arca', 'rplb')	True	378.0	('arca', 'rplb')	0.0	[(0, -0.36847798804743742, 1.6069261298920826e-05), (10, -0.24373358570113735, 0.060566447252928861), (20, -0.22396191132169985, 0.093980710003709847), (30, -0.0061307954077020992, 0.95953069909847211), (60, -0.16856878137545944, 0.34837287043068621), (90, -0.24731796759129751, 0.35575443831655912)]	['-']	arca	rplb	arca	21.0	rplb	21.0	arca	rplb	21	4	0	1	47	0.2503196129760913	0.5576480736055204
101	161	147	(101, 161)	136.33333333333334	147.0	31.390019645316144	('arca', 'treb')	True	401.0	('arca', 'treb')		[(0, -0.16708664102692061, 0.057425131955221323), (10, 0.0248384404084773, 0.85057919837497842), (20, -0.041942230396228776, 0.75672990882256341), (30, -0.20134500893623261, 0.092231823297495186), (60, -0.11649469512683118, 0.51853110781611056), (90, -0.12176400503146768, 0.65326928109891025)]	['+']	arca	treb	arca	21.0	treb	21.0	arca	treb	21	4	0	1	47	0.2503196129760913	0.5576480736055204
177	169	67	(67, 177)	137.66666666666666	169.0	61.329710037903595	('lldr', 'rpld')	False												lldr	rpld	21	4	0	1	47	0.2503196129760913	0.5576480736055204
136	193	85	(85, 193)	138.0	136.0	54.0277706369604	('iclr', 'rplv')	False												iclr	rplv	21	4	0	1	47	0.2503196129760913	0.5576480736055204
137	90	187	(90, 187)	138.0	137.0	48.507731342539614	('beti', 'acka')	False												beti	acka	21	4	0	1	47	0.2503196129760913	0.5576480736055204
192	136	86	(86, 192)	138.0	136.0	53.028294334251406	('lldr', 'rplv')	False												lldr	rplv	21	4	0	1	47	0.2503196129760913	0.5576480736055204
147	167	102	(102, 167)	138.66666666666666	147.0	33.291640592396966	('iclr', 'rpld')	False												iclr	rpld	21	4	0	1	47	0.2503196129760913	0.5576480736055204
170	194	53	(53, 194)	139.0	170.0	75.43871685016919	('beti', 'rplw')	False												beti	rplw	21	4	0	1	47	0.2503196129760913	0.5576480736055204
93	133	194	(93, 194)	140.0	133.0	50.86255990411808	('beti', 'treb')	False												beti	treb	21	4	0	1	47	0.2503196129760913	0.5576480736055204
135	192	107	(107, 192)	144.66666666666666	135.0	43.31666346030513	('iclr', 'rplb')	False												iclr	rplb	21	4	0	1	47	0.2503196129760913	0.5576480736055204
193	145	97	(97, 193)	145.0	145.0	48.0	('lldr', 'rpsc')	False												lldr	rpsc	21	4	0	1	47	0.2503196129760913	0.5576480736055204
187	135	113	(113, 187)	145.0	135.0	38.0	('lldr', 'rplb')	False												lldr	rplb	21	4	0	1	47	0.2503196129760913	0.5576480736055204
149	159	127	(127, 159)	145.0	149.0	16.3707055437449	('trer', 'lldp')	False												trer	lldp	21	4	0	1	47	0.2503196129760913	0.5576480736055204
152	123	166	(123, 166)	147.0	152.0	21.93171219946131	('trer', 'lldd')	False												trer	lldd	21	4	0	1	47	0.2503196129760913	0.5576480736055204
190	186	68	(68, 190)	148.0	186.0	69.31089380465383	('beti', 'rplv')	False												beti	rplv	21	4	0	1	47	0.2503196129760913	0.5576480736055204
142	180	123	(123, 180)	148.33333333333334	142.0	29.022979401386987	('iclr', 'rpsc')	False												iclr	rpsc	21	4	0	1	47	0.2503196129760913	0.5576480736055204
159	162	124	(124, 162)	148.33333333333334	159.0	21.1266025033211	('beti', 'rplc')	False												beti	rplc	21	4	0	1	47	0.2503196129760913	0.5576480736055204
157	117	177	(117, 177)	150.33333333333334	157.0	30.550504633038937	('beti', 'lldr')	False												beti	lldr	21	4	0	1	47	0.2503196129760913	0.5576480736055204
163	119	170	(119, 170)	150.66666666666666	163.0	27.64657905299195	('arca', 'acek')	True	264.0	('arca', 'acek')		[(0, -0.023650211766515692, 0.78940225785014451), (10, -0.39588989113727169, 0.0017418817081444381), (20, -0.33427151005435307, 0.011042609075300809), (30, -0.03532019642383203, 0.7699640823657079), (60, 0.36901478033675122, 0.034573270527481062), (90, 0.39515645879721456, 0.12980965324941279)]	['-']	arca	acek	arca	21.0	acek	21.0	arca	acek	21	4	0	1	47	0.2503196129760913	0.5576480736055204
145	146	161	(145, 161)	150.66666666666666	146.0	8.962886439832502	('iclr', 'betb')	False												iclr	betb	21	4	0	1	47	0.2503196129760913	0.5576480736055204
165	190	100	(100, 190)	151.66666666666666	165.0	46.45786621588785	('iclr', 'rplw')	False												iclr	rplw	21	4	0	1	47	0.2503196129760913	0.5576480736055204
189	82	185	(82, 189)	152.0	185.0	60.654760736483	('lldr', 'betb')	False												lldr	betb	21	4	0	1	47	0.2503196129760913	0.5576480736055204
150	177	130	(130, 177)	152.33333333333334	150.0	23.586719427112648	('iclr', 'lldd')	False												iclr	lldd	21	4	0	1	47	0.2503196129760913	0.5576480736055204
183	103	173	(103, 183)	153.0	173.0	43.58898943540674	('beti', 'acea')	False												beti	acea	21	4	0	1	47	0.2503196129760913	0.5576480736055204
111	168	184	(111, 184)	154.33333333333334	168.0	38.37099599089569	('trer', 'rpss')	False												trer	rpss	21	4	0	1	47	0.2503196129760913	0.5576480736055204
179	187	99	(99, 187)	155.0	179.0	48.662100242385755	('beti', 'rpld')	False												beti	rpld	21	4	0	1	47	0.2503196129760913	0.5576480736055204
191	112	165	(112, 191)	156.0	165.0	40.26164427839479	('lldr', 'rpsq')	False												lldr	rpsq	21	4	0	1	47	0.2503196129760913	0.5576480736055204
151	132	190	(132, 190)	157.66666666666666	151.0	29.56912804486012	('trer', 'acea')	False												trer	acea	21	4	0	1	47	0.2503196129760913	0.5576480736055204
185	182	108	(108, 185)	158.33333333333334	182.0	43.61574639202376	('lldr', 'rplc')	False												lldr	rplc	21	4	0	1	47	0.2503196129760913	0.5576480736055204
194	149	133	(133, 194)	158.66666666666666	149.0	31.628046625318696	('lldr', 'rpsj')	False												lldr	rpsj	21	4	0	1	47	0.2503196129760913	0.5576480736055204
146	191	141	(141, 191)	159.33333333333334	146.0	27.53785273643051	('iclr', 'rplc')	False												iclr	rplc	21	4	0	1	47	0.2503196129760913	0.5576480736055204
176	181	134	(134, 181)	163.66666666666666	176.0	25.81343319539912	('lldr', 'rplw')	False												lldr	rplw	21	4	0	1	47	0.2503196129760913	0.5576480736055204
148	158	186	(148, 186)	164.0	158.0	19.697715603592208	('iclr', 'trec')	False												iclr	trec	21	4	0	1	47	0.2503196129760913	0.5576480736055204
156	188	150	(150, 188)	164.66666666666666	156.0	20.428737928059416	('iclr', 'rplp')	False												iclr	rplp	21	4	0	1	47	0.2503196129760913	0.5576480736055204
171	179	146	(146, 179)	165.33333333333334	171.0	17.21433511156714	('lldr', 'rplp')	False												lldr	rplp	21	4	0	1	47	0.2503196129760913	0.5576480736055204
175	171	151	(151, 175)	165.66666666666666	171.0	12.858201014657272	('beti', 'rpmc')	False												beti	rpmc	21	4	0	1	47	0.2503196129760913	0.5576480736055204
188	173	145	(145, 188)	168.66666666666666	173.0	21.82506204649447	('beti', 'rpsq')	False												beti	rpsq	21	4	0	1	47	0.2503196129760913	0.5576480736055204
167	151	189	(151, 189)	169.0	167.0	19.078784028338912	('iclr', 'lldp')	False												iclr	lldp	21	4	0	1	47	0.2503196129760913	0.5576480736055204
184	176	149	(149, 184)	169.66666666666666	176.0	18.339392937971894	('beti', 'nuon')	False												beti	nuon	21	4	0	1	47	0.2503196129760913	0.5576480736055204
172	163	191	(163, 191)	175.33333333333334	172.0	14.29452109492771	('arca', 'lldr')	True	10.0	('arca', 'lldr')		[(0, -0.16108336454961211, 0.067119945777870144), (10, -0.18739241022959088, 0.15164741345120383), (20, -0.17130631355818265, 0.20261963111254941), (30, -0.18663222212023353, 0.11913735835017557), (60, 0.48664933523309062, 0.0040809960920839628), (90, 0.064041249159700372, 0.81372260265714824)]	['-']	arca	lldr	arca	21.0	lldr	21.0	arca	lldr	21	4	0	1	47	0.2503196129760913	0.5576480736055204
186	185	174	(174, 186)	181.66666666666666	185.0	6.6583281184793925	('beti', 'rplb')	False												beti	rplb	21	4	0	1	47	0.2503196129760913	0.5576480736055204
182	183	188	(182, 188)	184.33333333333334	183.0	3.214550253664318	('beti', 'rpsc')	False												beti	rpsc	21	4	0	1	47	0.2503196129760913	0.5576480736055204
178	184	192	(178, 192)	184.66666666666666	184.0	7.023769168568492	('beti', 'rplp')	False												beti	rplp	21	4	0	1	47	0.2503196129760913	0.5576480736055204
1	0	0	(0, 1)	0.3333333333333333	0.0	0.5773502691896258	('dnaa', 'recf')	True	1119.0	('dnaa', 'recf')	0.0	[(0, 0.84410329980791599, 1.8688401860141379e-36), (10, 0.64650574497494262, 2.4078808231908156e-08), (20, 0.47900854505306051, 0.00016360074301586167), (30, 0.48944781341946825, 1.4802463651968271e-05), (60, 0.7693828421540323, 1.6749688336204253e-07), (90, 0.69228795305586288, 0.0029591464390968845)]	['+-']	dnaa	recf	dnaa	22.0	recf	22.0	dnaa	recf	22	4	0	1	20	0.590051299107684	0.588
4	3	2	(2, 4)	3.0	3.0	1.0	('dnaa', 'dnan')	True	1113.0	('dnaa', 'dnan')	0.0	[(0, 0.74281761316318762, 4.6719024768005788e-24), (10, 0.316883232588547, 0.013630003026182468), (20, 0.26937997805397262, 0.042729602543576085), (30, 0.59307452919815806, 5.0419901730798701e-08), (60, 0.65358749900629276, 3.7201316039360011e-05), (90, 0.51785977831560337, 0.039905878305842246)]	['+-']	dnaa	dnan	dnaa	22.0	dnan	22.0	dnaa	dnan	22	4	0	1	20	0.590051299107684	0.588
3	2	7	(2, 7)	4.0	3.0	2.6457513110645907	('argp', 'argo')	True	408.0	('argp', 'argo')	10.0	[(0, 0.48159331361970947, 6.6059850752537347e-09), (10, 0.73698200057043772, 1.8995241038690415e-11), (20, 0.64774740467880165, 5.1448930669121522e-08), (30, 0.42597834344195007, 0.00021243255718464508), (60, 0.2370342432390615, 0.18412023674177974), (90, -0.34548731711369779, 0.18997607239031492)]	['+']	argp	argo	argp	22.0	argo	22.0	argp	argo	22	4	0	1	20	0.590051299107684	0.588
5	5	5	(5, 5)	5.0	5.0	0.0	('argp', 'dapd')	True	410.0	('argp', 'dapd')	0.0	[(0, 0.80715798150554274, 4.359307532681526e-31), (10, 0.62864600689156547, 7.5215994887036654e-08), (20, 0.46564482414441172, 0.00026219758492440073), (30, 0.34352614280895533, 0.003356539903661613), (60, 0.2198331140656728, 0.21897546177315455), (90, -0.064120607496446366, 0.81349555048010469)]	['+']	argp	dapd	argp	22.0	dapd	22.0	argp	dapd	22	4	0	1	20	0.590051299107684	0.588
0	6	10	(0, 10)	5.333333333333333	6.0	5.033222956847167	('lysr', 'lysp')	False												lysr	lysp	22	4	0	1	20	0.590051299107684	0.588
2	1	14	(1, 14)	5.666666666666667	2.0	7.234178138070235	('argp', 'lysa')	True	413.0	('argp', 'lysa')	20.0	[(0, 0.44722072985352135, 9.594575600107628e-08), (10, 0.64355020144973663, 2.9222502300953929e-08), (20, 0.67169588206277897, 1.0670908320233707e-08), (30, 0.55405209140217215, 5.3749924889461424e-07), (60, -0.13419368384628322, 0.4565513807230861), (90, 0.33416542634934765, 0.20587706046870985)]	['+']	argp	lysa	argp	22.0	lysa	22.0	argp	lysa	22	4	0	1	20	0.590051299107684	0.588
10	4	13	(4, 13)	9.0	10.0	4.58257569495584	('lysr', 'lysa')	True	2054.0	('lysr', 'lysa')	10.0	[(0, 0.3771408007810132, 9.7343271431414376e-06), (10, 0.61725835680103214, 1.4985806969693437e-07), (20, 0.58232488410748784, 2.016147558454293e-06), (30, 0.27657432524946846, 0.019552057194242675), (60, 0.021329708440509847, 0.90621146021249843), (90, -0.027571280638140346, 0.91926677796912259)]	['+']	lysr	lysa	lysr	22.0	lysa	22.0	lysr	lysa	22	4	0	1	20	0.590051299107684	0.588
17	9	3	(3, 17)	9.666666666666666	9.0	7.023769168568492	('argp', 'dnan')	True	411.0	('argp', 'dnan')		[(0, 0.0061041725833752558, 0.94504794936599301), (10, 0.43610277287003552, 0.00049565278663738725), (20, 0.25668943347699297, 0.053922485126699303), (30, -0.0075408103167795325, 0.95023391865564599), (60, -0.45138829857526663, 0.008371013448543272), (90, -0.32031096274078763, 0.22646986901669183)]	['+']	argp	dnan	argp	22.0	dnan	22.0	argp	dnan	22	4	0	1	20	0.590051299107684	0.588
11	15	4	(4, 15)	10.0	11.0	5.5677643628300215	('argp', 'pola')	False												argp	pola	22	4	0	1	20	0.590051299107684	0.588
7	7	22	(7, 22)	12.0	7.0	8.660254037844387	('lysr', 'alda')	False												lysr	alda	22	4	0	1	20	0.590051299107684	0.588
18	16	6	(6, 18)	13.333333333333334	16.0	6.429100507328636	('argp', 'lysr')	False												argp	lysr	22	4	0	1	20	0.590051299107684	0.588
19	13	12	(12, 19)	14.666666666666666	13.0	3.7859388972001824	('lysr', 'dnan')	False												lysr	dnan	22	4	0	1	20	0.590051299107684	0.588
13	25	8	(8, 25)	15.333333333333334	13.0	8.736894948054106	('dnaa', 'yfae')	True	1121.0	('dnaa', 'yfae')		[(0, 0.20170205592404408, 0.021377453077038807), (10, 0.32648001622429562, 0.010900117327730966), (20, 0.38547197040443443, 0.0030650930533610995), (30, 0.36071309028223864, 0.0020000536580752916), (60, 0.034276116108369899, 0.84980711605238135), (90, -0.27238941400436661, 0.30742402346294811)]	['+']	dnaa	yfae	dnaa	22.0	yfae	22.0	dnaa	yfae	22	4	0	1	20	0.590051299107684	0.588
9	11	27	(9, 27)	15.666666666666666	11.0	9.865765724632494	('dnaa', 'dapd')	False												dnaa	dapd	22	4	0	1	20	0.590051299107684	0.588
23	18	9	(9, 23)	16.666666666666668	18.0	7.094598884597588	('dnaa', 'lysp')	False												dnaa	lysp	22	4	0	1	20	0.590051299107684	0.588
14	12	26	(12, 26)	17.333333333333332	14.0	7.571877794400365	('argp', 'lysc')	True	414.0	('argp', 'lysc')		[(0, 0.27712030105811403, 0.0014134287244408586), (10, 0.10313356027152568, 0.43294714825731295), (20, 0.17698631109384733, 0.18782562316627008), (30, 0.31685569996200652, 0.0070975355538762724), (60, 0.22690207155893535, 0.20414389575171399), (90, -0.1429747758545894, 0.59733628948862627)]	['+']	argp	lysc	argp	22.0	lysc	22.0	argp	lysc	22	4	0	1	20	0.590051299107684	0.588
12	8	33	(8, 33)	17.666666666666668	12.0	13.428824718989123	('dnaa', 'pola')	True	1118.0	('dnaa', 'pola')		[(0, -0.30061019191485977, 0.00051063088398684649), (10, -0.31509413537180847, 0.01419920509845396), (20, -0.41184808287650926, 0.0014573264316888146), (30, -0.44452903992439591, 0.00010288139379026864), (60, 0.25973262445917744, 0.1443708834809832), (90, 0.18221584601714633, 0.49940312101622031)]	['+']	dnaa	pola	dnaa	22.0	pola	22.0	dnaa	pola	22	4	0	1	20	0.590051299107684	0.588
6	10	43	(6, 43)	19.666666666666668	10.0	20.305992547357377	('dnaa', 'dapb')	False												dnaa	dapb	22	4	0	1	20	0.590051299107684	0.588
8	21	34	(8, 34)	21.0	21.0	13.0	('dnaa', 'alda')	True	1112.0	('dnaa', 'alda')		[(0, -0.33910070833202671, 7.9272166431703877e-05), (10, -0.3253232737676735, 0.011201831169684118), (20, -0.31996968398790732, 0.015251061360823669), (30, -0.31513269739656169, 0.0074329740057570972), (60, -0.40275139304258173, 0.020135495042098991), (90, -0.3906486080971468, 0.13464362491032045)]	['-']	dnaa	alda	dnaa	22.0	alda	22.0	dnaa	alda	22	4	0	1	20	0.590051299107684	0.588
16	14	35	(14, 35)	21.666666666666668	16.0	11.590225767142472	('dnaa', 'argp')	False												dnaa	argp	22	4	0	1	20	0.590051299107684	0.588
31	17	17	(17, 31)	21.666666666666668	17.0	8.082903768654761	('dnaa', 'lysa')	False												dnaa	lysa	22	4	0	1	20	0.590051299107684	0.588
30	34	1	(1, 34)	21.666666666666668	30.0	18.0092568789868	('lysr', 'nrdb')	False												lysr	nrdb	22	4	0	1	20	0.590051299107684	0.588
29	29	11	(11, 29)	23.0	29.0	10.392304845413264	('lysr', 'pola')	False												lysr	pola	22	4	0	1	20	0.590051299107684	0.588
15	24	32	(15, 32)	23.666666666666668	24.0	8.504900548115383	('dnaa', 'argo')	False												dnaa	argo	22	4	0	1	20	0.590051299107684	0.588
25	23	24	(23, 25)	24.0	24.0	1.0	('argp', 'dapb')	True	409.0	('argp', 'dapb')	0.0	[(0, 0.43495566232318994, 2.3263622348875191e-07), (10, 0.22652971863798499, 0.08177404386504776), (20, 0.17125886730144521, 0.20274658774587276), (30, 0.24627857402578168, 0.038419458663390263), (60, 0.19338982063964141, 0.28088911818993384), (90, 0.15055739358387635, 0.57782336839892823)]	['+']	argp	dapb	argp	22.0	dapb	22.0	argp	dapb	22	4	0	1	20	0.590051299107684	0.588
26	32	15	(15, 32)	24.333333333333332	26.0	8.621678104251709	('lysr', 'argp')	False												lysr	argp	22	4	0	1	20	0.590051299107684	0.588
39	20	18	(18, 39)	25.666666666666668	20.0	11.590225767142472	('lysr', 'argo')	False												lysr	argo	22	4	0	1	20	0.590051299107684	0.588
22	22	36	(22, 36)	26.666666666666668	22.0	8.082903768654761	('dnaa', 'lysc')	False												dnaa	lysc	22	4	0	1	20	0.590051299107684	0.588
24	36	23	(23, 36)	27.666666666666668	24.0	7.234178138070235	('lysr', 'lysc')	False												lysr	lysc	22	4	0	1	20	0.590051299107684	0.588
33	26	25	(25, 33)	28.0	26.0	4.358898943540674	('argp', 'dnaa')	True	13.0	('argp', 'dnaa')		[(0, -0.2764824157244557, 0.0014513120288392998), (10, 0.10560760369535475, 0.42193185673785416), (20, 0.074015865542001458, 0.58425587757391806), (30, -0.10794223885911634, 0.37024476046471233), (60, -0.39686153052076256, 0.022212913152775144), (90, -0.33444934226815892, 0.20546815501948815)]	['+']	argp	dnaa	argp	22.0	dnaa	22.0	argp	dnaa	22	4	0	1	20	0.590051299107684	0.588
27	27	31	(27, 31)	28.333333333333332	27.0	2.3094010767585034	('argp', 'recf')	True	418.0	('argp', 'recf')		[(0, -0.32090903905239881, 0.00019722879837178058), (10, -0.060661333547075716, 0.64521430533162327), (20, -0.039741307563454245, 0.76913313656245208), (30, -0.15081119486804001, 0.20933496225224246), (60, -0.48149347133541914, 0.0045543616463887028), (90, -0.38656537734577273, 0.13912758265245959)]	['+']	argp	recf	argp	22.0	recf	22.0	argp	recf	22	4	0	1	20	0.590051299107684	0.588
38	28	20	(20, 38)	28.666666666666668	28.0	9.018499505645789	('lysr', 'dnaa')	False												lysr	dnaa	22	4	0	1	20	0.590051299107684	0.588
28	33	30	(28, 33)	30.333333333333332	30.0	2.5166114784235836	('dnaa', 'lysr')	False												dnaa	lysr	22	4	0	1	20	0.590051299107684	0.588
21	30	41	(21, 41)	30.666666666666668	30.0	10.016652800877813	('dnaa', 'nrda')	True	1116.0	('dnaa', 'nrda')		[(0, 0.12262443737099901, 0.16456485715589539), (10, 0.15323811604615731, 0.24243293371250119), (20, 0.22294752491922371, 0.095518339772525371), (30, 0.32734424453390248, 0.0053279172570625576), (60, 0.19204132335157265, 0.28432184701551333), (90, -0.24830657391736535, 0.35377231047875263)]	['+']	dnaa	nrda	dnaa	22.0	nrda	22.0	dnaa	nrda	22	4	0	1	20	0.590051299107684	0.588
41	38	16	(16, 41)	31.666666666666668	38.0	13.650396819628847	('lysr', 'dapd')	False												lysr	dapd	22	4	0	1	20	0.590051299107684	0.588
20	35	40	(20, 40)	31.666666666666668	35.0	10.408329997330663	('argp', 'lysp')	True	415.0	('argp', 'lysp')		[(0, 0.14399044984558942, 0.10217144535802132), (10, 0.25890140979960835, 0.045775790243428337), (20, 0.31450860387709567, 0.017186621142586907), (30, 0.32877448920750185, 0.0051196640681123382), (60, -0.38561394980782165, 0.026672491274143211), (90, 0.21639224561754397, 0.42084186311082716)]	['+']	argp	lysp	argp	22.0	lysp	22.0	argp	lysp	22	4	0	1	20	0.590051299107684	0.588
40	19	37	(19, 40)	32.0	37.0	11.357816691600547	('argp', 'nrdb')	True	417.0	('argp', 'nrdb')		[(0, -0.027164727666826316, 0.75900262126303086), (10, -0.027972636406190649, 0.83198330533968878), (20, -0.10654758166538268, 0.43020298433746407), (30, -0.031808597953484154, 0.79229376630971438), (60, -0.44925314638512154, 0.0087228817401968292), (90, 0.11008380620390132, 0.68485022055171751)]	['+']	argp	nrdb	argp	22.0	nrdb	22.0	argp	nrdb	22	4	0	1	20	0.590051299107684	0.588
37	42	19	(19, 42)	32.666666666666664	37.0	12.096831541082704	('argp', 'alda')	False												argp	alda	22	4	0	1	20	0.590051299107684	0.588
36	44	21	(21, 44)	33.666666666666664	36.0	11.676186592091328	('lysr', 'yfae')	False												lysr	yfae	22	4	0	1	20	0.590051299107684	0.588
32	31	39	(31, 39)	34.0	32.0	4.358898943540674	('dnaa', 'nrdb')	True	1117.0	('dnaa', 'nrdb')		[(0, -0.012195624172205441, 0.89046673971950052), (10, 0.067471932833224016, 0.60849318021004661), (20, 0.22231344595700042, 0.096489394478835658), (30, 0.25821790254457666, 0.0296916560612418), (60, 0.19040219839376582, 0.28853057969552914), (90, -0.21829021532931583, 0.41667841685476226)]	['+']	dnaa	nrdb	dnaa	22.0	nrdb	22.0	dnaa	nrdb	22	4	0	1	20	0.590051299107684	0.588
34	40	29	(29, 40)	34.333333333333336	34.0	5.507570547286102	('lysr', 'dapb')	False												lysr	dapb	22	4	0	1	20	0.590051299107684	0.588
44	41	28	(28, 44)	37.666666666666664	41.0	8.504900548115383	('argp', 'nrda')	True	416.0	('argp', 'nrda')		[(0, -0.0056527702692971702, 0.94910597366108185), (10, 0.16851007058362236, 0.19807971961308204), (20, 0.05891400830107768, 0.66333358456878422), (30, 0.023234321756243875, 0.84748624093182978), (60, -0.50639046844015845, 0.0026387052018949004), (90, 0.08825069387665295, 0.74517900211082977)]	['+']	argp	nrda	argp	22.0	nrda	22.0	argp	nrda	22	4	0	1	20	0.590051299107684	0.588
42	37	38	(37, 42)	39.0	38.0	2.6457513110645907	('lysr', 'recf')	False												lysr	recf	22	4	0	1	20	0.590051299107684	0.588
35	43	42	(35, 43)	40.0	42.0	4.358898943540674	('lysr', 'nrda')	False												lysr	nrda	22	4	0	1	20	0.590051299107684	0.588
43	39	44	(39, 44)	42.0	43.0	2.6457513110645907	('argp', 'yfae')	True	419.0	('argp', 'yfae')		[(0, -0.014670056743076476, 0.86842624286363013), (10, 0.17135539408848233, 0.19050099703696818), (20, 0.12139191781307353, 0.36837723363344632), (30, 0.13689332611833055, 0.25496260665817988), (60, -0.34057772767347738, 0.052445560374030822), (90, 0.062973610742430977, 0.81677856864743315)]	['+']	argp	yfae	argp	22.0	yfae	22.0	argp	yfae	22	4	0	1	20	0.590051299107684	0.588
7	10	11	(7, 11)	9.333333333333334	10.0	2.081665999466133	('cpxr', 'cpxa')	True	953.0	('cpxr', 'cpxa')	0.0	[(0, 0.78037763256104908, 7.1308150590950124e-28), (10, 0.47665932147399792, 0.00011806187816140857), (20, 0.4909463263920899, 0.00010556946584526746), (30, 0.62970174721383732, 4.0336756523784221e-09), (60, 0.00041800664522072744, 0.99815794768852317), (90, -0.066901668617837806, 0.80554756554688411)]	['+']	cpxr	cpxa	cpxr	27.0	cpxa	27.0	cpxr	cpxa	27	4	0	1	57	0.38818553571647907	0.680685732596331
0	1	28	(0, 28)	9.666666666666666	1.0	15.885003409925142	('marr', 'marb')	True	2095.0	('marr', 'marb')	0.0	[(0, 0.79245372468198561, 2.9012217472605854e-29), (10, 0.66768417502262156, 5.6425487278100824e-09), (20, 0.56890151706097225, 3.8883779416373875e-06), (30, 0.23517803460719805, 0.048352586556177038), (60, 0.24211437724115159, 0.17461902276098937), (90, 0.50886240787703685, 0.044116331758420189)]	['-']	marr	marb	marr	27.0	marb	27.0	marr	marb	27	4	0	1	57	0.38818553571647907	0.680685732596331
4	7	18	(4, 18)	9.666666666666666	7.0	7.371114795831994	('mpra', 'emra')	True	2179.0	('mpra', 'emra')	0.0	[(0, 0.74636869640120429, 2.175697971797576e-24), (10, 0.5000684650715711, 4.7357981840992936e-05), (20, 0.27117691321008075, 0.041311601065291144), (30, 0.23648295711672102, 0.047085341886865709), (60, 0.66946244091505158, 2.0413059899639233e-05), (90, 0.63317663444116279, 0.0084653228358849263)]	['-']	mpra	emra	mpra	27.0	emra	27.0	mpra	emra	27	4	0	1	57	0.38818553571647907	0.680685732596331
3	8	26	(3, 26)	12.333333333333334	8.0	12.096831541082702	('cpxr', 'slt')	True	987.0	('cpxr', 'slt')	0.0	[(0, 0.67911346495239455, 6.6579825545159743e-19), (10, 0.55953851404904498, 3.3578776439842196e-06), (20, 0.52078829869360521, 3.2807400519691549e-05), (30, 0.63293995036614736, 3.1750952287192667e-09), (60, 0.59218225905555699, 0.00028290567938240262), (90, 0.42244887647100265, 0.10308029725154917)]	['+']	cpxr	slt	cpxr	27.0	slt	27.0	cpxr	slt	27	4	0	1	57	0.38818553571647907	0.680685732596331
8	17	35	(8, 35)	20.0	17.0	13.74772708486752	('envr', 'baes')	False												envr	baes	27	4	0	1	57	0.38818553571647907	0.680685732596331
12	2	48	(2, 48)	20.666666666666668	12.0	24.193663082165404	('cpxr', 'ygau')	True	994.0	('cpxr', 'ygau')	0.0	[(0, 0.48776333905851554, 3.9577378745307828e-09), (10, 0.34163793755132332, 0.0075501744157867971), (20, 0.078808084087558183, 0.56008601862721785), (30, 0.25091533519691245, 0.034805468510410165), (60, 0.65621294990905421, 3.3767047483443112e-05), (90, 0.59722464672369313, 0.014575227504724855)]	['+']	cpxr	ygau	cpxr	27.0	ygau	27.0	cpxr	ygau	27	4	0	1	57	0.38818553571647907	0.680685732596331
2	21	42	(2, 42)	21.666666666666668	21.0	20.008331597945226	('baer', 'ygau')	False												baer	ygau	27	4	0	1	57	0.38818553571647907	0.680685732596331
33	16	31	(16, 33)	26.666666666666668	31.0	9.291573243177568	('baer', 'slt')	False												baer	slt	27	4	0	1	57	0.38818553571647907	0.680685732596331
11	14	55	(11, 55)	26.666666666666668	14.0	24.583192089989726	('marr', 'acrr')	False												marr	acrr	27	4	0	1	57	0.38818553571647907	0.680685732596331
1	0	89	(0, 89)	30.0	1.0	51.09794516416487	('baer', 'yqae')	False												baer	yqae	27	4	0	1	57	0.38818553571647907	0.680685732596331
34	45	12	(12, 45)	30.333333333333332	34.0	16.802777548171413	('mpra', 'acrb')	True	2178.0	('mpra', 'acrb')	0.0	[(0, 0.50355522191462065, 1.0173770280694494e-09), (10, 0.13902247750276678, 0.28943343744226252), (20, 0.068808563445266022, 0.61104134654365017), (30, 0.21243535819225148, 0.075305237339956782), (60, 0.5602985412998287, 0.00069622448766344387), (90, 0.47441460260716395, 0.06335506903417619)]	['-']	mpra	acrb	mpra	27.0	acrb	27.0	mpra	acrb	27	4	0	1	57	0.38818553571647907	0.680685732596331
5	82	9	(5, 82)	32.0	9.0	43.347433603386484	('cpxr', 'ung')	True	990.0	('cpxr', 'ung')	0.0	[(0, 0.65710933111637393, 2.0606035851392602e-17), (10, 0.38433916894973957, 0.0024307629214700231), (20, 0.38552339141345443, 0.0030608300537171731), (30, 0.57838898741572942, 1.273895998057555e-07), (60, -0.3575933962667342, 0.041040112990789246), (90, -0.57883710479178863, 0.018807769709889319)]	['-']	cpxr	ung	cpxr	27.0	ung	27.0	cpxr	ung	27	4	0	1	57	0.38818553571647907	0.680685732596331
10	22	72	(10, 72)	34.666666666666664	22.0	32.88363321370273	('acrr', 'dsba')	False												acrr	dsba	27	4	0	1	57	0.38818553571647907	0.680685732596331
27	56	23	(23, 56)	35.333333333333336	27.0	18.009256878986797	('cpxr', 'acrb')	False												cpxr	acrb	27	4	0	1	57	0.38818553571647907	0.680685732596331
22	59	30	(22, 59)	37.0	30.0	19.467922333931785	('mpra', 'dsba')	False												mpra	dsba	27	4	0	1	57	0.38818553571647907	0.680685732596331
20	46	67	(20, 67)	44.333333333333336	46.0	23.544284515213736	('acrr', 'rsea')	False												acrr	rsea	27	4	0	1	57	0.38818553571647907	0.680685732596331
32	66	36	(32, 66)	44.666666666666664	36.0	18.583146486355137	('cpxr', 'dsba')	True	962.0	('cpxr', 'dsba')	0.0	[(0, 0.56169568643971546, 3.5878266870614272e-12), (10, 0.33512978476867838, 0.0088586322194900702), (20, 0.37440564221325878, 0.0041146229722897297), (30, 0.48650946021608688, 1.6946837569466457e-05), (60, -0.30294548188302883, 0.086580061787667514), (90, -0.51276455826611689, 0.04225131524376402)]	['+']	cpxr	dsba	cpxr	27.0	dsba	27.0	cpxr	dsba	27	4	0	1	57	0.38818553571647907	0.680685732596331
25	15	97	(15, 97)	45.666666666666664	25.0	44.73626418615365	('cpxr', 'rpoe')	True	980.0	('cpxr', 'rpoe')	0.0	[(0, 0.5068992771617028, 7.5623057809082122e-10), (10, 0.25075926621720585, 0.05329623249069762), (20, 0.28835233615334294, 0.029614015291638294), (30, 0.41724022690954726, 0.00029470022136047694), (60, 0.48664612703708182, 0.0040812769079414252), (90, 0.030839512697776975, 0.90973130127499591)]	['-']	cpxr	rpoe	cpxr	27.0	rpoe	27.0	cpxr	rpoe	27	4	0	1	57	0.38818553571647907	0.680685732596331
70	60	10	(10, 70)	46.666666666666664	60.0	32.145502536643185	('acrr', 'dsbc')	False												acrr	dsbc	27	4	0	1	57	0.38818553571647907	0.680685732596331
30	89	22	(22, 89)	47.0	30.0	36.59234892706397	('cpxr', 'acra')	False												cpxr	acra	27	4	0	1	57	0.38818553571647907	0.680685732596331
47	24	76	(24, 76)	49.0	47.0	26.057628441590765	('mpra', 'baca')	False												mpra	baca	27	4	0	1	57	0.38818553571647907	0.680685732596331
94	34	20	(20, 94)	49.333333333333336	34.0	39.31072796748152	('baer', 'ung')	False												baer	ung	27	4	0	1	57	0.38818553571647907	0.680685732596331
29	54	66	(29, 66)	49.666666666666664	54.0	18.876793513023692	('acrr', 'mpra')	False												acrr	mpra	27	4	0	1	57	0.38818553571647907	0.680685732596331
60	39	51	(39, 60)	50.0	51.0	10.535653752852738	('cpxr', 'mpra')	False												cpxr	mpra	27	4	0	1	57	0.38818553571647907	0.680685732596331
53	18	93	(18, 93)	54.666666666666664	53.0	37.52776749732568	('cpxr', 'acrr')	False												cpxr	acrr	27	4	0	1	57	0.38818553571647907	0.680685732596331
67	92	14	(14, 92)	57.666666666666664	67.0	39.82880029995045	('baer', 'baes')	True	468.0	('baer', 'baes')	0.0	[(0, 0.53960353208859568, 3.4852983030261011e-11), (10, 0.65272124863477077, 1.5915150202432062e-08), (20, 0.64826055295096874, 4.9815689834197206e-08), (30, 0.55646499336010902, 4.6837852544060024e-07), (60, 0.13184793855849353, 0.46453084249394461), (90, 0.20981916034640635, 0.43542697424286281)]	['+']	baer	baes	baer	27.0	baes	27.0	baer	baes	27	4	0	1	57	0.38818553571647907	0.680685732596331
50	122	2	(2, 122)	58.0	50.0	60.398675482166	('acrr', 'degp')	False												acrr	degp	27	4	0	1	57	0.38818553571647907	0.680685732596331
16	4	154	(4, 154)	58.0	16.0	83.35466393669883	('mpra', 'spy')	False												mpra	spy	27	4	0	1	57	0.38818553571647907	0.680685732596331
101	76	1	(1, 101)	59.333333333333336	76.0	52.04164998665332	('acrr', 'marb')	True	209.0	('acrr', 'marb')		[(0, 0.17515136150479771, 0.046241655722519676), (10, 0.1747486262081373, 0.18173751352950479), (20, 0.13366023387041973, 0.32158172182642314), (30, 0.014272602269003773, 0.90596116714789254), (60, 0.10680335918210863, 0.55413339264767303), (90, -0.099775240719835137, 0.71313701517028139)]	['-']	acrr	marb	acrr	27.0	marb	27.0	acrr	marb	27	4	0	1	57	0.38818553571647907	0.680685732596331
23	55	113	(23, 113)	63.666666666666664	55.0	45.62163229580166	('mpra', 'acra')	True	2177.0	('mpra', 'acra')	0.0	[(0, 0.52943343916159746, 9.4012191343149723e-11), (10, 0.20097202995920052, 0.12362569136598241), (20, 0.14641244723708111, 0.27713863218727097), (30, 0.26117679685386241, 0.027807605216913646), (60, 0.60304534040114033, 0.00020364002306445897), (90, 0.69026766694233077, 0.0030792010584589288)]	['-']	mpra	acra	mpra	27.0	acra	27.0	mpra	acra	27	4	0	1	57	0.38818553571647907	0.680685732596331
61	79	54	(54, 79)	64.66666666666667	61.0	12.897028081435401	('envr', 'acrd')	False												envr	acrd	27	4	0	1	57	0.38818553571647907	0.680685732596331
133	25	39	(25, 133)	65.66666666666667	39.0	58.73102530463208	('cpxr', 'ycca')	True	992.0	('cpxr', 'ycca')		[(0, 0.29862568992481131, 0.00055837874364870501), (10, 0.032790142335929466, 0.80358106197786849), (20, -0.14388156917728734, 0.28561803504999805), (30, 0.03150669714605716, 0.79422158870670578), (60, -0.075940496329727089, 0.67446243327550226), (90, -0.5220400776852484, 0.038055878213452458)]	['+']	cpxr	ycca	cpxr	27.0	ycca	27.0	cpxr	ycca	27	4	0	1	57	0.38818553571647907	0.680685732596331
51	37	112	(37, 112)	66.66666666666667	51.0	39.87898360456712	('cpxr', 'nmpc')	False												cpxr	nmpc	27	4	0	1	57	0.38818553571647907	0.680685732596331
124	33	43	(33, 124)	66.66666666666667	43.0	49.903239707791855	('marr', 'hha')	False												marr	hha	27	4	0	1	57	0.38818553571647907	0.680685732596331
26	27	153	(26, 153)	68.66666666666667	27.0	73.03652054508987	('cpxr', 'rsea')	True	983.0	('cpxr', 'rsea')	0.0	[(0, 0.40266048822626177, 2.0409756126980501e-06), (10, 0.12047992322999722, 0.35916987645220477), (20, 0.20911421640758315, 0.11849652814454413), (30, 0.40181117588243426, 0.00051422879747254279), (60, 0.42954202249532919, 0.012607301208205808), (90, -0.081941807226735774, 0.76289077565044583)]	['-']	cpxr	rsea	cpxr	27.0	rsea	27.0	cpxr	rsea	27	4	0	1	57	0.38818553571647907	0.680685732596331
24	42	145	(24, 145)	70.33333333333333	42.0	65.28654787422394	('mpra', 'yqja')	False												mpra	yqja	27	4	0	1	57	0.38818553571647907	0.680685732596331
46	68	100	(46, 100)	71.33333333333333	68.0	27.15388247255507	('cpxr', 'psd')	True	979.0	('cpxr', 'psd')		[(0, -0.076411647947040529, 0.38754583414326993), (10, -0.24791423432783885, 0.056149763843258989), (20, -0.4245596799217623, 0.0009963393868816341), (30, -0.33106372696014552, 0.0048012891088260248), (60, -0.22091609820717731, 0.21665679151145975), (90, -0.49355643873466104, 0.052031010271546073)]	['-']	cpxr	psd	cpxr	27.0	psd	27.0	cpxr	psd	27	4	0	1	57	0.38818553571647907	0.680685732596331
19	29	166	(19, 166)	71.33333333333333	29.0	82.13606597185753	('baer', 'yidq')	False												baer	yidq	27	4	0	1	57	0.38818553571647907	0.680685732596331
156	43	19	(19, 156)	72.66666666666667	43.0	73.1596427911819	('baer', 'mdtd')	True	472.0	('baer', 'mdtd')	10.0	[(0, 0.43136391226251714, 2.9956068022842932e-07), (10, 0.65907650506060922, 1.0318551484014118e-08), (20, 0.44888261680571784, 0.00046130305665636757), (30, 0.14458688338143708, 0.22896889965048564), (60, -0.041847721918557103, 0.81713715190768221), (90, -0.029155877040461971, 0.91464215495646028)]	['+']	baer	mdtd	baer	27.0	mdtd	27.0	baer	mdtd	27	4	0	1	57	0.38818553571647907	0.680685732596331
110	104	4	(4, 110)	72.66666666666667	104.0	59.54270176380421	('cpxr', 'tsr')	True	989.0	('cpxr', 'tsr')		[(0, 0.28184139876768866, 0.0011598804429301581), (10, 0.021439376720440911, 0.87083818273938685), (20, 0.047649112057990682, 0.72485852942534956), (30, 0.12313305716270363, 0.30629807040709511), (60, -0.30223378414592739, 0.087359366791447915), (90, -0.33463339364218458, 0.20520335801828593)]	['-']	cpxr	tsr	cpxr	27.0	tsr	27.0	cpxr	tsr	27	4	0	1	57	0.38818553571647907	0.680685732596331
31	52	141	(31, 141)	74.66666666666667	52.0	58.39805932848568	('cpxr', 'sbma')	True	986.0	('cpxr', 'sbma')	10.0	[(0, 0.36515102992242393, 1.940683368283527e-05), (10, 0.52592054371109176, 1.5932406740523352e-05), (20, 0.433061710387871, 0.00076616250145299092), (30, 0.41007923151259745, 0.00038285883690990035), (60, -0.1258486691919522, 0.48526960960970522), (90, -0.16870731928424029, 0.53223921394165385)]	['+']	cpxr	sbma	cpxr	27.0	sbma	27.0	cpxr	sbma	27	4	0	1	57	0.38818553571647907	0.680685732596331
77	36	115	(36, 115)	76.0	77.0	39.50949253027682	('marr', 'mota')	False												marr	mota	27	4	0	1	57	0.38818553571647907	0.680685732596331
117	20	91	(20, 117)	76.0	91.0	50.20956084253277	('cpxr', 'yqae')	True	996.0	('cpxr', 'yqae')		[(0, 0.052517310984542036, 0.55290279705476353), (10, 0.32469260051095533, 0.011369352115080212), (20, 0.14207393644485311, 0.29177759218325755), (30, -0.085165644511771083, 0.48008535637337901), (60, 0.64358411648198044, 5.3361547784211579e-05), (90, 0.56717358412452978, 0.021949521221978532)]	['+']	cpxr	yqae	cpxr	27.0	yqae	27.0	cpxr	yqae	27	4	0	1	57	0.38818553571647907	0.680685732596331
58	90	86	(58, 90)	78.0	86.0	17.435595774162696	('cpxr', 'dsbc')	True	963.0	('cpxr', 'dsbc')	0.0	[(0, 0.37719828679106965, 9.7015352890825626e-06), (10, 0.01404945099110653, 0.91515192453354821), (20, -0.085146845930546181, 0.52885955863191936), (30, 0.1743546884638629, 0.14588361454842397), (60, -0.030603876350194417, 0.86574434616109175), (90, -0.55404641838870428, 0.025953475808224376)]	['+']	cpxr	dsbc	cpxr	27.0	dsbc	27.0	cpxr	dsbc	27	4	0	1	57	0.38818553571647907	0.680685732596331
41	113	81	(41, 113)	78.33333333333333	81.0	36.073998022583154	('mpra', 'acrr')	False												mpra	acrr	27	4	0	1	57	0.38818553571647907	0.680685732596331
125	97	15	(15, 125)	79.0	97.0	57.16642371182581	('marr', 'rsec')	False												marr	rsec	27	4	0	1	57	0.38818553571647907	0.680685732596331
79	62	98	(62, 98)	79.66666666666667	79.0	18.0092568789868	('mpra', 'yaiw')	False												mpra	yaiw	27	4	0	1	57	0.38818553571647907	0.680685732596331
142	93	5	(5, 142)	80.0	93.0	69.41901756723442	('baer', 'yaiw')	False												baer	yaiw	27	4	0	1	57	0.38818553571647907	0.680685732596331
14	194	32	(14, 194)	80.0	32.0	99.13626985114983	('marr', 'rsea')	False												marr	rsea	27	4	0	1	57	0.38818553571647907	0.680685732596331
37	32	175	(32, 175)	81.33333333333333	37.0	81.15622793928593	('cpxr', 'yebe')	True	993.0	('cpxr', 'yebe')	30.0	[(0, -0.31139403915638036, 0.0003106702504740789), (10, -0.34115843802737872, 0.0076404623702748201), (20, -0.47928060711677278, 0.00016200448210363462), (30, -0.57648698382702357, 1.431636017947486e-07), (60, 0.30087188744675736, 0.088865619583518948), (90, 0.0017817680078932234, 0.99477478969295074)]	['+']	cpxr	yebe	cpxr	27.0	yebe	27.0	cpxr	yebe	27	4	0	1	57	0.38818553571647907	0.680685732596331
45	75	124	(45, 124)	81.33333333333333	75.0	39.878983604567125	('mpra', 'marr')	False												mpra	marr	27	4	0	1	57	0.38818553571647907	0.680685732596331
135	28	83	(28, 135)	82.0	83.0	53.50700888668698	('mpra', 'nmpc')	True	2181.0	('mpra', 'nmpc')	0.0	[(0, 0.44294810681486252, 1.3114203755422462e-07), (10, 0.52523350853158757, 1.6419452727385406e-05), (20, 0.31478381191354882, 0.017084294828673786), (30, 0.08685676167287891, 0.47137709441968556), (60, -0.042349641051807684, 0.81498148220137578), (90, -0.30813511076873845, 0.24560669696301585)]	['-']	mpra	nmpc	mpra	27.0	nmpc	27.0	mpra	nmpc	27	4	0	1	57	0.38818553571647907	0.680685732596331
148	61	38	(38, 148)	82.33333333333333	61.0	58.02011145571278	('cpxr', 'baes')	True	950.0	('cpxr', 'baes')		[(0, -0.30014942678041473, 0.00052136912708957057), (10, 0.27732651506230566, 0.031933161283045117), (20, 0.17093292182411324, 0.20362027563786209), (30, -0.11818673961915134, 0.32628291327643588), (60, -0.055978888705825576, 0.75700391438457681), (90, 0.15193788441612749, 0.5742997646318484)]	['+']	cpxr	baes	cpxr	27.0	baes	27.0	cpxr	baes	27	4	0	1	57	0.38818553571647907	0.680685732596331
54	23	173	(23, 173)	83.33333333333333	54.0	79.18543637142713	('marr', 'chea')	False												marr	chea	27	4	0	1	57	0.38818553571647907	0.680685732596331
18	176	56	(18, 176)	83.33333333333333	56.0	82.47019663692656	('marr', 'dsba')	False												marr	dsba	27	4	0	1	57	0.38818553571647907	0.680685732596331
128	107	17	(17, 128)	84.0	107.0	58.966091951222275	('envr', 'degp')	False												envr	degp	27	4	0	1	57	0.38818553571647907	0.680685732596331
169	78	6	(6, 169)	84.33333333333333	78.0	81.68435182660957	('acrr', 'hha')	False												acrr	hha	27	4	0	1	57	0.38818553571647907	0.680685732596331
17	5	233	(5, 233)	85.0	17.0	128.31211945876353	('cpxr', 'baer')	True	65.0	('cpxr', 'baer')		[(0, 0.24107041551624381, 0.0057281549193836136), (10, 0.36914103940589155, 0.0037022850996798144), (20, 0.4192219197421071, 0.0011709447526576044), (30, 0.40846231730076249, 0.00040583890713049209), (60, 0.31080266196423761, 0.078326986223643452), (90, 0.40238692736031562, 0.12230809698230556)]	['+']	cpxr	baer	cpxr	27.0	baer	27.0	cpxr	baer	27	4	0	1	57	0.38818553571647907	0.680685732596331
78	108	70	(70, 108)	85.33333333333333	78.0	20.033305601755625	('envr', 'chew')	False												envr	chew	27	4	0	1	57	0.38818553571647907	0.680685732596331
44	57	156	(44, 156)	85.66666666666667	57.0	61.25629219380923	('cpxr', 'degp')	True	961.0	('cpxr', 'degp')		[(0, 0.28120722690891992, 0.0011913337116639638), (10, 0.3185496221653662, 0.013117605435885735), (20, 0.34953789950122938, 0.007695927289122371), (30, 0.25443609125348809, 0.032254929772843652), (60, 0.086262650573738248, 0.63313043803404623), (90, -0.23562819191798734, 0.37966002381559072)]	['+']	cpxr	degp	cpxr	27.0	degp	27.0	cpxr	degp	27	4	0	1	57	0.38818553571647907	0.680685732596331
42	13	203	(13, 203)	86.0	42.0	102.35721762533407	('marr', 'tsr')	False												marr	tsr	27	4	0	1	57	0.38818553571647907	0.680685732596331
6	3	250	(3, 250)	86.33333333333333	6.0	141.7474279602044	('cpxr', 'yidq')	True	995.0	('cpxr', 'yidq')	0.0	[(0, 0.61234000485350115, 9.844149435765142e-15), (10, 0.52435393396735519, 1.7063158499762542e-05), (20, 0.49019157460576229, 0.00010858633014094294), (30, 0.48490159638976166, 1.8239432820471513e-05), (60, 0.26000057373468449, 0.143942460290201), (90, 0.021035684546687115, 0.93836494903308576)]	['+']	cpxr	yidq	cpxr	27.0	yidq	27.0	cpxr	yidq	27	4	0	1	57	0.38818553571647907	0.680685732596331
9	74	186	(9, 186)	89.66666666666667	74.0	89.53397865242745	('cpxr', 'hha')	True	965.0	('cpxr', 'hha')	30.0	[(0, -0.2097993118058506, 0.016588520236297977), (10, -0.42814389157285565, 0.00064359691130108654), (20, -0.54580252156307552, 1.1278955756085604e-05), (30, -0.54252731329913684, 1.0221861248070216e-06), (60, 0.36518788841143385, 0.036640790303447961), (90, 0.33656795109347459, 0.20243340671853294)]	['+']	cpxr	hha	cpxr	27.0	hha	27.0	cpxr	hha	27	4	0	1	57	0.38818553571647907	0.680685732596331
80	99	92	(80, 99)	90.33333333333333	92.0	9.60902353693305	('mpra', 'acrd')	False												mpra	acrd	27	4	0	1	57	0.38818553571647907	0.680685732596331
146	63	68	(63, 146)	92.33333333333333	68.0	46.543886100467944	('cpxr', 'yqja')	True	997.0	('cpxr', 'yqja')		[(0, 0.064616897765099282, 0.46514929369058433), (10, -0.021758276717436312, 0.86893376413612122), (20, -0.17605477340530426, 0.19019718233072588), (30, -0.37111259303723354, 0.0014417992711358294), (60, 0.085819468977590407, 0.63488394810115767), (90, -0.19244247220396049, 0.47519909304551378)]	['+']	cpxr	yqja	cpxr	27.0	yqja	27.0	cpxr	yqja	27	4	0	1	57	0.38818553571647907	0.680685732596331
118	135	27	(27, 135)	93.33333333333333	118.0	58.07179464536405	('baer', 'ycca')	False												baer	ycca	27	4	0	1	57	0.38818553571647907	0.680685732596331
21	11	253	(11, 253)	95.0	21.0	136.92333621410194	('mpra', 'emrb')	True	2180.0	('mpra', 'emrb')	0.0	[(0, 0.50292546990523901, 1.0754433981384569e-09), (10, 0.13710188641661686, 0.29621283763379819), (20, -0.0019447853775422931, 0.98854474871858489), (30, 0.12646580782989486, 0.29328996357563819), (60, 0.45606654049420364, 0.0076420124145594225), (90, 0.51128081965935768, 0.042953355559445537)]	['-']	mpra	emrb	mpra	27.0	emrb	27.0	mpra	emrb	27	4	0	1	57	0.38818553571647907	0.680685732596331
49	235	8	(8, 235)	97.33333333333333	49.0	120.97244865395317	('marr', 'mpra')	False												marr	mpra	27	4	0	1	57	0.38818553571647907	0.680685732596331
105	112	75	(75, 112)	97.33333333333333	105.0	19.655363983740756	('acrr', 'cpxp')	False												acrr	cpxp	27	4	0	1	57	0.38818553571647907	0.680685732596331
35	81	176	(35, 176)	97.33333333333333	81.0	71.90502995850383	('baer', 'yqja')	False												baer	yqja	27	4	0	1	57	0.38818553571647907	0.680685732596331
132	88	73	(73, 132)	97.66666666666667	88.0	30.6648550189518	('acrr', 'nmpc')	False												acrr	nmpc	27	4	0	1	57	0.38818553571647907	0.680685732596331
15	19	265	(15, 265)	99.66666666666667	19.0	143.19683422943865	('marr', 'ycca')	False												marr	ycca	27	4	0	1	57	0.38818553571647907	0.680685732596331
120	95	87	(87, 120)	100.66666666666667	95.0	17.21433511156714	('acrr', 'acrd')	False												acrr	acrd	27	4	0	1	57	0.38818553571647907	0.680685732596331
38	51	214	(38, 214)	101.0	51.0	98.07650075323853	('baer', 'mdta')	True	469.0	('baer', 'mdta')	10.0	[(0, 0.55791341156093621, 5.3586622757079703e-12), (10, 0.75885971327290702, 2.1406170028908719e-12), (20, 0.49818561171651937, 8.0297842002192627e-05), (30, 0.22820614462077657, 0.055606356194746451), (60, 0.21616997797318124, 0.22694354577362094), (90, -0.098994449466375312, 0.71529438288293323)]	['+']	baer	mdta	baer	27.0	mdta	27.0	baer	mdta	27	4	0	1	57	0.38818553571647907	0.680685732596331
93	100	114	(93, 114)	102.33333333333333	100.0	10.692676621563628	('marr', 'emrb')	False												marr	emrb	27	4	0	1	57	0.38818553571647907	0.680685732596331
68	189	52	(52, 189)	103.0	68.0	74.90660852021001	('envr', 'ppid')	False												envr	ppid	27	4	0	1	57	0.38818553571647907	0.680685732596331
96	6	207	(6, 207)	103.0	96.0	100.68266980965493	('baer', 'acrd')	True	467.0	('baer', 'acrd')	10.0	[(0, 0.35329118821554262, 3.7397139573772368e-05), (10, 0.54146030858391658, 7.9203043580775596e-06), (20, 0.42379762931013298, 0.0010197397361533147), (30, 0.080834820337597549, 0.50277222660615051), (60, -0.14210780099421666, 0.43017855718030196), (90, -0.30029211747197554, 0.2584502578316209)]	['+']	baer	acrd	baer	27.0	acrd	27.0	baer	acrd	27	4	0	1	57	0.38818553571647907	0.680685732596331
188	73	49	(49, 188)	103.33333333333333	73.0	74.2989457080875	('marr', 'yqae')	False												marr	yqae	27	4	0	1	57	0.38818553571647907	0.680685732596331
39	30	244	(30, 244)	104.33333333333333	39.0	121.0385613485774	('cpxr', 'yaiw')	True	991.0	('cpxr', 'yaiw')	0.0	[(0, 0.47329927094385865, 1.294692851666727e-08), (10, 0.49791996899269214, 5.1643640020776299e-05), (20, 0.41551917148463779, 0.0013077292079372222), (30, 0.45841311177591776, 5.8146194819418046e-05), (60, -0.010188786182332554, 0.95512301040811676), (90, -0.20700945921080863, 0.44173941462133359)]	['+']	cpxr	yaiw	cpxr	27.0	yaiw	27.0	cpxr	yaiw	27	4	0	1	57	0.38818553571647907	0.680685732596331
28	103	183	(28, 183)	104.66666666666667	103.0	77.5134396948899	('acrr', 'marr')	True	1.0	('acrr', 'marr')	0.0	[(0, 0.42475284461537138, 4.7349561612816639e-07), (10, 0.34869159182788628, 0.0063256493732541256), (20, 0.2517819007229809, 0.058843594378677665), (30, 0.21533480157589113, 0.071316280066278215), (60, 0.41024636981314527, 0.017727384840290055), (90, -0.1014880321346095, 0.70841163377684968)]	['-']	acrr	marr	acrr	27.0	marr	27.0	acrr	marr	27	4	0	1	57	0.38818553571647907	0.680685732596331
137	115	64	(64, 137)	105.33333333333333	115.0	37.4477413649119	('marr', 'dsbc')	False												marr	dsbc	27	4	0	1	57	0.38818553571647907	0.680685732596331
89	86	143	(86, 143)	106.0	89.0	32.07802986469088	('mpra', 'mdtb')	False												mpra	mdtb	27	4	0	1	57	0.38818553571647907	0.680685732596331
225	72	25	(25, 225)	107.33333333333333	72.0	104.57692543450172	('baer', 'degp')	False												baer	degp	27	4	0	1	57	0.38818553571647907	0.680685732596331
40	9	273	(9, 273)	107.33333333333333	40.0	144.30638701503594	('marr', 'spy')	False												marr	spy	27	4	0	1	57	0.38818553571647907	0.680685732596331
82	161	85	(82, 161)	109.33333333333333	85.0	44.76978147515725	('acrr', 'acra')	True	207.0	('acrr', 'acra')	0.0	[(0, 0.44403891016326885, 1.2113508517447785e-07), (10, 0.12100301762005657, 0.35707200388904436), (20, 0.1206654424745931, 0.37127151700434113), (30, 0.42557957257391066, 0.00021567159777153639), (60, 0.52839946670471594, 0.0015725965019430859), (90, 0.54112965503686139, 0.030417387183894536)]	['-']	acrr	acra	acrr	27.0	acra	27.0	acrr	acra	27	4	0	1	57	0.38818553571647907	0.680685732596331
147	48	134	(48, 147)	109.66666666666667	134.0	53.79900866496829	('baer', 'cpxa')	False												baer	cpxa	27	4	0	1	57	0.38818553571647907	0.680685732596331
55	165	110	(55, 165)	110.0	110.0	55.0	('mpra', 'mdtc')	False												mpra	mdtc	27	4	0	1	57	0.38818553571647907	0.680685732596331
13	110	208	(13, 208)	110.33333333333333	110.0	97.5004273494908	('mpra', 'yebe')	False												mpra	yebe	27	4	0	1	57	0.38818553571647907	0.680685732596331
106	146	82	(82, 146)	111.33333333333333	106.0	32.331615074619044	('marr', 'cpxp')	False												marr	cpxp	27	4	0	1	57	0.38818553571647907	0.680685732596331
98	126	111	(98, 126)	111.66666666666667	111.0	14.011899704655802	('acrr', 'rpoe')	False												acrr	rpoe	27	4	0	1	57	0.38818553571647907	0.680685732596331
168	40	127	(40, 168)	111.66666666666667	127.0	65.36308846232201	('mpra', 'hha')	False												mpra	hha	27	4	0	1	57	0.38818553571647907	0.680685732596331
91	127	119	(91, 127)	112.33333333333333	119.0	18.90326250501043	('cpxr', 'rsec')	True	985.0	('cpxr', 'rsec')		[(0, 0.2299657261687425, 0.0084868162059548707), (10, 0.16152223789472175, 0.21759753866350423), (20, 0.19233320255392133, 0.15176223826462504), (30, 0.25980919434290822, 0.028665495019833398), (60, -0.10395349666517213, 0.56481459481826979), (90, -0.52847390309309006, 0.035335876705342426)]	['-']	cpxr	rsec	cpxr	27.0	rsec	27.0	cpxr	rsec	27	4	0	1	57	0.38818553571647907	0.680685732596331
234	44	59	(44, 234)	112.33333333333333	59.0	105.6330125166055	('baer', 'baca')	False												baer	baca	27	4	0	1	57	0.38818553571647907	0.680685732596331
85	53	202	(53, 202)	113.33333333333333	85.0	78.43681108595207	('cpxr', 'emra')	False												cpxr	emra	27	4	0	1	57	0.38818553571647907	0.680685732596331
97	67	179	(67, 179)	114.33333333333333	97.0	57.97700693665837	('mpra', 'ppid')	False												mpra	ppid	27	4	0	1	57	0.38818553571647907	0.680685732596331
66	129	152	(66, 152)	115.66666666666667	129.0	44.523402086243735	('mpra', 'mdtd')	False												mpra	mdtd	27	4	0	1	57	0.38818553571647907	0.680685732596331
72	31	246	(31, 246)	116.33333333333333	72.0	114.1504854712994	('marr', 'chew')	False												marr	chew	27	4	0	1	57	0.38818553571647907	0.680685732596331
52	85	213	(52, 213)	116.66666666666667	85.0	85.04312631443727	('marr', 'acrd')	False												marr	acrd	27	4	0	1	57	0.38818553571647907	0.680685732596331
180	41	130	(41, 180)	117.0	130.0	70.40596565632774	('acrr', 'mdtd')	False												acrr	mdtd	27	4	0	1	57	0.38818553571647907	0.680685732596331
154	64	135	(64, 154)	117.66666666666667	135.0	47.43767841424508	('envr', 'tsr')	False												envr	tsr	27	4	0	1	57	0.38818553571647907	0.680685732596331
74	119	161	(74, 161)	118.0	119.0	43.508619835614184	('baer', 'hha')	False												baer	hha	27	4	0	1	57	0.38818553571647907	0.680685732596331
123	137	95	(95, 137)	118.33333333333333	123.0	21.385353243127255	('envr', 'chea')	False												envr	chea	27	4	0	1	57	0.38818553571647907	0.680685732596331
157	120	79	(79, 157)	118.66666666666667	120.0	39.01709027251178	('cpxr', 'emrb')	False												cpxr	emrb	27	4	0	1	57	0.38818553571647907	0.680685732596331
226	91	40	(40, 226)	119.0	91.0	96.10931276416453	('acrr', 'envr')	False												acrr	envr	27	4	0	1	57	0.38818553571647907	0.680685732596331
119	47	194	(47, 194)	120.0	119.0	73.50510186374821	('cpxr', 'baca')	True	949.0	('cpxr', 'baca')		[(0, -0.14465020062723541, 0.10059316350123494), (10, 0.061572098049683409, 0.64025202860701258), (20, 0.22191120301296743, 0.097109375705443229), (30, 0.1332863053794944, 0.26781501722040135), (60, -0.60925851649050444, 0.00016782416624781365), (90, -0.62431488076004349, 0.0097361296197204083)]	['+']	cpxr	baca	cpxr	27.0	baca	27.0	cpxr	baca	27	4	0	1	57	0.38818553571647907	0.680685732596331
121	174	65	(65, 174)	120.0	121.0	54.506880299646575	('acrr', 'ppid')	False												acrr	ppid	27	4	0	1	57	0.38818553571647907	0.680685732596331
65	35	261	(35, 261)	120.33333333333333	65.0	122.74091955551472	('marr', 'motb')	False												marr	motb	27	4	0	1	57	0.38818553571647907	0.680685732596331
145	158	61	(61, 158)	121.33333333333333	145.0	52.652951800761684	('baer', 'mdtc')	True	471.0	('baer', 'mdtc')	0.0	[(0, 0.55693656856977314, 5.9387832175974118e-12), (10, 0.64733912411851391, 2.2790908129382019e-08), (20, 0.45541951278935927, 0.00037136018586080206), (30, 0.29259690966352997, 0.013280631698804363), (60, 0.096720099597371365, 0.59233928536448066), (90, 0.39013794960220843, 0.13519890286016106)]	['+']	baer	mdtc	baer	27.0	mdtc	27.0	baer	mdtc	27	4	0	1	57	0.38818553571647907	0.680685732596331
149	155	62	(62, 155)	122.0	149.0	52.04805471869242	('envr', 'nmpc')	False												envr	nmpc	27	4	0	1	57	0.38818553571647907	0.680685732596331
108	266	0	(0, 266)	124.66666666666667	108.0	133.7809154301664	('envr', 'yqae')	False												envr	yqae	27	4	0	1	57	0.38818553571647907	0.680685732596331
111	118	148	(111, 148)	125.66666666666667	118.0	19.65536398374076	('mpra', 'sbma')	False												mpra	sbma	27	4	0	1	57	0.38818553571647907	0.680685732596331
100	111	167	(100, 167)	126.0	111.0	35.93048844644336	('baer', 'motb')	False												baer	motb	27	4	0	1	57	0.38818553571647907	0.680685732596331
99	49	230	(49, 230)	126.0	99.0	93.47192091746055	('baer', 'cpxp')	False												baer	cpxp	27	4	0	1	57	0.38818553571647907	0.680685732596331
159	69	150	(69, 159)	126.0	150.0	49.56813492557492	('marr', 'yidq')	False												marr	yidq	27	4	0	1	57	0.38818553571647907	0.680685732596331
172	168	41	(41, 172)	127.0	168.0	74.50503338701353	('marr', 'mdta')	False												marr	mdta	27	4	0	1	57	0.38818553571647907	0.680685732596331
136	58	188	(58, 188)	127.33333333333333	136.0	65.43189843901317	('mpra', 'yidq')	False												mpra	yidq	27	4	0	1	57	0.38818553571647907	0.680685732596331
86	109	187	(86, 187)	127.33333333333333	109.0	52.93706955747866	('acrr', 'baes')	False												acrr	baes	27	4	0	1	57	0.38818553571647907	0.680685732596331
115	124	146	(115, 146)	128.33333333333334	124.0	15.947831618540913	('marr', 'mdtd')	False												marr	mdtd	27	4	0	1	57	0.38818553571647907	0.680685732596331
152	163	71	(71, 163)	128.66666666666666	152.0	50.242744086418426	('mpra', 'slt')	False												mpra	slt	27	4	0	1	57	0.38818553571647907	0.680685732596331
139	26	221	(26, 221)	128.66666666666666	139.0	97.90982245583602	('acrr', 'yqae')	False												acrr	yqae	27	4	0	1	57	0.38818553571647907	0.680685732596331
71	136	182	(71, 182)	129.66666666666666	136.0	55.77036249956901	('cpxr', 'mdtd')	True	972.0	('cpxr', 'mdtd')		[(0, -0.051632259478827526, 0.55962276977691416), (10, 0.22443396311842975, 0.084715817561693857), (20, 0.53508168834891445, 1.8010406500409439e-05), (30, 0.20468416226417918, 0.086847697373023267), (60, -0.17217246954359183, 0.33801252514028268), (90, 0.24783851604918702, 0.35470997944237054)]	['+']	cpxr	mdtd	cpxr	27.0	mdtd	27.0	cpxr	mdtd	27	4	0	1	57	0.38818553571647907	0.680685732596331
95	123	172	(95, 172)	130.0	123.0	38.97435053981015	('mpra', 'mdta')	False												mpra	mdta	27	4	0	1	57	0.38818553571647907	0.680685732596331
81	70	239	(70, 239)	130.0	81.0	94.5568612000208	('baer', 'chew')	False												baer	chew	27	4	0	1	57	0.38818553571647907	0.680685732596331
63	200	131	(63, 200)	131.33333333333334	131.0	68.50060826980541	('envr', 'mdtd')	False												envr	mdtd	27	4	0	1	57	0.38818553571647907	0.680685732596331
69	236	90	(69, 236)	131.66666666666666	90.0	90.9633625880955	('baer', 'spy')	True	473.0	('baer', 'spy')		[(0, 0.17896701750319338, 0.041619079016336359), (10, 0.48107810249764182, 9.9863992175003644e-05), (20, 0.44323114382718409, 0.00055451995868746465), (30, 0.025566098401615136, 0.83239214180628918), (60, 0.13940562590524638, 0.43908724977735414), (90, 0.2274216232786252, 0.39695214441553756)]	['+']	baer	spy	baer	27.0	spy	27.0	baer	spy	27	4	0	1	57	0.38818553571647907	0.680685732596331
113	71	211	(71, 211)	131.66666666666666	113.0	71.84242015225638	('mpra', 'ycca')	False												mpra	ycca	27	4	0	1	57	0.38818553571647907	0.680685732596331
160	216	21	(21, 216)	132.33333333333334	160.0	100.40086321010061	('acrr', 'sbma')	False												acrr	sbma	27	4	0	1	57	0.38818553571647907	0.680685732596331
220	145	33	(33, 220)	132.66666666666666	145.0	94.108093877909	('envr', 'yqja')	False												envr	yqja	27	4	0	1	57	0.38818553571647907	0.680685732596331
163	199	37	(37, 199)	133.0	163.0	85.06468127254695	('acrr', 'slt')	False												acrr	slt	27	4	0	1	57	0.38818553571647907	0.680685732596331
73	153	174	(73, 174)	133.33333333333334	153.0	53.29477773040557	('mpra', 'cpxa')	False												mpra	cpxa	27	4	0	1	57	0.38818553571647907	0.680685732596331
127	83	190	(83, 190)	133.33333333333334	127.0	53.7804177497101	('marr', 'baca')	False												marr	baca	27	4	0	1	57	0.38818553571647907	0.680685732596331
88	50	262	(50, 262)	133.33333333333334	88.0	113.03686714224406	('cpxr', 'marb')	True	968.0	('cpxr', 'marb')		[(0, -0.15957163523281695, 0.069760441457771175), (10, -0.18327437719541925, 0.16101139534700687), (20, -0.095327337259182326, 0.48058023306321163), (30, -0.11568383254283202, 0.33670424628199036), (60, -0.11034391355874747, 0.54099593922042621), (90, -0.36060776164541619, 0.17002544674246214)]	['+']	cpxr	marb	cpxr	27.0	marb	27.0	cpxr	marb	27	4	0	1	57	0.38818553571647907	0.680685732596331
48	84	270	(48, 270)	134.0	84.0	119.14696806885183	('mpra', 'cpxp')	False												mpra	cpxp	27	4	0	1	57	0.38818553571647907	0.680685732596331
185	159	58	(58, 185)	134.0	159.0	67.08949247087803	('mpra', 'baer')	False												mpra	baer	27	4	0	1	57	0.38818553571647907	0.680685732596331
36	142	225	(36, 225)	134.33333333333334	142.0	94.73295801004703	('cpxr', 'rseb')	True	984.0	('cpxr', 'rseb')	0.0	[(0, 0.4083753555148536, 1.4125978581509742e-06), (10, 0.22577879283931543, 0.082818683747166527), (20, 0.24815405696278514, 0.06270961067133965), (30, 0.39094968159072208, 0.00074906277923965001), (60, 0.29333641840013458, 0.097561962768797791), (90, -0.26413959123778818, 0.32287942111863893)]	['-']	cpxr	rseb	cpxr	27.0	rseb	27.0	cpxr	rseb	27	4	0	1	57	0.38818553571647907	0.680685732596331
201	157	47	(47, 201)	135.0	157.0	79.32212806020776	('baer', 'tsr')	False												baer	tsr	27	4	0	1	57	0.38818553571647907	0.680685732596331
75	133	201	(75, 201)	136.33333333333334	133.0	63.06610288683877	('baer', 'chea')	False												baer	chea	27	4	0	1	57	0.38818553571647907	0.680685732596331
134	134	142	(134, 142)	136.66666666666666	134.0	4.618802153517007	('cpxr', 'spy')	True	988.0	('cpxr', 'spy')		[(0, 0.092204441646469057, 0.29678006844137672), (10, 0.060977447378686996, 0.64349020916908772), (20, -0.19115423392383354, 0.15433587916525934), (30, -0.16410901854501553, 0.17145165232620721), (60, 0.44213036375476861, 0.0099889293632408598), (90, 0.56826899187789515, 0.021638328911699665)]	['+']	cpxr	spy	cpxr	27.0	spy	27.0	cpxr	spy	27	4	0	1	57	0.38818553571647907	0.680685732596331
176	38	200	(38, 200)	138.0	176.0	87.42997197757758	('baer', 'cpxr')	False												baer	cpxr	27	4	0	1	57	0.38818553571647907	0.680685732596331
198	172	45	(45, 198)	138.33333333333334	172.0	81.8677795798404	('envr', 'marb')	False												envr	marb	27	4	0	1	57	0.38818553571647907	0.680685732596331
205	96	116	(96, 205)	139.0	116.0	58.02585630561603	('mpra', 'mota')	False												mpra	mota	27	4	0	1	57	0.38818553571647907	0.680685732596331
138	154	129	(129, 154)	140.33333333333334	138.0	12.662279942148386	('acrr', 'emra')	False												acrr	emra	27	4	0	1	57	0.38818553571647907	0.680685732596331
213	141	69	(69, 213)	141.0	141.0	72.0	('marr', 'ygau')	False												marr	ygau	27	4	0	1	57	0.38818553571647907	0.680685732596331
252	164	7	(7, 252)	141.0	164.0	124.1088232157569	('acrr', 'psd')	False												acrr	psd	27	4	0	1	57	0.38818553571647907	0.680685732596331
151	169	104	(104, 169)	141.33333333333334	151.0	33.560889936551646	('baer', 'mdtb')	True	470.0	('baer', 'mdtb')	10.0	[(0, 0.41848878087114039, 7.2418237386647267e-07), (10, 0.81141209944252757, 3.7829781041575424e-15), (20, 0.65525978260524931, 3.1886497297659151e-08), (30, 0.23662397224448728, 0.04695004959034646), (60, -0.40044692706108731, 0.020928244044184838), (90, -0.28469935834315302, 0.28518793682217458)]	['+']	baer	mdtb	baer	27.0	mdtb	27.0	baer	mdtb	27	4	0	1	57	0.38818553571647907	0.680685732596331
173	237	16	(16, 237)	142.0	173.0	113.71455491712571	('envr', 'emrb')	False												envr	emrb	27	4	0	1	57	0.38818553571647907	0.680685732596331
64	116	247	(64, 247)	142.33333333333334	116.0	94.2991693141214	('marr', 'mdtc')	False												marr	mdtc	27	4	0	1	57	0.38818553571647907	0.680685732596331
202	132	94	(94, 202)	142.66666666666666	132.0	54.78442601080469	('marr', 'cpxa')	False												marr	cpxa	27	4	0	1	57	0.38818553571647907	0.680685732596331
243	184	3	(3, 243)	143.33333333333334	184.0	125.0613182936008	('baer', 'dsbc')	False												baer	dsbc	27	4	0	1	57	0.38818553571647907	0.680685732596331
153	175	102	(102, 175)	143.33333333333334	153.0	37.4477413649119	('baer', 'mota')	False												baer	mota	27	4	0	1	57	0.38818553571647907	0.680685732596331
181	94	157	(94, 181)	144.0	157.0	44.93328387732194	('envr', 'dsbc')	False												envr	dsbc	27	4	0	1	57	0.38818553571647907	0.680685732596331
126	65	241	(65, 241)	144.0	126.0	89.37001734362593	('cpxr', 'acrd')	True	947.0	('cpxr', 'acrd')		[(0, 0.02944924824252786, 0.73943451632681279), (10, 0.25446551335289241, 0.049756999582483794), (20, 0.21299553148641137, 0.11166168435558707), (30, 0.17218200295181693, 0.15105156445149015), (60, -0.31791899107152127, 0.071389832640855702), (90, -0.098755218922180546, 0.71595579488024286)]	['+']	cpxr	acrd	cpxr	27.0	acrd	27.0	cpxr	acrd	27	4	0	1	57	0.38818553571647907	0.680685732596331
87	80	272	(80, 272)	146.33333333333334	87.0	108.88679136301765	('marr', 'nmpc')	False												marr	nmpc	27	4	0	1	57	0.38818553571647907	0.680685732596331
130	138	171	(130, 171)	146.33333333333334	138.0	21.73323108360405	('envr', 'mota')	False												envr	mota	27	4	0	1	57	0.38818553571647907	0.680685732596331
150	152	139	(139, 152)	147.0	150.0	7.0	('acrr', 'tsr')	False												acrr	tsr	27	4	0	1	57	0.38818553571647907	0.680685732596331
57	201	184	(57, 201)	147.33333333333334	184.0	78.69138029881883	('acrr', 'cpxa')	False												acrr	cpxa	27	4	0	1	57	0.38818553571647907	0.680685732596331
199	191	53	(53, 199)	147.66666666666666	191.0	82.08126054912493	('envr', 'psd')	False												envr	psd	27	4	0	1	57	0.38818553571647907	0.680685732596331
207	130	106	(106, 207)	147.66666666666666	130.0	52.76678248039512	('marr', 'degp')	False												marr	degp	27	4	0	1	57	0.38818553571647907	0.680685732596331
255	101	88	(88, 255)	148.0	101.0	92.89241088485109	('mpra', 'psd')	False												mpra	psd	27	4	0	1	57	0.38818553571647907	0.680685732596331
122	192	132	(122, 192)	148.66666666666666	132.0	37.859388972001824	('acrr', 'rsec')	False												acrr	rsec	27	4	0	1	57	0.38818553571647907	0.680685732596331
107	149	195	(107, 195)	150.33333333333334	149.0	44.01514890731751	('cpxr', 'envr')	False												cpxr	envr	27	4	0	1	57	0.38818553571647907	0.680685732596331
217	117	118	(117, 217)	150.66666666666666	118.0	57.44852768638491	('mpra', 'envr')	False												mpra	envr	27	4	0	1	57	0.38818553571647907	0.680685732596331
109	198	147	(109, 198)	151.33333333333334	147.0	44.65795935030321	('envr', 'motb')	False												envr	motb	27	4	0	1	57	0.38818553571647907	0.680685732596331
189	98	170	(98, 189)	152.33333333333334	170.0	48.003472096644565	('acrr', 'yqja')	False												acrr	yqja	27	4	0	1	57	0.38818553571647907	0.680685732596331
239	12	206	(12, 239)	152.33333333333334	206.0	122.64719048283712	('marr', 'slt')	False												marr	slt	27	4	0	1	57	0.38818553571647907	0.680685732596331
90	273	96	(90, 273)	153.0	96.0	103.96634070698074	('acrr', 'yebe')	False												acrr	yebe	27	4	0	1	57	0.38818553571647907	0.680685732596331
229	187	44	(44, 229)	153.33333333333334	187.0	96.98625332145444	('marr', 'cpxr')	False												marr	cpxr	27	4	0	1	57	0.38818553571647907	0.680685732596331
174	162	125	(125, 174)	153.66666666666666	162.0	25.540817005987364	('marr', 'baer')	False												marr	baer	27	4	0	1	57	0.38818553571647907	0.680685732596331
103	170	191	(103, 191)	154.66666666666666	170.0	45.96012764705221	('cpxr', 'mdta')	True	969.0	('cpxr', 'mdta')		[(0, 0.101107912345482, 0.25237098498021532), (10, 0.43466106369183483, 0.00051991403654720353), (20, 0.36076047956661977, 0.0058362089004753851), (30, 0.21422487146162936, 0.072822790770694534), (60, -0.17775365733114304, 0.32234290089563106), (90, -0.029773255176260557, 0.91284103212431866)]	['+']	cpxr	mdta	cpxr	27.0	mdta	27.0	cpxr	mdta	27	4	0	1	57	0.38818553571647907	0.680685732596331
43	171	254	(43, 254)	156.0	171.0	106.29675441893792	('marr', 'yebe')	False												marr	yebe	27	4	0	1	57	0.38818553571647907	0.680685732596331
170	241	60	(60, 241)	157.0	170.0	91.19758768739445	('envr', 'ung')	False												envr	ung	27	4	0	1	57	0.38818553571647907	0.680685732596331
216	177	78	(78, 216)	157.0	177.0	71.14070564732964	('baer', 'acra')	False												baer	acra	27	4	0	1	57	0.38818553571647907	0.680685732596331
197	178	99	(99, 197)	158.0	178.0	51.97114584074513	('baer', 'rsec')	False												baer	rsec	27	4	0	1	57	0.38818553571647907	0.680685732596331
200	105	169	(105, 200)	158.0	169.0	48.4458460551573	('mpra', 'motb')	False												mpra	motb	27	4	0	1	57	0.38818553571647907	0.680685732596331
76	223	181	(76, 223)	160.0	181.0	75.71657678474378	('acrr', 'ung')	False												acrr	ung	27	4	0	1	57	0.38818553571647907	0.680685732596331
230	114	136	(114, 230)	160.0	136.0	61.61168720299745	('cpxr', 'cpxp')	True	954.0	('cpxr', 'cpxp')		[(0, 0.0076211258231491845, 0.93142173555035268), (10, -0.084536185642585207, 0.52074925329548827), (20, -0.18405007017572, 0.17052997417025945), (30, -0.28382003082884827, 0.016457390313062176), (60, 0.31401334016446181, 0.075135280477476113), (90, 0.32265146495915376, 0.22290287931474367)]	['+']	cpxr	cpxp	cpxr	27.0	cpxp	27.0	cpxr	cpxp	27	4	0	1	57	0.38818553571647907	0.680685732596331
62	207	212	(62, 212)	160.33333333333334	207.0	85.19585279421372	('envr', 'mdta')	False												envr	mdta	27	4	0	1	57	0.38818553571647907	0.680685732596331
162	102	219	(102, 219)	161.0	162.0	58.5064099052403	('baer', 'ppid')	False												baer	ppid	27	4	0	1	57	0.38818553571647907	0.680685732596331
56	179	249	(56, 249)	161.33333333333334	179.0	97.70533932868426	('envr', 'cpxp')	False												envr	cpxp	27	4	0	1	57	0.38818553571647907	0.680685732596331
192	238	57	(57, 238)	162.33333333333334	192.0	94.07621024113021	('baer', 'rseb')	False												baer	rseb	27	4	0	1	57	0.38818553571647907	0.680685732596331
140	143	205	(140, 205)	162.66666666666666	143.0	36.69241520169167	('acrr', 'yaiw')	False												acrr	yaiw	27	4	0	1	57	0.38818553571647907	0.680685732596331
161	166	164	(161, 166)	163.66666666666666	164.0	2.5166114784235836	('mpra', 'rseb')	False												mpra	rseb	27	4	0	1	57	0.38818553571647907	0.680685732596331
233	226	34	(34, 233)	164.33333333333334	226.0	112.9262296073562	('baer', 'yebe')	False												baer	yebe	27	4	0	1	57	0.38818553571647907	0.680685732596331
164	211	120	(120, 211)	165.0	164.0	45.50824101193101	('marr', 'acrb')	False												marr	acrb	27	4	0	1	57	0.38818553571647907	0.680685732596331
155	156	185	(155, 185)	165.33333333333334	156.0	17.03917055884274	('mpra', 'degp')	False												mpra	degp	27	4	0	1	57	0.38818553571647907	0.680685732596331
267	217	13	(13, 267)	165.66666666666666	217.0	134.5560601880619	('mpra', 'chew')	False												mpra	chew	27	4	0	1	57	0.38818553571647907	0.680685732596331
223	125	151	(125, 223)	166.33333333333334	151.0	50.76744363598913	('marr', 'envr')	False												marr	envr	27	4	0	1	57	0.38818553571647907	0.680685732596331
92	202	210	(92, 210)	168.0	202.0	65.93936608733814	('mpra', 'ung')	False												mpra	ung	27	4	0	1	57	0.38818553571647907	0.680685732596331
204	173	128	(128, 204)	168.33333333333334	173.0	38.21430796617065	('baer', 'marr')	False												baer	marr	27	4	0	1	57	0.38818553571647907	0.680685732596331
114	121	271	(114, 271)	168.66666666666666	121.0	88.6923521693575	('mpra', 'rsec')	False												mpra	rsec	27	4	0	1	57	0.38818553571647907	0.680685732596331
232	251	24	(24, 251)	169.0	232.0	125.93252161375949	('acrr', 'mdtb')	False												acrr	mdtb	27	4	0	1	57	0.38818553571647907	0.680685732596331
84	231	192	(84, 231)	169.0	192.0	76.1511654539837	('envr', 'ycca')	False												envr	ycca	27	4	0	1	57	0.38818553571647907	0.680685732596331
116	195	197	(116, 197)	169.33333333333334	195.0	46.198845584422706	('marr', 'mdtb')	False												marr	mdtb	27	4	0	1	57	0.38818553571647907	0.680685732596331
208	252	50	(50, 252)	170.0	208.0	106.22617379911601	('marr', 'ung')	False												marr	ung	27	4	0	1	57	0.38818553571647907	0.680685732596331
250	234	29	(29, 250)	171.0	234.0	123.23554681990095	('envr', 'dsba')	False												envr	dsba	27	4	0	1	57	0.38818553571647907	0.680685732596331
193	182	138	(138, 193)	171.0	182.0	29.103264421710495	('envr', 'baca')	False												envr	baca	27	4	0	1	57	0.38818553571647907	0.680685732596331
194	160	160	(160, 194)	171.33333333333334	160.0	19.629909152447276	('baer', 'envr')	False												baer	envr	27	4	0	1	57	0.38818553571647907	0.680685732596331
59	208	252	(59, 252)	173.0	208.0	101.14840582035883	('cpxr', 'ppid')	True	978.0	('cpxr', 'ppid')		[(0, 0.20484889676983989, 0.019390952431660023), (10, 0.17397261789970569, 0.18371549214189961), (20, 0.075892762013217638, 0.57473351180622578), (30, 0.16524768436865847, 0.16845807819062078), (60, -0.54830887597777467, 0.00095472189649800751), (90, -0.40925171772720886, 0.11546925208200677)]	['+']	cpxr	ppid	cpxr	27.0	ppid	27.0	cpxr	ppid	27	4	0	1	57	0.38818553571647907	0.680685732596331
177	87	256	(87, 256)	173.33333333333334	177.0	84.5596436447868	('mpra', 'dsbc')	False												mpra	dsbc	27	4	0	1	57	0.38818553571647907	0.680685732596331
266	147	107	(107, 266)	173.33333333333334	147.0	82.706307699796	('envr', 'acrr')	False												envr	acrr	27	4	0	1	57	0.38818553571647907	0.680685732596331
212	186	123	(123, 212)	173.66666666666666	186.0	45.76388678131845	('baer', 'marb')	False												baer	marb	27	4	0	1	57	0.38818553571647907	0.680685732596331
187	218	117	(117, 218)	174.0	187.0	51.73973328110612	('acrr', 'mdta')	False												acrr	mdta	27	4	0	1	57	0.38818553571647907	0.680685732596331
253	193	84	(84, 253)	176.66666666666666	193.0	85.675745303635	('envr', 'mpra')	False												envr	mpra	27	4	0	1	57	0.38818553571647907	0.680685732596331
179	190	163	(163, 190)	177.33333333333334	179.0	13.576941236277534	('mpra', 'marb')	False												mpra	marb	27	4	0	1	57	0.38818553571647907	0.680685732596331
238	139	155	(139, 238)	177.33333333333334	155.0	53.144457221175315	('mpra', 'tsr')	False												mpra	tsr	27	4	0	1	57	0.38818553571647907	0.680685732596331
141	205	189	(141, 205)	178.33333333333334	189.0	33.30665599145813	('marr', 'baes')	False												marr	baes	27	4	0	1	57	0.38818553571647907	0.680685732596331
166	131	242	(131, 242)	179.66666666666666	166.0	56.747980874506304	('cpxr', 'mdtb')	True	970.0	('cpxr', 'mdtb')		[(0, -0.27465548325100758, 0.0015649851342185554), (10, 0.29511832553693595, 0.022071602747506198), (20, 0.23349628050696788, 0.080454433580932488), (30, -0.037076648453152068, 0.75886344936704919), (60, -0.54807923599773833, 0.00096040307495742175), (90, -0.44468739623203662, 0.084376440740752262)]	['+']	cpxr	mdtb	cpxr	27.0	mdtb	27.0	cpxr	mdtb	27	4	0	1	57	0.38818553571647907	0.680685732596331
221	239	80	(80, 239)	180.0	221.0	87.06893820416096	('baer', 'mpra')	False												baer	mpra	27	4	0	1	57	0.38818553571647907	0.680685732596331
260	150	133	(133, 260)	181.0	150.0	68.94200461257273	('acrr', 'motb')	False												acrr	motb	27	4	0	1	57	0.38818553571647907	0.680685732596331
171	148	224	(148, 224)	181.0	171.0	38.97435053981015	('mpra', 'rsea')	False												mpra	rsea	27	4	0	1	57	0.38818553571647907	0.680685732596331
131	188	226	(131, 226)	181.66666666666666	188.0	47.815618090048076	('acrr', 'rseb')	False												acrr	rseb	27	4	0	1	57	0.38818553571647907	0.680685732596331
143	225	178	(143, 225)	182.0	178.0	41.14608122288197	('mpra', 'yqae')	False												mpra	yqae	27	4	0	1	57	0.38818553571647907	0.680685732596331
83	214	258	(83, 258)	185.0	214.0	91.03296106356203	('acrr', 'cpxr')	False												acrr	cpxr	27	4	0	1	57	0.38818553571647907	0.680685732596331
182	229	149	(149, 229)	186.66666666666666	182.0	40.20364825899925	('envr', 'mdtb')	False												envr	mdtb	27	4	0	1	57	0.38818553571647907	0.680685732596331
215	77	268	(77, 268)	186.66666666666666	215.0	98.60189315288694	('marr', 'yqja')	False												marr	yqja	27	4	0	1	57	0.38818553571647907	0.680685732596331
144	249	168	(144, 249)	187.0	168.0	55.018178813915675	('mpra', 'cpxr')	False												mpra	cpxr	27	4	0	1	57	0.38818553571647907	0.680685732596331
167	181	215	(167, 215)	187.66666666666666	181.0	24.684678108764825	('mpra', 'ygau')	False												mpra	ygau	27	4	0	1	57	0.38818553571647907	0.680685732596331
262	255	46	(46, 262)	187.66666666666666	255.0	122.73684586681105	('acrr', 'mota')	False												acrr	mota	27	4	0	1	57	0.38818553571647907	0.680685732596331
102	232	231	(102, 232)	188.33333333333334	231.0	74.76853170507853	('marr', 'emra')	False												marr	emra	27	4	0	1	57	0.38818553571647907	0.680685732596331
244	219	109	(109, 244)	190.66666666666666	219.0	71.82153808805081	('baer', 'emrb')	False												baer	emrb	27	4	0	1	57	0.38818553571647907	0.680685732596331
218	260	101	(101, 260)	193.0	218.0	82.39538822045807	('mpra', 'baes')	False												mpra	baes	27	4	0	1	57	0.38818553571647907	0.680685732596331
178	128	275	(128, 275)	193.66666666666666	178.0	74.74177769717103	('baer', 'acrr')	False												baer	acrr	27	4	0	1	57	0.38818553571647907	0.680685732596331
240	106	236	(106, 240)	194.0	236.0	76.23647421018367	('acrr', 'baer')	False												acrr	baer	27	4	0	1	57	0.38818553571647907	0.680685732596331
241	264	77	(77, 264)	194.0	241.0	101.97548725061333	('envr', 'yidq')	False												envr	yidq	27	4	0	1	57	0.38818553571647907	0.680685732596331
247	261	74	(74, 261)	194.0	247.0	104.1585330157832	('envr', 'hha')	False												envr	hha	27	4	0	1	57	0.38818553571647907	0.680685732596331
249	233	103	(103, 249)	195.0	233.0	80.0749648766704	('acrr', 'chew')	False												acrr	chew	27	4	0	1	57	0.38818553571647907	0.680685732596331
175	213	204	(175, 213)	197.33333333333334	204.0	19.857828011475306	('cpxr', 'chew')	True	952.0	('cpxr', 'chew')		[(0, 0.2478970954540059, 0.004459436904930677), (10, 0.17684149691767639, 0.17647976832970294), (20, 0.12735492574047932, 0.34513981540345695), (30, 0.15541608650565131, 0.19559824096074541), (60, -0.25389514959609649, 0.15393633749877242), (90, -0.25463404007614426, 0.3412334033282276)]	['-']	cpxr	chew	cpxr	27.0	chew	27.0	cpxr	chew	27	4	0	1	57	0.38818553571647907	0.680685732596331
222	250	121	(121, 250)	197.66666666666666	222.0	67.85523806850385	('marr', 'rpoe')	False												marr	rpoe	27	4	0	1	57	0.38818553571647907	0.680685732596331
104	230	259	(104, 259)	197.66666666666666	230.0	82.40347889096269	('acrr', 'spy')	False												acrr	spy	27	4	0	1	57	0.38818553571647907	0.680685732596331
203	140	255	(140, 255)	199.33333333333334	203.0	57.58761440911868	('marr', 'sbma')	False												marr	sbma	27	4	0	1	57	0.38818553571647907	0.680685732596331
206	197	196	(196, 206)	199.66666666666666	197.0	5.507570547286101	('marr', 'yaiw')	False												marr	yaiw	27	4	0	1	57	0.38818553571647907	0.680685732596331
195	151	257	(151, 257)	201.0	195.0	53.25410782277739	('acrr', 'baca')	False												acrr	baca	27	4	0	1	57	0.38818553571647907	0.680685732596331
270	271	63	(63, 271)	201.33333333333334	270.0	119.80122425640455	('envr', 'yebe')	False												envr	yebe	27	4	0	1	57	0.38818553571647907	0.680685732596331
112	259	234	(112, 259)	201.66666666666666	234.0	78.65324744302255	('acrr', 'acrb')	True	208.0	('acrr', 'acrb')		[(0, 0.33183131947810712, 0.00011488801756089608), (10, -0.0085009079281266088, 0.94860100169319672), (20, 0.11855418209845638, 0.3797603539441532), (30, 0.3805277951351051, 0.0010620263184301653), (60, 0.33368900794638584, 0.057724414394943364), (90, 0.51476369850218129, 0.041319064122267227)]	['-']	acrr	acrb	acrr	27.0	acrb	27.0	acrr	acrb	27	4	0	1	57	0.38818553571647907	0.680685732596331
196	144	267	(144, 267)	202.33333333333334	196.0	61.74409553417503	('cpxr', 'marr')	True	68.0	('cpxr', 'marr')		[(0, 0.043074646938160981, 0.62653537343982613), (10, -0.080643173673598204, 0.54019516525805922), (20, -0.050740023352128322, 0.70778435689943175), (30, 0.050202335449041666, 0.67758104706758182), (60, -0.10825845559509166, 0.54871623823271243), (90, -0.34277145275965382, 0.19371476336805551)]	['+']	cpxr	marr	cpxr	27.0	marr	27.0	cpxr	marr	27	4	0	1	57	0.38818553571647907	0.680685732596331
209	206	193	(193, 209)	202.66666666666666	206.0	8.504900548115382	('marr', 'psd')	False												marr	psd	27	4	0	1	57	0.38818553571647907	0.680685732596331
251	224	140	(140, 251)	205.0	224.0	57.88782255362521	('baer', 'emra')	False												baer	emra	27	4	0	1	57	0.38818553571647907	0.680685732596331
129	244	245	(129, 245)	206.0	244.0	66.68583057891684	('marr', 'acra')	False												marr	acra	27	4	0	1	57	0.38818553571647907	0.680685732596331
257	242	122	(122, 257)	207.0	242.0	73.9932429347437	('envr', 'yaiw')	False												envr	yaiw	27	4	0	1	57	0.38818553571647907	0.680685732596331
256	240	126	(126, 256)	207.33333333333334	240.0	70.88958550685237	('baer', 'acrb')	False												baer	acrb	27	4	0	1	57	0.38818553571647907	0.680685732596331
186	209	227	(186, 227)	207.33333333333334	209.0	20.55075018906447	('cpxr', 'mota')	True	973.0	('cpxr', 'mota')		[(0, 0.1956187882996003, 0.025717526631187503), (10, 0.13496597770232879, 0.30387283587387404), (20, 0.022336116428277833, 0.86900814941685489), (30, 0.099250606814436176, 0.41022815302737148), (60, -0.27098963710645346, 0.12716017541394584), (90, -0.3044017739508848, 0.25166981441732938)]	['-']	cpxr	mota	cpxr	27.0	mota	27.0	cpxr	mota	27	4	0	1	57	0.38818553571647907	0.680685732596331
214	246	162	(162, 246)	207.33333333333334	214.0	42.39496825489239	('acrr', 'mdtc')	False												acrr	mdtc	27	4	0	1	57	0.38818553571647907	0.680685732596331
263	183	177	(177, 263)	207.66666666666666	183.0	48.01388688008223	('acrr', 'ycca')	False												acrr	ycca	27	4	0	1	57	0.38818553571647907	0.680685732596331
227	262	137	(137, 262)	208.66666666666666	227.0	64.48514040717701	('marr', 'rseb')	False												marr	rseb	27	4	0	1	57	0.38818553571647907	0.680685732596331
190	215	223	(190, 223)	209.33333333333334	215.0	17.21433511156714	('marr', 'ppid')	False												marr	ppid	27	4	0	1	57	0.38818553571647907	0.680685732596331
246	227	159	(159, 246)	210.66666666666666	227.0	45.74203027122138	('envr', 'emra')	False												envr	emra	27	4	0	1	57	0.38818553571647907	0.680685732596331
165	258	209	(165, 258)	210.66666666666666	209.0	46.52239604033022	('envr', 'rseb')	False												envr	rseb	27	4	0	1	57	0.38818553571647907	0.680685732596331
191	204	238	(191, 238)	211.0	204.0	24.269322199023193	('acrr', 'emrb')	False												acrr	emrb	27	4	0	1	57	0.38818553571647907	0.680685732596331
275	269	108	(108, 275)	217.33333333333334	269.0	94.73295801004703	('envr', 'slt')	False												envr	slt	27	4	0	1	57	0.38818553571647907	0.680685732596331
273	275	105	(105, 275)	217.66666666666666	273.0	97.5773197691622	('envr', 'acrb')	True	1127.0	('envr', 'acrb')		[(0, -0.10454323656126097, 0.23652762167792807), (10, 0.042233621138484743, 0.74866399138152762), (20, -0.069872652653116429, 0.60552494973812254), (30, -0.017655682355316258, 0.88381077325052537), (60, 0.079418798857606429, 0.66042242014910735), (90, -0.17287154230503948, 0.52201456568742932)]	['-']	envr	acrb	envr	27.0	acrb	27.0	envr	acrb	27	4	0	1	57	0.38818553571647907	0.680685732596331
245	210	198	(198, 245)	217.66666666666666	210.0	24.419937209856485	('baer', 'psd')	False												baer	psd	27	4	0	1	57	0.38818553571647907	0.680685732596331
184	203	269	(184, 269)	218.66666666666666	203.0	44.61315202194677	('mpra', 'rpoe')	False												mpra	rpoe	27	4	0	1	57	0.38818553571647907	0.680685732596331
264	256	144	(144, 264)	221.33333333333334	256.0	67.09197666884867	('envr', 'marr')	False												envr	marr	27	4	0	1	57	0.38818553571647907	0.680685732596331
265	167	235	(167, 265)	222.33333333333334	235.0	50.212880153734794	('envr', 'baer')	False												envr	baer	27	4	0	1	57	0.38818553571647907	0.680685732596331
231	221	216	(216, 231)	222.66666666666666	221.0	7.637626158259733	('baer', 'dsba')	False												baer	dsba	27	4	0	1	57	0.38818553571647907	0.680685732596331
183	267	218	(183, 267)	222.66666666666666	218.0	42.19399641339196	('envr', 'rpoe')	False												envr	rpoe	27	4	0	1	57	0.38818553571647907	0.680685732596331
158	270	248	(158, 270)	225.33333333333334	248.0	59.34082349726311	('envr', 'rsea')	False												envr	rsea	27	4	0	1	57	0.38818553571647907	0.680685732596331
272	247	158	(158, 272)	225.66666666666666	247.0	59.91939029507338	('envr', 'cpxa')	False												envr	cpxa	27	4	0	1	57	0.38818553571647907	0.680685732596331
210	253	220	(210, 253)	227.66666666666666	220.0	22.50185177565023	('cpxr', 'chea')	True	951.0	('cpxr', 'chea')		[(0, 0.24071084651202124, 0.0058031212314886603), (10, 0.17202890048123134, 0.18873791483943286), (20, 0.084262925630514601, 0.53316172997305644), (30, 0.12056351868134543, 0.31657869342555051), (60, -0.2853686496822177, 0.10744486727515293), (90, -0.28876824754132674, 0.27805656719216348)]	['-']	cpxr	chea	cpxr	27.0	chea	27.0	cpxr	chea	27	4	0	1	57	0.38818553571647907	0.680685732596331
211	212	264	(211, 264)	229.0	212.0	30.315012782448235	('cpxr', 'mdtc')	True	971.0	('cpxr', 'mdtc')		[(0, -0.10812543445818748, 0.22076127911496166), (10, 0.3086854232562502, 0.016408863160165155), (20, 0.36531575574057723, 0.0052019231323246953), (30, 0.1355875591514657, 0.25956592961052238), (60, 0.10720499726334325, 0.55263565783086288), (90, 0.042400804709602953, 0.87610057077199222)]	['+']	cpxr	mdtc	cpxr	27.0	mdtc	27.0	cpxr	mdtc	27	4	0	1	57	0.38818553571647907	0.680685732596331
237	222	229	(222, 237)	229.33333333333334	229.0	7.505553499465135	('baer', 'rsea')	False												baer	rsea	27	4	0	1	57	0.38818553571647907	0.680685732596331
242	228	222	(222, 242)	230.66666666666666	228.0	10.263202878893768	('baer', 'nmpc')	False												baer	nmpc	27	4	0	1	57	0.38818553571647907	0.680685732596331
248	180	266	(180, 266)	231.33333333333334	248.0	45.3578365151308	('acrr', 'chea')	False												acrr	chea	27	4	0	1	57	0.38818553571647907	0.680685732596331
236	185	274	(185, 274)	231.66666666666666	236.0	44.65795935030321	('acrr', 'yidq')	False												acrr	yidq	27	4	0	1	57	0.38818553571647907	0.680685732596331
259	220	217	(217, 259)	232.0	220.0	23.430749027719962	('acrr', 'ygau')	False												acrr	ygau	27	4	0	1	57	0.38818553571647907	0.680685732596331
268	263	165	(165, 268)	232.0	263.0	58.077534382926416	('envr', 'acra')	True	1126.0	('envr', 'acra')		[(0, 0.11872000998768514, 0.17852647402312397), (10, 0.24364755340208294, 0.060660198215057803), (20, 0.030408129554757461, 0.82233555232558964), (30, 0.12080044065142151, 0.31562161705455699), (60, 0.05051118507914458, 0.78012622610870874), (90, -0.097907185394318169, 0.71830191601890769)]	['-']	envr	acra	envr	27.0	acra	27.0	envr	acra	27	4	0	1	57	0.38818553571647907	0.680685732596331
269	245	199	(199, 269)	237.66666666666666	245.0	35.5715241918776	('envr', 'spy')	False												envr	spy	27	4	0	1	57	0.38818553571647907	0.680685732596331
261	274	180	(180, 274)	238.33333333333334	261.0	50.934598588124096	('envr', 'cpxr')	False												envr	cpxr	27	4	0	1	57	0.38818553571647907	0.680685732596331
219	272	232	(219, 272)	241.0	232.0	27.622454633866266	('cpxr', 'motb')	True	974.0	('cpxr', 'motb')		[(0, 0.14791880595304685, 0.093055203544193901), (10, 0.12004928857143653, 0.3609025876180445), (20, 0.03218272995175437, 0.81215039221743557), (30, 0.042881644556217374, 0.72253190329471229), (60, -0.25752405672363876, 0.14793759501816306), (90, -0.26185742782831056, 0.32723282566529655)]	['-']	cpxr	motb	cpxr	27.0	motb	27.0	cpxr	motb	27	4	0	1	57	0.38818553571647907	0.680685732596331
271	196	260	(196, 271)	242.33333333333334	260.0	40.5010287935175	('mpra', 'chea')	False												mpra	chea	27	4	0	1	57	0.38818553571647907	0.680685732596331
235	265	228	(228, 265)	242.66666666666666	235.0	19.65536398374076	('envr', 'rsec')	False												envr	rsec	27	4	0	1	57	0.38818553571647907	0.680685732596331
224	254	251	(224, 254)	243.0	251.0	16.522711641858304	('envr', 'mdtc')	False												envr	mdtc	27	4	0	1	57	0.38818553571647907	0.680685732596331
228	248	263	(228, 263)	246.33333333333334	248.0	17.55942292142123	('baer', 'sbma')	False												baer	sbma	27	4	0	1	57	0.38818553571647907	0.680685732596331
274	243	237	(237, 274)	251.33333333333334	243.0	19.857828011475306	('envr', 'ygau')	False												envr	ygau	27	4	0	1	57	0.38818553571647907	0.680685732596331
258	257	240	(240, 258)	251.66666666666666	257.0	10.115993936995679	('envr', 'sbma')	False												envr	sbma	27	4	0	1	57	0.38818553571647907	0.680685732596331
254	268	243	(243, 268)	255.0	254.0	12.529964086141668	('baer', 'rpoe')	False												baer	rpoe	27	4	0	1	57	0.38818553571647907	0.680685732596331
2	1	1	(1, 2)	1.3333333333333333	1.0	0.5773502691896257	('fliz', 'flia')	False												fliz	flia	28	4	0	1	82	0.1604866632658993	0.479641612742659
0	0	27	(0, 27)	9.0	0.0	15.588457268119896	('csgd', 'csgf')	True	1007.0	('csgd', 'csgf')	0.0	[(0, 0.86280377907062455, 9.7955278829379099e-40), (10, 0.80455172793326712, 9.6288175980995684e-15), (20, 0.69436136841407814, 2.0953167377636305e-09), (30, 0.60994245933019842, 1.6396887739448005e-08), (60, 0.25381911462000384, 0.1540638780336091), (90, -0.19035701494017768, 0.48008791616591595)]	['+']	csgd	csgf	csgd	28.0	csgf	28.0	csgd	csgf	28	4	0	1	82	0.1604866632658993	0.479641612742659
1	7	26	(1, 26)	11.333333333333334	7.0	13.051181300301263	('csgd', 'csge')	True	1006.0	('csgd', 'csge')	0.0	[(0, 0.82907500223475394, 4.0715580138450015e-34), (10, 0.74998751622193416, 5.330138124536433e-12), (20, 0.61111354134651463, 4.4440251921069438e-07), (30, 0.54218586074951503, 1.0414604417178664e-06), (60, 0.089496830119876775, 0.62039372779467772), (90, 0.041095213643067507, 0.87988950125576704)]	['+']	csgd	csge	csgd	28.0	csge	28.0	csgd	csge	28	4	0	1	82	0.1604866632658993	0.479641612742659
14	18	3	(3, 18)	11.666666666666666	14.0	7.767453465154029	('fliz', 'flie')	False												fliz	flie	28	4	0	1	82	0.1604866632658993	0.479641612742659
29	2	19	(2, 29)	16.666666666666668	19.0	13.650396819628845	('qseb', 'qsec')	True	2645.0	('qseb', 'qsec')	0.0	[(0, 0.68237528724627783, 3.9020076015309049e-19), (10, 0.49343490218192188, 6.1766350989654758e-05), (20, 0.48561047540448116, 0.00012865886235149542), (30, 0.58960059363406525, 6.3042015681095002e-08), (60, 0.46700263190947955, 0.0061457620468032426), (90, 0.2480800720181017, 0.35422589207058724)]	['+']	qseb	qsec	qseb	28.0	qsec	28.0	qseb	qsec	28	4	0	1	82	0.1604866632658993	0.479641612742659
6	35	11	(6, 35)	17.333333333333332	11.0	15.50268793897798	('bola', 'mlra')	False												bola	mlra	28	4	0	1	82	0.1604866632658993	0.479641612742659
11	14	30	(11, 30)	18.333333333333332	14.0	10.214368964029708	('fliz', 'flif')	False												fliz	flif	28	4	0	1	82	0.1604866632658993	0.479641612742659
30	21	6	(6, 30)	19.0	21.0	12.12435565298214	('csgd', 'csgg')	True	1008.0	('csgd', 'csgg')	0.0	[(0, 0.50797730276266895, 6.8679408246961755e-10), (10, 0.35213131823606997, 0.0057943724907210921), (20, 0.25183374311243911, 0.05878977616043838), (30, 0.31179941745106748, 0.008121567417688583), (60, 0.036517670233444023, 0.84010713757401034), (90, 0.027799575051137983, 0.91860035093551329)]	['+']	csgd	csgg	csgd	28.0	csgg	28.0	csgd	csgg	28	4	0	1	82	0.1604866632658993	0.479641612742659
58	13	13	(13, 58)	28.0	13.0	25.98076211353316	('lrha', 'csgb')	False												lrha	csgb	28	4	0	1	82	0.1604866632658993	0.479641612742659
3	6	76	(3, 76)	28.333333333333332	6.0	41.30778780488412	('envy', 'csga')	False												envy	csga	28	4	0	1	82	0.1604866632658993	0.479641612742659
13	29	45	(13, 45)	29.0	29.0	16.0	('bola', 'wrba')	False												bola	wrba	28	4	0	1	82	0.1604866632658993	0.479641612742659
23	36	34	(23, 36)	31.0	34.0	7.0	('mlra', 'ompc')	False												mlra	ompc	28	4	0	1	82	0.1604866632658993	0.479641612742659
15	47	32	(15, 47)	31.333333333333332	32.0	16.010413278030438	('basr', 'yhbs')	False												basr	yhbs	28	4	0	1	82	0.1604866632658993	0.479641612742659
35	46	29	(29, 46)	36.666666666666664	35.0	8.621678104251709	('basr', 'wrba')	False												basr	wrba	28	4	0	1	82	0.1604866632658993	0.479641612742659
26	26	66	(26, 66)	39.333333333333336	26.0	23.09401076758503	('fliz', 'flhc')	True	107.0	('fliz', 'flhc')	0.0	[(0, 0.56381545226467822, 2.8590448559296784e-12), (10, 0.34510514256982627, 0.0069245823198681054), (20, 0.42787189895930977, 0.00090014587728642979), (30, 0.63524685352395016, 2.6727992915876231e-09), (60, 0.84643870550389888, 5.4406429513059547e-10), (90, 0.8525992970694436, 2.7203820200873521e-05)]	['-']	fliz	flhc	fliz	28.0	flhc	28.0	fliz	flhc	28	4	0	1	82	0.1604866632658993	0.479641612742659
51	17	56	(17, 56)	41.333333333333336	51.0	21.22105872319601	('mlra', 'ecnb')	False												mlra	ecnb	28	4	0	1	82	0.1604866632658993	0.479641612742659
25	23	86	(23, 86)	44.666666666666664	25.0	35.809682117177935	('fliz', 'ompf')	False												fliz	ompf	28	4	0	1	82	0.1604866632658993	0.479641612742659
32	43	63	(32, 63)	46.0	43.0	15.716233645501712	('rsta', 'csgd')	True	190.0	('rsta', 'csgd')	0.0	[(0, -0.40052132816865993, 2.338313246738889e-06), (10, -0.52954482213395904, 1.3577590243795811e-05), (20, -0.3636949922126485, 0.0054202946140410142), (30, -0.31595979165736687, 0.0072702564023458963), (60, -0.32542774849441924, 0.06459903727943446), (90, 0.7051083857547672, 0.0022823454593238583)]	['-']	rsta	csgd	rsta	28.0	csgd	28.0	rsta	csgd	28	4	0	1	82	0.1604866632658993	0.479641612742659
68	30	42	(30, 68)	46.666666666666664	42.0	19.42506971244462	('lrha', 'csgf')	False												lrha	csgf	28	4	0	1	82	0.1604866632658993	0.479641612742659
41	27	73	(27, 73)	47.0	41.0	23.57965224510319	('basr', 'pepd')	False												basr	pepd	28	4	0	1	82	0.1604866632658993	0.479641612742659
21	8	113	(8, 113)	47.333333333333336	21.0	57.23926391327314	('lrha', 'narj')	False												lrha	narj	28	4	0	1	82	0.1604866632658993	0.479641612742659
17	15	111	(15, 111)	47.666666666666664	17.0	54.85739087245522	('bola', 'lrha')	False												bola	lrha	28	4	0	1	82	0.1604866632658993	0.479641612742659
46	11	87	(11, 87)	48.0	46.0	38.03945320322047	('qseb', 'ycct')	False												qseb	ycct	28	4	0	1	82	0.1604866632658993	0.479641612742659
24	31	91	(24, 91)	48.666666666666664	31.0	36.82843104631711	('basr', 'ompc')	False												basr	ompc	28	4	0	1	82	0.1604866632658993	0.479641612742659
4	4	145	(4, 145)	51.0	4.0	81.40638795573723	('fliz', 'flgm')	False												fliz	flgm	28	4	0	1	82	0.1604866632658993	0.479641612742659
52	28	78	(28, 78)	52.666666666666664	52.0	25.006665778014735	('basr', 'dacc')	False												basr	dacc	28	4	0	1	82	0.1604866632658993	0.479641612742659
81	63	17	(17, 81)	53.666666666666664	63.0	33.00505011863084	('ompr', 'narh')	False												ompr	narh	28	4	0	1	82	0.1604866632658993	0.479641612742659
38	102	25	(25, 102)	55.0	38.0	41.2189276910499	('mlra', 'bola')	False												mlra	bola	28	4	0	1	82	0.1604866632658993	0.479641612742659
8	3	169	(3, 169)	60.0	8.0	94.42986815621421	('lrha', 'bola')	False												lrha	bola	28	4	0	1	82	0.1604866632658993	0.479641612742659
42	57	92	(42, 92)	63.666666666666664	57.0	25.658007197234422	('qseb', 'yfib')	False												qseb	yfib	28	4	0	1	82	0.1604866632658993	0.479641612742659
57	22	121	(22, 121)	66.66666666666667	57.0	50.20292156173117	('ompr', 'nlpa')	False												ompr	nlpa	28	4	0	1	82	0.1604866632658993	0.479641612742659
60	83	62	(60, 83)	68.33333333333333	62.0	12.741009902410928	('bola', 'ecnb')	False												bola	ecnb	28	4	0	1	82	0.1604866632658993	0.479641612742659
43	78	90	(43, 90)	70.33333333333333	78.0	24.419937209856485	('rsta', 'ybhl')	False												rsta	ybhl	28	4	0	1	82	0.1604866632658993	0.479641612742659
47	118	47	(47, 118)	70.66666666666667	47.0	40.99186911246343	('envy', 'csgg')	False												envy	csgg	28	4	0	1	82	0.1604866632658993	0.479641612742659
78	45	94	(45, 94)	72.33333333333333	78.0	24.986663109213552	('qseb', 'nlpa')	False												qseb	nlpa	28	4	0	1	82	0.1604866632658993	0.479641612742659
100	103	14	(14, 103)	72.33333333333333	100.0	50.54041287260457	('csgd', 'envy')	False												csgd	envy	28	4	0	1	82	0.1604866632658993	0.479641612742659
62	20	137	(20, 137)	73.0	62.0	59.270566050949775	('basr', 'dgka')	True	478.0	('basr', 'dgka')	0.0	[(0, 0.47539415668000146, 1.0941779872074785e-08), (10, 0.41434600120968734, 0.00099732694969640896), (20, 0.47639192260063273, 0.00017970430252396967), (30, 0.3786799504504415, 0.0011285063728278524), (60, -0.015377266442787026, 0.93231349031722632), (90, -0.040301667852213799, 0.88219363433397746)]	['+']	basr	dgka	basr	28.0	dgka	28.0	basr	dgka	28	4	0	1	82	0.1604866632658993	0.479641612742659
44	51	124	(44, 124)	73.0	51.0	44.30575583375144	('rsta', 'dgka')	False												rsta	dgka	28	4	0	1	82	0.1604866632658993	0.479641612742659
40	54	130	(40, 130)	74.66666666666667	54.0	48.428641663104	('lrha', 'yjjq')	False												lrha	yjjq	28	4	0	1	82	0.1604866632658993	0.479641612742659
116	69	40	(40, 116)	75.0	69.0	38.353617821530214	('lrha', 'envy')	False												lrha	envy	28	4	0	1	82	0.1604866632658993	0.479641612742659
10	12	203	(10, 203)	75.0	12.0	110.85576214162258	('fliz', 'flij')	False												fliz	flij	28	4	0	1	82	0.1604866632658993	0.479641612742659
149	72	15	(15, 149)	78.66666666666667	72.0	67.2482961370274	('qseb', 'mlra')	False												qseb	mlra	28	4	0	1	82	0.1604866632658993	0.479641612742659
94	136	9	(9, 136)	79.66666666666667	94.0	64.70188044665575	('bola', 'ompc')	False												bola	ompc	28	4	0	1	82	0.1604866632658993	0.479641612742659
31	65	150	(31, 150)	82.0	65.0	61.29437168288782	('lrha', 'csga')	False												lrha	csga	28	4	0	1	82	0.1604866632658993	0.479641612742659
56	187	7	(7, 187)	83.33333333333333	56.0	93.06091195197548	('mlra', 'wrba')	False												mlra	wrba	28	4	0	1	82	0.1604866632658993	0.479641612742659
33	44	180	(33, 180)	85.66666666666667	44.0	81.87999348640261	('basr', 'ompr')	False												basr	ompr	28	4	0	1	82	0.1604866632658993	0.479641612742659
49	85	125	(49, 125)	86.33333333333333	85.0	38.01753981168868	('ompr', 'dgka')	False												ompr	dgka	28	4	0	1	82	0.1604866632658993	0.479641612742659
144	16	106	(16, 144)	88.66666666666667	106.0	65.73684912842518	('qseb', 'dgka')	False												qseb	dgka	28	4	0	1	82	0.1604866632658993	0.479641612742659
117	112	48	(48, 117)	92.33333333333333	112.0	38.47510017314229	('rsta', 'dacc')	False												rsta	dacc	28	4	0	1	82	0.1604866632658993	0.479641612742659
39	98	147	(39, 147)	94.66666666666667	98.0	54.07710544521899	('envy', 'csgc')	False												envy	csgc	28	4	0	1	82	0.1604866632658993	0.479641612742659
115	39	135	(39, 135)	96.33333333333333	115.0	50.64911976859354	('qseb', 'envy')	False												qseb	envy	28	4	0	1	82	0.1604866632658993	0.479641612742659
48	150	97	(48, 150)	98.33333333333333	97.0	51.013070220614374	('csgd', 'csgb')	True	1004.0	('csgd', 'csgb')	0.0	[(0, 0.58378657657062383, 3.1031816349294287e-13), (10, 0.57753815055693924, 1.356986215346929e-06), (20, 0.53757778057539307, 1.6174058451789766e-05), (30, 0.53749620214809135, 1.3432865012240552e-06), (60, 0.055934586037392951, 0.75719046657503997), (90, -0.1469293867218773, 0.58712635401763202)]	['+']	csgd	csgb	csgd	28.0	csgb	28.0	csgd	csgb	28	4	0	1	82	0.1604866632658993	0.479641612742659
28	10	264	(10, 264)	100.66666666666667	28.0	141.7368453625709	('fliz', 'flhd')	True	108.0	('fliz', 'flhd')	0.0	[(0, 0.69706806321633463, 3.2179681262597074e-20), (10, 0.36984280430437028, 0.0036326253626212399), (20, 0.35568459845141165, 0.0066219170864565717), (30, 0.71145513214455058, 3.5602830449633752e-12), (60, 0.80765143379629456, 1.3409787981582773e-08), (90, 0.80321644043352214, 0.00017889927894619676)]	['-']	fliz	flhd	fliz	28.0	flhd	28.0	fliz	flhd	28	4	0	1	82	0.1604866632658993	0.479641612742659
19	70	232	(19, 232)	107.0	70.0	111.2160060422959	('bola', 'yccj')	False												bola	yccj	28	4	0	1	82	0.1604866632658993	0.479641612742659
109	33	185	(33, 185)	109.0	109.0	76.0	('basr', 'cspi')	True	477.0	('basr', 'cspi')	20.0	[(0, -0.26814359847022784, 0.0020391522877111915), (10, -0.45670368630422215, 0.00024455833807028138), (20, -0.56013754034046115, 5.8794266996728783e-06), (30, -0.41771739478598219, 0.00028954538679304317), (60, 0.1808792463160705, 0.31376781086616767), (90, 0.4602546280404799, 0.07282440673201912)]	['+']	basr	cspi	basr	28.0	cspi	28.0	basr	cspi	28	4	0	1	82	0.1604866632658993	0.479641612742659
91	64	175	(64, 175)	110.0	91.0	57.88782255362521	('ompr', 'ompc')	True	2438.0	('ompr', 'ompc')	0.0	[(0, 0.68869670040300623, 1.3579847104598519e-19), (10, 0.76422981503414877, 1.2089045567124552e-12), (20, 0.7245916359450576, 1.8676149873620314e-10), (30, 0.53248525106704714, 1.7556558929894974e-06), (60, 0.68415553472020474, 1.1335897652763696e-05), (90, 0.52768023169578882, 0.035663213397139425)]	['+']	ompr	ompc	ompr	28.0	ompc	28.0	ompr	ompc	28	4	0	1	82	0.1604866632658993	0.479641612742659
137	107	98	(98, 137)	114.0	107.0	20.42057785666214	('basr', 'ampc')	False												basr	ampc	28	4	0	1	82	0.1604866632658993	0.479641612742659
34	34	276	(34, 276)	114.66666666666667	34.0	139.71876514388944	('bola', 'rplu')	False												bola	rplu	28	4	0	1	82	0.1604866632658993	0.479641612742659
92	147	110	(92, 147)	116.33333333333333	110.0	28.04163571073081	('rsta', 'ompf')	True	2703.0	('rsta', 'ompf')		[(0, 0.29812483129029488, 0.00057106232473130142), (10, 0.37600294590301864, 0.0030692517273071293), (20, 0.3565929246804147, 0.0064748721841316817), (30, 0.43426337244743785, 0.00015446331834754231), (60, 0.47898169477247249, 0.0048015949761457729), (90, 0.26276778316555044, 0.32549221373174814)]	['-']	rsta	ompf	rsta	28.0	ompf	28.0	rsta	ompf	28	4	0	1	82	0.1604866632658993	0.479641612742659
97	232	23	(23, 232)	117.33333333333333	97.0	105.97326706926296	('ompr', 'basr')	False												ompr	basr	28	4	0	1	82	0.1604866632658993	0.479641612742659
96	257	5	(5, 257)	119.33333333333333	96.0	127.61008319616964	('bola', 'narg')	False												bola	narg	28	4	0	1	82	0.1604866632658993	0.479641612742659
37	81	243	(37, 243)	120.33333333333333	81.0	108.48655830716234	('basr', 'yccj')	False												basr	yccj	28	4	0	1	82	0.1604866632658993	0.479641612742659
85	116	160	(85, 160)	120.33333333333333	116.0	37.687309977409285	('rsta', 'yhbt')	False												rsta	yhbt	28	4	0	1	82	0.1604866632658993	0.479641612742659
27	40	295	(27, 295)	120.66666666666667	40.0	151.11695250147594	('rsta', 'csgf')	True	2697.0	('rsta', 'csgf')	0.0	[(0, -0.54577091263094857, 1.8784935156772389e-11), (10, -0.61713334052854141, 1.5097351620803143e-07), (20, -0.510545669696579, 4.9605814120856345e-05), (30, -0.51609765468708035, 4.0920643514052046e-06), (60, -0.46366459089202322, 0.0065732661249200486), (90, 0.48359626412449552, 0.057718154960937101)]	['-']	rsta	csgf	rsta	28.0	csgf	28.0	rsta	csgf	28	4	0	1	82	0.1604866632658993	0.479641612742659
242	61	59	(59, 242)	120.66666666666667	61.0	105.08250726611605	('rsta', 'nlpa')	False												rsta	nlpa	28	4	0	1	82	0.1604866632658993	0.479641612742659
216	108	38	(38, 216)	120.66666666666667	108.0	89.67348177322732	('qseb', 'ampc')	False												qseb	ampc	28	4	0	1	82	0.1604866632658993	0.479641612742659
204	32	129	(32, 204)	121.66666666666667	129.0	86.23417729261023	('basr', 'yjjq')	False												basr	yjjq	28	4	0	1	82	0.1604866632658993	0.479641612742659
172	114	81	(81, 172)	122.33333333333333	114.0	46.068789145508624	('bola', 'yhbs')	False												bola	yhbs	28	4	0	1	82	0.1604866632658993	0.479641612742659
59	131	178	(59, 178)	122.66666666666667	131.0	59.936077059925545	('mlra', 'nari')	False												mlra	nari	28	4	0	1	82	0.1604866632658993	0.479641612742659
67	168	138	(67, 168)	124.33333333333333	138.0	51.86842327788009	('envy', 'csgb')	False												envy	csgb	28	4	0	1	82	0.1604866632658993	0.479641612742659
54	133	188	(54, 188)	125.0	133.0	67.35725647619564	('qseb', 'flij')	False												qseb	flij	28	4	0	1	82	0.1604866632658993	0.479641612742659
50	111	215	(50, 215)	125.33333333333333	111.0	83.42861219829402	('fliz', 'csgc')	True	1623.0	('fliz', 'csgc')	60.0	[(0, 0.32576391221068418, 0.00015550390733391704), (10, 0.095767906597467339, 0.46668356222949348), (20, 0.019622734453966489, 0.88480552420870107), (30, 0.54512139213368893, 8.8634434993070544e-07), (60, 0.76492247357229848, 2.1789929481004267e-07), (90, 0.69900578274347502, 0.002586821154197044)]	['-']	fliz	csgc	fliz	28.0	csgc	28.0	fliz	csgc	28	4	0	1	82	0.1604866632658993	0.479641612742659
84	144	151	(84, 151)	126.33333333333333	144.0	36.8284310463171	('rsta', 'basr')	False												rsta	basr	28	4	0	1	82	0.1604866632658993	0.479641612742659
310	76	0	(0, 310)	128.66666666666666	76.0	161.57144962317238	('bola', 'ybhl')	False												bola	ybhl	28	4	0	1	82	0.1604866632658993	0.479641612742659
145	41	202	(41, 202)	129.33333333333334	145.0	81.63536815212714	('ompr', 'cspi')	False												ompr	cspi	28	4	0	1	82	0.1604866632658993	0.479641612742659
140	74	174	(74, 174)	129.33333333333334	140.0	50.84617324178225	('qseb', 'nari')	False												qseb	nari	28	4	0	1	82	0.1604866632658993	0.479641612742659
80	59	256	(59, 256)	131.66666666666666	80.0	108.18656724997487	('qseb', 'flif')	False												qseb	flif	28	4	0	1	82	0.1604866632658993	0.479641612742659
174	156	65	(65, 174)	131.66666666666666	156.0	58.432297005451815	('ompr', 'pepd')	False												ompr	pepd	28	4	0	1	82	0.1604866632658993	0.479641612742659
82	153	166	(82, 166)	133.66666666666666	153.0	45.21430452117265	('lrha', 'nari')	False												lrha	nari	28	4	0	1	82	0.1604866632658993	0.479641612742659
22	84	298	(22, 298)	134.66666666666666	84.0	144.807918752164	('csgd', 'rsta')	False												csgd	rsta	28	4	0	1	82	0.1604866632658993	0.479641612742659
9	19	376	(9, 376)	134.66666666666666	19.0	209.06059727584568	('fliz', 'flih')	False												fliz	flih	28	4	0	1	82	0.1604866632658993	0.479641612742659
120	170	123	(120, 170)	137.66666666666666	123.0	28.04163571073081	('ompr', 'qsec')	False												ompr	qsec	28	4	0	1	82	0.1604866632658993	0.479641612742659
70	148	206	(70, 206)	141.33333333333334	148.0	68.24465791058911	('fliz', 'qsec')	False												fliz	qsec	28	4	0	1	82	0.1604866632658993	0.479641612742659
93	94	237	(93, 237)	141.33333333333334	94.0	82.85127237003265	('rsta', 'csgb')	False												rsta	csgb	28	4	0	1	82	0.1604866632658993	0.479641612742659
125	145	157	(125, 157)	142.33333333333334	145.0	16.165807537309522	('basr', 'rplu')	False												basr	rplu	28	4	0	1	82	0.1604866632658993	0.479641612742659
167	166	95	(95, 167)	142.66666666666666	166.0	41.28357219685977	('mlra', 'qseb')	False												mlra	qseb	28	4	0	1	82	0.1604866632658993	0.479641612742659
228	99	104	(99, 228)	143.66666666666666	104.0	73.07758434248721	('envy', 'ampc')	False												envy	ampc	28	4	0	1	82	0.1604866632658993	0.479641612742659
212	115	105	(105, 212)	144.0	115.0	59.10160742314882	('lrha', 'rplu')	False												lrha	rplu	28	4	0	1	82	0.1604866632658993	0.479641612742659
330	53	51	(51, 330)	144.66666666666666	53.0	160.5064900037794	('fliz', 'narg')	False												fliz	narg	28	4	0	1	82	0.1604866632658993	0.479641612742659
66	66	304	(66, 304)	145.33333333333334	66.0	137.40936406713092	('qseb', 'yfir')	False												qseb	yfir	28	4	0	1	82	0.1604866632658993	0.479641612742659
160	220	57	(57, 220)	145.66666666666666	160.0	82.43987708223086	('ompr', 'yhbt')	False												ompr	yhbt	28	4	0	1	82	0.1604866632658993	0.479641612742659
179	159	100	(100, 179)	146.0	159.0	41.0731055558257	('ompr', 'dacc')	False												ompr	dacc	28	4	0	1	82	0.1604866632658993	0.479641612742659
175	256	8	(8, 256)	146.33333333333334	175.0	126.46079761464948	('mlra', 'basr')	False												mlra	basr	28	4	0	1	82	0.1604866632658993	0.479641612742659
199	143	101	(101, 199)	147.66666666666666	143.0	49.16638417997945	('rsta', 'rplu')	False												rsta	rplu	28	4	0	1	82	0.1604866632658993	0.479641612742659
181	67	197	(67, 197)	148.33333333333334	181.0	70.88958550685237	('csgd', 'csgc')	True	1005.0	('csgd', 'csgc')		[(0, 0.044095257378130838, 0.61837837908231164), (10, -0.1221782700175913, 0.35238613288727716), (20, -0.16292945474802842, 0.22591474043731505), (30, -0.063247390194785827, 0.60028024579633654), (60, -0.20023733880007749, 0.26387238720569678), (90, 0.43868380503503851, 0.089164689095338978)]	['+']	csgd	csgc	csgd	28.0	csgc	28.0	csgd	csgc	28	4	0	1	82	0.1604866632658993	0.479641612742659
232	139	75	(75, 232)	148.66666666666666	139.0	78.94512862319837	('rsta', 'yfir')	False												rsta	yfir	28	4	0	1	82	0.1604866632658993	0.479641612742659
77	58	321	(58, 321)	152.0	77.0	146.66628787829873	('fliz', 'yfir')	False												fliz	yfir	28	4	0	1	82	0.1604866632658993	0.479641612742659
86	88	284	(86, 284)	152.66666666666666	88.0	113.74239901344323	('fliz', 'ecnb')	False												fliz	ecnb	28	4	0	1	82	0.1604866632658993	0.479641612742659
90	128	246	(90, 246)	154.66666666666666	128.0	81.34699338840578	('qseb', 'flhd')	True	182.0	('qseb', 'flhd')	0.0	[(0, -0.51119980645169338, 5.1394885974884424e-10), (10, -0.24657441521220314, 0.05753584715530622), (20, -0.30992140591367373, 0.0189707437007057), (30, -0.57356487660495747, 1.7104072688855126e-07), (60, -0.55299331335819046, 0.00084510639202948871), (90, -0.66074624045773167, 0.0053286075188210746)]	['+']	qseb	flhd	qseb	28.0	flhd	28.0	qseb	flhd	28	4	0	1	82	0.1604866632658993	0.479641612742659
119	176	172	(119, 176)	155.66666666666666	172.0	31.817186131607134	('rsta', 'pepd')	False												rsta	pepd	28	4	0	1	82	0.1604866632658993	0.479641612742659
197	182	88	(88, 197)	155.66666666666666	182.0	59.07904309764447	('ompr', 'ycct')	False												ompr	ycct	28	4	0	1	82	0.1604866632658993	0.479641612742659
188	210	69	(69, 210)	155.66666666666666	188.0	75.85732221304238	('rsta', 'ompc')	False												rsta	ompc	28	4	0	1	82	0.1604866632658993	0.479641612742659
170	171	127	(127, 171)	156.0	170.0	25.11971337416094	('mlra', 'flhc')	False												mlra	flhc	28	4	0	1	82	0.1604866632658993	0.479641612742659
130	333	12	(12, 333)	158.33333333333334	130.0	162.3648155646208	('yjjq', 'csga')	False												yjjq	csga	28	4	0	1	82	0.1604866632658993	0.479641612742659
164	127	193	(127, 193)	161.33333333333334	164.0	33.08070938376826	('fliz', 'csgg')	True	1626.0	('fliz', 'csgg')		[(0, -0.3271972171453969, 0.00014485457890382416), (10, -0.40328148100247757, 0.0013985256780576635), (20, -0.30777682334450873, 0.019857422962877794), (30, -0.17156273829350244, 0.15254923794610692), (60, 0.037569562598797186, 0.83556309230550274), (90, 0.20125317972924089, 0.45481570649784486)]	['-']	fliz	csgg	fliz	28.0	csgg	28.0	fliz	csgg	28	4	0	1	82	0.1604866632658993	0.479641612742659
7	9	473	(7, 473)	163.0	9.0	268.46973758693923	('fliz', 'flig')	False												fliz	flig	28	4	0	1	82	0.1604866632658993	0.479641612742659
246	130	114	(114, 246)	163.33333333333334	130.0	72.03702751594719	('mlra', 'ycct')	False												mlra	ycct	28	4	0	1	82	0.1604866632658993	0.479641612742659
114	119	258	(114, 258)	163.66666666666666	119.0	81.7333061446393	('mlra', 'yhbs')	False												mlra	yhbs	28	4	0	1	82	0.1604866632658993	0.479641612742659
146	343	4	(4, 343)	164.33333333333334	146.0	170.24198463755448	('envy', 'lrha')	False												envy	lrha	28	4	0	1	82	0.1604866632658993	0.479641612742659
189	214	93	(93, 214)	165.33333333333334	189.0	63.87748690527308	('basr', 'rsta')	False												basr	rsta	28	4	0	1	82	0.1604866632658993	0.479641612742659
267	50	181	(50, 267)	166.0	181.0	109.27488274987991	('ompr', 'yjjq')	False												ompr	yjjq	28	4	0	1	82	0.1604866632658993	0.479641612742659
142	186	170	(142, 186)	166.0	170.0	22.271057451320086	('yjjq', 'nlpa')	False												yjjq	nlpa	28	4	0	1	82	0.1604866632658993	0.479641612742659
147	249	103	(103, 249)	166.33333333333334	147.0	74.8954827298238	('lrha', 'nlpa')	False												lrha	nlpa	28	4	0	1	82	0.1604866632658993	0.479641612742659
5	5	490	(5, 490)	166.66666666666666	5.0	280.01488055696854	('fliz', 'flgn')	False												fliz	flgn	28	4	0	1	82	0.1604866632658993	0.479641612742659
198	151	159	(151, 198)	169.33333333333334	159.0	25.146238950056393	('rsta', 'lrha')	False												rsta	lrha	28	4	0	1	82	0.1604866632658993	0.479641612742659
111	259	140	(111, 259)	170.0	140.0	78.42831121476479	('bola', 'ampc')	True	491.0	('bola', 'ampc')		[(0, -0.2664198378609795, 0.0021847915656098386), (10, 0.40707009679449818, 0.0012472496269170686), (20, 0.26176796576722117, 0.049187062461064079), (30, 0.03673703501599606, 0.76100606926067738), (60, -0.61625696375514105, 0.00013430835890353924), (90, -0.64095024004318801, 0.0074621309382891989)]	['+-']	bola	ampc	bola	28.0	ampc	28.0	bola	ampc	28	4	0	1	82	0.1604866632658993	0.479641612742659
143	334	37	(37, 334)	171.33333333333334	143.0	150.5135652801213	('envy', 'nlpa')	False												envy	nlpa	28	4	0	1	82	0.1604866632658993	0.479641612742659
203	172	141	(141, 203)	172.0	172.0	31.0	('qseb', 'csgb')	False												qseb	csgb	28	4	0	1	82	0.1604866632658993	0.479641612742659
87	243	189	(87, 243)	173.0	189.0	79.22120928135344	('basr', 'narh')	False												basr	narh	28	4	0	1	82	0.1604866632658993	0.479641612742659
16	37	469	(16, 469)	174.0	37.0	255.693175505331	('basr', 'yhbt')	False												basr	yhbt	28	4	0	1	82	0.1604866632658993	0.479641612742659
148	97	279	(97, 279)	174.66666666666666	148.0	93.88468103654256	('rsta', 'csga')	False												rsta	csga	28	4	0	1	82	0.1604866632658993	0.479641612742659
69	124	336	(69, 336)	176.33333333333334	124.0	140.98345056542394	('csgd', 'yfib')	False												csgd	yfib	28	4	0	1	82	0.1604866632658993	0.479641612742659
201	181	148	(148, 201)	176.66666666666666	181.0	26.764404221527766	('fliz', 'yfib')	False												fliz	yfib	28	4	0	1	82	0.1604866632658993	0.479641612742659
12	80	439	(12, 439)	177.0	80.0	229.43190710971305	('fliz', 'flik')	False												fliz	flik	28	4	0	1	82	0.1604866632658993	0.479641612742659
177	329	28	(28, 329)	178.0	177.0	150.50249167372613	('csgd', 'yfir')	False												csgd	yfir	28	4	0	1	82	0.1604866632658993	0.479641612742659
206	185	146	(146, 206)	179.0	185.0	30.44667469527666	('rsta', 'flgn')	False												rsta	flgn	28	4	0	1	82	0.1604866632658993	0.479641612742659
45	25	468	(25, 468)	179.33333333333334	45.0	250.1925924829377	('qseb', 'ecnb')	False												qseb	ecnb	28	4	0	1	82	0.1604866632658993	0.479641612742659
18	24	505	(18, 505)	182.33333333333334	24.0	279.45363360195074	('fliz', 'flii')	False												fliz	flii	28	4	0	1	82	0.1604866632658993	0.479641612742659
63	62	428	(62, 428)	184.33333333333334	63.0	211.02211574461415	('bola', 'rpma')	False												bola	rpma	28	4	0	1	82	0.1604866632658993	0.479641612742659
237	162	156	(156, 237)	185.0	162.0	45.13313638558703	('yjjq', 'csgc')	False												yjjq	csgc	28	4	0	1	82	0.1604866632658993	0.479641612742659
187	309	60	(60, 309)	185.33333333333334	187.0	124.5083665194164	('yjjq', 'csgb')	False												yjjq	csgb	28	4	0	1	82	0.1604866632658993	0.479641612742659
307	234	16	(16, 307)	185.66666666666666	234.0	151.40123293201194	('yjjq', 'basr')	False												yjjq	basr	28	4	0	1	82	0.1604866632658993	0.479641612742659
36	38	485	(36, 485)	186.33333333333334	38.0	258.6548536821479	('basr', 'ybhl')	False												basr	ybhl	28	4	0	1	82	0.1604866632658993	0.479641612742659
296	129	142	(129, 296)	189.0	142.0	92.89241088485109	('basr', 'ecnb')	False												basr	ecnb	28	4	0	1	82	0.1604866632658993	0.479641612742659
55	87	425	(55, 425)	189.0	87.0	205.0073169425911	('lrha', 'dgka')	False												lrha	dgka	28	4	0	1	82	0.1604866632658993	0.479641612742659
73	299	201	(73, 299)	191.0	201.0	113.33137253205751	('qseb', 'flih')	False												qseb	flih	28	4	0	1	82	0.1604866632658993	0.479641612742659
196	302	77	(77, 302)	191.66666666666666	196.0	112.5625751896843	('csgd', 'dacc')	False												csgd	dacc	28	4	0	1	82	0.1604866632658993	0.479641612742659
154	280	144	(144, 280)	192.66666666666666	154.0	75.79797710581288	('qseb', 'flie')	False												qseb	flie	28	4	0	1	82	0.1604866632658993	0.479641612742659
219	231	132	(132, 231)	194.0	219.0	54.0277706369604	('rsta', 'ycct')	False												rsta	ycct	28	4	0	1	82	0.1604866632658993	0.479641612742659
278	71	234	(71, 278)	194.33333333333334	234.0	109.05197537565898	('basr', 'csga')	False												basr	csga	28	4	0	1	82	0.1604866632658993	0.479641612742659
220	135	231	(135, 231)	195.33333333333334	220.0	52.53887449625594	('ompr', 'mlra')	False												ompr	mlra	28	4	0	1	82	0.1604866632658993	0.479641612742659
76	245	266	(76, 266)	195.66666666666666	245.0	104.16493331891175	('mlra', 'yccj')	False												mlra	yccj	28	4	0	1	82	0.1604866632658993	0.479641612742659
253	173	163	(163, 253)	196.33333333333334	173.0	49.32882862316247	('fliz', 'nlpa')	False												fliz	nlpa	28	4	0	1	82	0.1604866632658993	0.479641612742659
20	52	522	(20, 522)	198.0	52.0	281.04803859838626	('rsta', 'csge')	True	2696.0	('rsta', 'csge')	0.0	[(0, -0.57021772099672763, 1.4259413169859023e-12), (10, -0.58447244981178148, 9.4326787270004357e-07), (20, -0.45468439612429179, 0.0003806114731521482), (30, -0.49946067740361777, 9.2471423515117916e-06), (60, -0.41564942184459408, 0.016144377706263303), (90, 0.3244143567293245, 0.22023988856363322)]	['-']	rsta	csge	rsta	28.0	csge	28.0	rsta	csge	28	4	0	1	82	0.1604866632658993	0.479641612742659
301	219	74	(74, 301)	198.0	219.0	114.94781424629178	('csgd', 'ycct')	True	1023.0	('csgd', 'ycct')		[(0, 0.19841105032209233, 0.023639885192434408), (10, 0.0043074135731167038, 0.97394305101374823), (20, -0.017735727241787781, 0.89581841605393897), (30, -0.075643190864030582, 0.53068113360547708), (60, 0.036297925923002676, 0.84105705096872396), (90, -0.38408773798481499, 0.1418975476916228)]	['+']	csgd	ycct	csgd	28.0	ycct	28.0	csgd	ycct	28	4	0	1	82	0.1604866632658993	0.479641612742659
176	354	67	(67, 354)	199.0	176.0	144.8758088847134	('rsta', 'flhc')	False												rsta	flhc	28	4	0	1	82	0.1604866632658993	0.479641612742659
53	90	455	(53, 455)	199.33333333333334	90.0	222.1853580534355	('bola', 'narj')	False												bola	narj	28	4	0	1	82	0.1604866632658993	0.479641612742659
75	110	416	(75, 416)	200.33333333333334	110.0	187.59086687078698	('qseb', 'flii')	False												qseb	flii	28	4	0	1	82	0.1604866632658993	0.479641612742659
71	279	252	(71, 279)	200.66666666666666	252.0	113.10319771488928	('qseb', 'flig')	False												qseb	flig	28	4	0	1	82	0.1604866632658993	0.479641612742659
248	314	41	(41, 314)	201.0	248.0	142.43946082459033	('mlra', 'yjjq')	False												mlra	yjjq	28	4	0	1	82	0.1604866632658993	0.479641612742659
360	223	24	(24, 360)	202.33333333333334	223.0	168.95068313958762	('envy', 'cspi')	False												envy	cspi	28	4	0	1	82	0.1604866632658993	0.479641612742659
191	142	278	(142, 278)	203.66666666666666	191.0	68.87912117131964	('lrha', 'narh')	False												lrha	narh	28	4	0	1	82	0.1604866632658993	0.479641612742659
215	138	259	(138, 259)	204.0	215.0	61.24540799113024	('lrha', 'csge')	False												lrha	csge	28	4	0	1	82	0.1604866632658993	0.479641612742659
155	253	209	(155, 253)	205.66666666666666	209.0	49.08496035786657	('envy', 'yjjq')	False												envy	yjjq	28	4	0	1	82	0.1604866632658993	0.479641612742659
178	174	268	(174, 268)	206.66666666666666	178.0	53.15386470740705	('fliz', 'lrha')	False												fliz	lrha	28	4	0	1	82	0.1604866632658993	0.479641612742659
158	132	331	(132, 331)	207.0	158.0	108.17116066678771	('yjjq', 'pepd')	False												yjjq	pepd	28	4	0	1	82	0.1604866632658993	0.479641612742659
277	242	102	(102, 277)	207.0	242.0	92.60129588726068	('yjjq', 'cspi')	False												yjjq	cspi	28	4	0	1	82	0.1604866632658993	0.479641612742659
340	183	107	(107, 340)	210.0	183.0	118.82339836917643	('yjjq', 'rplu')	False												yjjq	rplu	28	4	0	1	82	0.1604866632658993	0.479641612742659
131	56	444	(56, 444)	210.33333333333334	131.0	205.80654346578325	('lrha', 'rsta')	False												lrha	rsta	28	4	0	1	82	0.1604866632658993	0.479641612742659
108	388	136	(108, 388)	210.66666666666666	136.0	154.21197532401087	('basr', 'narg')	False												basr	narg	28	4	0	1	82	0.1604866632658993	0.479641612742659
337	260	36	(36, 337)	211.0	260.0	156.36815532582074	('mlra', 'rsta')	False												mlra	rsta	28	4	0	1	82	0.1604866632658993	0.479641612742659
233	82	320	(82, 320)	211.66666666666666	233.0	120.42563403749774	('qseb', 'flhc')	True	181.0	('qseb', 'flhc')		[(0, -0.016042792211290069, 0.85624121331931768), (10, 0.44338935593608036, 0.00038803470055468701), (20, 0.17477825718629525, 0.19348172519617887), (30, -0.21813771386169187, 0.067622912648137148), (60, -0.59116033296548276, 0.00029161667547978313), (90, -0.71433492033671886, 0.0018776997293633391)]	['+']	qseb	flhc	qseb	28.0	flhc	28.0	qseb	flhc	28	4	0	1	82	0.1604866632658993	0.479641612742659
104	121	412	(104, 412)	212.33333333333334	121.0	173.12519554742266	('rsta', 'ampc')	False												rsta	ampc	28	4	0	1	82	0.1604866632658993	0.479641612742659
168	113	356	(113, 356)	212.33333333333334	168.0	127.42187148732879	('ompr', 'nari')	False												ompr	nari	28	4	0	1	82	0.1604866632658993	0.479641612742659
186	75	377	(75, 377)	212.66666666666666	186.0	152.75579639847822	('lrha', 'wrba')	False												lrha	wrba	28	4	0	1	82	0.1604866632658993	0.479641612742659
240	266	133	(133, 266)	213.0	240.0	70.49113419430843	('rsta', 'mlra')	False												rsta	mlra	28	4	0	1	82	0.1604866632658993	0.479641612742659
64	60	518	(60, 518)	214.0	64.0	263.2793193549391	('fliz', 'qseb')	False												fliz	qseb	28	4	0	1	82	0.1604866632658993	0.479641612742659
89	217	337	(89, 337)	214.33333333333334	217.0	124.02150351182384	('ompr', 'yhbs')	False												ompr	yhbs	28	4	0	1	82	0.1604866632658993	0.479641612742659
281	192	173	(173, 281)	215.33333333333334	192.0	57.657031950433705	('mlra', 'envy')	False												mlra	envy	28	4	0	1	82	0.1604866632658993	0.479641612742659
210	389	49	(49, 389)	216.0	210.0	170.07939322563448	('envy', 'csgd')	False												envy	csgd	28	4	0	1	82	0.1604866632658993	0.479641612742659
245	324	79	(79, 324)	216.0	245.0	125.04799078753724	('envy', 'flie')	False												envy	flie	28	4	0	1	82	0.1604866632658993	0.479641612742659
263	316	71	(71, 316)	216.66666666666666	263.0	128.90435730933743	('envy', 'csge')	False												envy	csge	28	4	0	1	82	0.1604866632658993	0.479641612742659
264	238	149	(149, 264)	217.0	238.0	60.30754513325841	('bola', 'yjjq')	False												bola	yjjq	28	4	0	1	82	0.1604866632658993	0.479641612742659
312	310	33	(33, 312)	218.33333333333334	310.0	160.5064900037794	('fliz', 'ampc')	False												fliz	ampc	28	4	0	1	82	0.1604866632658993	0.479641612742659
99	205	352	(99, 352)	218.66666666666666	205.0	127.0524825941364	('lrha', 'mlra')	False												lrha	mlra	28	4	0	1	82	0.1604866632658993	0.479641612742659
65	247	350	(65, 350)	220.66666666666666	247.0	144.31331654886645	('ompr', 'ampc')	False												ompr	ampc	28	4	0	1	82	0.1604866632658993	0.479641612742659
135	321	207	(135, 321)	221.0	207.0	93.78699270154684	('basr', 'nlpa')	False												basr	nlpa	28	4	0	1	82	0.1604866632658993	0.479641612742659
283	73	307	(73, 307)	221.0	283.0	128.73228033403277	('mlra', 'ybhl')	False												mlra	ybhl	28	4	0	1	82	0.1604866632658993	0.479641612742659
122	96	447	(96, 447)	221.66666666666666	122.0	195.5769243375438	('fliz', 'rsta')	False												fliz	rsta	28	4	0	1	82	0.1604866632658993	0.479641612742659
190	180	296	(180, 296)	222.0	190.0	64.28063471995279	('ompr', 'narg')	False												ompr	narg	28	4	0	1	82	0.1604866632658993	0.479641612742659
384	77	205	(77, 384)	222.0	205.0	154.20440979427275	('lrha', 'pepd')	False												lrha	pepd	28	4	0	1	82	0.1604866632658993	0.479641612742659
314	191	164	(164, 314)	223.0	191.0	79.95623803056269	('ompr', 'csgg')	True	2433.0	('ompr', 'csgg')		[(0, 0.090977336245587417, 0.30328265323384601), (10, 0.42508455289955072, 0.00071037507778818384), (20, 0.37088931333177555, 0.0045088160806057891), (30, 0.18702696019831974, 0.11834450447736808), (60, -0.049215853668092176, 0.78563205068384057), (90, -0.066039740042228054, 0.8080089972389588)]	['+']	ompr	csgg	ompr	28.0	csgg	28.0	ompr	csgg	28	4	0	1	82	0.1604866632658993	0.479641612742659
105	251	316	(105, 316)	224.0	251.0	108.06016842481785	('csgd', 'nlpa')	True	1019.0	('csgd', 'nlpa')		[(0, -0.055302711076900012, 0.53201274005768684), (10, -0.30202331484262213, 0.019011348233381267), (20, -0.28675953307724905, 0.030566847319381935), (30, -0.1814041465152664, 0.13002611769881234), (60, 0.035439367122924656, 0.84477053687289094), (90, -0.12384267619688485, 0.6477045478396104)]	['+']	csgd	nlpa	csgd	28.0	nlpa	28.0	csgd	nlpa	28	4	0	1	82	0.1604866632658993	0.479641612742659
74	401	200	(74, 401)	225.0	200.0	164.92725669215505	('csgd', 'dgka')	False												csgd	dgka	28	4	0	1	82	0.1604866632658993	0.479641612742659
205	359	112	(112, 359)	225.33333333333334	205.0	124.74908149294461	('bola', 'csgb')	False												bola	csgb	28	4	0	1	82	0.1604866632658993	0.479641612742659
244	240	199	(199, 244)	227.66666666666666	240.0	24.906491790963525	('ompr', 'narj')	False												ompr	narj	28	4	0	1	82	0.1604866632658993	0.479641612742659
61	169	454	(61, 454)	228.0	169.0	203.0344798303973	('qseb', 'flik')	False												qseb	flik	28	4	0	1	82	0.1604866632658993	0.479641612742659
151	55	483	(55, 483)	229.66666666666666	151.0	224.58257575629798	('rsta', 'yjjq')	False												rsta	yjjq	28	4	0	1	82	0.1604866632658993	0.479641612742659
275	364	50	(50, 364)	229.66666666666666	275.0	161.8342773745208	('csgd', 'rpma')	False												csgd	rpma	28	4	0	1	82	0.1604866632658993	0.479641612742659
110	246	335	(110, 335)	230.33333333333334	246.0	113.31519462690488	('rsta', 'yhbs')	False												rsta	yhbs	28	4	0	1	82	0.1604866632658993	0.479641612742659
531	101	61	(61, 531)	231.0	101.0	260.57628441590765	('lrha', 'yhbt')	False												lrha	yhbt	28	4	0	1	82	0.1604866632658993	0.479641612742659
269	282	143	(143, 282)	231.33333333333334	269.0	76.77456175930497	('qseb', 'rplu')	False												qseb	rplu	28	4	0	1	82	0.1604866632658993	0.479641612742659
193	252	250	(193, 252)	231.66666666666666	250.0	33.50124375800596	('yjjq', 'lrha')	False												yjjq	lrha	28	4	0	1	82	0.1604866632658993	0.479641612742659
224	281	190	(190, 281)	231.66666666666666	224.0	45.981880489311585	('bola', 'csgg')	False												bola	csgg	28	4	0	1	82	0.1604866632658993	0.479641612742659
493	89	115	(89, 493)	232.33333333333334	115.0	226.11796331413686	('lrha', 'ompr')	False												lrha	ompr	28	4	0	1	82	0.1604866632658993	0.479641612742659
234	198	265	(198, 265)	232.33333333333334	234.0	33.53108010985231	('yjjq', 'envy')	False												yjjq	envy	28	4	0	1	82	0.1604866632658993	0.479641612742659
134	306	257	(134, 306)	232.33333333333334	257.0	88.61339251678233	('bola', 'nari')	False												bola	nari	28	4	0	1	82	0.1604866632658993	0.479641612742659
247	286	165	(165, 286)	232.66666666666666	247.0	61.76028929120502	('ompr', 'csgc')	False												ompr	csgc	28	4	0	1	82	0.1604866632658993	0.479641612742659
260	218	220	(218, 260)	232.66666666666666	220.0	23.692474191889147	('basr', 'csgd')	True	15.0	('basr', 'csgd')		[(0, 0.098321456324137579, 0.26574757498909635), (10, 0.17479937607659249, 0.18160869465021565), (20, 0.20114089083859385, 0.13353220642507344), (30, 0.12398835747914126, 0.30292461024730127), (60, 0.40323043243507978, 0.019973869470412558), (90, 0.53259707921270683, 0.03367177727861792)]	['+']	basr	csgd	basr	28.0	csgd	28.0	basr	csgd	28	4	0	1	82	0.1604866632658993	0.479641612742659
416	272	10	(10, 416)	232.66666666666666	272.0	205.83812410079267	('qseb', 'csgc')	False												qseb	csgc	28	4	0	1	82	0.1604866632658993	0.479641612742659
124	216	359	(124, 359)	233.0	216.0	118.41874851559612	('envy', 'ycct')	False												envy	ycct	28	4	0	1	82	0.1604866632658993	0.479641612742659
316	190	194	(190, 316)	233.33333333333334	194.0	71.61936423435587	('fliz', 'rplu')	False												fliz	rplu	28	4	0	1	82	0.1604866632658993	0.479641612742659
106	356	238	(106, 356)	233.33333333333334	238.0	125.06531626847362	('mlra', 'narh')	False												mlra	narh	28	4	0	1	82	0.1604866632658993	0.479641612742659
364	117	221	(117, 364)	234.0	221.0	124.01209618420293	('mlra', 'yfib')	False												mlra	yfib	28	4	0	1	82	0.1604866632658993	0.479641612742659
79	68	556	(68, 556)	234.33333333333334	79.0	278.625794450789	('fliz', 'csge')	True	1624.0	('fliz', 'csge')	10.0	[(0, -0.48984564990230645, 3.3216883819946573e-09), (10, -0.69832670528563734, 5.5484652307654827e-10), (20, -0.67145545190700295, 1.0848538496052489e-08), (30, -0.40137060077906761, 0.00052226528594952464), (60, 0.023071132647990201, 0.8985921138327716), (90, 0.33915367079219355, 0.1987690424246788)]	['-']	fliz	csge	fliz	28.0	csge	28.0	fliz	csge	28	4	0	1	82	0.1604866632658993	0.479641612742659
326	325	53	(53, 326)	234.66666666666666	325.0	157.3287428708859	('csgd', 'qsec')	False												csgd	qsec	28	4	0	1	82	0.1604866632658993	0.479641612742659
280	297	128	(128, 297)	235.0	280.0	93.05374790947434	('yjjq', 'qsec')	False												yjjq	qsec	28	4	0	1	82	0.1604866632658993	0.479641612742659
183	91	432	(91, 432)	235.33333333333334	183.0	176.42089823298525	('fliz', 'csgd')	True	106.0	('fliz', 'csgd')	10.0	[(0, -0.39725007870157986, 2.8736624851682439e-06), (10, -0.64641973004755693, 2.4215579645224927e-08), (20, -0.55483073382318648, 7.5094088891693143e-06), (30, -0.26173468513626696, 0.027463915825452608), (60, 0.035774110425296768, 0.84332229205099807), (90, -0.053916514489410976, 0.84279879178317951)]	['-']	fliz	csgd	fliz	28.0	csgd	28.0	fliz	csgd	28	4	0	1	82	0.1604866632658993	0.479641612742659
354	184	168	(168, 354)	235.33333333333334	184.0	103.07925753192701	('qseb', 'csge')	False												qseb	csge	28	4	0	1	82	0.1604866632658993	0.479641612742659
318	352	39	(39, 352)	236.33333333333334	318.0	171.73914327646256	('yjjq', 'csgg')	False												yjjq	csgg	28	4	0	1	82	0.1604866632658993	0.479641612742659
303	327	80	(80, 327)	236.66666666666666	303.0	136.20695038555607	('csgd', 'ompr')	False												csgd	ompr	28	4	0	1	82	0.1604866632658993	0.479641612742659
128	152	431	(128, 431)	237.0	152.0	168.4369318172235	('fliz', 'ycct')	False												fliz	ycct	28	4	0	1	82	0.1604866632658993	0.479641612742659
258	335	118	(118, 335)	237.0	258.0	110.01363551851198	('yjjq', 'csgf')	False												yjjq	csgf	28	4	0	1	82	0.1604866632658993	0.479641612742659
103	387	222	(103, 387)	237.33333333333334	222.0	142.61954050316294	('csgd', 'yhbs')	True	1024.0	('csgd', 'yhbs')		[(0, -0.13485338187284773, 0.12608819091036613), (10, -0.16904850168668767, 0.19662934335444915), (20, -0.21771331443460049, 0.10376590189923431), (30, -0.46076152698682454, 5.2666982882100308e-05), (60, -0.16438009725055461, 0.36065319171641996), (90, -0.23492073341561751, 0.38113427212075318)]	['-']	csgd	yhbs	csgd	28.0	yhbs	28.0	csgd	yhbs	28	4	0	1	82	0.1604866632658993	0.479641612742659
329	337	52	(52, 337)	239.33333333333334	329.0	162.2847292055951	('yjjq', 'dgka')	False												yjjq	dgka	28	4	0	1	82	0.1604866632658993	0.479641612742659
101	109	509	(101, 509)	239.66666666666666	109.0	233.28380426710584	('lrha', 'ampc')	False												lrha	ampc	28	4	0	1	82	0.1604866632658993	0.479641612742659
300	193	229	(193, 300)	240.66666666666666	229.0	54.44569159569317	('bola', 'yfib')	False												bola	yfib	28	4	0	1	82	0.1604866632658993	0.479641612742659
83	126	513	(83, 513)	240.66666666666666	126.0	236.8255335333024	('fliz', 'csgb')	True	1622.0	('fliz', 'csgb')	0.0	[(0, -0.5244692696773523, 1.5079534844300422e-10), (10, -0.50876621559949053, 3.3149652545220615e-05), (20, -0.60003581852108501, 8.0928897070662425e-07), (30, -0.48493822992581803, 1.820898711589803e-05), (60, -0.0033187224270491392, 0.98537597396327559), (90, 0.15940336132474459, 0.55540334815291148)]	['-']	fliz	csgb	fliz	28.0	csgb	28.0	fliz	csgb	28	4	0	1	82	0.1604866632658993	0.479641612742659
121	339	263	(121, 339)	241.0	263.0	110.65260954898443	('qseb', 'flgn')	False												qseb	flgn	28	4	0	1	82	0.1604866632658993	0.479641612742659
448	208	68	(68, 448)	241.33333333333334	208.0	192.18047073866097	('basr', 'flhd')	False												basr	flhd	28	4	0	1	82	0.1604866632658993	0.479641612742659
255	427	44	(44, 427)	242.0	255.0	191.8306544846261	('bola', 'csga')	False												bola	csga	28	4	0	1	82	0.1604866632658993	0.479641612742659
107	201	421	(107, 421)	243.0	201.0	161.1583072633862	('basr', 'mlra')	False												basr	mlra	28	4	0	1	82	0.1604866632658993	0.479641612742659
441	157	131	(131, 441)	243.0	157.0	171.96511274092776	('basr', 'envy')	False												basr	envy	28	4	0	1	82	0.1604866632658993	0.479641612742659
138	357	235	(138, 357)	243.33333333333334	235.0	109.73756573449829	('ompr', 'ybhl')	False												ompr	ybhl	28	4	0	1	82	0.1604866632658993	0.479641612742659
72	146	512	(72, 512)	243.33333333333334	146.0	235.5956988854706	('csgd', 'csga')	True	1003.0	('csgd', 'csga')		[(0, 0.35324422154724028, 3.749248666180369e-05), (10, 0.1676822640314978, 0.20032442699085293), (20, 0.23732776597812597, 0.07547264310611522), (30, 0.33546306356263395, 0.0042382743185582425), (60, 0.19926041405544115, 0.26625784456930029), (90, -0.28746672950315022, 0.28032584848152731)]	['+']	csgd	csga	csgd	28.0	csga	28.0	csgd	csga	28	4	0	1	82	0.1604866632658993	0.479641612742659
159	48	523	(48, 523)	243.33333333333334	159.0	248.47602164662354	('lrha', 'csgd')	False												lrha	csgd	28	4	0	1	82	0.1604866632658993	0.479641612742659
399	312	20	(20, 399)	243.66666666666666	312.0	198.52539719978736	('bola', 'ompf')	False												bola	ompf	28	4	0	1	82	0.1604866632658993	0.479641612742659
243	294	195	(195, 294)	244.0	243.0	49.50757517794625	('qseb', 'csgd')	False												qseb	csgd	28	4	0	1	82	0.1604866632658993	0.479641612742659
226	215	291	(215, 291)	244.0	226.0	41.0731055558257	('ompr', 'rplu')	False												ompr	rplu	28	4	0	1	82	0.1604866632658993	0.479641612742659
113	140	480	(113, 480)	244.33333333333334	140.0	204.53931977332215	('csgd', 'ompf')	False												csgd	ompf	28	4	0	1	82	0.1604866632658993	0.479641612742659
287	86	361	(86, 361)	244.66666666666666	287.0	142.3036659167055	('basr', 'csgg')	True	476.0	('basr', 'csgg')		[(0, -0.092583807719784472, 0.29478854898361673), (10, 0.21117082809881813, 0.10531058048657453), (20, 0.15221839968579659, 0.25832239220369002), (30, -0.27775106887888956, 0.019017999464599696), (60, -0.040835571627932409, 0.82148817670608176), (90, -0.16429234375798737, 0.54317683311699316)]	['+']	basr	csgg	basr	28.0	csgg	28.0	basr	csgg	28	4	0	1	82	0.1604866632658993	0.479641612742659
207	326	210	(207, 326)	247.66666666666666	210.0	67.85523806850384	('fliz', 'yjjq')	False												fliz	yjjq	28	4	0	1	82	0.1604866632658993	0.479641612742659
334	355	55	(55, 355)	248.0	334.0	167.4723857834479	('rsta', 'ecnb')	False												rsta	ecnb	28	4	0	1	82	0.1604866632658993	0.479641612742659
426	230	89	(89, 426)	248.33333333333334	230.0	169.24636874489607	('envy', 'rplu')	False												envy	rplu	28	4	0	1	82	0.1604866632658993	0.479641612742659
230	106	409	(106, 409)	248.33333333333334	230.0	152.32968631666427	('lrha', 'yccj')	False												lrha	yccj	28	4	0	1	82	0.1604866632658993	0.479641612742659
325	271	152	(152, 325)	249.33333333333334	271.0	88.51176946222085	('rsta', 'flif')	False												rsta	flif	28	4	0	1	82	0.1604866632658993	0.479641612742659
450	125	179	(125, 450)	251.33333333333334	179.0	174.1560602831074	('mlra', 'csgc')	False												mlra	csgc	28	4	0	1	82	0.1604866632658993	0.479641612742659
126	92	536	(92, 536)	251.33333333333334	126.0	247.1140087759764	('mlra', 'rpma')	True	2126.0	('mlra', 'rpma')	0.0	[(0, -0.62022629202648116, 3.566006427489038e-15), (10, -0.22552880692444782, 0.083168775200444092), (20, -0.12886108251277176, 0.33941750198789378), (30, -0.27695157366198347, 0.019379467131164684), (60, -0.39904903083312454, 0.021421599098342466), (90, -0.33449559794310652, 0.20540158567798553)]	['+']	mlra	rpma	mlra	28.0	rpma	28.0	mlra	rpma	28	4	0	1	82	0.1604866632658993	0.479641612742659
171	93	491	(93, 491)	251.66666666666666	171.0	210.90598221324433	('qseb', 'ompf')	False												qseb	ompf	28	4	0	1	82	0.1604866632658993	0.479641612742659
298	425	35	(35, 425)	252.66666666666666	298.0	198.91287875181268	('mlra', 'ompf')	False												mlra	ompf	28	4	0	1	82	0.1604866632658993	0.479641612742659
182	49	527	(49, 527)	252.66666666666666	182.0	246.7110320462653	('lrha', 'rpma')	False												lrha	rpma	28	4	0	1	82	0.1604866632658993	0.479641612742659
166	308	285	(166, 308)	253.0	285.0	76.21679604916491	('fliz', 'envy')	False												fliz	envy	28	4	0	1	82	0.1604866632658993	0.479641612742659
184	149	442	(149, 442)	258.3333333333333	184.0	160.01979044272412	('fliz', 'bola')	False												fliz	bola	28	4	0	1	82	0.1604866632658993	0.479641612742659
88	122	570	(88, 570)	260.0	122.0	269.0055761503839	('envy', 'nari')	False												envy	nari	28	4	0	1	82	0.1604866632658993	0.479641612742659
211	203	368	(203, 368)	260.6666666666667	211.0	93.03941816957656	('lrha', 'ecnb')	False												lrha	ecnb	28	4	0	1	82	0.1604866632658993	0.479641612742659
95	501	191	(95, 501)	262.3333333333333	191.0	212.19173719382508	('csgd', 'ybhl')	False												csgd	ybhl	28	4	0	1	82	0.1604866632658993	0.479641612742659
217	163	408	(163, 408)	262.6666666666667	217.0	128.72580678843434	('lrha', 'ybhl')	False												lrha	ybhl	28	4	0	1	82	0.1604866632658993	0.479641612742659
136	134	521	(134, 521)	263.6666666666667	136.0	222.8594474850311	('fliz', 'csgf')	True	1625.0	('fliz', 'csgf')	10.0	[(0, -0.45312890172358478, 6.1840233177660689e-08), (10, -0.71010230031928157, 2.1033763778195813e-10), (20, -0.67438777081289836, 8.8608120732271732e-09), (30, -0.41799985751714658, 0.00028653300125771469), (60, 0.090411872321883371, 0.61680949276252561), (90, 0.28323036871920065, 0.28778928737235193)]	['-']	fliz	csgf	fliz	28.0	csgf	28.0	fliz	csgf	28	4	0	1	82	0.1604866632658993	0.479641612742659
180	269	345	(180, 345)	264.6666666666667	269.0	82.58530942808977	('rsta', 'cspi')	False												rsta	cspi	28	4	0	1	82	0.1604866632658993	0.479641612742659
421	79	297	(79, 421)	265.6666666666667	297.0	173.13963536213578	('lrha', 'dacc')	False												lrha	dacc	28	4	0	1	82	0.1604866632658993	0.479641612742659
98	165	537	(98, 537)	266.6666666666667	165.0	236.50017618034312	('qseb', 'flgm')	False												qseb	flgm	28	4	0	1	82	0.1604866632658993	0.479641612742659
161	178	462	(161, 462)	267.0	178.0	169.08873410135874	('csgd', 'cspi')	False												csgd	cspi	28	4	0	1	82	0.1604866632658993	0.479641612742659
163	262	380	(163, 380)	268.3333333333333	262.0	108.63854441832942	('mlra', 'rplu')	True	2125.0	('mlra', 'rplu')	0.0	[(0, -0.60009473913599765, 4.5091874875197683e-14), (10, -0.086035699745511798, 0.51335391182321366), (20, 0.0096532646048412534, 0.94318483359960614), (30, -0.25977779810076357, 0.028685448537488188), (60, -0.49317583923156633, 0.0035430988397611115), (90, -0.44924353472085693, 0.080867926617382235)]	['+']	mlra	rplu	mlra	28.0	rplu	28.0	mlra	rplu	28	4	0	1	82	0.1604866632658993	0.479641612742659
157	158	492	(157, 492)	269.0	158.0	193.1243122965102	('basr', 'rpma')	False												basr	rpma	28	4	0	1	82	0.1604866632658993	0.479641612742659
208	313	288	(208, 313)	269.6666666666667	288.0	54.84827557301445	('fliz', 'pepd')	False												fliz	pepd	28	4	0	1	82	0.1604866632658993	0.479641612742659
339	300	171	(171, 339)	270.0	300.0	87.92610533851708	('ompr', 'ecnb')	True	2434.0	('ompr', 'ecnb')		[(0, 0.21346467516928205, 0.01474668481303105), (10, 0.49883913708964911, 4.9768152198182695e-05), (20, 0.46056530208477825, 0.00031211419327906311), (30, 0.42246278736527926, 0.00024259360666071601), (60, 0.5030729446795944, 0.0028444558105035645), (90, 0.44851019101067841, 0.081425425365268519)]	['-']	ompr	ecnb	ompr	28.0	ecnb	28.0	ompr	ecnb	28	4	0	1	82	0.1604866632658993	0.479641612742659
272	137	403	(137, 403)	270.6666666666667	272.0	133.00501243687523	('rsta', 'ompr')	False												rsta	ompr	28	4	0	1	82	0.1604866632658993	0.479641612742659
371	224	218	(218, 371)	271.0	224.0	86.65448632355972	('qseb', 'rpma')	False												qseb	rpma	28	4	0	1	82	0.1604866632658993	0.479641612742659
202	487	126	(126, 487)	271.6666666666667	202.0	190.31640321667842	('csgd', 'pepd')	True	1020.0	('csgd', 'pepd')		[(0, 0.021069712046524722, 0.81192926896081719), (10, -0.0071299248349207542, 0.95688175054853997), (20, -0.12005411828234178, 0.37371763568656324), (30, -0.36421650214546913, 0.0017934107365749059), (60, -0.38527500557497246, 0.026817510738895909), (90, 0.13650773685029208, 0.61418495955220143)]	['-']	csgd	pepd	csgd	28.0	pepd	28.0	csgd	pepd	28	4	0	1	82	0.1604866632658993	0.479641612742659
293	179	346	(179, 346)	272.6666666666667	293.0	85.33658847958087	('basr', 'bola')	False												basr	bola	28	4	0	1	82	0.1604866632658993	0.479641612742659
560	42	217	(42, 560)	273.0	217.0	263.50142314606194	('basr', 'lrha')	False												basr	lrha	28	4	0	1	82	0.1604866632658993	0.479641612742659
156	444	223	(156, 444)	274.3333333333333	223.0	150.70611577946443	('mlra', 'narg')	False												mlra	narg	28	4	0	1	82	0.1604866632658993	0.479641612742659
407	301	120	(120, 407)	276.0	301.0	145.1240848377691	('qseb', 'yhbs')	False												qseb	yhbs	28	4	0	1	82	0.1604866632658993	0.479641612742659
352	161	315	(161, 352)	276.0	315.0	101.29659421717987	('yjjq', 'yfib')	True	2856.0	('yjjq', 'yfib')		[(0, -0.10350363981397943, 0.24124699132903688), (10, 0.02881399487224829, 0.82700644711196314), (20, 0.055353758700645968, 0.68256398470788937), (30, 0.1237628612586264, 0.30381165385638131), (60, 0.24564520645648419, 0.16822380986833593), (90, 0.33229270759056223, 0.20858735660274477)]	['-']	yjjq	yfib	yjjq	28.0	yfib	28.0	yjjq	yfib	28	4	0	1	82	0.1604866632658993	0.479641612742659
194	211	423	(194, 423)	276.0	211.0	127.58918449461146	('yjjq', 'dacc')	False												yjjq	dacc	28	4	0	1	82	0.1604866632658993	0.479641612742659
503	305	21	(21, 503)	276.3333333333333	305.0	242.2753254735887	('envy', 'mlra')	False												envy	mlra	28	4	0	1	82	0.1604866632658993	0.479641612742659
139	349	343	(139, 349)	277.0	343.0	119.54915307102765	('rsta', 'csgg')	True	2698.0	('rsta', 'csgg')		[(0, -0.21521471536371933, 0.013931968500232069), (10, -0.10638776317987234, 0.41849180111456175), (20, -0.015673618988380263, 0.90787551856352944), (30, -0.28658644081955348, 0.015392198781632139), (60, -0.17953916933152619, 0.31742669199302326), (90, 0.24842469623511568, 0.35353589389816931)]	['-']	rsta	csgg	rsta	28.0	csgg	28.0	rsta	csgg	28	4	0	1	82	0.1604866632658993	0.479641612742659
359	471	2	(2, 471)	277.3333333333333	359.0	244.9333242605696	('yjjq', 'csge')	False												yjjq	csge	28	4	0	1	82	0.1604866632658993	0.479641612742659
236	207	390	(207, 390)	277.6666666666667	236.0	98.35818894903126	('fliz', 'rpma')	False												fliz	rpma	28	4	0	1	82	0.1604866632658993	0.479641612742659
504	221	108	(108, 504)	277.6666666666667	221.0	203.99101287393358	('ompr', 'lrha')	False												ompr	lrha	28	4	0	1	82	0.1604866632658993	0.479641612742659
141	222	472	(141, 472)	278.3333333333333	222.0	172.54081642710904	('csgd', 'narj')	False												csgd	narj	28	4	0	1	82	0.1604866632658993	0.479641612742659
225	250	362	(225, 362)	279.0	250.0	72.95889253545451	('lrha', 'yfir')	False												lrha	yfir	28	4	0	1	82	0.1604866632658993	0.479641612742659
452	123	262	(123, 452)	279.0	262.0	165.1575005865613	('bola', 'dacc')	True	492.0	('bola', 'dacc')	0.0	[(0, 0.6059883824540464, 2.1854138851874505e-14), (10, 0.34206087175186578, 0.007471312043702898), (20, 0.27697073482893581, 0.037001090164513945), (30, 0.25523393451633747, 0.031699255341164675), (60, 0.44805721054744996, 0.0089253995209038345), (90, 0.31259712835371856, 0.23848055551359965)]	['+-']	bola	dacc	bola	28.0	dacc	28.0	bola	dacc	28	4	0	1	82	0.1604866632658993	0.479641612742659
306	319	216	(216, 319)	280.3333333333333	306.0	56.0921860274079	('rsta', 'qseb')	False												rsta	qseb	28	4	0	1	82	0.1604866632658993	0.479641612742659
294	342	212	(212, 342)	282.6666666666667	294.0	65.73684912842518	('fliz', 'dacc')	False												fliz	dacc	28	4	0	1	82	0.1604866632658993	0.479641612742659
390	298	161	(161, 390)	283.0	298.0	115.2345434320803	('fliz', 'ybhl')	False												fliz	ybhl	28	4	0	1	82	0.1604866632658993	0.479641612742659
118	331	401	(118, 401)	283.3333333333333	331.0	147.39855268398443	('mlra', 'ompr')	False												mlra	ompr	28	4	0	1	82	0.1604866632658993	0.479641612742659
261	410	184	(184, 410)	285.0	261.0	114.89560478973945	('rsta', 'flii')	False												rsta	flii	28	4	0	1	82	0.1604866632658993	0.479641612742659
231	421	208	(208, 421)	286.6666666666667	231.0	116.90309377143674	('bola', 'nlpa')	False												bola	nlpa	28	4	0	1	82	0.1604866632658993	0.479641612742659
273	209	391	(209, 391)	291.0	273.0	92.32551110067033	('rsta', 'narj')	True	2702.0	('rsta', 'narj')		[(0, -0.28236785253422425, 0.0011343478496642671), (10, -0.20986826528413782, 0.10752547398251941), (20, -0.2836742679319485, 0.032485376984180407), (30, -0.27065982512662895, 0.022434463264371061), (60, -0.20692048161163115, 0.24792993477548017), (90, 0.30493071354805984, 0.25080520911755988)]	['+']	rsta	narj	rsta	28.0	narj	28.0	rsta	narj	28	4	0	1	82	0.1604866632658993	0.479641612742659
291	473	109	(109, 473)	291.0	291.0	182.0	('envy', 'qseb')	False												envy	qseb	28	4	0	1	82	0.1604866632658993	0.479641612742659
102	233	539	(102, 539)	291.3333333333333	233.0	224.26398135530664	('qseb', 'fliz')	False												qseb	fliz	28	4	0	1	82	0.1604866632658993	0.479641612742659
185	258	438	(185, 438)	293.6666666666667	258.0	130.21648641141155	('lrha', 'narg')	False												lrha	narg	28	4	0	1	82	0.1604866632658993	0.479641612742659
439	175	269	(175, 439)	294.3333333333333	269.0	133.81081172062792	('ompr', 'csgb')	False												ompr	csgb	28	4	0	1	82	0.1604866632658993	0.479641612742659
462	195	226	(195, 462)	294.3333333333333	226.0	146.02853602407077	('basr', 'yfir')	False												basr	yfir	28	4	0	1	82	0.1604866632658993	0.479641612742659
485	237	162	(162, 485)	294.6666666666667	237.0	169.04535880447395	('yjjq', 'mlra')	False												yjjq	mlra	28	4	0	1	82	0.1604866632658993	0.479641612742659
127	270	488	(127, 488)	295.0	270.0	181.79383927955314	('qseb', 'flia')	False												qseb	flia	28	4	0	1	82	0.1604866632658993	0.479641612742659
362	346	182	(182, 362)	296.6666666666667	346.0	99.6259671638541	('bola', 'rsta')	False												bola	rsta	28	4	0	1	82	0.1604866632658993	0.479641612742659
271	200	420	(200, 420)	297.0	271.0	112.28089775202191	('bola', 'basr')	False												bola	basr	28	4	0	1	82	0.1604866632658993	0.479641612742659
351	446	96	(96, 446)	297.6666666666667	351.0	180.9926333675858	('yjjq', 'yhbt')	False												yjjq	yhbt	28	4	0	1	82	0.1604866632658993	0.479641612742659
363	393	139	(139, 393)	298.3333333333333	363.0	138.79961575355077	('basr', 'ompf')	False												basr	ompf	28	4	0	1	82	0.1604866632658993	0.479641612742659
266	167	464	(167, 464)	299.0	266.0	151.2249979335427	('rsta', 'yfib')	False												rsta	yfib	28	4	0	1	82	0.1604866632658993	0.479641612742659
420	395	82	(82, 420)	299.0	395.0	188.34277262480768	('envy', 'ompr')	False												envy	ompr	28	4	0	1	82	0.1604866632658993	0.479641612742659
192	264	445	(192, 445)	300.3333333333333	264.0	130.35464446399035	('envy', 'flhc')	False												envy	flhc	28	4	0	1	82	0.1604866632658993	0.479641612742659
241	141	520	(141, 520)	300.6666666666667	241.0	196.41877031824973	('fliz', 'nari')	False												fliz	nari	28	4	0	1	82	0.1604866632658993	0.479641612742659
262	292	349	(262, 349)	301.0	292.0	44.19275958796871	('csgd', 'flhd')	False												csgd	flhd	28	4	0	1	82	0.1604866632658993	0.479641612742659
129	263	511	(129, 511)	301.0	263.0	193.81434415439946	('csgd', 'basr')	False												csgd	basr	28	4	0	1	82	0.1604866632658993	0.479641612742659
227	374	302	(227, 374)	301.0	302.0	73.50510186374821	('rsta', 'fliz')	False												rsta	fliz	28	4	0	1	82	0.1604866632658993	0.479641612742659
342	276	287	(276, 342)	301.6666666666667	287.0	35.3600527903075	('bola', 'ycct')	False												bola	ycct	28	4	0	1	82	0.1604866632658993	0.479641612742659
268	155	482	(155, 482)	301.6666666666667	268.0	166.0792983286398	('qseb', 'csgg')	False												qseb	csgg	28	4	0	1	82	0.1604866632658993	0.479641612742659
251	378	277	(251, 378)	302.0	277.0	67.08949247087803	('rsta', 'flia')	False												rsta	flia	28	4	0	1	82	0.1604866632658993	0.479641612742659
402	353	153	(153, 402)	302.6666666666667	353.0	131.91032307341732	('yjjq', 'ampc')	False												yjjq	ampc	28	4	0	1	82	0.1604866632658993	0.479641612742659
470	283	155	(155, 470)	302.6666666666667	283.0	158.41822285751516	('ompr', 'yfir')	False												ompr	yfir	28	4	0	1	82	0.1604866632658993	0.479641612742659
499	345	64	(64, 499)	302.6666666666667	345.0	220.5682056265892	('ompr', 'csgd')	True	163.0	('ompr', 'csgd')		[(0, 0.090536433770203664, 0.30564173164101666), (10, 0.14816616290444728, 0.25856191134954942), (20, 0.23930711247287842, 0.072996723367494951), (30, 0.28630523538064634, 0.01549769415647575), (60, 0.25952285592338642, 0.1447069294208034), (90, 0.082291540749800413, 0.76190594392304045)]	['+']	ompr	csgd	ompr	28.0	csgd	28.0	ompr	csgd	28	4	0	1	82	0.1604866632658993	0.479641612742659
345	277	289	(277, 345)	303.6666666666667	289.0	36.29508690350986	('qseb', 'yjjq')	False												qseb	yjjq	28	4	0	1	82	0.1604866632658993	0.479641612742659
498	227	186	(186, 498)	303.6666666666667	227.0	169.54153866629068	('qseb', 'ybhl')	False												qseb	ybhl	28	4	0	1	82	0.1604866632658993	0.479641612742659
454	390	70	(70, 454)	304.6666666666667	390.0	205.73121623451635	('envy', 'ybhl')	False												envy	ybhl	28	4	0	1	82	0.1604866632658993	0.479641612742659
213	244	457	(213, 457)	304.6666666666667	244.0	132.83197406247237	('basr', 'yfib')	False												basr	yfib	28	4	0	1	82	0.1604866632658993	0.479641612742659
209	365	342	(209, 365)	305.3333333333333	342.0	84.21599214717673	('lrha', 'ycct')	False												lrha	ycct	28	4	0	1	82	0.1604866632658993	0.479641612742659
292	95	531	(95, 531)	306.0	292.0	218.33689564523903	('ompr', 'yfib')	False												ompr	yfib	28	4	0	1	82	0.1604866632658993	0.479641612742659
152	204	563	(152, 563)	306.3333333333333	204.0	223.79529336724963	('mlra', 'narj')	False												mlra	narj	28	4	0	1	82	0.1604866632658993	0.479641612742659
391	430	99	(99, 430)	306.6666666666667	391.0	180.8986825085615	('lrha', 'flgm')	False												lrha	flgm	28	4	0	1	82	0.1604866632658993	0.479641612742659
112	267	544	(112, 544)	307.6666666666667	267.0	218.85230940827043	('bola', 'narh')	False												bola	narh	28	4	0	1	82	0.1604866632658993	0.479641612742659
270	194	461	(194, 461)	308.3333333333333	270.0	137.56574185942276	('lrha', 'ompc')	False												lrha	ompc	28	4	0	1	82	0.1604866632658993	0.479641612742659
486	273	167	(167, 486)	308.6666666666667	273.0	162.46332919564753	('rsta', 'nari')	True	2701.0	('rsta', 'nari')		[(0, 0.060121415848233682, 0.49683121758439908), (10, 0.32015127637642199, 0.012640833931167656), (20, 0.34537144094346645, 0.0085075172633598765), (30, 0.083877018033361964, 0.4867781754851106), (60, -0.14790886829336858, 0.41139438162107578), (90, 0.17594504944021361, 0.51452606741910822)]	['+']	rsta	nari	rsta	28.0	nari	28.0	rsta	nari	28	4	0	1	82	0.1604866632658993	0.479641612742659
465	206	255	(206, 465)	308.6666666666667	255.0	137.58754788618532	('yjjq', 'ompr')	False												yjjq	ompr	28	4	0	1	82	0.1604866632658993	0.479641612742659
425	274	228	(228, 425)	309.0	274.0	103.05823596394418	('bola', 'yfir')	False												bola	yfir	28	4	0	1	82	0.1604866632658993	0.479641612742659
526	358	46	(46, 526)	310.0	358.0	243.57339756221327	('mlra', 'dgka')	False												mlra	dgka	28	4	0	1	82	0.1604866632658993	0.479641612742659
327	317	286	(286, 327)	310.0	317.0	21.37755832643195	('qseb', 'bola')	False												qseb	bola	28	4	0	1	82	0.1604866632658993	0.479641612742659
165	212	554	(165, 554)	310.3333333333333	212.0	212.3260071996206	('csgd', 'ampc')	False												csgd	ampc	28	4	0	1	82	0.1604866632658993	0.479641612742659
380	488	72	(72, 488)	313.3333333333333	380.0	215.86415481346904	('lrha', 'flie')	False												lrha	flie	28	4	0	1	82	0.1604866632658993	0.479641612742659
443	447	54	(54, 447)	314.6666666666667	443.0	225.75281467422136	('basr', 'qsec')	True	481.0	('basr', 'qsec')		[(0, 0.083387444260617102, 0.34556607637556969), (10, 0.2772009876069263, 0.032014036015706182), (20, 0.13827975245327712, 0.30498665537001285), (30, -0.13058373946297516, 0.27772536323553698), (60, -0.20230611013261468, 0.25886724400608763), (90, 0.10958452343454177, 0.68621158992713038)]	['+']	basr	qsec	basr	28.0	qsec	28.0	basr	qsec	28	4	0	1	82	0.1604866632658993	0.479641612742659
358	311	275	(275, 358)	314.6666666666667	311.0	41.62130864513192	('qseb', 'cspi')	False												qseb	cspi	28	4	0	1	82	0.1604866632658993	0.479641612742659
276	412	260	(260, 412)	316.0	276.0	83.5224520712844	('yjjq', 'ycct')	False												yjjq	ycct	28	4	0	1	82	0.1604866632658993	0.479641612742659
250	255	443	(250, 443)	316.0	255.0	110.01363551851198	('lrha', 'yfib')	False												lrha	yfib	28	4	0	1	82	0.1604866632658993	0.479641612742659
356	435	158	(158, 435)	316.3333333333333	356.0	142.69664794007366	('yjjq', 'rpma')	False												yjjq	rpma	28	4	0	1	82	0.1604866632658993	0.479641612742659
311	371	267	(267, 371)	316.3333333333333	311.0	52.20472520120505	('mlra', 'dacc')	False												mlra	dacc	28	4	0	1	82	0.1604866632658993	0.479641612742659
375	189	386	(189, 386)	316.6666666666667	375.0	110.69929237955107	('envy', 'ecnb')	False												envy	ecnb	28	4	0	1	82	0.1604866632658993	0.479641612742659
238	480	233	(233, 480)	317.0	238.0	141.18427674496903	('rsta', 'flhd')	False												rsta	flhd	28	4	0	1	82	0.1604866632658993	0.479641612742659
348	275	328	(275, 348)	317.0	328.0	37.72267222772003	('envy', 'wrba')	False												envy	wrba	28	4	0	1	82	0.1604866632658993	0.479641612742659
150	318	484	(150, 484)	317.3333333333333	318.0	167.00099800100998	('yjjq', 'ybhl')	True	2855.0	('yjjq', 'ybhl')		[(0, -0.35937351290929687, 2.6800650116058309e-05), (10, -0.12539507345219941, 0.33975537203895223), (20, -0.11036300540359149, 0.41377783515432676), (30, 0.03981866878520407, 0.74163162812130423), (60, -0.37676661074626738, 0.030675242488112816), (90, -0.078151404089936441, 0.77358594771791644)]	['-']	yjjq	ybhl	yjjq	28.0	ybhl	28.0	yjjq	ybhl	28	4	0	1	82	0.1604866632658993	0.479641612742659
286	293	385	(286, 385)	321.3333333333333	293.0	55.247926054588994	('qseb', 'ompr')	False												qseb	ompr	28	4	0	1	82	0.1604866632658993	0.479641612742659
257	202	506	(202, 506)	321.6666666666667	257.0	161.98868273226168	('lrha', 'qsec')	False												lrha	qsec	28	4	0	1	82	0.1604866632658993	0.479641612742659
427	188	351	(188, 427)	322.0	351.0	122.11060560000512	('bola', 'yhbt')	False												bola	yhbt	28	4	0	1	82	0.1604866632658993	0.479641612742659
173	465	329	(173, 465)	322.3333333333333	329.0	146.11411065784623	('fliz', 'csga')	True	1621.0	('fliz', 'csga')		[(0, -0.18646342797345367, 0.033658188998195893), (10, -0.25143019381996251, 0.052640785742315635), (20, -0.27603328874172739, 0.037672141466336864), (30, -0.075480712258848739, 0.53156682192735327), (60, 0.20507061357774162, 0.2522770942077659), (90, 0.44344612454443871, 0.085350941788523413)]	['-']	fliz	csga	fliz	28.0	csga	28.0	fliz	csga	28	4	0	1	82	0.1604866632658993	0.479641612742659
431	344	192	(192, 431)	322.3333333333333	344.0	120.96418202647152	('yjjq', 'yhbs')	False												yjjq	yhbs	28	4	0	1	82	0.1604866632658993	0.479641612742659
282	285	404	(282, 404)	323.6666666666667	285.0	69.58687615731384	('basr', 'csgf')	True	475.0	('basr', 'csgf')		[(0, -0.054930247269909402, 0.53478310891167591), (10, 0.05054668886190089, 0.70131792602087262), (20, -0.022411629734667822, 0.86856920624915857), (30, -0.14520533114121403, 0.22696262413301532), (60, 0.37422911447883772, 0.031909622446152384), (90, 0.34977745431269008, 0.18416694027864747)]	['+']	basr	csgf	basr	28.0	csgf	28.0	basr	csgf	28	4	0	1	82	0.1604866632658993	0.479641612742659
372	541	58	(58, 541)	323.6666666666667	372.0	245.1006595938357	('yjjq', 'flie')	False												yjjq	flie	28	4	0	1	82	0.1604866632658993	0.479641612742659
367	290	314	(290, 367)	323.6666666666667	314.0	39.39966158907121	('qseb', 'pepd')	False												qseb	pepd	28	4	0	1	82	0.1604866632658993	0.479641612742659
488	235	249	(235, 488)	324.0	249.0	142.20056258679148	('qseb', 'ompc')	False												qseb	ompc	28	4	0	1	82	0.1604866632658993	0.479641612742659
133	392	451	(133, 451)	325.3333333333333	392.0	169.15771733306562	('envy', 'qsec')	False												envy	qsec	28	4	0	1	82	0.1604866632658993	0.479641612742659
553	405	22	(22, 553)	326.6666666666667	405.0	274.0298037318812	('envy', 'yhbs')	False												envy	yhbs	28	4	0	1	82	0.1604866632658993	0.479641612742659
521	104	355	(104, 521)	326.6666666666667	355.0	209.93887999447205	('fliz', 'narh')	False												fliz	narh	28	4	0	1	82	0.1604866632658993	0.479641612742659
393	470	117	(117, 470)	326.6666666666667	393.0	185.61339750495742	('csgd', 'flia')	True	1011.0	('csgd', 'flia')	10.0	[(0, -0.32828154257113218, 0.00013725341165811666), (10, -0.62913446671405726, 7.2979013470671329e-08), (20, -0.63786667831705068, 9.4646332037112748e-08), (30, -0.33012123723322462, 0.0049301794854037101), (60, -0.039407317541095672, 0.82763680891993041), (90, 0.37095633065075717, 0.1572059822143404)]	['-']	csgd	flia	csgd	28.0	flia	28.0	csgd	flia	28	4	0	1	82	0.1604866632658993	0.479641612742659
229	304	449	(229, 449)	327.3333333333333	304.0	111.84066046538412	('fliz', 'cspi')	False												fliz	cspi	28	4	0	1	82	0.1604866632658993	0.479641612742659
214	544	224	(214, 544)	327.3333333333333	224.0	187.70544300401448	('rsta', 'narg')	True	2699.0	('rsta', 'narg')		[(0, 0.018836202349790214, 0.83155287802870093), (10, 0.14503445329894435, 0.26887461576408489), (20, 0.023476151041277787, 0.86238561654558799), (30, 0.073067389490717935, 0.54480776826942967), (60, 0.070351855634075033, 0.69724633541683323), (90, 0.055445218784932145, 0.83839552031737652)]	['+']	rsta	narg	rsta	28.0	narg	28.0	rsta	narg	28	4	0	1	82	0.1604866632658993	0.479641612742659
370	199	414	(199, 414)	327.6666666666667	370.0	113.57963432470335	('bola', 'qsec')	False												bola	qsec	28	4	0	1	82	0.1604866632658993	0.479641612742659
436	504	43	(43, 504)	327.6666666666667	436.0	248.86207692883488	('envy', 'flgn')	False												envy	flgn	28	4	0	1	82	0.1604866632658993	0.479641612742659
528	373	83	(83, 528)	328.0	373.0	225.88713996153035	('yjjq', 'bola')	False												yjjq	bola	28	4	0	1	82	0.1604866632658993	0.479641612742659
410	370	204	(204, 410)	328.0	370.0	109.23369443537099	('envy', 'pepd')	False												envy	pepd	28	4	0	1	82	0.1604866632658993	0.479641612742659
401	408	177	(177, 408)	328.6666666666667	401.0	131.39381010281016	('fliz', 'mlra')	True	110.0	('fliz', 'mlra')		[(0, -0.081573651681343368, 0.35619556385122919), (10, 0.062582067524351956, 0.6347675062649214), (20, 0.11147865736702427, 0.40904414649209231), (30, 0.11340967505967907, 0.34635258001333247), (60, 0.13628354065107712, 0.4495045401456309), (90, 0.21702812794994938, 0.419444562581888)]	['-']	fliz	mlra	fliz	28.0	mlra	28.0	fliz	mlra	28	4	0	1	82	0.1604866632658993	0.479641612742659
305	563	119	(119, 563)	329.0	305.0	222.97085011274456	('yjjq', 'flhd')	True	205.0	('yjjq', 'flhd')		[(0, -0.27556646685535213, 0.0015073277226664429), (10, 0.11540690955676047, 0.37990456155416197), (20, -0.20846180474844639, 0.11967605903194031), (30, 0.098658458492005219, 0.41304042240009831), (60, -0.042041178841777535, 0.81630612588975893), (90, 0.0080090256115454804, 0.97651560672199678)]	['-']	yjjq	flhd	yjjq	28.0	flhd	28.0	yjjq	flhd	28	4	0	1	82	0.1604866632658993	0.479641612742659
153	481	353	(153, 481)	329.0	353.0	165.3118265581746	('csgd', 'yhbt')	True	1025.0	('csgd', 'yhbt')		[(0, 0.0022481062947113111, 0.97974801608341944), (10, -0.01899718898315756, 0.88544593707664732), (20, -0.14719950896282522, 0.27453603626421708), (30, -0.48118293928558131, 2.1588892767245063e-05), (60, -0.14574141673630805, 0.41835789967447989), (90, -0.38376247161904214, 0.14226396092414728)]	['-']	csgd	yhbt	csgd	28.0	yhbt	28.0	csgd	yhbt	28	4	0	1	82	0.1604866632658993	0.479641612742659
466	100	422	(100, 466)	329.3333333333333	422.0	199.82325523655481	('basr', 'csgc')	False												basr	csgc	28	4	0	1	82	0.1604866632658993	0.479641612742659
249	415	333	(249, 415)	332.3333333333333	333.0	83.00200800783878	('mlra', 'yhbt')	False												mlra	yhbt	28	4	0	1	82	0.1604866632658993	0.479641612742659
322	367	308	(308, 367)	332.3333333333333	322.0	30.8274769213008	('rsta', 'rpma')	False												rsta	rpma	28	4	0	1	82	0.1604866632658993	0.479641612742659
386	341	271	(271, 386)	332.6666666666667	341.0	57.95112883571237	('basr', 'narj')	False												basr	narj	28	4	0	1	82	0.1604866632658993	0.479641612742659
378	340	281	(281, 378)	333.0	340.0	48.877397639399746	('yjjq', 'nari')	False												yjjq	nari	28	4	0	1	82	0.1604866632658993	0.479641612742659
200	296	504	(200, 504)	333.3333333333333	296.0	155.40055769955697	('bola', 'envy')	False												bola	envy	28	4	0	1	82	0.1604866632658993	0.479641612742659
218	228	558	(218, 558)	334.6666666666667	228.0	193.4769581457527	('bola', 'ompr')	False												bola	ompr	28	4	0	1	82	0.1604866632658993	0.479641612742659
568	420	18	(18, 568)	335.3333333333333	420.0	284.607331833411	('envy', 'basr')	False												envy	basr	28	4	0	1	82	0.1604866632658993	0.479641612742659
472	404	134	(134, 472)	336.6666666666667	404.0	178.77732891318556	('qseb', 'yccj')	False												qseb	yccj	28	4	0	1	82	0.1604866632658993	0.479641612742659
383	254	373	(254, 383)	336.6666666666667	373.0	71.76582287783881	('qseb', 'narj')	False												qseb	narj	28	4	0	1	82	0.1604866632658993	0.479641612742659
507	322	183	(183, 507)	337.3333333333333	322.0	162.54332755709578	('envy', 'yfir')	False												envy	yfir	28	4	0	1	82	0.1604866632658993	0.479641612742659
369	332	312	(312, 369)	337.6666666666667	332.0	28.919428302325294	('qseb', 'csgf')	False												qseb	csgf	28	4	0	1	82	0.1604866632658993	0.479641612742659
123	351	540	(123, 540)	338.0	351.0	208.80373559876747	('csgd', 'yjjq')	False												csgd	yjjq	28	4	0	1	82	0.1604866632658993	0.479641612742659
547	226	241	(226, 547)	338.0	241.0	181.1546300815963	('rsta', 'csgc')	False												rsta	csgc	28	4	0	1	82	0.1604866632658993	0.479641612742659
496	164	354	(164, 496)	338.0	354.0	166.57730937915883	('ompr', 'csga')	False												ompr	csga	28	4	0	1	82	0.1604866632658993	0.479641612742659
414	328	273	(273, 414)	338.3333333333333	328.0	71.06569730420811	('qseb', 'narg')	False												qseb	narg	28	4	0	1	82	0.1604866632658993	0.479641612742659
223	478	317	(223, 478)	339.3333333333333	317.0	128.9586497034353	('bola', 'flik')	False												bola	flik	28	4	0	1	82	0.1604866632658993	0.479641612742659
259	330	429	(259, 429)	339.3333333333333	330.0	85.38344882547983	('bola', 'csgc')	False												bola	csgc	28	4	0	1	82	0.1604866632658993	0.479641612742659
346	291	382	(291, 382)	339.6666666666667	346.0	45.82939377008312	('mlra', 'csgg')	True	2124.0	('mlra', 'csgg')	0.0	[(0, 0.43823450892234844, 1.8421485366481457e-07), (10, 0.35906035418461818, 0.0048417642923182678), (20, 0.23994777803362352, 0.072209321345616362), (30, 0.40092927104988152, 0.0005304301391664849), (60, 0.21604961705722475, 0.22720864653288786), (90, -0.23332941788024009, 0.38446173788924543)]	['+']	mlra	csgg	mlra	28.0	csgg	28.0	mlra	csgg	28	4	0	1	82	0.1604866632658993	0.479641612742659
440	338	244	(244, 440)	340.6666666666667	338.0	98.02720710768686	('mlra', 'ampc')	False												mlra	ampc	28	4	0	1	82	0.1604866632658993	0.479641612742659
319	464	242	(242, 464)	341.6666666666667	319.0	112.72237281628405	('bola', 'flhd')	False												bola	flhd	28	4	0	1	82	0.1604866632658993	0.479641612742659
344	496	187	(187, 496)	342.3333333333333	344.0	154.50674203196874	('csgd', 'flgn')	True	1010.0	('csgd', 'flgn')	10.0	[(0, -0.31144795638086342, 0.00030988453256326981), (10, -0.62577474792727694, 8.972820260201023e-08), (20, -0.61023657402873888, 4.6638869172105781e-07), (30, -0.36465193365383142, 0.0017691165405017944), (60, -0.065084002856432663, 0.71896314584783394), (90, 0.2955585541509968, 0.26639795834823404)]	['-']	csgd	flgn	csgd	28.0	flgn	28.0	csgd	flgn	28	4	0	1	82	0.1604866632658993	0.479641612742659
265	453	311	(265, 453)	343.0	311.0	98.0	('bola', 'flii')	False												bola	flii	28	4	0	1	82	0.1604866632658993	0.479641612742659
404	303	323	(303, 404)	343.3333333333333	323.0	53.48208422764892	('csgd', 'mlra')	False												csgd	mlra	28	4	0	1	82	0.1604866632658993	0.479641612742659
433	515	84	(84, 515)	344.0	433.0	228.86895813980541	('envy', 'flia')	False												envy	flia	28	4	0	1	82	0.1604866632658993	0.479641612742659
254	509	274	(254, 509)	345.6666666666667	274.0	141.80385514270526	('lrha', 'csgg')	False												lrha	csgg	28	4	0	1	82	0.1604866632658993	0.479641612742659
413	449	176	(176, 449)	346.0	413.0	148.32059870429327	('yjjq', 'flgm')	False												yjjq	flgm	28	4	0	1	82	0.1604866632658993	0.479641612742659
169	362	508	(169, 508)	346.3333333333333	362.0	170.04215163697893	('mlra', 'nlpa')	False												mlra	nlpa	28	4	0	1	82	0.1604866632658993	0.479641612742659
221	386	433	(221, 433)	346.6666666666667	386.0	111.33882221998458	('mlra', 'csga')	False												mlra	csga	28	4	0	1	82	0.1604866632658993	0.479641612742659
549	463	31	(31, 549)	347.6666666666667	463.0	277.592026782711	('yjjq', 'wrba')	False												yjjq	wrba	28	4	0	1	82	0.1604866632658993	0.479641612742659
471	160	413	(160, 471)	348.0	413.0	165.37533068750005	('bola', 'pepd')	False												bola	pepd	28	4	0	1	82	0.1604866632658993	0.479641612742659
437	239	369	(239, 437)	348.3333333333333	369.0	100.60483752451138	('fliz', 'ompc')	False												fliz	ompc	28	4	0	1	82	0.1604866632658993	0.479641612742659
453	347	245	(245, 453)	348.3333333333333	347.0	104.00641005886769	('envy', 'ompf')	True	1129.0	('envy', 'ompf')		[(0, -0.1008735235255957, 0.25347798404045618), (10, -0.089979792276791523, 0.49415980390605807), (20, -0.31577719955021599, 0.016719251365292193), (30, -0.17490948815999172, 0.14458543720006067), (60, -0.15915921812882547, 0.37631594654344813), (90, -0.020773617157975426, 0.93913147939454322)]	['+']	envy	ompf	envy	28.0	ompf	28.0	envy	ompf	28	4	0	1	82	0.1604866632658993	0.479641612742659
195	483	371	(195, 483)	349.6666666666667	371.0	145.18034761403945	('csgd', 'ecnb')	False												csgd	ecnb	28	4	0	1	82	0.1604866632658993	0.479641612742659
239	414	396	(239, 414)	349.6666666666667	396.0	96.26179581398496	('bola', 'flij')	False												bola	flij	28	4	0	1	82	0.1604866632658993	0.479641612742659
481	213	360	(213, 481)	351.3333333333333	360.0	134.2100343988233	('rsta', 'bola')	False												rsta	bola	28	4	0	1	82	0.1604866632658993	0.479641612742659
389	225	440	(225, 440)	351.3333333333333	389.0	112.34025695775016	('ompr', 'envy')	False												ompr	envy	28	4	0	1	82	0.1604866632658993	0.479641612742659
411	436	211	(211, 436)	352.6666666666667	411.0	123.32207155790618	('csgd', 'ompc')	False												csgd	ompc	28	4	0	1	82	0.1604866632658993	0.479641612742659
333	499	227	(227, 499)	353.0	333.0	137.09850473291092	('bola', 'fliz')	False												bola	fliz	28	4	0	1	82	0.1604866632658993	0.479641612742659
355	508	198	(198, 508)	353.6666666666667	355.0	155.00430101559547	('ompr', 'yccj')	False												ompr	yccj	28	4	0	1	82	0.1604866632658993	0.479641612742659
449	197	418	(197, 449)	354.6666666666667	418.0	137.42027992015346	('qseb', 'basr')	False												qseb	basr	28	4	0	1	82	0.1604866632658993	0.479641612742659
288	377	402	(288, 402)	355.6666666666667	377.0	59.91939029507338	('csgd', 'qseb')	False												csgd	qseb	28	4	0	1	82	0.1604866632658993	0.479641612742659
396	248	426	(248, 426)	356.6666666666667	396.0	95.29602999775665	('basr', 'nari')	False												basr	nari	28	4	0	1	82	0.1604866632658993	0.479641612742659
222	455	394	(222, 455)	357.0	394.0	120.82632163564361	('bola', 'flif')	False												bola	flif	28	4	0	1	82	0.1604866632658993	0.479641612742659
279	406	389	(279, 406)	358.0	389.0	68.94200461257273	('envy', 'yccj')	False												envy	yccj	28	4	0	1	82	0.1604866632658993	0.479641612742659
495	467	116	(116, 495)	359.3333333333333	467.0	211.1973800342545	('basr', 'flie')	False												basr	flie	28	4	0	1	82	0.1604866632658993	0.479641612742659
132	462	486	(132, 486)	360.0	462.0	197.81809826201444	('csgd', 'lrha')	False												csgd	lrha	28	4	0	1	82	0.1604866632658993	0.479641612742659
474	105	501	(105, 501)	360.0	474.0	221.2487288099075	('fliz', 'yccj')	False												fliz	yccj	28	4	0	1	82	0.1604866632658993	0.479641612742659
366	399	318	(318, 399)	361.0	366.0	40.7308237088326	('csgd', 'rplu')	False												csgd	rplu	28	4	0	1	82	0.1604866632658993	0.479641612742659
321	289	474	(289, 474)	361.3333333333333	321.0	98.87534239300177	('yjjq', 'rsta')	False												yjjq	rsta	28	4	0	1	82	0.1604866632658993	0.479641612742659
338	369	378	(338, 378)	361.6666666666667	369.0	20.984120980716188	('envy', 'csgf')	False												envy	csgf	28	4	0	1	82	0.1604866632658993	0.479641612742659
290	432	363	(290, 432)	361.6666666666667	363.0	71.00938905055678	('yjjq', 'csgd')	False												yjjq	csgd	28	4	0	1	82	0.1604866632658993	0.479641612742659
489	443	154	(154, 489)	362.0	443.0	181.59570479501986	('yjjq', 'narj')	False												yjjq	narj	28	4	0	1	82	0.1604866632658993	0.479641612742659
350	437	299	(299, 437)	362.0	350.0	69.77822009767804	('lrha', 'ompf')	False												lrha	ompf	28	4	0	1	82	0.1604866632658993	0.479641612742659
235	429	424	(235, 429)	362.6666666666667	424.0	110.59083747459972	('mlra', 'pepd')	False												mlra	pepd	28	4	0	1	82	0.1604866632658993	0.479641612742659
397	413	283	(283, 413)	364.3333333333333	397.0	70.88958550685237	('ompr', 'bola')	True	162.0	('ompr', 'bola')		[(0, 0.2968673578805478, 0.00060408344799186414), (10, 0.31589163928105218, 0.013943004750790723), (20, 0.2268031861137321, 0.089776470547383427), (30, 0.2979681969128834, 0.011610373410096414), (60, 0.43114293845682722, 0.012245243921422892), (90, 0.39484149699290871, 0.13014345858447554)]	['-']	ompr	bola	ompr	28.0	bola	28.0	ompr	bola	28	4	0	1	82	0.1604866632658993	0.479641612742659
405	236	453	(236, 453)	364.6666666666667	405.0	113.9839169941678	('fliz', 'narj')	False												fliz	narj	28	4	0	1	82	0.1604866632658993	0.479641612742659
315	532	247	(247, 532)	364.6666666666667	315.0	148.85003639009744	('bola', 'dgka')	False												bola	dgka	28	4	0	1	82	0.1604866632658993	0.479641612742659
304	384	407	(304, 407)	365.0	384.0	54.064775963653084	('ompr', 'qseb')	False												ompr	qseb	28	4	0	1	82	0.1604866632658993	0.479641612742659
336	383	379	(336, 383)	366.0	379.0	26.057628441590765	('basr', 'csge')	True	474.0	('basr', 'csge')		[(0, -0.089428725124950106, 0.31162152224217082), (10, 0.064114868412918052, 0.62648105700780254), (20, 0.034503034437965846, 0.79887994532572715), (30, -0.064994340117125377, 0.59023112387389887), (60, 0.28375464281481394, 0.10953546525006158), (90, 0.026983308952549152, 0.9209833900675215)]	['+']	basr	csge	basr	28.0	csge	28.0	basr	csge	28	4	0	1	82	0.1604866632658993	0.479641612742659
435	154	510	(154, 510)	366.3333333333333	435.0	187.67081108508413	('envy', 'yfib')	False												envy	yfib	28	4	0	1	82	0.1604866632658993	0.479641612742659
388	177	534	(177, 534)	366.3333333333333	388.0	179.48351827767732	('qseb', 'rsta')	False												qseb	rsta	28	4	0	1	82	0.1604866632658993	0.479641612742659
308	241	557	(241, 557)	368.6666666666667	308.0	166.50625613872091	('bola', 'csgf')	False												bola	csgf	28	4	0	1	82	0.1604866632658993	0.479641612742659
323	440	347	(323, 440)	370.0	347.0	61.7980582219215	('lrha', 'flhd')	True	142.0	('lrha', 'flhd')		[(0, -0.28386660700510891, 0.0010644451250444744), (10, -0.27545326110935836, 0.033157934537338417), (20, -0.34147506918723775, 0.0093328144783724771), (30, -0.1489872667088723, 0.21496047807431345), (60, -0.083204659997835745, 0.6452692203409669), (90, -0.055955281741398077, 0.83692733086718141)]	['-']	lrha	flhd	lrha	28.0	flhd	28.0	lrha	flhd	28	4	0	1	82	0.1604866632658993	0.479641612742659
403	409	305	(305, 409)	372.3333333333333	403.0	58.38949677239335	('envy', 'rsta')	False												envy	rsta	28	4	0	1	82	0.1604866632658993	0.479641612742659
545	452	122	(122, 545)	373.0	452.0	222.29035066776964	('rsta', 'wrba')	False												rsta	wrba	28	4	0	1	82	0.1604866632658993	0.479641612742659
274	434	415	(274, 434)	374.3333333333333	415.0	87.40900029935895	('lrha', 'flii')	False												lrha	flii	28	4	0	1	82	0.1604866632658993	0.479641612742659
537	510	85	(85, 537)	377.3333333333333	510.0	253.52777625604128	('mlra', 'csgf')	True	2123.0	('mlra', 'csgf')	60.0	[(0, 0.25220967717934079, 0.0037938968155354553), (10, -0.16056127577282431, 0.22038339079480687), (20, -0.15928590882092741, 0.23660559349855365), (30, 0.22615222466086768, 0.057904863206845562), (60, 0.68239485720170012, 1.2185092695040489e-05), (90, 0.31748007906036213, 0.23083223837514766)]	['+']	mlra	csgf	mlra	28.0	csgf	28.0	mlra	csgf	28	4	0	1	82	0.1604866632658993	0.479641612742659
368	400	370	(368, 400)	379.3333333333333	370.0	17.925772879665004	('csgd', 'fliz')	True	69.0	('csgd', 'fliz')	10.0	[(0, -0.39725007870157986, 2.8736624851682439e-06), (10, -0.68702054687376224, 1.3491869972570075e-09), (20, -0.65700527023526178, 2.84773891388335e-08), (30, -0.40201281198092864, 0.00051058850827045824), (60, -0.038265708008620794, 0.83255868739586125), (90, 0.30456164643927686, 0.25140829231045969)]	['-']	csgd	fliz	csgd	28.0	fliz	28.0	csgd	fliz	28	4	0	1	82	0.1604866632658993	0.479641612742659
309	536	294	(294, 536)	379.6666666666667	309.0	135.59621430310412	('bola', 'flig')	False												bola	flig	28	4	0	1	82	0.1604866632658993	0.479641612742659
387	484	270	(270, 484)	380.3333333333333	387.0	107.15565002991364	('lrha', 'flia')	False												lrha	flia	28	4	0	1	82	0.1604866632658993	0.479641612742659
302	307	535	(302, 535)	381.3333333333333	307.0	133.10271722746057	('lrha', 'cspi')	False												lrha	cspi	28	4	0	1	82	0.1604866632658993	0.479641612742659
332	368	446	(332, 446)	382.0	368.0	58.27520913733386	('qseb', 'csga')	False												qseb	csga	28	4	0	1	82	0.1604866632658993	0.479641612742659
516	419	213	(213, 516)	382.6666666666667	419.0	154.73310354715093	('fliz', 'basr')	False												fliz	basr	28	4	0	1	82	0.1604866632658993	0.479641612742659
482	120	548	(120, 548)	383.3333333333333	482.0	230.42858618959005	('csgd', 'yccj')	True	1022.0	('csgd', 'yccj')	0.0	[(0, 0.64302887005851905, 1.6012122865052568e-16), (10, 0.64180844479009314, 3.2722515734224638e-08), (20, 0.43452031393914609, 0.00073189589101001207), (30, 0.087892364653156516, 0.46608671263439494), (60, 0.17061684086308002, 0.34246154029194698), (90, -0.54186802401148659, 0.030147469591887945)]	['+']	csgd	yccj	csgd	28.0	yccj	28.0	csgd	yccj	28	4	0	1	82	0.1604866632658993	0.479641612742659
252	372	526	(252, 526)	383.3333333333333	372.0	137.35113153277382	('lrha', 'flik')	False												lrha	flik	28	4	0	1	82	0.1604866632658993	0.479641612742659
412	433	306	(306, 433)	383.6666666666667	412.0	68.07593799084471	('fliz', 'yhbt')	False												fliz	yhbt	28	4	0	1	82	0.1604866632658993	0.479641612742659
536	391	230	(230, 536)	385.6666666666667	391.0	153.06970089907844	('ompr', 'flhd')	True	165.0	('ompr', 'flhd')		[(0, 0.078554311867393853, 0.3743361928209773), (10, 0.044904399117888294, 0.73334224558566374), (20, 0.039536415153353911, 0.77029078309842158), (30, 0.058010965689842695, 0.63084507300747483), (60, 0.031499889068795542, 0.86185068617012139), (90, -0.15305080929576309, 0.5714657018784961)]	['-']	ompr	flhd	ompr	28.0	flhd	28.0	ompr	flhd	28	4	0	1	82	0.1604866632658993	0.479641612742659
374	278	507	(278, 507)	386.3333333333333	374.0	114.99710141274576	('envy', 'narh')	False												envy	narh	28	4	0	1	82	0.1604866632658993	0.479641612742659
324	461	374	(324, 461)	386.3333333333333	374.0	69.32772413207672	('lrha', 'flig')	False												lrha	flig	28	4	0	1	82	0.1604866632658993	0.479641612742659
341	261	559	(261, 559)	387.0	341.0	154.2335890783846	('basr', 'ycct')	False												basr	ycct	28	4	0	1	82	0.1604866632658993	0.479641612742659
418	445	300	(300, 445)	387.6666666666667	418.0	77.11247197006028	('yjjq', 'ecnb')	False												yjjq	ecnb	28	4	0	1	82	0.1604866632658993	0.479641612742659
335	363	465	(335, 465)	387.6666666666667	363.0	68.42026990105589	('csgd', 'narh')	False												csgd	narh	28	4	0	1	82	0.1604866632658993	0.479641612742659
162	513	500	(162, 513)	391.6666666666667	500.0	199.00335005555394	('mlra', 'lrha')	False												mlra	lrha	28	4	0	1	82	0.1604866632658993	0.479641612742659
398	448	330	(330, 448)	392.0	398.0	59.22837157984339	('rsta', 'flij')	False												rsta	flij	28	4	0	1	82	0.1604866632658993	0.479641612742659
347	497	332	(332, 497)	392.0	347.0	91.2414379544733	('rsta', 'qsec')	False												rsta	qsec	28	4	0	1	82	0.1604866632658993	0.479641612742659
520	403	254	(254, 520)	392.3333333333333	403.0	133.32041604095502	('envy', 'flig')	False												envy	flig	28	4	0	1	82	0.1604866632658993	0.479641612742659
479	380	319	(319, 479)	392.6666666666667	380.0	80.74858099888402	('envy', 'dacc')	False												envy	dacc	28	4	0	1	82	0.1604866632658993	0.479641612742659
529	438	214	(214, 529)	393.6666666666667	438.0	162.11210113169633	('envy', 'dgka')	False												envy	dgka	28	4	0	1	82	0.1604866632658993	0.479641612742659
408	537	240	(240, 537)	395.0	408.0	148.9261561982985	('csgd', 'flii')	True	1016.0	('csgd', 'flii')	20.0	[(0, -0.36904751896917287, 1.5555170184810806e-05), (10, -0.52959221857275351, 1.3549056634157034e-05), (20, -0.54838658474094382, 1.005141152891844e-05), (30, -0.28157134020969798, 0.017369314791784926), (60, 0.071311560212890063, 0.69331461581565712), (90, 0.34661282328358695, 0.18844061544444576)]	['-']	csgd	flii	csgd	28.0	flii	28.0	csgd	flii	28	4	0	1	82	0.1604866632658993	0.479641612742659
400	535	251	(251, 535)	395.3333333333333	400.0	142.05750009532525	('ompr', 'flij')	False												ompr	flij	28	4	0	1	82	0.1604866632658993	0.479641612742659
422	196	568	(196, 568)	395.3333333333333	422.0	187.42820847816193	('basr', 'csgb')	False												basr	csgb	28	4	0	1	82	0.1604866632658993	0.479641612742659
382	553	253	(253, 553)	396.0	382.0	150.4892022704619	('rsta', 'flik')	False												rsta	flik	28	4	0	1	82	0.1604866632658993	0.479641612742659
373	527	292	(292, 527)	397.3333333333333	373.0	119.37476003466283	('rsta', 'narh')	True	2700.0	('rsta', 'narh')		[(0, 0.035371339204295957, 0.68950620025512144), (10, 0.18850757905947393, 0.14918256496795704), (20, 0.15074017956227131, 0.26302923076187734), (30, 0.062640160809946777, 0.6037908968704998), (60, 0.03225493605699882, 0.85857207071510766), (90, 0.154702865064098, 0.56726967890911117)]	['+']	rsta	narh	rsta	28.0	narh	28.0	rsta	narh	28	4	0	1	82	0.1604866632658993	0.479641612742659
468	287	437	(287, 468)	397.3333333333333	437.0	96.80048209246343	('bola', 'csge')	False												bola	csge	28	4	0	1	82	0.1604866632658993	0.479641612742659
423	431	339	(339, 431)	397.6666666666667	423.0	50.96403960964371	('mlra', 'csge')	True	2122.0	('mlra', 'csge')		[(0, 0.15270628608665557, 0.082830929140846263), (10, -0.19088627214940909, 0.1440246548331304), (20, -0.18183395462880672, 0.17582632189204403), (30, 0.14946552192990689, 0.21347520064573586), (60, 0.48776377690961242, 0.0039844505411361242), (90, -0.054209247686818146, 0.84195526270309695)]	['+']	mlra	csge	mlra	28.0	csge	28.0	mlra	csge	28	4	0	1	82	0.1604866632658993	0.479641612742659
343	424	427	(343, 427)	398.0	424.0	47.65501022977542	('lrha', 'qseb')	False												lrha	qseb	28	4	0	1	82	0.1604866632658993	0.479641612742659
299	402	498	(299, 498)	399.6666666666667	402.0	99.52051714763813	('ompr', 'rpma')	False												ompr	rpma	28	4	0	1	82	0.1604866632658993	0.479641612742659
477	423	301	(301, 477)	400.3333333333333	423.0	90.16281569102273	('basr', 'qseb')	True	17.0	('basr', 'qseb')		[(0, -0.010034844184730924, 0.90978270102400771), (10, 0.093085971638039999, 0.47931096951977714), (20, 0.062092823822175659, 0.64634341500231218), (30, -0.053442681149800164, 0.65802651817489699), (60, -0.14790140881405264, 0.41141823444902048), (90, 0.087452617191243684, 0.74741314413734483)]	['+']	basr	qseb	basr	28.0	qseb	28.0	basr	qseb	28	4	0	1	82	0.1604866632658993	0.479641612742659
558	397	248	(248, 558)	401.0	397.0	155.03870484495155	('ompr', 'flgn')	False												ompr	flgn	28	4	0	1	82	0.1604866632658993	0.479641612742659
487	382	334	(334, 487)	401.0	382.0	78.24960063795854	('yjjq', 'ompc')	True	2854.0	('yjjq', 'ompc')		[(0, -0.18897217123680604, 0.031299458974903195), (10, 0.073886431419879717, 0.57476328065849325), (20, -0.17324077902400714, 0.19749126288746108), (30, -0.072747899867858831, 0.54657261374701738), (60, -0.42072217421395164, 0.014767348635817202), (90, -0.30431474591688773, 0.25181224711544714)]	['-']	yjjq	ompc	yjjq	28.0	ompc	28.0	yjjq	ompc	28	4	0	1	82	0.1604866632658993	0.479641612742659
415	552	239	(239, 552)	402.0	415.0	156.9044295104507	('csgd', 'flgm')	True	1009.0	('csgd', 'flgm')		[(0, -0.20539601016193426, 0.019062361170293796), (10, -0.37982955711379013, 0.0027596937901035834), (20, -0.39504331609371957, 0.0023565442839058107), (30, -0.24822158374546957, 0.036868770290573873), (60, -0.082023245764843017, 0.64998326965024378), (90, 0.29203041802127738, 0.2724177151465591)]	['-']	csgd	flgm	csgd	28.0	flgm	28.0	csgd	flgm	28	4	0	1	82	0.1604866632658993	0.479641612742659
285	546	375	(285, 546)	402.0	375.0	132.57827876390613	('bola', 'flih')	False												bola	flih	28	4	0	1	82	0.1604866632658993	0.479641612742659
284	565	364	(284, 565)	404.3333333333333	364.0	144.77683976842889	('lrha', 'flif')	False												lrha	flif	28	4	0	1	82	0.1604866632658993	0.479641612742659
409	361	448	(361, 448)	406.0	409.0	43.57751713900185	('ompr', 'flik')	False												ompr	flik	28	4	0	1	82	0.1604866632658993	0.479641612742659
357	350	516	(350, 516)	407.6666666666667	357.0	93.88468103654255	('mlra', 'cspi')	False												mlra	cspi	28	4	0	1	82	0.1604866632658993	0.479641612742659
417	265	542	(265, 542)	408.0	417.0	138.7191407124482	('csgd', 'nari')	False												csgd	nari	28	4	0	1	82	0.1604866632658993	0.479641612742659
295	545	393	(295, 545)	411.0	393.0	125.96824996799789	('rsta', 'flie')	False												rsta	flie	28	4	0	1	82	0.1604866632658993	0.479641612742659
475	534	225	(225, 534)	411.3333333333333	475.0	164.0436933665337	('envy', 'flgm')	False												envy	flgm	28	4	0	1	82	0.1604866632658993	0.479641612742659
458	468	309	(309, 468)	411.6666666666667	458.0	89.05241902011046	('bola', 'csgd')	False												bola	csgd	28	4	0	1	82	0.1604866632658993	0.479641612742659
515	229	496	(229, 515)	413.3333333333333	496.0	159.9197715522797	('mlra', 'yfir')	False												mlra	yfir	28	4	0	1	82	0.1604866632658993	0.479641612742659
313	411	519	(313, 519)	414.3333333333333	411.0	103.04044513361407	('bola', 'qseb')	False												bola	qseb	28	4	0	1	82	0.1604866632658993	0.479641612742659
317	366	561	(317, 561)	414.6666666666667	366.0	129.07491364836676	('yjjq', 'ompf')	False												yjjq	ompf	28	4	0	1	82	0.1604866632658993	0.479641612742659
365	474	406	(365, 474)	415.0	406.0	55.054518434003214	('bola', 'flie')	False												bola	flie	28	4	0	1	82	0.1604866632658993	0.479641612742659
256	525	466	(256, 525)	415.6666666666667	466.0	141.38717527885382	('lrha', 'flhc')	True	141.0	('lrha', 'flhc')		[(0, -0.32436818781391924, 0.00016656985871975992), (10, -0.25254423570939755, 0.051566952350502342), (20, -0.28284489279856861, 0.033017884629411139), (30, -0.22388687250411199, 0.060528925924738082), (60, -0.22744851213072029, 0.20302707783986984), (90, -0.15874164519889153, 0.5570673046225767)]	['-']	lrha	flhc	lrha	28.0	flhc	28.0	lrha	flhc	28	4	0	1	82	0.1604866632658993	0.479641612742659
328	516	405	(328, 516)	416.3333333333333	405.0	94.51102228488132	('lrha', 'fliz')	False												lrha	fliz	28	4	0	1	82	0.1604866632658993	0.479641612742659
538	492	219	(219, 538)	416.3333333333333	492.0	172.43646172817782	('qseb', 'yhbt')	False												qseb	yhbt	28	4	0	1	82	0.1604866632658993	0.479641612742659
394	417	441	(394, 441)	417.3333333333333	417.0	23.501772982763093	('bola', 'flia')	False												bola	flia	28	4	0	1	82	0.1604866632658993	0.479641612742659
434	526	293	(293, 526)	417.6666666666667	434.0	117.35558501125259	('qseb', 'dacc')	False												qseb	dacc	28	4	0	1	82	0.1604866632658993	0.479641612742659
502	557	196	(196, 557)	418.3333333333333	502.0	194.5002142243893	('envy', 'flik')	False												envy	flik	28	4	0	1	82	0.1604866632658993	0.479641612742659
533	381	341	(341, 533)	418.3333333333333	381.0	101.29823953718709	('csgd', 'wrba')	True	1021.0	('csgd', 'wrba')	0.0	[(0, 0.59433467521220695, 9.0233886601275719e-14), (10, 0.60305338931028807, 3.4106955109836677e-07), (20, 0.39968779236215962, 0.002068512687150532), (30, 0.029443671275307309, 0.80742762866064499), (60, 0.17004706365435854, 0.34409993626599933), (90, -0.5372555012529483, 0.031863895805639711)]	['+']	csgd	wrba	csgd	28.0	wrba	28.0	csgd	wrba	28	4	0	1	82	0.1604866632658993	0.479641612742659
464	295	497	(295, 497)	418.6666666666667	464.0	108.36204747665731	('ompr', 'csgf')	True	2432.0	('ompr', 'csgf')		[(0, -0.15551204203645236, 0.077270094401446526), (10, 0.036032344303509087, 0.78460507442671545), (20, 0.09167715173248199, 0.49761731495669337), (30, 0.20380756489807245, 0.088236512221953417), (60, 0.027983458638919059, 0.87714894509117569), (90, 0.046519360982115648, 0.86416506442789498)]	['+']	ompr	csgf	ompr	28.0	csgf	28.0	ompr	csgf	28	4	0	1	82	0.1604866632658993	0.479641612742659
508	315	434	(315, 508)	419.0	434.0	97.37042672187485	('yjjq', 'flii')	False												yjjq	flii	28	4	0	1	82	0.1604866632658993	0.479641612742659
492	416	358	(358, 492)	422.0	416.0	67.20119046564577	('mlra', 'qsec')	False												mlra	qsec	28	4	0	1	82	0.1604866632658993	0.479641612742659
442	523	303	(303, 523)	422.6666666666667	442.0	111.26694627486337	('envy', 'flhd')	False												envy	flhd	28	4	0	1	82	0.1604866632658993	0.479641612742659
539	418	313	(313, 539)	423.3333333333333	418.0	113.09435588628344	('fliz', 'yhbs')	False												fliz	yhbs	28	4	0	1	82	0.1604866632658993	0.479641612742659
565	428	280	(280, 565)	424.3333333333333	428.0	142.53537572593456	('basr', 'flgm')	False												basr	flgm	28	4	0	1	82	0.1604866632658993	0.479641612742659
353	556	365	(353, 556)	424.6666666666667	365.0	113.89615152995	('rsta', 'flih')	False												rsta	flih	28	4	0	1	82	0.1604866632658993	0.479641612742659
497	451	327	(327, 497)	425.0	451.0	87.93179174792243	('basr', 'flii')	False												basr	flii	28	4	0	1	82	0.1604866632658993	0.479641612742659
459	531	290	(290, 531)	426.6666666666667	459.0	123.71068399024125	('yjjq', 'flgn')	False												yjjq	flgn	28	4	0	1	82	0.1604866632658993	0.479641612742659
406	323	551	(323, 551)	426.6666666666667	406.0	115.39641819975753	('bola', 'cspi')	False												bola	cspi	28	4	0	1	82	0.1604866632658993	0.479641612742659
523	450	310	(310, 523)	427.6666666666667	450.0	108.24201279232263	('yjjq', 'flif')	False												yjjq	flif	28	4	0	1	82	0.1604866632658993	0.479641612742659
392	407	487	(392, 487)	428.6666666666667	407.0	51.07184482014854	('csgd', 'narg')	False												csgd	narg	28	4	0	1	82	0.1604866632658993	0.479641612742659
430	422	435	(422, 435)	429.0	430.0	6.557438524302	('envy', 'narj')	False												envy	narj	28	4	0	1	82	0.1604866632658993	0.479641612742659
395	336	564	(336, 564)	431.6666666666667	395.0	118.3399059207558	('rsta', 'envy')	False												rsta	envy	28	4	0	1	82	0.1604866632658993	0.479641612742659
379	533	383	(379, 533)	431.6666666666667	383.0	87.78002810054993	('csgd', 'flhc')	False												csgd	flhc	28	4	0	1	82	0.1604866632658993	0.479641612742659
451	284	566	(284, 566)	433.6666666666667	451.0	141.79680297289264	('mlra', 'csgd')	True	153.0	('mlra', 'csgd')		[(0, 0.26972215212009215, 0.0019135634076923873), (10, -0.10014655870898115, 0.4464596695626345), (20, -0.076785619666792815, 0.57022883736557806), (30, 0.18614051909380722, 0.12013065875247898), (60, 0.52971752937990091, 0.0015229100860445828), (90, 0.5464165125778393, 0.02852475267262234)]	['+']	mlra	csgd	mlra	28.0	csgd	28.0	mlra	csgd	28	4	0	1	82	0.1604866632658993	0.479641612742659
424	360	517	(360, 517)	433.6666666666667	424.0	78.94512862319836	('lrha', 'csgc')	False												lrha	csgc	28	4	0	1	82	0.1604866632658993	0.479641612742659
543	439	322	(322, 543)	434.6666666666667	439.0	110.56370712549996	('ompr', 'ompf')	True	2439.0	('ompr', 'ompf')		[(0, 0.093807117651500044, 0.28842706501451848), (10, 0.011852424673757677, 0.92838232023007061), (20, 0.0888906898153944, 0.51083031304896553), (30, -0.086857242090106188, 0.47137463272077063), (60, -0.239307857729773, 0.17982397763814953), (90, -0.20076240605802356, 0.45593944901567862)]	['+']	ompr	ompf	ompr	28.0	ompf	28.0	ompr	ompf	28	4	0	1	82	0.1604866632658993	0.479641612742659
555	479	272	(272, 555)	435.3333333333333	479.0	146.46615081080452	('ompr', 'csge')	True	2431.0	('ompr', 'csge')		[(0, -0.11174359394677827, 0.20560763390745221), (10, 0.03293957779373672, 0.8027038703833721), (20, 0.10549875966350782, 0.43478173211292737), (30, 0.21492906500208125, 0.071864063484481128), (60, -0.064255009842741115, 0.7224009281259931), (90, -0.25587097209706949, 0.3388121402150383)]	['+']	ompr	csge	ompr	28.0	csge	28.0	ompr	csge	28	4	0	1	82	0.1604866632658993	0.479641612742659
544	376	387	(376, 544)	435.6666666666667	387.0	93.98049443013872	('rsta', 'yccj')	False												rsta	yccj	28	4	0	1	82	0.1604866632658993	0.479641612742659
289	466	552	(289, 552)	435.6666666666667	466.0	134.098222707586	('rsta', 'flgm')	False												rsta	flgm	28	4	0	1	82	0.1604866632658993	0.479641612742659
534	426	348	(348, 534)	436.0	426.0	93.40235543068493	('fliz', 'wrba')	False												fliz	wrba	28	4	0	1	82	0.1604866632658993	0.479641612742659
376	522	411	(376, 522)	436.3333333333333	411.0	76.22554252567399	('ompr', 'wrba')	False												ompr	wrba	28	4	0	1	82	0.1604866632658993	0.479641612742659
297	472	546	(297, 546)	438.3333333333333	472.0	127.86842195527922	('lrha', 'flij')	False												lrha	flij	28	4	0	1	82	0.1604866632658993	0.479641612742659
331	518	475	(331, 518)	441.3333333333333	475.0	97.94045810252948	('lrha', 'flih')	False												lrha	flih	28	4	0	1	82	0.1604866632658993	0.479641612742659
349	519	458	(349, 519)	442.0	458.0	86.12200647918046	('rsta', 'flig')	False												rsta	flig	28	4	0	1	82	0.1604866632658993	0.479641612742659
548	441	338	(338, 548)	442.3333333333333	441.0	105.0063490143969	('ompr', 'flhc')	True	164.0	('ompr', 'flhc')		[(0, 0.15478643179734827, 0.078678548897243655), (10, 0.32715895854407606, 0.01072632424762435), (20, 0.28548764907147439, 0.031345964751212804), (30, 0.1115269576677887, 0.35446912769571515), (60, -0.040136860861909894, 0.8244948469095752), (90, -0.22947764050901684, 0.39258083534399207)]	['-']	ompr	flhc	ompr	28.0	flhc	28.0	ompr	flhc	28	4	0	1	82	0.1604866632658993	0.479641612742659
500	385	456	(385, 500)	447.0	456.0	58.02585630561603	('qseb', 'narh')	False												qseb	narh	28	4	0	1	82	0.1604866632658993	0.479641612742659
540	288	515	(288, 540)	447.6666666666667	515.0	138.83923556881655	('lrha', 'basr')	False												lrha	basr	28	4	0	1	82	0.1604866632658993	0.479641612742659
506	495	344	(344, 506)	448.3333333333333	495.0	90.52255704150944	('envy', 'fliz')	False												envy	fliz	28	4	0	1	82	0.1604866632658993	0.479641612742659
517	569	261	(261, 569)	449.0	517.0	164.8757107641996	('basr', 'flik')	False												basr	flik	28	4	0	1	82	0.1604866632658993	0.479641612742659
467	348	532	(348, 532)	449.0	467.0	93.31130692472375	('yjjq', 'yccj')	False												yjjq	yccj	28	4	0	1	82	0.1604866632658993	0.479641612742659
514	555	282	(282, 555)	450.3333333333333	514.0	147.215261889973	('mlra', 'flik')	False												mlra	flik	28	4	0	1	82	0.1604866632658993	0.479641612742659
377	489	489	(377, 489)	451.6666666666667	489.0	64.66323014923809	('qseb', 'lrha')	False												qseb	lrha	28	4	0	1	82	0.1604866632658993	0.479641612742659
432	458	467	(432, 467)	452.3333333333333	458.0	18.175074506954115	('ompr', 'flih')	False												ompr	flih	28	4	0	1	82	0.1604866632658993	0.479641612742659
559	564	236	(236, 564)	453.0	559.0	187.94414063758413	('basr', 'flig')	False												basr	flig	28	4	0	1	82	0.1604866632658993	0.479641612742659
511	320	529	(320, 529)	453.3333333333333	511.0	115.82026305156336	('yjjq', 'yfir')	True	2857.0	('yjjq', 'yfir')		[(0, 0.078534448976209467, 0.37445737066337847), (10, 0.13285151284535004, 0.31158101552143547), (20, 0.13744500119843792, 0.30794373089509319), (30, 0.07059325690090687, 0.55854656110262291), (60, 0.068917912919427934, 0.70313531646291483), (90, 0.41235986077607711, 0.11246239214635376)]	['-']	yjjq	yfir	yjjq	28.0	yfir	28.0	yjjq	yfir	28	4	0	1	82	0.1604866632658993	0.479641612742659
569	396	400	(396, 569)	455.0	400.0	98.7471518576612	('lrha', 'yhbs')	False												lrha	yhbs	28	4	0	1	82	0.1604866632658993	0.479641612742659
518	524	325	(325, 524)	455.6666666666667	518.0	113.20041224895488	('envy', 'flif')	False												envy	flif	28	4	0	1	82	0.1604866632658993	0.479641612742659
519	456	397	(397, 519)	457.3333333333333	456.0	61.010927982889534	('envy', 'ompc')	True	1128.0	('envy', 'ompc')		[(0, 0.2656551343564163, 0.0022523671823294011), (10, 0.41884317806732579, 0.00086640050123163879), (20, 0.17436655793587025, 0.19454963657015076), (30, 0.036064107948725797, 0.76525684872743238), (60, -0.16421336545747767, 0.36114729342206109), (90, 0.07752337574420376, 0.77536176822663849)]	['+']	envy	ompc	envy	28.0	ompc	28.0	envy	ompc	28	4	0	1	82	0.1604866632658993	0.479641612742659
320	486	567	(320, 567)	457.6666666666667	486.0	125.91399180922403	('bola', 'flhc')	False												bola	flhc	28	4	0	1	82	0.1604866632658993	0.479641612742659
461	398	514	(398, 514)	457.6666666666667	461.0	58.07179464536406	('envy', 'rpma')	False												envy	rpma	28	4	0	1	82	0.1604866632658993	0.479641612742659
473	506	395	(395, 506)	458.0	473.0	57.0	('mlra', 'csgb')	False												mlra	csgb	28	4	0	1	82	0.1604866632658993	0.479641612742659
552	268	555	(268, 555)	458.3333333333333	552.0	164.8403267812016	('fliz', 'ompr')	False												fliz	ompr	28	4	0	1	82	0.1604866632658993	0.479641612742659
491	494	392	(392, 494)	459.0	491.0	58.0430874437258	('ompr', 'flie')	False												ompr	flie	28	4	0	1	82	0.1604866632658993	0.479641612742659
456	375	549	(375, 549)	460.0	456.0	87.06893820416096	('qseb', 'wrba')	False												qseb	wrba	28	4	0	1	82	0.1604866632658993	0.479641612742659
385	543	459	(385, 543)	462.3333333333333	459.0	79.05272502155339	('ompr', 'flif')	False												ompr	flif	28	4	0	1	82	0.1604866632658993	0.479641612742659
463	379	553	(379, 553)	465.0	463.0	87.01723967122837	('ompr', 'rsta')	False												ompr	rsta	28	4	0	1	82	0.1604866632658993	0.479641612742659
550	530	324	(324, 550)	468.0	530.0	125.1079533842673	('mlra', 'flgn')	False												mlra	flgn	28	4	0	1	82	0.1604866632658993	0.479641612742659
444	485	479	(444, 485)	469.3333333333333	479.0	22.143471573656495	('envy', 'bola')	False												envy	bola	28	4	0	1	82	0.1604866632658993	0.479641612742659
535	503	372	(372, 535)	470.0	503.0	86.36550237218562	('yjjq', 'narh')	False												yjjq	narh	28	4	0	1	82	0.1604866632658993	0.479641612742659
524	520	367	(367, 524)	470.3333333333333	520.0	89.5116379770437	('yjjq', 'narg')	False												yjjq	narg	28	4	0	1	82	0.1604866632658993	0.479641612742659
527	505	381	(381, 527)	471.0	505.0	78.71467461661771	('basr', 'flia')	False												basr	flia	28	4	0	1	82	0.1604866632658993	0.479641612742659
429	560	430	(429, 560)	473.0	430.0	75.34586916347837	('ompr', 'flig')	False												ompr	flig	28	4	0	1	82	0.1604866632658993	0.479641612742659
510	511	399	(399, 511)	473.3333333333333	510.0	64.37649674635405	('yjjq', 'flik')	False												yjjq	flik	28	4	0	1	82	0.1604866632658993	0.479641612742659
566	502	357	(357, 566)	475.0	502.0	107.08407911543154	('ompr', 'flgm')	False												ompr	flgm	28	4	0	1	82	0.1604866632658993	0.479641612742659
541	561	326	(326, 561)	476.0	541.0	130.28814220795383	('basr', 'flih')	False												basr	flih	28	4	0	1	82	0.1604866632658993	0.479641612742659
556	507	366	(366, 556)	476.3333333333333	507.0	98.64245198358226	('basr', 'fliz')	False												basr	fliz	28	4	0	1	82	0.1604866632658993	0.479641612742659
522	571	340	(340, 571)	477.6666666666667	522.0	121.71414598695311	('mlra', 'flif')	False												mlra	flif	28	4	0	1	82	0.1604866632658993	0.479641612742659
494	442	499	(442, 499)	478.3333333333333	494.0	31.56474826976026	('envy', 'narg')	False												envy	narg	28	4	0	1	82	0.1604866632658993	0.479641612742659
484	476	477	(476, 484)	479.0	477.0	4.358898943540674	('envy', 'flii')	False												envy	flii	28	4	0	1	82	0.1604866632658993	0.479641612742659
505	482	450	(450, 505)	479.0	482.0	27.622454633866266	('basr', 'flif')	False												basr	flif	28	4	0	1	82	0.1604866632658993	0.479641612742659
564	477	398	(398, 564)	479.6666666666667	477.0	83.03212229814034	('mlra', 'flia')	False												mlra	flia	28	4	0	1	82	0.1604866632658993	0.479641612742659
561	491	388	(388, 561)	480.0	491.0	87.02298546935747	('envy', 'yhbt')	False												envy	yhbt	28	4	0	1	82	0.1604866632658993	0.479641612742659
480	551	410	(410, 551)	480.3333333333333	480.0	70.50059101407118	('basr', 'flgn')	False												basr	flgn	28	4	0	1	82	0.1604866632658993	0.479641612742659
381	512	550	(381, 550)	481.0	512.0	88.66228059327146	('bola', 'flgn')	False												bola	flgn	28	4	0	1	82	0.1604866632658993	0.479641612742659
542	517	384	(384, 542)	481.0	517.0	84.92938243034621	('mlra', 'flih')	False												mlra	flih	28	4	0	1	82	0.1604866632658993	0.479641612742659
460	570	419	(419, 570)	483.0	460.0	78.08328886515987	('csgd', 'flik')	True	1018.0	('csgd', 'flik')	0.0	[(0, -0.38435633074726266, 6.3413391775852022e-06), (10, -0.50288029098040266, 4.2244631533733678e-05), (20, -0.50552700210101509, 6.0455542873479971e-05), (30, -0.25697675850485235, 0.030513309104334311), (60, 0.029860904161362688, 0.86897531741706135), (90, 0.32566431139079688, 0.21836406012432738)]	['-']	csgd	flik	csgd	28.0	flik	28.0	csgd	flik	28	4	0	1	82	0.1604866632658993	0.479641612742659
532	457	460	(457, 532)	483.0	460.0	42.46174749112429	('fliz', 'dgka')	False												fliz	dgka	28	4	0	1	82	0.1604866632658993	0.479641612742659
478	493	478	(478, 493)	483.0	478.0	8.660254037844387	('yjjq', 'qseb')	False												yjjq	qseb	28	4	0	1	82	0.1604866632658993	0.479641612742659
445	514	493	(445, 514)	484.0	493.0	35.369478367654786	('envy', 'flij')	False												envy	flij	28	4	0	1	82	0.1604866632658993	0.479641612742659
446	475	533	(446, 533)	484.6666666666667	475.0	44.298231717906454	('csgd', 'flih')	True	1015.0	('csgd', 'flih')	20.0	[(0, -0.36864567213048555, 1.5916261432606356e-05), (10, -0.55638506808264487, 3.9142624086602681e-06), (20, -0.60008752793760656, 8.070699798353491e-07), (30, -0.24850812067647929, 0.036644562543769646), (60, 0.08763068319502057, 0.62773000808736168), (90, 0.32595478409080247, 0.2179296067831783)]	['-']	csgd	flih	csgd	28.0	flih	28.0	csgd	flih	28	4	0	1	82	0.1604866632658993	0.479641612742659
501	394	560	(394, 560)	485.0	501.0	84.1486779456457	('yjjq', 'flig')	False												yjjq	flig	28	4	0	1	82	0.1604866632658993	0.479641612742659
361	529	569	(361, 569)	486.3333333333333	529.0	110.36907779506602	('lrha', 'flgn')	False												lrha	flgn	28	4	0	1	82	0.1604866632658993	0.479641612742659
525	460	476	(460, 525)	487.0	476.0	33.8673884437522	('mlra', 'flie')	False												mlra	flie	28	4	0	1	82	0.1604866632658993	0.479641612742659
419	521	524	(419, 524)	488.0	521.0	59.77457653551382	('ompr', 'flii')	False												ompr	flii	28	4	0	1	82	0.1604866632658993	0.479641612742659
438	539	502	(438, 539)	493.0	502.0	51.09794516416487	('csgd', 'flif')	True	1013.0	('csgd', 'flif')	10.0	[(0, -0.40570320912497304, 1.6792487894966313e-06), (10, -0.59973266233634137, 4.1101064474206887e-07), (20, -0.54681160089158132, 1.0783924998257394e-05), (30, -0.24385313797598768, 0.040430872796825654), (60, -0.00052086801434067357, 0.99770466404527836), (90, 0.25340508298083825, 0.34364876678137085)]	['-']	csgd	flif	csgd	28.0	flif	28.0	csgd	flif	28	4	0	1	82	0.1604866632658993	0.479641612742659
428	559	495	(428, 559)	494.0	495.0	65.50572494064927	('csgd', 'flie')	True	1012.0	('csgd', 'flie')		[(0, -0.28985868897001499, 0.00082255646519447702), (10, -0.25068149568634535, 0.05337263601207401), (20, -0.27532333817624577, 0.03818701758126692), (30, -0.12639140305281069, 0.29357635596388498), (60, -0.11883397175253821, 0.51010931202965948), (90, 0.2747567836046711, 0.30307074984133547)]	['-']	csgd	flie	csgd	28.0	flie	28.0	csgd	flie	28	4	0	1	82	0.1604866632658993	0.479641612742659
469	459	565	(459, 565)	497.6666666666667	469.0	58.52634734316958	('yjjq', 'flhc')	True	204.0	('yjjq', 'flhc')		[(0, -0.13773807284672634, 0.11811232241236103), (10, 0.067843981595502451, 0.60651352560330407), (20, -0.21449662482670431, 0.10910097070141626), (30, 0.060084633359108221, 0.61866328847724517), (60, 0.0233118440978244, 0.89753959956510376), (90, -0.046039342272938065, 0.86555478194220292)]	['-']	yjjq	flhc	yjjq	28.0	flhc	28.0	yjjq	flhc	28	4	0	1	82	0.1604866632658993	0.479641612742659
551	528	417	(417, 551)	498.6666666666667	528.0	71.65426249242492	('ompr', 'fliz')	False												ompr	fliz	28	4	0	1	82	0.1604866632658993	0.479641612742659
571	498	436	(436, 571)	501.6666666666667	498.0	67.57465007925187	('mlra', 'flgm')	False												mlra	flgm	28	4	0	1	82	0.1604866632658993	0.479641612742659
490	554	463	(463, 554)	502.3333333333333	490.0	46.736851983561465	('mlra', 'flii')	False												mlra	flii	28	4	0	1	82	0.1604866632658993	0.479641612742659
455	562	494	(455, 562)	503.6666666666667	494.0	54.1510233821424	('csgd', 'flig')	True	1014.0	('csgd', 'flig')	10.0	[(0, -0.37906752546078853, 8.6903485313661414e-06), (10, -0.54381799227418381, 7.1016642163936822e-06), (20, -0.54078682842703474, 1.406780907051901e-05), (30, -0.25890819242546048, 0.029242783337552914), (60, 0.067795483135550422, 0.70775682668074724), (90, 0.3013637099404548, 0.2566715336887419)]	['-']	csgd	flig	csgd	28.0	flig	28.0	csgd	flig	28	4	0	1	82	0.1604866632658993	0.479641612742659
447	540	538	(447, 540)	508.3333333333333	538.0	53.12563725107995	('bola', 'flgm')	False												bola	flgm	28	4	0	1	82	0.1604866632658993	0.479641612742659
513	542	471	(471, 542)	508.6666666666667	513.0	35.697805721547276	('yjjq', 'flih')	False												yjjq	flih	28	4	0	1	82	0.1604866632658993	0.479641612742659
457	568	503	(457, 568)	509.3333333333333	503.0	55.77036249956902	('csgd', 'flij')	True	1017.0	('csgd', 'flij')	0.0	[(0, -0.37695456334932814, 9.8412828674286257e-06), (10, -0.41746446257684866, 0.00090478571498014125), (20, -0.35888029393122617, 0.0061171618521869168), (30, -0.17456933428841651, 0.14538033316385576), (60, 0.023803603428070134, 0.89538990934467289), (90, 0.30639014116579943, 0.24842918465681463)]	['-']	csgd	flij	csgd	28.0	flij	28.0	csgd	flij	28	4	0	1	82	0.1604866632658993	0.479641612742659
563	500	481	(481, 563)	514.6666666666666	500.0	42.922410618851934	('ompr', 'flia')	False												ompr	flia	28	4	0	1	82	0.1604866632658993	0.479641612742659
512	490	543	(490, 543)	515.0	512.0	26.627053911388696	('csgd', 'bola')	False												csgd	bola	28	4	0	1	82	0.1604866632658993	0.479641612742659
476	547	525	(476, 547)	516.0	525.0	36.345563690772494	('yjjq', 'flia')	False												yjjq	flia	28	4	0	1	82	0.1604866632658993	0.479641612742659
530	567	452	(452, 567)	516.3333333333334	530.0	58.70547958524258	('envy', 'flih')	False												envy	flih	28	4	0	1	82	0.1604866632658993	0.479641612742659
509	469	571	(469, 571)	516.3333333333334	509.0	51.39390365922142	('yjjq', 'flij')	False												yjjq	flij	28	4	0	1	82	0.1604866632658993	0.479641612742659
483	548	545	(483, 548)	525.3333333333334	545.0	36.69241520169167	('yjjq', 'fliz')	False												yjjq	fliz	28	4	0	1	82	0.1604866632658993	0.479641612742659
570	454	562	(454, 570)	528.6666666666666	562.0	64.78682993736716	('basr', 'flhc')	False												basr	flhc	28	4	0	1	82	0.1604866632658993	0.479641612742659
567	558	470	(470, 567)	531.6666666666666	558.0	53.59415391004259	('mlra', 'fliz')	False												mlra	fliz	28	4	0	1	82	0.1604866632658993	0.479641612742659
546	550	530	(530, 550)	542.0	546.0	10.583005244258363	('basr', 'flij')	False												basr	flij	28	4	0	1	82	0.1604866632658993	0.479641612742659
557	538	547	(538, 557)	547.3333333333334	547.0	9.504384952922168	('mlra', 'flij')	False												mlra	flij	28	4	0	1	82	0.1604866632658993	0.479641612742659
554	549	541	(541, 554)	548.0	549.0	6.557438524302	('mlra', 'flhd')	False												mlra	flhd	28	4	0	1	82	0.1604866632658993	0.479641612742659
562	566	528	(528, 566)	552.0	562.0	20.8806130178211	('mlra', 'flig')	False												mlra	flig	28	4	0	1	82	0.1604866632658993	0.479641612742659
4	3	0	(0, 4)	2.3333333333333335	3.0	2.0816659994661326	('stpa', 'cadc')	False												stpa	cadc	30	4	0	1	18	0.43893217391882905	0.6111111111111109
0	6	2	(0, 6)	2.6666666666666665	2.0	3.055050463303893	('cadc', 'ssrs')	False												cadc	ssrs	30	4	0	1	18	0.43893217391882905	0.6111111111111109
1	1	6	(1, 6)	2.6666666666666665	1.0	2.886751345948129	('stpa', 'bglf')	True	2746.0	('stpa', 'bglf')	0.0	[(0, 0.62348676925487689, 2.3238595183108645e-15), (10, 0.50680330321354694, 3.5959093496346108e-05), (20, 0.48256954122050705, 0.00014380247343208266), (30, 0.55632954025482995, 4.7202541441862889e-07), (60, 0.21843307084540728, 0.22199798034725077), (90, 0.35314687419380159, 0.17968726103678698)]	['-']	stpa	bglf	stpa	30.0	bglf	30.0	stpa	bglf	30	4	0	1	18	0.43893217391882905	0.6111111111111109
2	4	5	(2, 5)	3.6666666666666665	4.0	1.5275252316519465	('stpa', 'cada')	False												stpa	cada	30	4	0	1	18	0.43893217391882905	0.6111111111111109
3	2	11	(2, 11)	5.333333333333333	3.0	4.932882862316247	('stpa', 'ssrs')	True	2748.0	('stpa', 'ssrs')		[(0, -0.003677065563283885, 0.9668811766818477), (10, 0.082538237763925215, 0.53068513658760252), (20, 0.15163244208807797, 0.26018131571050296), (30, 0.15784277254179269, 0.18862500811769123), (60, 0.18085848892060213, 0.31382428388798378), (90, 0.30596109866710292, 0.24912623230774081)]	['-']	stpa	ssrs	stpa	30.0	ssrs	30.0	stpa	ssrs	30	4	0	1	18	0.43893217391882905	0.6111111111111109
6	0	14	(0, 14)	6.666666666666667	6.0	7.023769168568492	('stpa', 'bglj')	False												stpa	bglj	30	4	0	1	18	0.43893217391882905	0.6111111111111109
8	5	12	(5, 12)	8.333333333333334	8.0	3.5118845842842465	('stpa', 'dsra')	False												stpa	dsra	30	4	0	1	18	0.43893217391882905	0.6111111111111109
15	10	7	(7, 15)	10.666666666666666	10.0	4.041451884327381	('leuo', 'leub')	True	1925.0	('leuo', 'leub')		[(0, 0.11104966863495866, 0.20845447451252963), (10, 0.19899292754304204, 0.12744459697681451), (20, 0.036283116247103973, 0.7887371235323638), (30, 0.0063331254844490774, 0.95819629773246784), (60, -0.030803272259378445, 0.86487759173537548), (90, -0.099721839541431823, 0.71328450075909822)]	['+']	leuo	leub	leuo	30.0	leub	30.0	leuo	leub	30	4	0	1	18	0.43893217391882905	0.6111111111111109
7	14	13	(7, 14)	11.333333333333334	13.0	3.7859388972001824	('cadc', 'stpa')	False												cadc	stpa	30	4	0	1	18	0.43893217391882905	0.6111111111111109
12	12	16	(12, 16)	13.333333333333334	12.0	2.3094010767585034	('leuo', 'leul')	True	1928.0	('leuo', 'leul')		[(0, 0.21524620627881405, 0.013917675232072607), (10, 0.35062976776262744, 0.0060212717614252552), (20, 0.28300459315620796, 0.032914786622929661), (30, -0.011415724220958365, 0.92472288849036799), (60, 0.18418285704944681, 0.30486098493318792), (90, -0.026391372181834582, 0.92271190881243814)]	['+']	leuo	leul	leuo	30.0	leul	30.0	leuo	leul	30	4	0	1	18	0.43893217391882905	0.6111111111111109
10	9	23	(9, 23)	14.0	10.0	7.810249675906654	('stpa', 'bglb')	True	2745.0	('stpa', 'bglb')	0.0	[(0, 0.53670570972482823, 4.6397844885631255e-11), (10, 0.52369171158962247, 1.7563159359065282e-05), (20, 0.45118596414670642, 0.00042757424185574481), (30, 0.54604843563134531, 8.4206424920144642e-07), (60, 0.34458427959936316, 0.049556447785385198), (90, 0.30267477840608925, 0.25450559648600651)]	['-']	stpa	bglb	stpa	30.0	bglb	30.0	stpa	bglb	30	4	0	1	18	0.43893217391882905	0.6111111111111109
9	30	8	(8, 30)	15.666666666666666	9.0	12.423096769056148	('cadc', 'cada')	True	912.0	('cadc', 'cada')		[(0, 0.27876301477745086, 0.0013199806751484444), (10, 0.34495724601100314, 0.0069503113646939459), (20, 0.29624612663525218, 0.025250696847864205), (30, 0.2818830274901355, 0.017240383255135293), (60, 0.43181314047602287, 0.012096294292093485), (90, 0.48861867044464241, 0.054795904871663699)]	['+']	cadc	cada	cadc	30.0	cada	30.0	cadc	cada	30	4	0	1	18	0.43893217391882905	0.6111111111111109
13	19	17	(13, 19)	16.333333333333332	17.0	3.0550504633038935	('leuo', 'bglg')	True	1922.0	('leuo', 'bglg')	0.0	[(0, 0.38065904774363096, 7.9086764564215102e-06), (10, 0.21404541628951423, 0.1005474686826654), (20, 0.27623703782259801, 0.037525442052411463), (30, 0.23621612819297216, 0.047342219683634508), (60, -0.035131910049537446, 0.8461011693355186), (90, -0.010105017148353261, 0.97037190407066165)]	['+']	leuo	bglg	leuo	30.0	bglg	30.0	leuo	bglg	30	4	0	1	18	0.43893217391882905	0.6111111111111109
5	7	39	(5, 39)	17.0	7.0	19.078784028338912	('stpa', 'cadb')	False												stpa	cadb	30	4	0	1	18	0.43893217391882905	0.6111111111111109
18	17	20	(17, 20)	18.333333333333332	18.0	1.5275252316519465	('leuo', 'leua')	True	1924.0	('leuo', 'leua')		[(0, 0.1422459677034878, 0.10643855907916928), (10, 0.3084505927647791, 0.016495124954442532), (20, 0.08540076154400647, 0.52762689837129817), (30, -0.10895709469554403, 0.36573589821876984), (60, -0.01914354919579777, 0.91578823025427636), (90, -0.2919622358860835, 0.27253485554895079)]	['+']	leuo	leua	leuo	30.0	leua	30.0	leuo	leua	30	4	0	1	18	0.43893217391882905	0.6111111111111109
27	27	3	(3, 27)	19.0	27.0	13.856406460551018	('stpa', 'leuo')	True	197.0	('stpa', 'leuo')	0.0	[(0, 0.52446435193437735, 1.5086537898713837e-10), (10, 0.40974156685394236, 0.0011496012084384482), (20, 0.48701426235602352, 0.0001221735769246963), (30, 0.26563772214928166, 0.025158265434249951), (60, 0.035427428749545638, 0.84482219669971337), (90, 0.13772682503951189, 0.61099465296969857)]	['-']	stpa	leuo	stpa	30.0	leuo	30.0	stpa	leuo	30	4	0	1	18	0.43893217391882905	0.6111111111111109
38	20	1	(1, 38)	19.666666666666668	20.0	18.502252115170556	('stpa', 'leul')	False												stpa	leul	30	4	0	1	18	0.43893217391882905	0.6111111111111109
20	8	33	(8, 33)	20.333333333333332	20.0	12.503332889007368	('cadc', 'bglg')	False												cadc	bglg	30	4	0	1	18	0.43893217391882905	0.6111111111111109
28	23	10	(10, 28)	20.333333333333332	23.0	9.29157324317757	('leuo', 'cadb')	False												leuo	cadb	30	4	0	1	18	0.43893217391882905	0.6111111111111109
22	18	21	(18, 22)	20.333333333333332	21.0	2.081665999466133	('stpa', 'bglg')	True	2747.0	('stpa', 'bglg')		[(0, 0.28179616871646779, 0.0011620983655365046), (10, 0.10509340340162851, 0.42420798427339002), (20, 0.18772533179513401, 0.16200416471540072), (30, 0.23151491811520314, 0.052060340240012784), (60, 0.033209286578916253, 0.85443134813135724), (90, 0.083065835423462811, 0.7597267897645299)]	['-']	stpa	bglg	stpa	30.0	bglg	30.0	stpa	bglg	30	4	0	1	18	0.43893217391882905	0.6111111111111109
19	21	25	(19, 25)	21.666666666666668	21.0	3.055050463303893	('cadc', 'dsra')	False												cadc	dsra	30	4	0	1	18	0.43893217391882905	0.6111111111111109
16	22	29	(16, 29)	22.333333333333332	22.0	6.506407098647712	('cadc', 'bglf')	False												cadc	bglf	30	4	0	1	18	0.43893217391882905	0.6111111111111109
26	35	9	(9, 35)	23.333333333333332	26.0	13.203534880225572	('leuo', 'bglf')	True	1921.0	('leuo', 'bglf')	0.0	[(0, 0.50147597690787005, 1.2214776631719652e-09), (10, 0.4848539405661213, 8.639626911757106e-05), (20, 0.44235711244036741, 0.00057036948333258493), (30, 0.40105416895629359, 0.00052810773526091811), (60, -0.15902537059879579, 0.37672266285017264), (90, 0.21231928036522252, 0.42984917761987873)]	['+']	leuo	bglf	leuo	30.0	bglf	30.0	leuo	bglf	30	4	0	1	18	0.43893217391882905	0.6111111111111109
21	32	18	(18, 32)	23.666666666666668	21.0	7.371114795831994	('cadc', 'cadb')	True	913.0	('cadc', 'cadb')		[(0, 0.23935379892147074, 0.0060939874111922074), (10, 0.27568741383779372, 0.033002731780078239), (20, 0.25221048971901544, 0.058399863601704224), (30, 0.16115178805596703, 0.17940786891668231), (60, 0.41003060105842548, 0.017793192935326652), (90, 0.35780507741412071, 0.17361344236456144)]	['+']	cadc	cadb	cadc	30.0	cadb	30.0	cadc	cadb	30	4	0	1	18	0.43893217391882905	0.6111111111111109
23	11	37	(11, 37)	23.666666666666668	23.0	13.012814197295423	('leuo', 'bglb')	True	1920.0	('leuo', 'bglb')	0.0	[(0, 0.42589314953195134, 4.3784629361005395e-07), (10, 0.47516007762050794, 0.00012489695711790023), (20, 0.45056037266493293, 0.00043650626741962163), (30, 0.33693613422956714, 0.0040632966168457994), (60, 0.00049535643119428597, 0.9978170869814732), (90, -0.079583310347152547, 0.76954101875880987)]	['+']	leuo	bglb	leuo	30.0	bglb	30.0	leuo	bglb	30	4	0	1	18	0.43893217391882905	0.6111111111111109
11	36	24	(11, 36)	23.666666666666668	24.0	12.503332889007368	('cadc', 'bglj')	False												cadc	bglj	30	4	0	1	18	0.43893217391882905	0.6111111111111109
25	16	31	(16, 31)	24.0	25.0	7.54983443527075	('cadc', 'bglb')	False												cadc	bglb	30	4	0	1	18	0.43893217391882905	0.6111111111111109
14	34	28	(14, 34)	25.333333333333332	28.0	10.263202878893768	('leuo', 'leuc')	True	1926.0	('leuo', 'leuc')		[(0, 0.13684593615094162, 0.12053606642969077), (10, 0.20617522994417428, 0.11400063750664394), (20, 0.060746082642251155, 0.65352024828768784), (30, 0.0098263725994142022, 0.93517891747544912), (60, -0.17169347739212207, 0.33937864045748578), (90, -0.051051300871985894, 0.85106341382590089)]	['+']	leuo	leuc	leuo	30.0	leuc	30.0	leuo	leuc	30	4	0	1	18	0.43893217391882905	0.6111111111111109
30	42	4	(4, 42)	25.333333333333332	30.0	19.42506971244462	('leuo', 'stpa')	False												leuo	stpa	30	4	0	1	18	0.43893217391882905	0.6111111111111109
37	15	32	(15, 37)	28.0	32.0	11.532562594670797	('cadc', 'leub')	False												cadc	leub	30	4	0	1	18	0.43893217391882905	0.6111111111111109
29	26	30	(26, 30)	28.333333333333332	29.0	2.081665999466133	('leuo', 'ssrs')	False												leuo	ssrs	30	4	0	1	18	0.43893217391882905	0.6111111111111109
17	25	44	(17, 44)	28.666666666666668	25.0	13.868429375143146	('leuo', 'leud')	True	1927.0	('leuo', 'leud')		[(0, 0.070141558170970369, 0.42778357074997253), (10, 0.29937544353686818, 0.020139212642847341), (20, 0.15527202421000022, 0.24877998214967667), (30, 0.021448829737835903, 0.85908152738022681), (60, 0.044168374585591814, 0.8071815436873353), (90, -0.23287959499794719, 0.3854051758002246)]	['+']	leuo	leud	leuo	30.0	leud	30.0	leuo	leud	30	4	0	1	18	0.43893217391882905	0.6111111111111109
36	13	38	(13, 38)	29.0	36.0	13.892443989449804	('stpa', 'leua')	False												stpa	leua	30	4	0	1	18	0.43893217391882905	0.6111111111111109
31	44	15	(15, 44)	30.0	31.0	14.52583904633395	('leuo', 'bglj')	True	135.0	('leuo', 'bglj')	20.0	[(0, 0.23097548078418015, 0.0081946674009779306), (10, 0.5141822224067627, 2.6415833976525141e-05), (20, 0.54552735565262067, 1.141755850337092e-05), (30, 0.43516122519430039, 0.00014914634742587451), (60, -0.10714162542802209, 0.55287185006953499), (90, 0.17079564347427764, 0.52710040006351622)]	['+']	leuo	bglj	leuo	30.0	bglj	30.0	leuo	bglj	30	4	0	1	18	0.43893217391882905	0.6111111111111109
41	31	19	(19, 41)	30.333333333333332	31.0	11.015141094572204	('stpa', 'leuc')	False												stpa	leuc	30	4	0	1	18	0.43893217391882905	0.6111111111111109
24	33	35	(24, 35)	30.666666666666668	33.0	5.8594652770823155	('leuo', 'dsra')	True	1923.0	('leuo', 'dsra')		[(0, -0.044033825646952615, 0.61886805910427523), (10, 0.24039143368718185, 0.064295412808201863), (20, 0.42025608185726815, 0.0011351108915763463), (30, 0.15533863585897606, 0.19582380316346096), (60, -0.28403585116792546, 0.10916903901880727), (90, 0.37819450406445349, 0.14863651454849053)]	['-']	leuo	dsra	leuo	30.0	dsra	30.0	leuo	dsra	30	4	0	1	18	0.43893217391882905	0.6111111111111109
32	39	27	(27, 39)	32.666666666666664	32.0	6.027713773341708	('leuo', 'cada')	False												leuo	cada	30	4	0	1	18	0.43893217391882905	0.6111111111111109
34	28	36	(28, 36)	32.666666666666664	34.0	4.163331998932266	('stpa', 'leub')	False												stpa	leub	30	4	0	1	18	0.43893217391882905	0.6111111111111109
42	38	22	(22, 42)	34.0	38.0	10.583005244258363	('cadc', 'leul')	False												cadc	leul	30	4	0	1	18	0.43893217391882905	0.6111111111111109
40	37	26	(26, 40)	34.333333333333336	37.0	7.371114795831994	('cadc', 'leuc')	False												cadc	leuc	30	4	0	1	18	0.43893217391882905	0.6111111111111109
39	24	42	(24, 42)	35.0	39.0	9.643650760992955	('cadc', 'leua')	False												cadc	leua	30	4	0	1	18	0.43893217391882905	0.6111111111111109
33	40	40	(33, 40)	37.666666666666664	40.0	4.041451884327381	('cadc', 'leuo')	False												cadc	leuo	30	4	0	1	18	0.43893217391882905	0.6111111111111109
43	29	41	(29, 43)	37.666666666666664	41.0	7.571877794400365	('stpa', 'leud')	False												stpa	leud	30	4	0	1	18	0.43893217391882905	0.6111111111111109
44	41	34	(34, 44)	39.666666666666664	41.0	5.131601439446884	('cadc', 'leud')	False												cadc	leud	30	4	0	1	18	0.43893217391882905	0.6111111111111109
35	43	43	(35, 43)	40.333333333333336	43.0	4.618802153517006	('leuo', 'cadc')	True	136.0	('leuo', 'cadc')		[(0, 0.063815756401530879, 0.47071274476954228), (10, 0.19981616871091271, 0.12584534522909718), (20, 0.25939565458978808, 0.051355044756993914), (30, 0.14420880150945187, 0.23020148003151628), (60, 0.063768526094880498, 0.72442083455840567), (90, -0.1948958164193364, 0.46947908665175264)]	['-']	leuo	cadc	leuo	30.0	cadc	30.0	leuo	cadc	30	4	0	1	18	0.43893217391882905	0.6111111111111109
1	2	3	(1, 3)	2.0	2.0	1.0	('exur', 'uxac')	True	1146.0	('exur', 'uxac')	0.0	[(0, 0.6664361958844951, 4.9838921554350891e-18), (10, 0.70798358013706686, 2.5132390939501774e-10), (20, 0.53849875238232414, 1.5541494082725653e-05), (30, 0.31285810803806929, 0.0078970465296384837), (60, 0.32156228210079907, 0.068028633001825475), (90, 0.3614050394733086, 0.16901385518746034)]	['-']	exur	uxac	exur	34.0	uxac	34.0	exur	uxac	34	4	0	1	16	0.4217833993449944	0.49687499999999996
0	1	7	(0, 7)	2.6666666666666665	1.0	3.785938897200183	('uxur', 'uxab')	False												uxur	uxab	34	4	0	1	16	0.4217833993449944	0.49687499999999996
2	0	10	(0, 10)	4.0	2.0	5.291502622129181	('uidr', 'uxub')	False												uidr	uxub	34	4	0	1	16	0.4217833993449944	0.49687499999999996
5	12	8	(5, 12)	8.333333333333334	8.0	3.5118845842842465	('uxur', 'uidb')	True	2810.0	('uxur', 'uidb')	10.0	[(0, 0.36587782357640153, 1.8626339006113574e-05), (10, 0.53164193733264231, 1.2367040435219524e-05), (20, 0.45389384710795944, 0.000390793628812286), (30, 0.37363734629741213, 0.0013294961173716134), (60, 0.051382922399220474, 0.77642676940010724), (90, -0.42313496824250807, 0.10246301970634783)]	['-']	uxur	uidb	uxur	34.0	uidb	34.0	uxur	uidb	34	4	0	1	16	0.4217833993449944	0.49687499999999996
11	7	9	(7, 11)	9.0	9.0	2.0	('exur', 'uidb')	False												exur	uidb	34	4	0	1	16	0.4217833993449944	0.49687499999999996
12	9	6	(6, 12)	9.0	9.0	3.0	('uxur', 'uxub')	True	2813.0	('uxur', 'uxub')		[(0, 0.23497956972706674, 0.0071218602447197677), (10, -0.026133417742548022, 0.84288538449102479), (20, -0.028968561283347401, 0.83061935046636548), (30, 0.18612653092882556, 0.1201590090536913), (60, 0.043675093711837684, 0.80929529252302979), (90, -0.16632579158573915, 0.53812686455432557)]	['-']	uxur	uxub	uxur	34.0	uxub	34.0	uxur	uxub	34	4	0	1	16	0.4217833993449944	0.49687499999999996
16	8	5	(5, 16)	9.666666666666666	8.0	5.686240703077327	('uxur', 'uida')	True	2809.0	('uxur', 'uida')	0.0	[(0, 0.52422844928548296, 1.5426185454265707e-10), (10, 0.70997271806705164, 2.1265001349726977e-10), (20, 0.70853789283921242, 7.0039241058603087e-10), (30, 0.57461358985083899, 1.6049281847430847e-07), (60, 0.25966272099319149, 0.14448280452605311), (90, -0.40969238194487551, 0.11503957244721605)]	['-']	uxur	uida	uxur	34.0	uida	34.0	uxur	uida	34	4	0	1	16	0.4217833993449944	0.49687499999999996
3	10	20	(3, 20)	11.0	10.0	8.54400374531753	('uidr', 'uxua')	False												uidr	uxua	34	4	0	1	16	0.4217833993449944	0.49687499999999996
19	13	2	(2, 19)	11.333333333333334	13.0	8.621678104251709	('exur', 'uida')	False												exur	uida	34	4	0	1	16	0.4217833993449944	0.49687499999999996
4	5	25	(4, 25)	11.333333333333334	5.0	11.846237095944574	('exur', 'uxaa')	True	1144.0	('exur', 'uxaa')	10.0	[(0, 0.41343397534574994, 1.0140595515318123e-06), (10, 0.66344235562499232, 7.6159217031103298e-09), (20, 0.3893429565700896, 0.0027585007776572282), (30, 0.27670040939929536, 0.019494228542266054), (60, 0.082313286856128584, 0.64882471197877922), (90, 0.13851930098092899, 0.60892428160924206)]	['-']	exur	uxaa	exur	34.0	uxaa	34.0	exur	uxaa	34	4	0	1	16	0.4217833993449944	0.49687499999999996
26	4	4	(4, 26)	11.333333333333334	4.0	12.701705922171767	('uxur', 'exur')	False												uxur	exur	34	4	0	1	16	0.4217833993449944	0.49687499999999996
23	3	12	(3, 23)	12.666666666666666	12.0	10.016652800877813	('exur', 'uxab')	True	1145.0	('exur', 'uxab')		[(0, 0.23720132749507089, 0.0065820055675500054), (10, 0.49628904084231018, 5.5132736998447493e-05), (20, 0.30693222115608876, 0.020216153951675326), (30, 0.22358658221268962, 0.060883889114909974), (60, 0.0055620046480180287, 0.97549325940822984), (90, -0.23396564372546175, 0.3831294914357723)]	['-']	exur	uxab	exur	34.0	uxab	34.0	exur	uxab	34	4	0	1	16	0.4217833993449944	0.49687499999999996
9	19	14	(9, 19)	14.0	14.0	5.0	('exur', 'uidr')	False												exur	uidr	34	4	0	1	16	0.4217833993449944	0.49687499999999996
8	6	29	(6, 29)	14.333333333333334	8.0	12.741009902410928	('uxur', 'uidc')	True	2811.0	('uxur', 'uidc')	0.0	[(0, 0.40159432322981237, 2.1843752118926861e-06), (10, 0.54754266206776525, 5.9672218315124849e-06), (20, 0.46184215653105776, 0.00029881267924092997), (30, 0.40090192394159074, 0.00053093988301597904), (60, 0.20976218495155524, 0.24134958308455634), (90, -0.3123531954156018, 0.23886674703792621)]	['-']	uxur	uidc	uxur	34.0	uidc	34.0	uxur	uidc	34	4	0	1	16	0.4217833993449944	0.49687499999999996
10	23	17	(10, 23)	16.666666666666668	17.0	6.506407098647712	('uidr', 'gntp')	False												uidr	gntp	34	4	0	1	16	0.4217833993449944	0.49687499999999996
17	18	16	(16, 18)	17.0	17.0	1.0	('exur', 'uidc')	False												exur	uidc	34	4	0	1	16	0.4217833993449944	0.49687499999999996
28	26	0	(0, 28)	18.0	26.0	15.620499351813308	('uidr', 'uidb')	True	2797.0	('uidr', 'uidb')		[(0, -0.053599929539805122, 0.54473629595890671), (10, 0.020388606629399755, 0.87711831524354189), (20, 0.055695693738942204, 0.68070808473510369), (30, 0.070121739686919052, 0.56118344002934173), (60, 0.41476744021462453, 0.016394408128578078), (90, 0.31550098555116651, 0.23391326496027701)]	['-']	uidr	uidb	uidr	34.0	uidb	34.0	uidr	uidb	34	4	0	1	16	0.4217833993449944	0.49687499999999996
13	14	28	(13, 28)	18.333333333333332	14.0	8.386497083606084	('uxur', 'uxac')	False												uxur	uxac	34	4	0	1	16	0.4217833993449944	0.49687499999999996
18	22	15	(15, 22)	18.333333333333332	18.0	3.5118845842842465	('uidr', 'uida')	True	2796.0	('uidr', 'uida')		[(0, 0.1136317117241113, 0.19800318395677677), (10, 0.24858988952903646, 0.055461118480989155), (20, 0.2125581024273008, 0.11241650286035228), (30, 0.028831263259121852, 0.81135836986831911), (60, 0.54863175961483235, 0.00094678393006248013), (90, 0.60433891902293169, 0.013153813173767607)]	['-']	uidr	uida	uidr	34.0	uida	34.0	uidr	uida	34	4	0	1	16	0.4217833993449944	0.49687499999999996
35	21	1	(1, 35)	19.0	21.0	17.08800749063506	('uidr', 'uxur')	False												uidr	uxur	34	4	0	1	16	0.4217833993449944	0.49687499999999996
7	30	21	(7, 30)	19.333333333333332	21.0	11.590225767142474	('uidr', 'exur')	False												uidr	exur	34	4	0	1	16	0.4217833993449944	0.49687499999999996
6	20	34	(6, 34)	20.0	20.0	14.0	('exur', 'gntp')	False												exur	gntp	34	4	0	1	16	0.4217833993449944	0.49687499999999996
22	27	11	(11, 27)	20.0	22.0	8.18535277187245	('uxur', 'gntp')	True	2808.0	('uxur', 'gntp')	0.0	[(0, 0.45111312653340613, 7.1905094059384611e-08), (10, 0.5419864309594804, 7.7303566155686797e-06), (20, 0.47194171222866071, 0.00021045275649170635), (30, 0.22808133386324644, 0.055743874908468195), (60, -0.39434693948611133, 0.023152237974675041), (90, -0.25100772110338776, 0.34838828850791437)]	['-']	uxur	gntp	uxur	34.0	gntp	34.0	uxur	gntp	34	4	0	1	16	0.4217833993449944	0.49687499999999996
14	25	22	(14, 25)	20.333333333333332	22.0	5.686240703077327	('uidr', 'exut')	False												uidr	exut	34	4	0	1	16	0.4217833993449944	0.49687499999999996
20	17	24	(17, 24)	20.333333333333332	20.0	3.5118845842842465	('exur', 'uxub')	True	1148.0	('exur', 'uxub')		[(0, 0.029039145802808867, 0.74293541423762477), (10, -0.051215355818669886, 0.69755548721349503), (20, -0.15250829615174663, 0.25740602774408716), (30, -0.053571092039836843, 0.65725618248349826), (60, -0.16649247295666292, 0.3544282366773075), (90, 0.13184813595205552, 0.62643843356987694)]	['-']	exur	uxub	exur	34.0	uxub	34.0	exur	uxub	34	4	0	1	16	0.4217833993449944	0.49687499999999996
33	11	18	(11, 33)	20.666666666666668	18.0	11.239810200058244	('uxur', 'uidr')	False												uxur	uidr	34	4	0	1	16	0.4217833993449944	0.49687499999999996
30	15	19	(15, 30)	21.333333333333332	19.0	7.767453465154029	('uxur', 'uxaa')	False												uxur	uxaa	34	4	0	1	16	0.4217833993449944	0.49687499999999996
21	16	31	(16, 31)	22.666666666666668	21.0	7.637626158259733	('uxur', 'uxua')	True	2812.0	('uxur', 'uxua')		[(0, -0.00030115435115050417, 0.99728677919367936), (10, -0.16517805861550719, 0.20722485749309211), (20, -0.25797552805589896, 0.052689647786049731), (30, -0.19182776502363028, 0.1090227692738831), (60, -0.19330569343195214, 0.28110248626282197), (90, -0.20966463477879504, 0.43577293416942942)]	['-']	uxur	uxua	uxur	34.0	uxua	34.0	uxur	uxua	34	4	0	1	16	0.4217833993449944	0.49687499999999996
15	32	27	(15, 32)	24.666666666666668	27.0	8.736894948054106	('uxur', 'exut')	False												uxur	exut	34	4	0	1	16	0.4217833993449944	0.49687499999999996
34	28	13	(13, 34)	25.0	28.0	10.816653826391969	('exur', 'uxur')	True	74.0	('exur', 'uxur')		[(0, 0.18429376699969505, 0.035817619290528215), (10, 0.18150732022706409, 0.16515736435272158), (20, -0.030600055005431299, 0.82123257632895119), (30, -0.0002196417560445167, 0.99854953984001737), (60, 0.12072227952385634, 0.50336106849183304), (90, 0.38057307444936522, 0.14589101258068915)]	['-']	exur	uxur	exur	34.0	uxur	34.0	exur	uxur	34	4	0	1	16	0.4217833993449944	0.49687499999999996
27	29	23	(23, 29)	26.333333333333332	27.0	3.0550504633038935	('uidr', 'uxab')	False												uidr	uxab	34	4	0	1	16	0.4217833993449944	0.49687499999999996
31	24	26	(24, 31)	27.0	26.0	3.605551275463989	('exur', 'uxua')	True	1147.0	('exur', 'uxua')		[(0, 0.26311773348022127, 0.0024903684693132464), (10, 0.045306773329276968, 0.73104267473804807), (20, -0.013573724023299609, 0.92017479028682891), (30, 0.086659785734279418, 0.47238700003775524), (60, 0.022798812467084029, 0.89978304212198035), (90, 0.10553496663073461, 0.69728643285454994)]	['-']	exur	uxua	exur	34.0	uxua	34.0	exur	uxua	34	4	0	1	16	0.4217833993449944	0.49687499999999996
24	34	33	(24, 34)	30.333333333333332	33.0	5.507570547286101	('exur', 'exut')	True	1143.0	('exur', 'exut')	0.0	[(0, 0.46292897802958272, 2.9295006144905646e-08), (10, 0.43257418846139112, 0.00055694345743703916), (20, 0.4237479912009392, 0.0010212809944227222), (30, 0.28764126957165037, 0.015001965436483623), (60, 0.24028616382945653, 0.17799732261370399), (90, 0.31573099059876258, 0.23355387434557648)]	['-']	exur	exut	exur	34.0	exut	34.0	exur	exut	34	4	0	1	16	0.4217833993449944	0.49687499999999996
29	33	30	(29, 33)	30.666666666666668	30.0	2.0816659994661326	('uidr', 'uxac')	False												uidr	uxac	34	4	0	1	16	0.4217833993449944	0.49687499999999996
25	35	32	(25, 35)	30.666666666666668	32.0	5.131601439446884	('uidr', 'uxaa')	False												uidr	uxaa	34	4	0	1	16	0.4217833993449944	0.49687499999999996
32	31	35	(31, 35)	32.666666666666664	32.0	2.0816659994661326	('uidr', 'uidc')	True	2798.0	('uidr', 'uidc')		[(0, -0.0022618328226211536, 0.97962438764182969), (10, 0.27823848432021381, 0.031350704079249378), (20, 0.30357036632614082, 0.021699036941666302), (30, 0.011506595096981221, 0.92412543431840288), (60, 0.20064721683635239, 0.2628757322935269), (90, 0.402657891289535, 0.12203295589107306)]	['-']	uidr	uidc	uidr	34.0	uidc	34.0	uidr	uidc	34	4	0	1	16	0.4217833993449944	0.49687499999999996
5	4	1	(1, 5)	3.3333333333333335	4.0	2.0816659994661326	('chbr', 'ybfn')	False												chbr	ybfn	37	4	0	1	44	0.4136934920157047	0.6281818181818181
1	0	16	(0, 16)	5.666666666666667	1.0	8.962886439832502	('chbr', 'chba')	True	942.0	('chbr', 'chba')	0.0	[(0, 0.6450365572464456, 1.2031504502305604e-16), (10, 0.31701232059101447, 0.013589703761293113), (20, 0.35942354049832687, 0.0060347938575407026), (30, 0.1474857407329829, 0.21967093210246524), (60, 0.25476866559758327, 0.15247657632773878), (90, 0.72393217346219652, 0.0015207054222281212)]	['+']	chbr	chba	chbr	37.0	chba	37.0	chbr	chba	37	4	0	1	44	0.4136934920157047	0.6281818181818181
3	13	5	(3, 13)	7.0	5.0	5.291502622129181	('chbr', 'dini')	False												chbr	dini	37	4	0	1	44	0.4136934920157047	0.6281818181818181
2	2	23	(2, 23)	9.0	2.0	12.12435565298214	('chbr', 'chbg')	True	946.0	('chbr', 'chbg')	0.0	[(0, 0.51879673474295962, 2.5635906241324627e-10), (10, 0.48447770422684228, 8.7659085651942552e-05), (20, 0.42126171166892074, 0.0011012139213378844), (30, 0.237320210606249, 0.046286746949101037), (60, 0.090173155027174309, 0.61774372012505741), (90, 0.23840060454624684, 0.37391278675908096)]	['+']	chbr	chbg	chbr	37.0	chbg	37.0	chbr	chbg	37	4	0	1	44	0.4136934920157047	0.6281818181818181
8	3	18	(3, 18)	9.666666666666666	8.0	7.637626158259733	('malt', 'malq')	True	2064.0	('malt', 'malq')	0.0	[(0, 0.66579772977164453, 5.5013658152494095e-18), (10, 0.69393707534503457, 7.8719853093254377e-10), (20, 0.81631961916333817, 1.0085582983760042e-14), (30, 0.62996663905969563, 3.9558816046276035e-09), (60, 0.33797291782577288, 0.054394578996569583), (90, 0.20718161266399879, 0.44135131237986613)]	['+']	malt	malq	malt	37.0	malq	37.0	malt	malq	37	4	0	1	44	0.4136934920157047	0.6281818181818181
0	8	30	(0, 30)	12.666666666666666	8.0	15.53490693030806	('creb', 'crea')	False												creb	crea	37	4	0	1	44	0.4136934920157047	0.6281818181818181
7	7	32	(7, 32)	15.333333333333334	7.0	14.433756729740644	('chbr', 'chbf')	True	945.0	('chbr', 'chbf')	0.0	[(0, 0.58503674599102728, 2.6868058831538204e-13), (10, 0.30560729373816192, 0.017570735212033912), (20, 0.22233001089893883, 0.096463928930323378), (30, 0.094829400488886093, 0.43149339974841638), (60, -0.054298476589036589, 0.76408922655624789), (90, 0.065756979824041745, 0.80881685190629415)]	['+']	chbr	chbf	chbr	37.0	chbf	37.0	chbr	chbf	37	4	0	1	44	0.4136934920157047	0.6281818181818181
17	27	6	(6, 27)	16.666666666666668	17.0	10.503967504392488	('malt', 'glmu')	False												malt	glmu	37	4	0	1	44	0.4136934920157047	0.6281818181818181
11	17	24	(11, 24)	17.333333333333332	17.0	6.506407098647712	('malt', 'many')	False												malt	many	37	4	0	1	44	0.4136934920157047	0.6281818181818181
4	5	43	(4, 43)	17.333333333333332	5.0	22.233608194203057	('chbr', 'chbc')	True	944.0	('chbr', 'chbc')	10.0	[(0, 0.41208295470990131, 1.1085127283382341e-06), (10, 0.63996752324645201, 3.6849942640744747e-08), (20, 0.43550072566297465, 0.00070964754800070644), (30, 0.22777974468767082, 0.056077315169575377), (60, 0.084080478134551412, 0.64178326585155332), (90, -0.035663235423680023, 0.89567891629758789)]	['+']	chbr	chbc	chbr	37.0	chbc	37.0	chbr	chbc	37	4	0	1	44	0.4136934920157047	0.6281818181818181
6	20	29	(6, 29)	18.333333333333332	20.0	11.590225767142472	('creb', 'ptsh')	False												creb	ptsh	37	4	0	1	44	0.4136934920157047	0.6281818181818181
12	9	35	(9, 35)	18.666666666666668	12.0	14.224392195567912	('malt', 'malg')	True	2060.0	('malt', 'malg')	0.0	[(0, 0.66761779799624821, 4.1485074182916195e-18), (10, 0.53705745490106294, 9.6888804475618636e-06), (20, 0.69422294974273957, 2.1172023178740677e-09), (30, 0.51082787551063191, 5.3224558782307636e-06), (60, 0.29150622565157802, 0.099768505040672556), (90, 0.26140147898934113, 0.3281066187017011)]	['+']	malt	malg	malt	37.0	malg	37.0	malt	malg	37	4	0	1	44	0.4136934920157047	0.6281818181818181
10	12	37	(10, 37)	19.666666666666668	12.0	15.044378795195676	('malt', 'manz')	False												malt	manz	37	4	0	1	44	0.4136934920157047	0.6281818181818181
9	14	41	(9, 41)	21.333333333333332	14.0	17.214335111567145	('malt', 'mals')	True	2065.0	('malt', 'mals')	0.0	[(0, 0.56224974028454877, 3.3816181492577367e-12), (10, 0.52789580155589455, 1.46057812767843e-05), (20, 0.6685563891189118, 1.3222305405215149e-08), (30, 0.50692419695387625, 6.4486243207522208e-06), (60, 0.23107636430358544, 0.19571966193861198), (90, 0.30661074155586182, 0.24807125626366844)]	['+']	malt	mals	malt	37.0	mals	37.0	malt	mals	37	4	0	1	44	0.4136934920157047	0.6281818181818181
21	11	34	(11, 34)	22.0	21.0	11.532562594670797	('malt', 'malz')	True	2066.0	('malt', 'malz')	20.0	[(0, 0.43841884912744661, 1.818003741335135e-07), (10, 0.67753106109028782, 2.7596937062775758e-09), (20, 0.71719793036742974, 3.4717568998663216e-10), (30, 0.47293171779674531, 3.1166775745918849e-05), (60, -0.237195770608113, 0.1838126497956073), (90, -0.19929850544373487, 0.45929961719293477)]	['+']	malt	malz	malt	37.0	malz	37.0	malt	malz	37	4	0	1	44	0.4136934920157047	0.6281818181818181
43	10	13	(10, 43)	22.0	13.0	18.24828759089466	('malt', 'feob')	False												malt	feob	37	4	0	1	44	0.4136934920157047	0.6281818181818181
18	30	27	(18, 30)	25.0	27.0	6.244997998398398	('creb', 'chbb')	False												creb	chbb	37	4	0	1	44	0.4136934920157047	0.6281818181818181
37	28	12	(12, 37)	25.666666666666668	28.0	12.662279942148386	('creb', 'cred')	True	998.0	('creb', 'cred')		[(0, 0.010838710672018664, 0.90258988674558538), (10, 0.070511608763966949, 0.59240217458684929), (20, 0.067808659400568641, 0.61624464241716048), (30, 0.026423356939827003, 0.82685777766734936), (60, -0.042774574545689462, 0.813157494287153), (90, 0.43726586396237371, 0.090323350624249371)]	['+']	creb	cred	creb	37.0	cred	37.0	creb	cred	37	4	0	1	44	0.4136934920157047	0.6281818181818181
16	25	38	(16, 38)	26.333333333333332	25.0	11.06044001535804	('creb', 'crec')	False												creb	crec	37	4	0	1	44	0.4136934920157047	0.6281818181818181
38	24	17	(17, 38)	26.333333333333332	24.0	10.692676621563626	('malt', 'feoa')	False												malt	feoa	37	4	0	1	44	0.4136934920157047	0.6281818181818181
25	21	36	(21, 36)	27.333333333333332	25.0	7.767453465154029	('nagc', 'nagb')	True	2239.0	('nagc', 'nagb')	0.0	[(0, 0.47462902474728719, 1.163686507208639e-08), (10, 0.16792076787125695, 0.19967584581256331), (20, -0.1938758378286731, 0.14844290375402516), (30, 0.22659494749741996, 0.057403000090451642), (60, 0.41156193850711387, 0.0173305151606537), (90, 0.77927122493014656, 0.0003731900894608758)]	['-']	nagc	nagb	nagc	37.0	nagb	37.0	nagc	nagb	37	4	0	1	44	0.4136934920157047	0.6281818181818181
23	58	3	(3, 58)	28.0	23.0	27.83882181415011	('creb', 'feoa')	False												creb	feoa	37	4	0	1	44	0.4136934920157047	0.6281818181818181
20	35	31	(20, 35)	28.666666666666668	31.0	7.767453465154029	('nagc', 'manx')	True	2235.0	('nagc', 'manx')	0.0	[(0, 0.49465753789447264, 2.2058260387972936e-09), (10, 0.28204221924985251, 0.029016163805873994), (20, -0.014288195197096251, 0.91598783882256363), (30, 0.045487544512254646, 0.7064139284914206), (60, 0.49778780652903942, 0.0032009926800089556), (90, 0.42191743622508521, 0.10356023429669181)]	['-']	nagc	manx	nagc	37.0	manx	37.0	nagc	manx	37	4	0	1	44	0.4136934920157047	0.6281818181818181
30	32	26	(26, 32)	29.333333333333332	30.0	3.0550504633038935	('nagc', 'manz')	True	2237.0	('nagc', 'manz')	0.0	[(0, 0.44692493716156156, 9.8057619355570003e-08), (10, 0.19929270730538523, 0.12686046334525306), (20, -0.11015391489979824, 0.4146684965704841), (30, 0.063273386837365733, 0.60013014990069102), (60, 0.33395672783792602, 0.057511711140539816), (90, 0.091179209048749085, 0.73699731166575466)]	['-']	nagc	manz	nagc	37.0	manz	37.0	nagc	manz	37	4	0	1	44	0.4136934920157047	0.6281818181818181
13	1	75	(1, 75)	29.666666666666668	13.0	39.71565602295061	('malt', 'malm')	True	2062.0	('malt', 'malm')	0.0	[(0, 0.66259211525284978, 9.001000919311707e-18), (10, 0.63358668266275586, 5.5287357751734596e-08), (20, 0.70533458370417745, 9.0222113251409903e-10), (30, 0.44761099914650904, 9.0833358815246222e-05), (60, 0.22612411863326132, 0.20574119894111037), (90, 0.24727142464596383, 0.3558479085977998)]	['+']	malt	malm	malt	37.0	malm	37.0	malt	malm	37	4	0	1	44	0.4136934920157047	0.6281818181818181
19	60	10	(10, 60)	29.666666666666668	19.0	26.652079343520896	('nagc', 'dini')	True	2228.0	('nagc', 'dini')		[(0, 0.30133537196491905, 0.00049414233873383291), (10, 0.3476393247950641, 0.0064964825631132978), (20, 0.3007513609785385, 0.023012466819616436), (30, 0.31293895286463458, 0.0078801270600161507), (60, 0.17027059590614713, 0.3434566025640754), (90, 0.010801888925453562, 0.96832958596963958)]	['-']	nagc	dini	nagc	37.0	dini	37.0	nagc	dini	37	4	0	1	44	0.4136934920157047	0.6281818181818181
40	67	2	(2, 67)	36.333333333333336	40.0	32.65475973473596	('nagc', 'tala')	False												nagc	tala	37	4	0	1	44	0.4136934920157047	0.6281818181818181
47	43	22	(22, 47)	37.333333333333336	43.0	13.428824718989125	('chbr', 'tala')	False												chbr	tala	37	4	0	1	44	0.4136934920157047	0.6281818181818181
45	48	21	(21, 48)	38.0	45.0	14.798648586948742	('creb', 'glms')	False												creb	glms	37	4	0	1	44	0.4136934920157047	0.6281818181818181
42	46	33	(33, 46)	40.333333333333336	42.0	6.6583281184793925	('chbr', 'crr')	False												chbr	crr	37	4	0	1	44	0.4136934920157047	0.6281818181818181
39	44	40	(39, 44)	41.0	40.0	2.6457513110645907	('nagc', 'malz')	False												nagc	malz	37	4	0	1	44	0.4136934920157047	0.6281818181818181
32	38	69	(32, 69)	46.333333333333336	38.0	19.857828011475306	('malt', 'nage')	False												malt	nage	37	4	0	1	44	0.4136934920157047	0.6281818181818181
29	31	82	(29, 82)	47.333333333333336	31.0	30.038863715748857	('malt', 'male')	True	2058.0	('malt', 'male')	0.0	[(0, 0.50036767120585346, 1.3458394606793825e-09), (10, 0.31602561113150979, 0.013900358110859642), (20, 0.40558449981290168, 0.0017482657599702885), (30, 0.4374073501343218, 0.00013657443552161658), (60, 0.40532281402291442, 0.01928047120835695), (90, 0.38124733783662779, 0.14511904415574034)]	['+']	malt	male	malt	37.0	male	37.0	malt	male	37	4	0	1	44	0.4136934920157047	0.6281818181818181
26	41	78	(26, 78)	48.333333333333336	41.0	26.764404221527766	('malt', 'manx')	False												malt	manx	37	4	0	1	44	0.4136934920157047	0.6281818181818181
92	36	19	(19, 92)	49.0	36.0	38.19685850956856	('malt', 'ptsi')	False												malt	ptsi	37	4	0	1	44	0.4136934920157047	0.6281818181818181
15	16	116	(15, 116)	49.0	16.0	58.02585630561603	('malt', 'malf')	True	2059.0	('malt', 'malf')	0.0	[(0, 0.62520805100414323, 1.8499137174353286e-15), (10, 0.51379978832656525, 2.6846197382743729e-05), (20, 0.64245003691160318, 7.1529360196665738e-08), (30, 0.44497499340073848, 0.00010105129208595822), (60, 0.26639787544261451, 0.13398709556817046), (90, 0.19694978568346422, 0.4647163770422994)]	['+']	malt	malf	malt	37.0	malf	37.0	malt	malf	37	4	0	1	44	0.4136934920157047	0.6281818181818181
41	15	92	(15, 92)	49.333333333333336	41.0	39.17056718166503	('malt', 'tala')	False												malt	tala	37	4	0	1	44	0.4136934920157047	0.6281818181818181
69	72	8	(8, 72)	49.666666666666664	69.0	36.11555528208494	('malt', 'crec')	False												malt	crec	37	4	0	1	44	0.4136934920157047	0.6281818181818181
52	94	4	(4, 94)	50.0	52.0	45.033320996790806	('nagc', 'malk')	False												nagc	malk	37	4	0	1	44	0.4136934920157047	0.6281818181818181
14	18	123	(14, 123)	51.666666666666664	18.0	61.8088451059663	('malt', 'malp')	True	2063.0	('malt', 'malp')	0.0	[(0, 0.54279691303356881, 2.5347272646198923e-11), (10, 0.37896210140131498, 0.0028273234894148993), (20, 0.46400664358720201, 0.00027743823301086247), (30, 0.49402822203001262, 1.1958047481970622e-05), (60, 0.4675719412759754, 0.0060752784551384633), (90, 0.42033912775831445, 0.10499487023832858)]	['+']	malt	malp	malt	37.0	malp	37.0	malt	malp	37	4	0	1	44	0.4136934920157047	0.6281818181818181
35	6	117	(6, 117)	52.666666666666664	35.0	57.570246945217576	('nagc', 'crec')	True	2225.0	('nagc', 'crec')		[(0, 0.013852366890125801, 0.87569932900624115), (10, 0.15562196884779655, 0.23509550121967357), (20, 0.067806643502317132, 0.61625515181811241), (30, -0.14593906535554432, 0.22459829630346245), (60, -0.58835456077445614, 0.0003167728294632979), (90, -0.41162693021767965, 0.11316644873702501)]	['-']	nagc	crec	nagc	37.0	crec	37.0	nagc	crec	37	4	0	1	44	0.4136934920157047	0.6281818181818181
76	33	50	(33, 76)	53.0	50.0	21.656407827707714	('creb', 'dini')	False												creb	dini	37	4	0	1	44	0.4136934920157047	0.6281818181818181
68	86	7	(7, 86)	53.666666666666664	68.0	41.40450861118066	('nagc', 'ybfn')	True	2243.0	('nagc', 'ybfn')		[(0, -0.10109512584438307, 0.25243128855615066), (10, 0.047393886479834509, 0.71915295346687835), (20, 0.072823663123023116, 0.5903413020877869), (30, 0.10371893724362309, 0.38936833741753063), (60, -0.15764926945593724, 0.38091908738752134), (90, 0.24138491453170072, 0.36778007618988112)]	['-']	nagc	ybfn	nagc	37.0	ybfn	37.0	nagc	ybfn	37	4	0	1	44	0.4136934920157047	0.6281818181818181
34	59	72	(34, 72)	55.0	59.0	19.313207915827967	('malt', 'lamb')	True	2057.0	('malt', 'lamb')	0.0	[(0, 0.46214537101844966, 3.1125381565362948e-08), (10, 0.24959226655265032, 0.054452110808700258), (20, 0.35688803162054239, 0.0064277172498389892), (30, 0.40942390017290103, 0.00039202533664823045), (60, 0.39261790987998252, 0.023816944185838535), (90, 0.41893497693233372, 0.10628291735072067)]	['+']	malt	lamb	malt	37.0	lamb	37.0	malt	lamb	37	4	0	1	44	0.4136934920157047	0.6281818181818181
85	71	11	(11, 85)	55.666666666666664	71.0	39.31072796748151	('nagc', 'chbf')	True	2222.0	('nagc', 'chbf')		[(0, 0.12317472002707364, 0.16266435526383194), (10, 0.097017324840878369, 0.46086288260043429), (20, 0.07843813054866107, 0.56193499348624165), (30, 0.11695007994224592, 0.33140608795037996), (60, -0.031494803846762023, 0.86187277529679429), (90, -0.19307631210785581, 0.4737180421892373)]	['-']	nagc	chbf	nagc	37.0	chbf	37.0	nagc	chbf	37	4	0	1	44	0.4136934920157047	0.6281818181818181
79	40	48	(40, 79)	55.666666666666664	48.0	20.5993527406405	('malt', 'ybfn')	False												malt	ybfn	37	4	0	1	44	0.4136934920157047	0.6281818181818181
27	22	119	(22, 119)	56.0	27.0	54.616847217685496	('nagc', 'cred')	True	2226.0	('nagc', 'cred')	0.0	[(0, -0.39721369691469582, 2.8802233737555034e-06), (10, -0.094551945856517536, 0.47238629929861697), (20, -0.064472708990105265, 0.63373916011514198), (30, -0.391860395020521, 0.00072616042578555547), (60, -0.27484391326052166, 0.12163123639501987), (90, -0.0063538238877334976, 0.98136817126488896)]	['-']	nagc	cred	nagc	37.0	cred	37.0	nagc	cred	37	4	0	1	44	0.4136934920157047	0.6281818181818181
91	39	42	(39, 91)	57.333333333333336	42.0	29.19474838619667	('chbr', 'chbb')	True	943.0	('chbr', 'chbb')		[(0, 0.13332302508063443, 0.13048449016188904), (10, 0.003279085073252655, 0.98016230111195835), (20, -0.041727739905897746, 0.75793604262034542), (30, 0.054582417144396225, 0.65120175050073525), (60, 0.21607759907934648, 0.22714699605563649), (90, 0.58865985628653805, 0.01644254032994737)]	['+']	chbr	chbb	chbr	37.0	chbb	37.0	chbr	chbb	37	4	0	1	44	0.4136934920157047	0.6281818181818181
55	98	20	(20, 98)	57.666666666666664	55.0	39.06831623366092	('nagc', 'malf')	False												nagc	malf	37	4	0	1	44	0.4136934920157047	0.6281818181818181
22	23	128	(22, 128)	57.666666666666664	23.0	60.912505557835445	('malt', 'malk')	True	2061.0	('malt', 'malk')	0.0	[(0, 0.57098837197177854, 1.310070895889644e-12), (10, 0.40035890988751094, 0.0015262630344112923), (20, 0.40579332855092926, 0.0017377855732173234), (30, 0.43417442901685344, 0.00015499941740284358), (60, 0.3950821902046287, 0.022874256051544136), (90, 0.40005643760023807, 0.12469228967980356)]	['+']	malt	malk	malt	37.0	malk	37.0	malt	malk	37	4	0	1	44	0.4136934920157047	0.6281818181818181
112	47	14	(14, 112)	57.666666666666664	47.0	49.86314604327863	('creb', 'chbf')	False												creb	chbf	37	4	0	1	44	0.4136934920157047	0.6281818181818181
70	51	52	(51, 70)	57.666666666666664	52.0	10.692676621563628	('creb', 'malz')	False												creb	malz	37	4	0	1	44	0.4136934920157047	0.6281818181818181
50	95	28	(28, 95)	57.666666666666664	50.0	34.15162270424838	('chbr', 'malz')	False												chbr	malz	37	4	0	1	44	0.4136934920157047	0.6281818181818181
58	64	54	(54, 64)	58.666666666666664	58.0	5.033222956847167	('malt', 'chbr')	False												malt	chbr	37	4	0	1	44	0.4136934920157047	0.6281818181818181
36	42	100	(36, 100)	59.333333333333336	42.0	35.3459097114975	('nagc', 'many')	True	2236.0	('nagc', 'many')	0.0	[(0, 0.42667674967124036, 4.1484793164918664e-07), (10, 0.089661877626692255, 0.49569296775321736), (20, -0.11605320848502797, 0.38996486521571649), (30, -0.012667519839679245, 0.91649642966825873), (60, 0.48351501797118879, 0.0043634147054473459), (90, 0.28930368148963903, 0.27712623666157837)]	['-']	nagc	many	nagc	37.0	many	37.0	nagc	many	37	4	0	1	44	0.4136934920157047	0.6281818181818181
54	26	101	(26, 101)	60.333333333333336	54.0	37.89898855290644	('malt', 'crea')	False												malt	crea	37	4	0	1	44	0.4136934920157047	0.6281818181818181
33	29	122	(29, 122)	61.333333333333336	33.0	52.57692776621066	('malt', 'glms')	False												malt	glms	37	4	0	1	44	0.4136934920157047	0.6281818181818181
116	70	0	(0, 116)	62.0	70.0	58.412327466040935	('nagc', 'chbg')	True	2223.0	('nagc', 'chbg')		[(0, 0.037199075623267241, 0.67435116589975164), (10, 0.057375276294942795, 0.6632452461113445), (20, 0.013047068836260741, 0.92326248528666577), (30, 0.056232385270152119, 0.64137226898114652), (60, 0.030239245396644444, 0.86732975751395791), (90, -0.38675324314338178, 0.13891907000708364)]	['-']	nagc	chbg	nagc	37.0	chbg	37.0	nagc	chbg	37	4	0	1	44	0.4136934920157047	0.6281818181818181
31	19	136	(19, 136)	62.0	31.0	64.36614016701638	('malt', 'nagb')	False												malt	nagb	37	4	0	1	44	0.4136934920157047	0.6281818181818181
62	79	45	(45, 79)	62.0	62.0	17.0	('nagc', 'creb')	True	158.0	('nagc', 'creb')		[(0, 0.18123354863724966, 0.039060995374836656), (10, 0.14456273690608634, 0.27045147531533714), (20, -0.19831973292045441, 0.13918240509355559), (30, -0.14318510730445011, 0.23356195017740985), (60, -0.13293413742642868, 0.46082681050825958), (90, -0.35240852848808885, 0.18066268771747657)]	['-']	nagc	creb	nagc	37.0	creb	37.0	nagc	creb	37	4	0	1	44	0.4136934920157047	0.6281818181818181
28	52	110	(28, 110)	63.333333333333336	52.0	42.15843134336634	('creb', 'ybfn')	False												creb	ybfn	37	4	0	1	44	0.4136934920157047	0.6281818181818181
48	84	60	(48, 84)	64.0	60.0	18.33030277982336	('malt', 'nagc')	False												malt	nagc	37	4	0	1	44	0.4136934920157047	0.6281818181818181
51	78	64	(51, 78)	64.33333333333333	64.0	13.503086067019394	('chbr', 'lamb')	False												chbr	lamb	37	4	0	1	44	0.4136934920157047	0.6281818181818181
100	92	9	(9, 100)	67.0	92.0	50.38849074937649	('chbr', 'nagb')	False												chbr	nagb	37	4	0	1	44	0.4136934920157047	0.6281818181818181
75	68	62	(62, 75)	68.33333333333333	68.0	6.506407098647712	('creb', 'chbg')	False												creb	chbg	37	4	0	1	44	0.4136934920157047	0.6281818181818181
95	87	25	(25, 95)	69.0	87.0	38.31448812133603	('chbr', 'crec')	False												chbr	crec	37	4	0	1	44	0.4136934920157047	0.6281818181818181
63	37	109	(37, 109)	69.66666666666667	63.0	36.460023770334175	('chbr', 'glmu')	False												chbr	glmu	37	4	0	1	44	0.4136934920157047	0.6281818181818181
67	88	55	(55, 88)	70.0	67.0	16.703293088490067	('nagc', 'chbc')	True	2221.0	('nagc', 'chbc')		[(0, 0.090065128312638632, 0.30817674609144152), (10, 0.090389135304972557, 0.4921893651620558), (20, 0.18877264763159765, 0.15963290677570929), (30, 0.075922715051900388, 0.52915913355650246), (60, 0.11592057704846592, 0.52060841702791505), (90, 0.15504099355756559, 0.56641249257300352)]	['-']	nagc	chbc	nagc	37.0	chbc	37.0	nagc	chbc	37	4	0	1	44	0.4136934920157047	0.6281818181818181
71	75	67	(67, 75)	71.0	71.0	4.0	('nagc', 'mals')	False												nagc	mals	37	4	0	1	44	0.4136934920157047	0.6281818181818181
44	61	112	(44, 112)	72.33333333333333	61.0	35.388321990924254	('chbr', 'malp')	False												chbr	malp	37	4	0	1	44	0.4136934920157047	0.6281818181818181
84	123	15	(15, 123)	74.0	84.0	54.69003565550127	('nagc', 'malt')	False												nagc	malt	37	4	0	1	44	0.4136934920157047	0.6281818181818181
46	96	80	(46, 96)	74.0	80.0	25.534290669607408	('creb', 'feob')	False												creb	feob	37	4	0	1	44	0.4136934920157047	0.6281818181818181
94	62	66	(62, 94)	74.0	66.0	17.435595774162696	('creb', 'crr')	False												creb	crr	37	4	0	1	44	0.4136934920157047	0.6281818181818181
56	128	39	(39, 128)	74.33333333333333	56.0	47.247574893674	('nagc', 'nage')	True	2240.0	('nagc', 'nage')		[(0, -0.021988951467352788, 0.80388588576529407), (10, -0.17656414649273527, 0.17717011446579828), (20, -0.24716177951276874, 0.063801858730099512), (30, -0.27807230877637823, 0.018874392670510578), (60, 0.31847330524391354, 0.070870257845297824), (90, 0.44571686454897791, 0.083574302815567866)]	['-']	nagc	nage	nagc	37.0	nage	37.0	nagc	nage	37	4	0	1	44	0.4136934920157047	0.6281818181818181
59	73	93	(59, 93)	75.0	73.0	17.08800749063506	('malt', 'chbf')	False												malt	chbf	37	4	0	1	44	0.4136934920157047	0.6281818181818181
24	80	132	(24, 132)	78.66666666666667	80.0	54.01234426807758	('creb', 'ptsi')	False												creb	ptsi	37	4	0	1	44	0.4136934920157047	0.6281818181818181
124	49	63	(49, 124)	78.66666666666667	63.0	39.87898360456712	('creb', 'chbc')	False												creb	chbc	37	4	0	1	44	0.4136934920157047	0.6281818181818181
66	113	58	(58, 113)	79.0	66.0	29.715315916207253	('nagc', 'malm')	False												nagc	malm	37	4	0	1	44	0.4136934920157047	0.6281818181818181
53	56	129	(53, 129)	79.33333333333333	56.0	43.03874223688854	('creb', 'glmu')	False												creb	glmu	37	4	0	1	44	0.4136934920157047	0.6281818181818181
101	89	51	(51, 101)	80.33333333333333	89.0	26.102362600602522	('creb', 'malt')	False												creb	malt	37	4	0	1	44	0.4136934920157047	0.6281818181818181
125	45	71	(45, 125)	80.33333333333333	71.0	40.808495847474376	('malt', 'creb')	False												malt	creb	37	4	0	1	44	0.4136934920157047	0.6281818181818181
61	106	76	(61, 106)	81.0	76.0	22.9128784747792	('chbr', 'male')	False												chbr	male	37	4	0	1	44	0.4136934920157047	0.6281818181818181
96	74	74	(74, 96)	81.33333333333333	74.0	12.701705922171767	('malt', 'chbg')	False												malt	chbg	37	4	0	1	44	0.4136934920157047	0.6281818181818181
108	50	87	(50, 108)	81.66666666666667	87.0	29.36551265231604	('malt', 'ptsh')	False												malt	ptsh	37	4	0	1	44	0.4136934920157047	0.6281818181818181
57	53	138	(53, 138)	82.66666666666667	57.0	47.9617903474561	('malt', 'crr')	False												malt	crr	37	4	0	1	44	0.4136934920157047	0.6281818181818181
77	55	118	(55, 118)	83.33333333333333	77.0	31.9739477283199	('creb', 'nagc')	False												creb	nagc	37	4	0	1	44	0.4136934920157047	0.6281818181818181
74	54	124	(54, 124)	84.0	74.0	36.05551275463989	('malt', 'cred')	False												malt	cred	37	4	0	1	44	0.4136934920157047	0.6281818181818181
80	93	84	(80, 93)	85.66666666666667	84.0	6.6583281184793925	('chbr', 'nage')	False												chbr	nage	37	4	0	1	44	0.4136934920157047	0.6281818181818181
72	65	121	(65, 121)	86.0	72.0	30.512292604784715	('chbr', 'cred')	False												chbr	cred	37	4	0	1	44	0.4136934920157047	0.6281818181818181
97	83	79	(79, 97)	86.33333333333333	83.0	9.451631252505218	('nagc', 'chba')	True	2219.0	('nagc', 'chba')		[(0, 0.088417064458896272, 0.31714896409230325), (10, -0.10455707625939197, 0.42658948923912865), (20, 0.0099159981713221133, 0.94164114018951395), (30, -0.0037730181074470542, 0.97508786279323634), (60, 0.1894351371949354, 0.29103229960892796), (90, -0.1502882946427006, 0.57851127470615027)]	['-']	nagc	chba	nagc	37.0	chba	37.0	nagc	chba	37	4	0	1	44	0.4136934920157047	0.6281818181818181
122	85	59	(59, 122)	88.66666666666667	85.0	31.659648345067467	('nagc', 'glmu')	True	2234.0	('nagc', 'glmu')		[(0, 0.062757916100545416, 0.47811408676631661), (10, 0.07979630595213949, 0.54447168743783969), (20, -0.06143138813994458, 0.64986428336990176), (30, -0.060881768230802345, 0.61400740773005702), (60, -0.34636660590086105, 0.048312688470128262), (90, -0.06018010822189257, 0.82478619345505544)]	['+']	nagc	glmu	nagc	37.0	glmu	37.0	nagc	glmu	37	4	0	1	44	0.4136934920157047	0.6281818181818181
110	107	53	(53, 110)	90.0	107.0	32.07802986469088	('nagc', 'chbb')	True	2220.0	('nagc', 'chbb')		[(0, 0.10848685952338141, 0.2192129165466937), (10, -0.08499626519918041, 0.51847455183777069), (20, -0.3903592339294491, 0.0026826643067696066), (30, -0.079543560073608646, 0.50964208833525215), (60, 0.3910941115614337, 0.024415717996205122), (90, 0.029590066321420156, 0.91337542138411898)]	['-']	nagc	chbb	nagc	37.0	chbb	37.0	nagc	chbb	37	4	0	1	44	0.4136934920157047	0.6281818181818181
98	116	57	(57, 116)	90.33333333333333	98.0	30.23794525647094	('chbr', 'manz')	False												chbr	manz	37	4	0	1	44	0.4136934920157047	0.6281818181818181
111	76	85	(76, 111)	90.66666666666667	85.0	18.175074506954115	('nagc', 'glms')	True	2233.0	('nagc', 'glms')		[(0, 0.090983751207251717, 0.30324841806278274), (10, 0.065860015963853311, 0.61710228430225733), (20, -0.10229788100188841, 0.44892340863110702), (30, -0.066584343535926002, 0.58115125940663914), (60, -0.33444335032740891, 0.057126676317260136), (90, -0.15241859126603438, 0.57307491996516391)]	['+']	nagc	glms	nagc	37.0	glms	37.0	nagc	glms	37	4	0	1	44	0.4136934920157047	0.6281818181818181
102	57	113	(57, 113)	90.66666666666667	102.0	29.670411748631555	('chbr', 'feob')	False												chbr	feob	37	4	0	1	44	0.4136934920157047	0.6281818181818181
132	101	47	(47, 132)	93.33333333333333	101.0	43.015501081974314	('chbr', 'crea')	False												chbr	crea	37	4	0	1	44	0.4136934920157047	0.6281818181818181
65	143	73	(65, 143)	93.66666666666667	73.0	42.91076011134426	('nagc', 'male')	False												nagc	male	37	4	0	1	44	0.4136934920157047	0.6281818181818181
105	131	46	(46, 131)	94.0	105.0	43.55456348076513	('chbr', 'malq')	False												chbr	malq	37	4	0	1	44	0.4136934920157047	0.6281818181818181
83	69	130	(69, 130)	94.0	83.0	31.953090617340916	('chbr', 'glms')	False												chbr	glms	37	4	0	1	44	0.4136934920157047	0.6281818181818181
114	114	56	(56, 114)	94.66666666666667	114.0	33.4863156129983	('malt', 'chba')	False												malt	chba	37	4	0	1	44	0.4136934920157047	0.6281818181818181
49	102	135	(49, 135)	95.33333333333333	102.0	43.385865593915874	('malt', 'chbb')	False												malt	chbb	37	4	0	1	44	0.4136934920157047	0.6281818181818181
60	90	137	(60, 137)	95.66666666666667	90.0	38.81151032017865	('nagc', 'crr')	True	2227.0	('nagc', 'crr')		[(0, 0.17504358532087175, 0.04637818973766554), (10, 0.24729414118370979, 0.056787865083527463), (20, 0.22389284372968343, 0.094084788043607648), (30, 0.25939002178326764, 0.028932861262771663), (60, 0.13599820303858193, 0.45046320595854983), (90, 0.57840721407441487, 0.018916992436556694)]	['-']	nagc	crr	nagc	37.0	crr	37.0	nagc	crr	37	4	0	1	44	0.4136934920157047	0.6281818181818181
120	66	102	(66, 120)	96.0	102.0	27.49545416973504	('creb', 'tala')	True	1002.0	('creb', 'tala')		[(0, 0.11414514923757746, 0.19597091534881989), (10, 0.3845037949526936, 0.0024194459326873771), (20, 0.49289414128667286, 9.8135469669464881e-05), (30, 0.1085572405849413, 0.36750837716501572), (60, -0.37346532290227735, 0.032288996064371675), (90, -0.28260477766055547, 0.28890141056650775)]	['+']	creb	tala	creb	37.0	tala	37.0	creb	tala	37	4	0	1	44	0.4136934920157047	0.6281818181818181
81	118	91	(81, 118)	96.66666666666667	91.0	19.139836293274122	('nagc', 'malp')	False												nagc	malp	37	4	0	1	44	0.4136934920157047	0.6281818181818181
86	120	86	(86, 120)	97.33333333333333	86.0	19.629909152447276	('chbr', 'many')	False												chbr	many	37	4	0	1	44	0.4136934920157047	0.6281818181818181
88	115	95	(88, 115)	99.33333333333333	95.0	14.0118997046558	('chbr', 'malk')	False												chbr	malk	37	4	0	1	44	0.4136934920157047	0.6281818181818181
93	91	115	(91, 115)	99.66666666666667	93.0	13.316656236958785	('nagc', 'chbr')	True	157.0	('nagc', 'chbr')		[(0, 0.11932657173740856, 0.17630215882027531), (10, 0.076072544477922263, 0.56346806404721517), (20, 0.035209492801274944, 0.79485052712942972), (30, 0.27974279825336101, 0.0181424793889229), (60, -0.34165650210259552, 0.05165481245700157), (90, -0.28307214006651471, 0.28807033038982138)]	['-']	nagc	chbr	nagc	37.0	chbr	37.0	nagc	chbr	37	4	0	1	44	0.4136934920157047	0.6281818181818181
82	110	107	(82, 110)	99.66666666666667	107.0	15.373136743466942	('nagc', 'ptsi')	True	2242.0	('nagc', 'ptsi')		[(0, 0.25058088562497643, 0.0040339876084543079), (10, 0.070816429706913125, 0.59079909972983335), (20, -0.088384624855029889, 0.51324897980531192), (30, 0.052307249096030281, 0.66485334476195901), (60, 0.25462005490817302, 0.15272421491901025), (90, 0.51317820837895467, 0.042057137336805675)]	['-']	nagc	ptsi	nagc	37.0	ptsi	37.0	nagc	ptsi	37	4	0	1	44	0.4136934920157047	0.6281818181818181
117	137	49	(49, 137)	101.0	117.0	46.130250378683186	('creb', 'male')	True	999.0	('creb', 'male')		[(0, -0.017076728916450016, 0.84708566356982984), (10, -0.036557180897555802, 0.78154468515924891), (20, 0.10933727199685768, 0.41815768777305828), (30, -0.036914341339204702, 0.7598872195385461), (60, -0.1353342815517784, 0.45269807731695788), (90, -0.17562477151052677, 0.51530409149023249)]	['-']	creb	male	creb	37.0	male	37.0	creb	male	37	4	0	1	44	0.4136934920157047	0.6281818181818181
133	81	89	(81, 133)	101.0	89.0	28.0	('chbr', 'ptsi')	False												chbr	ptsi	37	4	0	1	44	0.4136934920157047	0.6281818181818181
73	119	111	(73, 119)	101.0	111.0	24.576411454889016	('nagc', 'malq')	False												nagc	malq	37	4	0	1	44	0.4136934920157047	0.6281818181818181
129	117	61	(61, 129)	102.33333333333333	117.0	36.29508690350987	('creb', 'manx')	False												creb	manx	37	4	0	1	44	0.4136934920157047	0.6281818181818181
126	97	88	(88, 126)	103.66666666666667	97.0	19.857828011475306	('creb', 'nage')	False												creb	nage	37	4	0	1	44	0.4136934920157047	0.6281818181818181
107	136	68	(68, 136)	103.66666666666667	107.0	34.122328955294556	('chbr', 'malm')	False												chbr	malm	37	4	0	1	44	0.4136934920157047	0.6281818181818181
136	34	141	(34, 141)	103.66666666666667	136.0	60.384876693865436	('malt', 'dini')	False												malt	dini	37	4	0	1	44	0.4136934920157047	0.6281818181818181
89	122	104	(89, 122)	105.0	104.0	16.522711641858304	('chbr', 'mals')	False												chbr	mals	37	4	0	1	44	0.4136934920157047	0.6281818181818181
113	133	70	(70, 133)	105.33333333333333	113.0	32.19213154380016	('chbr', 'malf')	False												chbr	malf	37	4	0	1	44	0.4136934920157047	0.6281818181818181
138	135	44	(44, 138)	105.66666666666667	135.0	53.425961229849044	('creb', 'manz')	False												creb	manz	37	4	0	1	44	0.4136934920157047	0.6281818181818181
64	121	134	(64, 134)	106.33333333333333	121.0	37.233497463081996	('nagc', 'malg')	False												nagc	malg	37	4	0	1	44	0.4136934920157047	0.6281818181818181
106	111	105	(105, 111)	107.33333333333333	106.0	3.214550253664318	('creb', 'chba')	False												creb	chba	37	4	0	1	44	0.4136934920157047	0.6281818181818181
121	63	139	(63, 139)	107.66666666666667	121.0	39.71565602295061	('nagc', 'feoa')	True	2229.0	('nagc', 'feoa')		[(0, -0.034299386349396561, 0.69845259425101092), (10, -0.31896359905120386, 0.012992914785085187), (20, -0.42973848322991937, 0.00084970232186197764), (30, -0.21411624215067754, 0.07297159181719047), (60, 0.16987654113726361, 0.34459119740887589), (90, -0.34820636914698261, 0.18628057395725187)]	['?']	nagc	feoa	nagc	37.0	feoa	37.0	nagc	feoa	37	4	0	1	44	0.4136934920157047	0.6281818181818181
119	77	127	(77, 127)	107.66666666666667	119.0	26.857649437978246	('malt', 'chbc')	False												malt	chbc	37	4	0	1	44	0.4136934920157047	0.6281818181818181
109	140	77	(77, 140)	108.66666666666667	109.0	31.50132272355136	('chbr', 'malt')	False												chbr	malt	37	4	0	1	44	0.4136934920157047	0.6281818181818181
134	130	65	(65, 134)	109.66666666666667	130.0	38.7341365378568	('creb', 'malf')	True	1000.0	('creb', 'malf')		[(0, -0.023876338089020982, 0.78743621421689769), (10, 0.017136107120298817, 0.8966036304348356), (20, 0.096580981293375848, 0.47480105346961277), (30, -0.095757089078175872, 0.42698030931483277), (60, -0.11056717410281446, 0.54017250446329557), (90, 0.016448726260878774, 0.95178827456931814)]	['-']	creb	malf	creb	37.0	malf	37.0	creb	malf	37	4	0	1	44	0.4136934920157047	0.6281818181818181
135	99	96	(96, 135)	110.0	99.0	21.702534414210707	('chbr', 'creb')	False												chbr	creb	37	4	0	1	44	0.4136934920157047	0.6281818181818181
130	105	97	(97, 130)	110.66666666666667	105.0	17.21433511156714	('chbr', 'feoa')	False												chbr	feoa	37	4	0	1	44	0.4136934920157047	0.6281818181818181
118	108	106	(106, 118)	110.66666666666667	108.0	6.429100507328636	('chbr', 'ptsh')	False												chbr	ptsh	37	4	0	1	44	0.4136934920157047	0.6281818181818181
103	142	90	(90, 142)	111.66666666666667	103.0	27.061657993059725	('chbr', 'malg')	False												chbr	malg	37	4	0	1	44	0.4136934920157047	0.6281818181818181
104	124	108	(104, 124)	112.0	108.0	10.583005244258363	('nagc', 'feob')	True	2230.0	('nagc', 'feob')		[(0, 0.11212020639126272, 0.20407431441678445), (10, -0.33830425317555335, 0.0081976428203980947), (20, -0.42736209542338871, 0.00091438430696236077), (30, -0.13413488659465783, 0.26475291856934918), (60, 0.063851146593319419, 0.72407766082360281), (90, -0.33483377610996529, 0.20491531574776925)]	['?']	nagc	feob	nagc	37.0	feob	37.0	nagc	feob	37	4	0	1	44	0.4136934920157047	0.6281818181818181
90	127	120	(90, 127)	112.33333333333333	120.0	19.655363983740756	('nagc', 'ptsh')	True	2241.0	('nagc', 'ptsh')	0.0	[(0, 0.41137994081768775, 1.160913801177462e-06), (10, 0.20675256553401603, 0.11296911289784449), (20, -0.037957975687900138, 0.7792255144791449), (30, 0.029674643802132604, 0.80594635991894059), (60, 0.29058417183418989, 0.10089439531575888), (90, -0.17738401521382197, 0.51103721620570597)]	['-']	nagc	ptsh	nagc	37.0	ptsh	37.0	nagc	ptsh	37	4	0	1	44	0.4136934920157047	0.6281818181818181
123	82	133	(82, 133)	112.66666666666667	123.0	27.024680078279065	('creb', 'chbr')	False												creb	chbr	37	4	0	1	44	0.4136934920157047	0.6281818181818181
99	103	143	(99, 143)	115.0	103.0	24.331050121192877	('chbr', 'nagc')	False												chbr	nagc	37	4	0	1	44	0.4136934920157047	0.6281818181818181
78	126	142	(78, 142)	115.33333333333333	126.0	33.30665599145812	('nagc', 'lamb')	False												nagc	lamb	37	4	0	1	44	0.4136934920157047	0.6281818181818181
115	109	126	(109, 126)	116.66666666666667	115.0	8.621678104251709	('nagc', 'crea')	True	2224.0	('nagc', 'crea')		[(0, 0.13223283336119165, 0.13368732420856802), (10, -0.0045515291457738456, 0.97246687199747406), (20, -0.2693375421607212, 0.042763567245378747), (30, -0.20908192494164449, 0.080138806840688637), (60, 0.18122498155995509, 0.31282813075105442), (90, -0.35579774122066421, 0.17621386640185585)]	['-']	nagc	crea	nagc	37.0	crea	37.0	nagc	crea	37	4	0	1	44	0.4136934920157047	0.6281818181818181
139	132	81	(81, 139)	117.33333333333333	132.0	31.65964834506747	('creb', 'many')	False												creb	many	37	4	0	1	44	0.4136934920157047	0.6281818181818181
131	129	98	(98, 131)	119.33333333333333	129.0	18.502252115170556	('creb', 'lamb')	False												creb	lamb	37	4	0	1	44	0.4136934920157047	0.6281818181818181
142	134	83	(83, 142)	119.66666666666667	134.0	32.00520790954705	('creb', 'malq')	False												creb	malq	37	4	0	1	44	0.4136934920157047	0.6281818181818181
141	125	94	(94, 141)	120.0	125.0	23.895606290697042	('creb', 'malm')	False												creb	malm	37	4	0	1	44	0.4136934920157047	0.6281818181818181
143	104	114	(104, 143)	120.33333333333333	114.0	20.256686138984662	('creb', 'malp')	False												creb	malp	37	4	0	1	44	0.4136934920157047	0.6281818181818181
128	112	125	(112, 128)	121.66666666666667	125.0	8.504900548115382	('creb', 'nagb')	False												creb	nagb	37	4	0	1	44	0.4136934920157047	0.6281818181818181
87	139	140	(87, 140)	122.0	139.0	30.315012782448235	('chbr', 'manx')	False												chbr	manx	37	4	0	1	44	0.4136934920157047	0.6281818181818181
127	141	99	(99, 141)	122.33333333333333	127.0	21.385353243127255	('creb', 'malk')	False												creb	malk	37	4	0	1	44	0.4136934920157047	0.6281818181818181
137	100	131	(100, 137)	122.66666666666667	131.0	19.857828011475306	('creb', 'mals')	False												creb	mals	37	4	0	1	44	0.4136934920157047	0.6281818181818181
140	138	103	(103, 140)	127.0	138.0	20.808652046684813	('creb', 'malg')	True	1001.0	('creb', 'malg')		[(0, 0.017233244757928246, 0.84570145399065655), (10, 0.11164048431927381, 0.39575246770350647), (20, 0.1551203795264903, 0.2492481292205547), (30, -0.035297210902068575, 0.77010966046500884), (60, -0.17637443988106852, 0.32617256469741551), (90, 0.034499383846186428, 0.89906691937719585)]	['-']	creb	malg	creb	37.0	malg	37.0	creb	malg	37	4	0	1	44	0.4136934920157047	0.6281818181818181
4	4	4	(4, 4)	4.0	4.0	0.0	('cspa', 'quea')	False												cspa	quea	45	4	0	1	63	0.24234660496290988	0.5647681294740127
2	2	14	(2, 14)	6.0	2.0	6.928203230275509	('xylr', 'xylh')	True	2820.0	('xylr', 'xylh')	0.0	[(0, 0.79900155004210993, 4.6710937009247875e-30), (10, 0.66894129428955573, 5.1578663108748386e-09), (20, 0.5905392492297814, 1.3292116816116698e-06), (30, 0.21663881675881341, 0.069578365931479855), (60, 0.24894933470042541, 0.16239223471364053), (90, 0.35426416233468655, 0.178217832125732)]	['+']	xylr	xylh	xylr	45.0	xylh	45.0	xylr	xylh	45	4	0	1	63	0.24234660496290988	0.5647681294740127
0	0	58	(0, 58)	19.333333333333332	0.0	33.4863156129983	('mtlr', 'mtld')	True	2198.0	('mtlr', 'mtld')	0.0	[(0, 0.81611819520804763, 2.8169416819881001e-32), (10, 0.83723576442561531, 7.7350298982826414e-17), (20, 0.83692627739942171, 5.0930495542578689e-16), (30, 0.69740566842973917, 1.4077214744227284e-11), (60, 0.22511661750717418, 0.2078226123770209), (90, -0.71198778860170042, 0.0019746236993872751)]	['-']	mtlr	mtld	mtlr	45.0	mtld	45.0	mtlr	mtld	45	4	0	1	63	0.24234660496290988	0.5647681294740127
13	39	16	(13, 39)	22.666666666666668	16.0	14.224392195567912	('cspa', 'tyru')	False												cspa	tyru	45	4	0	1	63	0.24234660496290988	0.5647681294740127
11	61	2	(2, 61)	24.666666666666668	11.0	31.785741037976972	('cspa', 'mtlr')	False												cspa	mtlr	45	4	0	1	63	0.24234660496290988	0.5647681294740127
1	1	81	(1, 81)	27.666666666666668	1.0	46.188021535170066	('mtlr', 'mtla')	True	2197.0	('mtlr', 'mtla')	0.0	[(0, 0.56117772463458815, 3.7915846274506107e-12), (10, 0.69728767551709814, 6.0307984600573394e-10), (20, 0.66889536083077261, 1.292135800509002e-08), (30, 0.48635593381304637, 1.7066470999423513e-05), (60, -0.21557995793934079, 0.22824510033262238), (90, -0.43348103068229332, 0.093468668210925671)]	['-']	mtlr	mtla	mtlr	45.0	mtla	45.0	mtlr	mtla	45	4	0	1	63	0.24234660496290988	0.5647681294740127
55	9	27	(9, 55)	30.333333333333332	27.0	23.18045153428495	('fis', 'gltx')	True	1510.0	('fis', 'gltx')	0.0	[(0, 0.51390512928691945, 4.0197743663345314e-10), (10, -0.00396019126536789, 0.9760428701496815), (20, 0.13072603361825488, 0.3324145482861578), (30, 0.29848512740538763, 0.01145969095278216), (60, 0.69776894226432096, 6.3747145884974295e-06), (90, 0.71265596865353154, 0.0019466271730056281)]	['-']	fis	gltx	fis	45.0	gltx	45.0	fis	gltx	45	4	0	1	63	0.24234660496290988	0.5647681294740127
73	8	11	(8, 73)	30.666666666666668	11.0	36.69241520169167	('slya', 'apag')	False												slya	apag	45	4	0	1	63	0.24234660496290988	0.5647681294740127
12	12	83	(12, 83)	35.666666666666664	12.0	40.991869112463434	('slya', 'nanr')	False												slya	nanr	45	4	0	1	63	0.24234660496290988	0.5647681294740127
7	33	68	(7, 68)	36.0	33.0	30.610455730027933	('xylr', 'xylf')	True	2818.0	('xylr', 'xylf')	0.0	[(0, 0.70674494131783205, 5.7206114428757154e-21), (10, 0.67998776457529542, 2.2988273276626547e-09), (20, 0.55259935098846136, 8.312816322201792e-06), (30, 0.29635292791820894, 0.012092348546561837), (60, 0.23570609606600548, 0.18666308987879976), (90, 0.44496109664801098, 0.084162642595058471)]	['+']	xylr	xylf	xylr	45.0	xylf	45.0	xylr	xylf	45	4	0	1	63	0.24234660496290988	0.5647681294740127
17	68	26	(17, 68)	37.0	26.0	27.2213151776324	('cspa', 'thrt')	False												cspa	thrt	45	4	0	1	63	0.24234660496290988	0.5647681294740127
35	22	63	(22, 63)	40.0	35.0	20.952326839756964	('slya', 'apah')	False												slya	apah	45	4	0	1	63	0.24234660496290988	0.5647681294740127
24	21	77	(21, 77)	40.666666666666664	24.0	31.50132272355136	('nanr', 'cbpa')	False												nanr	cbpa	45	4	0	1	63	0.24234660496290988	0.5647681294740127
39	5	79	(5, 79)	41.0	39.0	37.04051835490427	('mtlr', 'fimb')	False												mtlr	fimb	45	4	0	1	63	0.24234660496290988	0.5647681294740127
22	60	49	(22, 60)	43.666666666666664	49.0	19.55334583474995	('cspa', 'argx')	False												cspa	argx	45	4	0	1	63	0.24234660496290988	0.5647681294740127
18	69	48	(18, 69)	45.0	48.0	25.632011235952593	('fis', 'quea')	True	1590.0	('fis', 'quea')	0.0	[(0, 0.61291809521928464, 9.1467871746850735e-15), (10, 0.14483979108299586, 0.26952458851233618), (20, -0.0089819461645973733, 0.94713010045167723), (30, 0.25749283607981044, 0.030169368512203379), (60, 0.59665938508030925, 0.00024740947302795164), (90, 0.48339955574914356, 0.05783489837287669)]	['+']	fis	quea	fis	45.0	quea	45.0	fis	quea	45	4	0	1	63	0.24234660496290988	0.5647681294740127
25	31	85	(25, 85)	47.0	31.0	33.04542328371661	('mtlr', 'pdxa')	False												mtlr	pdxa	45	4	0	1	63	0.24234660496290988	0.5647681294740127
80	25	37	(25, 80)	47.333333333333336	37.0	28.919428302325294	('nanr', 'mtla')	False												nanr	mtla	45	4	0	1	63	0.24234660496290988	0.5647681294740127
53	32	57	(32, 57)	47.333333333333336	53.0	13.428824718989123	('fis', 'glyt')	True	1511.0	('fis', 'glyt')	0.0	[(0, 0.74548675897489747, 2.6335391626663725e-24), (10, 0.22823599081062829, 0.079439083173508174), (20, 0.15814934642814496, 0.24001050098584031), (30, 0.32482973619464311, 0.0057122373633365104), (60, 0.52451135976844754, 0.0017275182792164841), (90, 0.684564931998912, 0.0034394282683173909)]	['+']	fis	glyt	fis	45.0	glyt	45.0	fis	glyt	45	4	0	1	63	0.24234660496290988	0.5647681294740127
41	59	43	(41, 59)	47.666666666666664	43.0	9.865765724632496	('nanr', 'osme')	False												nanr	osme	45	4	0	1	63	0.24234660496290988	0.5647681294740127
59	23	62	(23, 62)	48.0	59.0	21.702534414210707	('mtlr', 'glnq')	False												mtlr	glnq	45	4	0	1	63	0.24234660496290988	0.5647681294740127
56	81	7	(7, 81)	48.0	56.0	37.64306044943742	('slya', 'gyrb')	False												slya	gyrb	45	4	0	1	63	0.24234660496290988	0.5647681294740127
26	90	32	(26, 90)	49.333333333333336	32.0	35.3459097114975	('slya', 'glnq')	False												slya	glnq	45	4	0	1	63	0.24234660496290988	0.5647681294740127
121	6	24	(6, 121)	50.333333333333336	24.0	61.85736280616345	('slya', 'cbpa')	False												slya	cbpa	45	4	0	1	63	0.24234660496290988	0.5647681294740127
32	43	76	(32, 76)	50.333333333333336	43.0	22.89832599412746	('slya', 'mtlr')	False												slya	mtlr	45	4	0	1	63	0.24234660496290988	0.5647681294740127
63	72	17	(17, 72)	50.666666666666664	63.0	29.501412395567325	('mtlr', 'hns')	False												mtlr	hns	45	4	0	1	63	0.24234660496290988	0.5647681294740127
82	37	34	(34, 82)	51.0	37.0	26.888659319497503	('slya', 'flxa')	False												slya	flxa	45	4	0	1	63	0.24234660496290988	0.5647681294740127
34	34	87	(34, 87)	51.666666666666664	34.0	30.599564267050166	('nanr', 'glnq')	False												nanr	glnq	45	4	0	1	63	0.24234660496290988	0.5647681294740127
68	50	40	(40, 68)	52.666666666666664	50.0	14.189197769195175	('xylr', 'msra')	False												xylr	msra	45	4	0	1	63	0.24234660496290988	0.5647681294740127
40	38	86	(38, 86)	54.666666666666664	40.0	27.15388247255507	('fis', 'leuw')	True	1528.0	('fis', 'leuw')	0.0	[(0, 0.63391135210792071, 5.7116601460388286e-16), (10, 0.080557823970829362, 0.54062542248053469), (20, 0.070807801744164817, 0.6006949880606246), (30, 0.21698753307953836, 0.069119427416084733), (60, 0.38391262308293822, 0.027406956637547053), (90, 0.80145391698411117, 0.00018946775240144924)]	['+']	fis	leuw	fis	45.0	leuw	45.0	fis	leuw	45	4	0	1	63	0.24234660496290988	0.5647681294740127
48	99	20	(20, 99)	55.666666666666664	48.0	40.05413004090007	('cspa', 'pdxa')	False												cspa	pdxa	45	4	0	1	63	0.24234660496290988	0.5647681294740127
5	73	97	(5, 97)	58.333333333333336	73.0	47.72141378179542	('cspa', 'topa')	False												cspa	topa	45	4	0	1	63	0.24234660496290988	0.5647681294740127
29	105	42	(29, 105)	58.666666666666664	42.0	40.64890322423636	('slya', 'msra')	False												slya	msra	45	4	0	1	63	0.24234660496290988	0.5647681294740127
21	74	82	(21, 82)	59.0	74.0	33.15116890850155	('slya', 'mtld')	False												slya	mtld	45	4	0	1	63	0.24234660496290988	0.5647681294740127
6	18	155	(6, 155)	59.666666666666664	18.0	82.77882176821154	('cspa', 'fimb')	False												cspa	fimb	45	4	0	1	63	0.24234660496290988	0.5647681294740127
84	57	41	(41, 84)	60.666666666666664	57.0	21.733231083604053	('slya', 'topa')	False												slya	topa	45	4	0	1	63	0.24234660496290988	0.5647681294740127
46	66	91	(46, 91)	67.66666666666667	66.0	22.546248764114473	('nanr', 'slya')	False												nanr	slya	45	4	0	1	63	0.24234660496290988	0.5647681294740127
81	49	74	(49, 81)	68.0	74.0	16.822603841260722	('mtlr', 'prok')	False												mtlr	prok	45	4	0	1	63	0.24234660496290988	0.5647681294740127
16	96	107	(16, 107)	73.0	96.0	49.66890375275057	('mtlr', 'cspa')	False												mtlr	cspa	45	4	0	1	63	0.24234660496290988	0.5647681294740127
77	123	23	(23, 123)	74.33333333333333	77.0	50.05330491918923	('mtlr', 'argx')	False												mtlr	argx	45	4	0	1	63	0.24234660496290988	0.5647681294740127
43	134	47	(43, 134)	74.66666666666667	47.0	51.42308171758411	('slya', 'osme')	False												slya	osme	45	4	0	1	63	0.24234660496290988	0.5647681294740127
110	17	98	(17, 110)	75.0	98.0	50.586559479766954	('mtlr', 'gyrb')	False												mtlr	gyrb	45	4	0	1	63	0.24234660496290988	0.5647681294740127
92	7	129	(7, 129)	76.0	92.0	62.55397669213365	('fis', 'xylf')	True	1613.0	('fis', 'xylf')	0.0	[(0, -0.46916178509395184, 1.7991504890073091e-08), (10, -0.46349454224058673, 0.00019183472734616493), (20, -0.41243157323649754, 0.0014325689800185227), (30, -0.34944389409739024, 0.0028174771634980052), (60, -0.31164566079823713, 0.077478993385398168), (90, -0.72959270063001225, 0.0013375159366791295)]	['-']	fis	xylf	fis	45.0	xylf	45.0	fis	xylf	45	4	0	1	63	0.24234660496290988	0.5647681294740127
85	40	105	(40, 105)	76.66666666666667	85.0	33.291640592396966	('slya', 'yjhb')	False												slya	yjhb	45	4	0	1	63	0.24234660496290988	0.5647681294740127
19	24	189	(19, 189)	77.33333333333333	24.0	96.73847907287633	('cspa', 'mtld')	False												cspa	mtld	45	4	0	1	63	0.24234660496290988	0.5647681294740127
112	120	5	(5, 120)	79.0	112.0	64.21059102671458	('fis', 'yjhc')	False												fis	yjhc	45	4	0	1	63	0.24234660496290988	0.5647681294740127
150	88	1	(1, 150)	79.66666666666667	88.0	74.84873635094539	('slya', 'mazg')	False												slya	mazg	45	4	0	1	63	0.24234660496290988	0.5647681294740127
90	76	78	(76, 90)	81.33333333333333	78.0	7.571877794400366	('cspa', 'apag')	False												cspa	apag	45	4	0	1	63	0.24234660496290988	0.5647681294740127
136	65	46	(46, 136)	82.33333333333333	65.0	47.43767841424508	('fis', 'trma')	True	1610.0	('fis', 'trma')		[(0, 0.27440268228872033, 0.0015813371639091037), (10, -0.12102983772985766, 0.35696464467255784), (20, -0.047668977020154837, 0.72474835912355418), (30, 0.018559434481244887, 0.8779078331526311), (60, 0.25524882942261046, 0.15167843716197354), (90, 0.34726642093534249, 0.18755269372325364)]	['+']	fis	trma	fis	45.0	trma	45.0	fis	trma	45	4	0	1	63	0.24234660496290988	0.5647681294740127
58	191	0	(0, 191)	83.0	58.0	97.92343948207701	('cspa', 'slya')	False												cspa	slya	45	4	0	1	63	0.24234660496290988	0.5647681294740127
70	51	128	(51, 128)	83.0	70.0	40.11234224026316	('nanr', 'cbpm')	False												nanr	cbpm	45	4	0	1	63	0.24234660496290988	0.5647681294740127
108	103	39	(39, 108)	83.33333333333333	103.0	38.47510017314229	('nanr', 'msra')	False												nanr	msra	45	4	0	1	63	0.24234660496290988	0.5647681294740127
74	15	163	(15, 163)	84.0	74.0	74.50503338701353	('mtlr', 'gyra')	False												mtlr	gyra	45	4	0	1	63	0.24234660496290988	0.5647681294740127
97	106	54	(54, 106)	85.66666666666667	97.0	27.790885796126275	('fis', 'yjhb')	False												fis	yjhb	45	4	0	1	63	0.24234660496290988	0.5647681294740127
64	36	158	(36, 158)	86.0	64.0	63.90618123468183	('slya', 'hlye')	True	2715.0	('slya', 'hlye')		[(0, -0.10527715404854225, 0.23323500792484167), (10, -0.28799293901138612, 0.025657061708688339), (20, -0.35782961340771202, 0.006279264882971659), (30, -0.17402079123621658, 0.14666909639758935), (60, 0.50584984873077143, 0.002671325361815852), (90, 0.67165618843430108, 0.0043808974603473088)]	['+']	slya	hlye	slya	45.0	hlye	45.0	slya	hlye	45	4	0	1	63	0.24234660496290988	0.5647681294740127
45	108	109	(45, 109)	87.33333333333333	108.0	36.665151483845435	('fis', 'leup')	True	1527.0	('fis', 'leup')	0.0	[(0, 0.5585379455476599, 5.0169456368499441e-12), (10, 0.10523721897837487, 0.42357067580755947), (20, 0.1156108760449067, 0.39178639633311452), (30, 0.25817469384801361, 0.02971994490411058), (60, 0.39976625176166641, 0.021167284056448091), (90, 0.71311611619721349, 0.0019275352351362269)]	['+']	fis	leup	fis	45.0	leup	45.0	fis	leup	45	4	0	1	63	0.24234660496290988	0.5647681294740127
10	84	176	(10, 176)	90.0	84.0	83.16249154516716	('cspa', 'thru')	False												cspa	thru	45	4	0	1	63	0.24234660496290988	0.5647681294740127
94	126	51	(51, 126)	90.33333333333333	94.0	37.634204300520736	('slya', 'thrw')	False												slya	thrw	45	4	0	1	63	0.24234660496290988	0.5647681294740127
105	53	114	(53, 114)	90.66666666666667	105.0	32.929217016706204	('cspa', 'gyrb')	False												cspa	gyrb	45	4	0	1	63	0.24234660496290988	0.5647681294740127
76	97	102	(76, 102)	91.66666666666667	97.0	13.79613472438325	('slya', 'hns')	False												slya	hns	45	4	0	1	63	0.24234660496290988	0.5647681294740127
101	87	88	(87, 101)	92.0	88.0	7.810249675906654	('nanr', 'mtld')	False												nanr	mtld	45	4	0	1	63	0.24234660496290988	0.5647681294740127
145	29	103	(29, 145)	92.33333333333333	103.0	58.73102530463208	('nanr', 'gyra')	False												nanr	gyra	45	4	0	1	63	0.24234660496290988	0.5647681294740127
126	16	136	(16, 136)	92.66666666666667	126.0	66.58328118479393	('nanr', 'hlye')	False												nanr	hlye	45	4	0	1	63	0.24234660496290988	0.5647681294740127
27	48	204	(27, 204)	93.0	48.0	96.70056876771719	('nanr', 'sert')	False												nanr	sert	45	4	0	1	63	0.24234660496290988	0.5647681294740127
111	63	106	(63, 111)	93.33333333333333	106.0	26.38812864401971	('nanr', 'gyrb')	False												nanr	gyrb	45	4	0	1	63	0.24234660496290988	0.5647681294740127
96	95	90	(90, 96)	93.66666666666667	95.0	3.2145502536643185	('cspa', 'apah')	False												cspa	apah	45	4	0	1	63	0.24234660496290988	0.5647681294740127
8	41	234	(8, 234)	94.33333333333333	41.0	122.07511348892261	('xylr', 'xylg')	True	2819.0	('xylr', 'xylg')	0.0	[(0, 0.70362183129474942, 1.0065742015085255e-20), (10, 0.61112094455806165, 2.1485677075328547e-07), (20, 0.53041815526953073, 2.1968353505114711e-05), (30, 0.24486454695582668, 0.039581743748047106), (60, 0.16613302131406968, 0.35548292285870253), (90, 0.35005342639697479, 0.18379730021848648)]	['+']	xylr	xylg	xylr	45.0	xylg	45.0	xylr	xylg	45	4	0	1	63	0.24234660496290988	0.5647681294740127
61	45	179	(45, 179)	95.0	61.0	73.18469785412795	('mtlr', 'apah')	False												mtlr	apah	45	4	0	1	63	0.24234660496290988	0.5647681294740127
131	110	44	(44, 131)	95.0	110.0	45.39823785126467	('fis', 'leux')	True	1529.0	('fis', 'leux')		[(0, 0.34732666974905824, 5.1509651908893632e-05), (10, 0.11315224379667604, 0.38934530285060398), (20, 0.082115516853301249, 0.54368465242617181), (30, 0.21677419625971309, 0.069399905967371348), (60, 0.4272121627310847, 0.013150273752960391), (90, 0.57828764518577891, 0.018947458598315575)]	['+']	fis	leux	fis	45.0	leux	45.0	fis	leux	45	4	0	1	63	0.24234660496290988	0.5647681294740127
102	27	157	(27, 157)	95.33333333333333	102.0	65.2559065015063	('slya', 'nane')	False												slya	nane	45	4	0	1	63	0.24234660496290988	0.5647681294740127
9	70	210	(9, 210)	96.33333333333333	70.0	103.05500149596492	('mtlr', 'hlye')	False												mtlr	hlye	45	4	0	1	63	0.24234660496290988	0.5647681294740127
23	46	223	(23, 223)	97.33333333333333	46.0	109.43643512712453	('slya', 'mtla')	False												slya	mtla	45	4	0	1	63	0.24234660496290988	0.5647681294740127
83	13	200	(13, 200)	98.66666666666667	83.0	94.47927462323858	('slya', 'nank')	False												slya	nank	45	4	0	1	63	0.24234660496290988	0.5647681294740127
86	28	184	(28, 184)	99.33333333333333	86.0	78.85006869580604	('fis', 'tyru')	True	1612.0	('fis', 'tyru')	0.0	[(0, 0.57932996818275528, 5.1606391141598603e-13), (10, 0.071276744000545469, 0.58838196536550946), (20, 0.054266731690289061, 0.68847633916216955), (30, 0.3254221258538359, 0.0056195590271561104), (60, 0.30246946787492868, 0.087100700986873961), (90, 0.6387818207516045, 0.0077319319917656618)]	['+']	fis	tyru	fis	45.0	tyru	45.0	fis	tyru	45	4	0	1	63	0.24234660496290988	0.5647681294740127
178	56	70	(56, 178)	101.33333333333333	70.0	66.76326335143702	('nanr', 'yjhb')	True	2253.0	('nanr', 'yjhb')		[(0, 0.26577665753311602, 0.0022415034518048584), (10, 0.2774227743500533, 0.031871259021591325), (20, 0.33646867978818429, 0.01049452149816492), (30, 0.094026972887645333, 0.43541882960481837), (60, -0.13343738187523094, 0.45911604030803921), (90, 0.37231442187441022, 0.15557335502716252)]	['-']	nanr	yjhb	nanr	45.0	yjhb	45.0	nanr	yjhb	45	4	0	1	63	0.24234660496290988	0.5647681294740127
37	125	143	(37, 143)	101.66666666666667	125.0	56.7215420570821	('cspa', 'mazg')	False												cspa	mazg	45	4	0	1	63	0.24234660496290988	0.5647681294740127
88	98	125	(88, 125)	103.66666666666667	98.0	19.139836293274126	('nanr', 'xylg')	False												nanr	xylg	45	4	0	1	63	0.24234660496290988	0.5647681294740127
127	160	28	(28, 160)	105.0	127.0	68.69497798238238	('slya', 'cspa')	False												slya	cspa	45	4	0	1	63	0.24234660496290988	0.5647681294740127
122	55	142	(55, 142)	106.33333333333333	122.0	45.566800780100124	('mtlr', 'nanr')	False												mtlr	nanr	45	4	0	1	63	0.24234660496290988	0.5647681294740127
91	64	166	(64, 166)	107.0	91.0	52.848841046895245	('fis', 'thru')	True	1605.0	('fis', 'thru')	0.0	[(0, 0.53566058431335883, 5.140713789445394e-11), (10, 0.12092540467065546, 0.35738279522289162), (20, 0.06002314277187866, 0.65738576855544173), (30, 0.34770904197438751, 0.0029668748784430375), (60, 0.41300948095136047, 0.016902416103916372), (90, 0.67497262861977059, 0.0041213572848006657)]	['+']	fis	thru	fis	45.0	thru	45.0	fis	thru	45	4	0	1	63	0.24234660496290988	0.5647681294740127
54	117	153	(54, 153)	108.0	117.0	50.1098792654702	('mtlr', 'thrt')	False												mtlr	thrt	45	4	0	1	63	0.24234660496290988	0.5647681294740127
14	14	299	(14, 299)	109.0	14.0	164.54482671904336	('mtlr', 'yjhc')	False												mtlr	yjhc	45	4	0	1	63	0.24234660496290988	0.5647681294740127
129	11	191	(11, 191)	110.33333333333333	129.0	91.44032662525508	('cspa', 'cbpa')	False												cspa	cbpa	45	4	0	1	63	0.24234660496290988	0.5647681294740127
38	35	260	(35, 260)	111.0	38.0	129.04650324592293	('fis', 'yhch')	True	1618.0	('fis', 'yhch')	0.0	[(0, -0.49061320560997229, 3.1130319427137744e-09), (10, -0.54275654467631673, 7.4599526016788682e-06), (20, -0.48979991575909937, 0.00011018282397657094), (30, -0.097916011553632096, 0.41658223399400207), (60, -0.42325035224477708, 0.01411866459312907), (90, -0.5728767440577599, 0.02036641981059497)]	['-']	fis	yhch	fis	45.0	yhch	45.0	fis	yhch	45	4	0	1	63	0.24234660496290988	0.5647681294740127
213	47	75	(47, 213)	111.66666666666667	75.0	88.86694173500815	('slya', 'yjhc')	False												slya	yjhc	45	4	0	1	63	0.24234660496290988	0.5647681294740127
15	10	311	(10, 311)	112.0	15.0	172.35718725948158	('fis', 'msra')	True	1539.0	('fis', 'msra')	0.0	[(0, -0.55522619202869383, 7.1041477213750604e-12), (10, -0.52500837266581435, 1.6582034837673004e-05), (20, -0.52748092726224038, 2.4859077854423477e-05), (30, -0.41724450380564349, 0.00029465364719150717), (60, -0.6439322914926201, 5.270710847398165e-05), (90, -0.76646851034109076, 0.00053369501746761041)]	['-']	fis	msra	fis	45.0	msra	45.0	fis	msra	45	4	0	1	63	0.24234660496290988	0.5647681294740127
33	26	280	(26, 280)	113.0	33.0	144.66858677681205	('fis', 'nank')	True	1544.0	('fis', 'nank')	0.0	[(0, -0.46810054443333277, 1.9562149207273999e-08), (10, -0.52885856268034459, 1.3997034601757742e-05), (20, -0.51498730486930466, 4.1531209263802331e-05), (30, -0.11368816097989418, 0.34516191151768827), (60, -0.41948004690821933, 0.015095087047193605), (90, -0.60198852064978547, 0.013610839509825539)]	['-']	fis	nank	fis	45.0	nank	45.0	fis	nank	45	4	0	1	63	0.24234660496290988	0.5647681294740127
130	115	99	(99, 130)	114.66666666666667	115.0	15.50268793897798	('xylr', 'mtla')	False												xylr	mtla	45	4	0	1	63	0.24234660496290988	0.5647681294740127
149	163	33	(33, 163)	115.0	149.0	71.35825109964509	('fis', 'xylh')	True	1615.0	('fis', 'xylh')	0.0	[(0, -0.39279910634693904, 3.790850276098399e-06), (10, -0.46815970154440495, 0.00016188103785249621), (20, -0.45705976027762357, 0.0003514503480851949), (30, -0.29561883044699711, 0.012317064311925412), (60, -0.087750971102725908, 0.62725606088504438), (90, -0.65577113783577701, 0.0058119099997013656)]	['-']	fis	xylh	fis	45.0	xylh	45.0	fis	xylh	45	4	0	1	63	0.24234660496290988	0.5647681294740127
167	158	21	(21, 167)	115.33333333333333	158.0	81.8189057207033	('slya', 'argu')	False												slya	argu	45	4	0	1	63	0.24234660496290988	0.5647681294740127
143	198	8	(8, 198)	116.33333333333333	143.0	97.76672917374975	('fis', 'glnq')	True	1504.0	('fis', 'glnq')		[(0, 0.0069153922680929847, 0.93775884243408614), (10, -0.068255197805028076, 0.60432873163805811), (20, -0.096566607692539941, 0.47486710342426242), (30, 0.021978799036125627, 0.85563659855166319), (60, 0.07354318133532238, 0.68420255388563733), (90, 0.222374486498784, 0.40779267048373891)]	['-']	fis	glnq	fis	45.0	glnq	45.0	fis	glnq	45	4	0	1	63	0.24234660496290988	0.5647681294740127
190	86	73	(73, 190)	116.33333333333333	86.0	64.12747721011121	('nanr', 'topa')	False												nanr	topa	45	4	0	1	63	0.24234660496290988	0.5647681294740127
62	118	169	(62, 169)	116.33333333333333	118.0	53.519466863313696	('slya', 'pdxa')	False												slya	pdxa	45	4	0	1	63	0.24234660496290988	0.5647681294740127
172	168	10	(10, 172)	116.66666666666667	168.0	92.3976911688454	('slya', 'thrt')	False												slya	thrt	45	4	0	1	63	0.24234660496290988	0.5647681294740127
28	30	292	(28, 292)	116.66666666666667	30.0	151.84641363342544	('cspa', 'yjhc')	False												cspa	yjhc	45	4	0	1	63	0.24234660496290988	0.5647681294740127
95	185	71	(71, 185)	117.0	95.0	60.09991680526688	('mtlr', 'quea')	False												mtlr	quea	45	4	0	1	63	0.24234660496290988	0.5647681294740127
109	190	52	(52, 190)	117.0	109.0	69.34695379034324	('slya', 'trma')	False												slya	trma	45	4	0	1	63	0.24234660496290988	0.5647681294740127
69	169	115	(69, 169)	117.66666666666667	115.0	50.05330491918924	('xylr', 'nant')	False												xylr	nant	45	4	0	1	63	0.24234660496290988	0.5647681294740127
170	162	22	(22, 170)	118.0	162.0	83.23460818673925	('mtlr', 'yjhb')	False												mtlr	yjhb	45	4	0	1	63	0.24234660496290988	0.5647681294740127
42	62	252	(42, 252)	118.66666666666667	62.0	115.90225767142474	('xylr', 'mazg')	False												xylr	mazg	45	4	0	1	63	0.24234660496290988	0.5647681294740127
31	104	221	(31, 221)	118.66666666666667	104.0	95.8453615639971	('fis', 'osme')	True	1579.0	('fis', 'osme')	0.0	[(0, -0.55080182889975449, 1.1239895110903735e-11), (10, -0.33453181242469665, 0.0089882007375080477), (20, -0.40490412805942227, 0.001782803598937482), (30, -0.45509096653112174, 6.6802604220214811e-05), (60, -0.7510002551320879, 4.7804438690604223e-07), (90, -0.88553934920963717, 5.0740327910830203e-06)]	['-']	fis	osme	fis	45.0	osme	45.0	fis	osme	45	4	0	1	63	0.24234660496290988	0.5647681294740127
128	20	209	(20, 209)	119.0	128.0	94.82088377567464	('slya', 'fimb')	False												slya	fimb	45	4	0	1	63	0.24234660496290988	0.5647681294740127
30	157	171	(30, 171)	119.33333333333333	157.0	77.6809715009624	('mtlr', 'thru')	False												mtlr	thru	45	4	0	1	63	0.24234660496290988	0.5647681294740127
52	52	256	(52, 256)	120.0	52.0	117.77945491468365	('cspa', 'cbpm')	False												cspa	cbpm	45	4	0	1	63	0.24234660496290988	0.5647681294740127
229	19	113	(19, 229)	120.33333333333333	113.0	105.1918881536658	('mtlr', 'flxa')	False												mtlr	flxa	45	4	0	1	63	0.24234660496290988	0.5647681294740127
117	239	9	(9, 239)	121.66666666666667	117.0	115.07099257994315	('xylr', 'trma')	False												xylr	trma	45	4	0	1	63	0.24234660496290988	0.5647681294740127
60	129	177	(60, 177)	122.0	129.0	58.81326381013045	('nanr', 'prol')	False												nanr	prol	45	4	0	1	63	0.24234660496290988	0.5647681294740127
87	79	201	(79, 201)	122.33333333333333	87.0	68.24465791058911	('nanr', 'flxa')	False												nanr	flxa	45	4	0	1	63	0.24234660496290988	0.5647681294740127
174	54	139	(54, 174)	122.33333333333333	139.0	61.71169527191206	('nanr', 'mtlr')	False												nanr	mtlr	45	4	0	1	63	0.24234660496290988	0.5647681294740127
3	102	264	(3, 264)	123.0	102.0	131.76114753598648	('cspa', 'hlye')	False												cspa	hlye	45	4	0	1	63	0.24234660496290988	0.5647681294740127
99	212	60	(60, 212)	123.66666666666667	99.0	78.94512862319836	('xylr', 'glnq')	False												xylr	glnq	45	4	0	1	63	0.24234660496290988	0.5647681294740127
138	209	29	(29, 209)	125.33333333333333	138.0	90.66605391949807	('fis', 'cbpm')	True	1483.0	('fis', 'cbpm')		[(0, -0.27809497837828723, 0.001357281248107954), (10, -0.16333314880205915, 0.21241488646618312), (20, -0.1052967484908767, 0.43566676562340667), (30, -0.23052240269043123, 0.053104041988363576), (60, -0.67096463637562476, 1.9250378575932247e-05), (90, -0.64422355236863715, 0.0070690701865164423)]	['-']	fis	cbpm	fis	45.0	cbpm	45.0	fis	cbpm	45	4	0	1	63	0.24234660496290988	0.5647681294740127
151	135	94	(94, 151)	126.66666666666667	135.0	29.39954648176283	('slya', 'argw')	False												slya	argw	45	4	0	1	63	0.24234660496290988	0.5647681294740127
124	91	165	(91, 165)	126.66666666666667	124.0	37.072002014098636	('fis', 'xylg')	True	1614.0	('fis', 'xylg')	0.0	[(0, -0.37680460359521967, 9.9282095319049277e-06), (10, -0.45843567533318808, 0.00022998260627145011), (20, -0.37971402747673483, 0.0035770691363761048), (30, -0.33000644281983782, 0.0049460854446787567), (60, -0.170349312709006, 0.34323022682743309), (90, -0.68101422269649103, 0.0036803487527059717)]	['-']	fis	xylg	fis	45.0	xylg	45.0	fis	xylg	45	4	0	1	63	0.24234660496290988	0.5647681294740127
36	80	266	(36, 266)	127.33333333333333	80.0	122.08740038731817	('fis', 'nana')	True	1542.0	('fis', 'nana')	10.0	[(0, -0.3299801348186957, 0.00012608888793529851), (10, -0.54461834510671525, 6.8421731641378707e-06), (20, -0.51435467432216853, 4.2601994821382743e-05), (30, -0.1879896380524029, 0.11642788510735609), (60, 0.068173683582423303, 0.7061984649728793), (90, -0.22148754069870269, 0.40971373135185507)]	['-']	fis	nana	fis	45.0	nana	45.0	fis	nana	45	4	0	1	63	0.24234660496290988	0.5647681294740127
50	179	154	(50, 179)	127.66666666666667	154.0	68.41296173484477	('fis', 'nane')	True	1543.0	('fis', 'nane')	0.0	[(0, -0.40523685455807168, 1.7304326922040333e-06), (10, -0.50039954350375571, 4.6727553929902159e-05), (20, -0.48175979162711358, 0.00014810125755564812), (30, -0.073814177836901113, 0.54069337472039214), (60, -0.12275745307204795, 0.49613850309086061), (90, -0.42022322423791864, 0.10510077181073717)]	['-']	fis	nane	fis	45.0	nane	45.0	fis	nane	45	4	0	1	63	0.24234660496290988	0.5647681294740127
123	94	168	(94, 168)	128.33333333333334	123.0	37.28717384481336	('fis', 'fimb')	False												fis	fimb	45	4	0	1	63	0.24234660496290988	0.5647681294740127
44	42	302	(42, 302)	129.33333333333334	44.0	149.53706341015706	('cspa', 'mtla')	False												cspa	mtla	45	4	0	1	63	0.24234660496290988	0.5647681294740127
71	207	116	(71, 207)	131.33333333333334	116.0	69.28443788711382	('xylr', 'nane')	False												xylr	nane	45	4	0	1	63	0.24234660496290988	0.5647681294740127
236	150	12	(12, 236)	132.66666666666666	150.0	113.00147491662811	('xylr', 'fimb')	False												xylr	fimb	45	4	0	1	63	0.24234660496290988	0.5647681294740127
119	58	225	(58, 225)	134.0	119.0	84.50443775329198	('cspa', 'glnq')	False												cspa	glnq	45	4	0	1	63	0.24234660496290988	0.5647681294740127
168	77	159	(77, 168)	134.66666666666666	159.0	50.143128475727686	('slya', 'cbpm')	False												slya	cbpm	45	4	0	1	63	0.24234660496290988	0.5647681294740127
113	140	151	(113, 151)	134.66666666666666	140.0	19.553345834749955	('cspa', 'hns')	True	70.0	('cspa', 'hns')		[(0, -0.10267714180826527, 0.24504543062830852), (10, -0.17701606682595375, 0.1760462530920171), (20, -0.086563685519084582, 0.52199962561258118), (30, 0.034122111852169928, 0.77756256563276416), (60, -0.0049926449779833905, 0.97800127532844572), (90, -0.095999672831153723, 0.72358773259073772)]	['+']	cspa	hns	cspa	45.0	hns	45.0	cspa	hns	45	4	0	1	63	0.24234660496290988	0.5647681294740127
156	234	18	(18, 234)	136.0	156.0	109.38007131100254	('nanr', 'argw')	False												nanr	argw	45	4	0	1	63	0.24234660496290988	0.5647681294740127
49	75	284	(49, 284)	136.0	75.0	128.8293444833125	('mtlr', 'slya')	False												mtlr	slya	45	4	0	1	63	0.24234660496290988	0.5647681294740127
135	154	120	(120, 154)	136.33333333333334	135.0	17.03917055884274	('fis', 'sert')	True	1601.0	('fis', 'sert')		[(0, 0.27034967104916224, 0.0018656193937074865), (10, 0.1221031600735674, 0.3526844663663794), (20, 0.090807314487938648, 0.50172286655650056), (30, 0.12284174892793945, 0.30745258088821997), (60, 0.40030247387401785, 0.020978785446524095), (90, 0.54639535522984339, 0.028532142968691852)]	['+']	fis	sert	fis	45.0	sert	45.0	fis	sert	45	4	0	1	63	0.24234660496290988	0.5647681294740127
182	164	65	(65, 182)	137.0	164.0	63.0	('slya', 'xylg')	False												slya	xylg	45	4	0	1	63	0.24234660496290988	0.5647681294740127
75	214	124	(75, 214)	137.66666666666666	124.0	70.50059101407118	('xylr', 'nank')	False												xylr	nank	45	4	0	1	63	0.24234660496290988	0.5647681294740127
209	149	55	(55, 209)	137.66666666666666	149.0	77.6230206403573	('xylr', 'hns')	False												xylr	hns	45	4	0	1	63	0.24234660496290988	0.5647681294740127
79	218	118	(79, 218)	138.33333333333334	118.0	71.69611797952057	('xylr', 'nana')	False												xylr	nana	45	4	0	1	63	0.24234660496290988	0.5647681294740127
120	184	111	(111, 184)	138.33333333333334	120.0	39.80368492154129	('mtlr', 'glyt')	False												mtlr	glyt	45	4	0	1	63	0.24234660496290988	0.5647681294740127
65	153	198	(65, 198)	138.66666666666666	153.0	67.64860185793445	('fis', 'thrt')	True	1604.0	('fis', 'thrt')	0.0	[(0, 0.65861263287014704, 1.6448001978199329e-17), (10, 0.11522029349358129, 0.38068071747336019), (20, 0.018444018837979848, 0.89168230427444817), (30, 0.23367215252770901, 0.04984967217438338), (60, 0.45241399284748196, 0.0082063177162505392), (90, 0.59150290884650802, 0.015803167860577887)]	['+']	fis	thrt	fis	45.0	thrt	45.0	fis	thrt	45	4	0	1	63	0.24234660496290988	0.5647681294740127
173	85	162	(85, 173)	140.0	162.0	47.94788837894741	('mtlr', 'mazg')	False												mtlr	mazg	45	4	0	1	63	0.24234660496290988	0.5647681294740127
152	147	123	(123, 152)	140.66666666666666	147.0	15.50268793897798	('fis', 'apag')	True	1472.0	('fis', 'apag')	10.0	[(0, -0.27522416493843749, 0.0015287617587923215), (10, -0.55434525851024641, 4.3187604693778492e-06), (20, -0.54437238332849192, 1.2016739104612558e-05), (30, -0.20797321283702494, 0.081790033995593092), (60, -0.39764630629756381, 0.021926292552815835), (90, -0.16874135592843692, 0.53215527856731937)]	['+']	fis	apag	fis	45.0	apag	45.0	fis	apag	45	4	0	1	63	0.24234660496290988	0.5647681294740127
180	213	31	(31, 213)	141.33333333333334	180.0	96.96562964954815	('xylr', 'hisr')	False												xylr	hisr	45	4	0	1	63	0.24234660496290988	0.5647681294740127
133	114	178	(114, 178)	141.66666666666666	133.0	32.86842456421258	('slya', 'leux')	False												slya	leux	45	4	0	1	63	0.24234660496290988	0.5647681294740127
166	113	148	(113, 166)	142.33333333333334	148.0	26.950572040929544	('mtlr', 'xylr')	False												mtlr	xylr	45	4	0	1	63	0.24234660496290988	0.5647681294740127
262	116	50	(50, 262)	142.66666666666666	116.0	108.48655830716234	('cspa', 'trma')	False												cspa	trma	45	4	0	1	63	0.24234660496290988	0.5647681294740127
106	176	146	(106, 176)	142.66666666666666	146.0	35.11884584284247	('fis', 'cbpa')	True	1482.0	('fis', 'cbpa')		[(0, -0.30477311857494127, 0.00042244785017274769), (10, -0.079055168707370518, 0.54822768411215406), (20, -0.067127617434316306, 0.61979943192083164), (30, -0.28520041159340215, 0.015918220768317594), (60, -0.66576763750509127, 2.3547551016122324e-05), (90, -0.66003731288101464, 0.0053954405530780248)]	['-']	fis	cbpa	fis	45.0	cbpa	45.0	fis	cbpa	45	4	0	1	63	0.24234660496290988	0.5647681294740127
78	67	286	(67, 286)	143.66666666666666	78.0	123.3869252932957	('slya', 'gyra')	False												slya	gyra	45	4	0	1	63	0.24234660496290988	0.5647681294740127
51	187	193	(51, 193)	143.66666666666666	187.0	80.30774142841607	('cspa', 'glyt')	False												cspa	glyt	45	4	0	1	63	0.24234660496290988	0.5647681294740127
72	221	138	(72, 221)	143.66666666666666	138.0	74.66145815166841	('fis', 'argu')	True	1474.0	('fis', 'argu')		[(0, 0.22773425682247783, 0.0091652936211410845), (10, 0.0026117033819503233, 0.98419922474858035), (20, 0.03254109245417694, 0.81009729041629686), (30, 0.11158934523514825, 0.35419830240875894), (60, 0.081596391835226378, 0.65168978426200741), (90, 0.41281998837209993, 0.11202196032576493)]	['+']	fis	argu	fis	45.0	argu	45.0	fis	argu	45	4	0	1	63	0.24234660496290988	0.5647681294740127
141	101	190	(101, 190)	144.0	141.0	44.57577817604534	('xylr', 'flxa')	False												xylr	flxa	45	4	0	1	63	0.24234660496290988	0.5647681294740127
281	146	13	(13, 281)	146.66666666666666	146.0	134.00124377532222	('fis', 'mtla')	True	1540.0	('fis', 'mtla')		[(0, -0.23759682021539846, 0.0064898151072109453), (10, -0.24075615439049852, 0.063879720444324745), (20, -0.19353524678170445, 0.14917108457969708), (30, -0.16910467930861853, 0.15860308410476562), (60, -0.477268184617406, 0.0049767998887195637), (90, -0.65188230224908383, 0.0062135281525792264)]	['-']	fis	mtla	fis	45.0	mtla	45.0	fis	mtla	45	4	0	1	63	0.24234660496290988	0.5647681294740127
140	44	263	(44, 263)	149.0	140.0	109.77704678119193	('cspa', 'gyra')	True	1029.0	('cspa', 'gyra')		[(0, 0.028628518525645519, 0.74644606417625214), (10, 0.031736280577721245, 0.80977405231116739), (20, -0.26409931877747467, 0.047129846860214313), (30, -0.34975964909176072, 0.0027910202236440754), (60, -0.02385777125942461, 0.89515316296775771), (90, 0.35156924890517782, 0.1817756887223495)]	['+']	cspa	gyra	cspa	45.0	gyra	45.0	cspa	gyra	45	4	0	1	63	0.24234660496290988	0.5647681294740127
104	100	246	(100, 246)	150.0	104.0	83.16249154516716	('slya', 'nant')	False												slya	nant	45	4	0	1	63	0.24234660496290988	0.5647681294740127
132	71	247	(71, 247)	150.0	132.0	89.37001734362593	('cspa', 'nanr')	False												cspa	nanr	45	4	0	1	63	0.24234660496290988	0.5647681294740127
20	177	253	(20, 253)	150.0	177.0	118.82339836917643	('mtlr', 'topa')	False												mtlr	topa	45	4	0	1	63	0.24234660496290988	0.5647681294740127
215	128	108	(108, 215)	150.33333333333334	128.0	56.88878038184096	('cspa', 'argu')	False												cspa	argu	45	4	0	1	63	0.24234660496290988	0.5647681294740127
137	195	122	(122, 195)	151.33333333333334	137.0	38.552993831002716	('xylr', 'prok')	False												xylr	prok	45	4	0	1	63	0.24234660496290988	0.5647681294740127
250	144	61	(61, 250)	151.66666666666666	144.0	94.73295801004703	('cspa', 'yjhb')	False												cspa	yjhb	45	4	0	1	63	0.24234660496290988	0.5647681294740127
214	3	243	(3, 243)	153.33333333333334	214.0	130.9974554460251	('nanr', 'fimb')	True	2247.0	('nanr', 'fimb')		[(0, -0.086163229908361491, 0.32969031596058218), (10, -0.13944692109363421, 0.28794905794958525), (20, -0.13957526088224154, 0.3004337739011268), (30, 0.079752502872243863, 0.50852720534007578), (60, -0.15077763095307917, 0.40227906949895498), (90, -0.024224594226534189, 0.92904184391703681)]	['+']	nanr	fimb	nanr	45.0	fimb	45.0	nanr	fimb	45	4	0	1	63	0.24234660496290988	0.5647681294740127
144	264	53	(53, 264)	153.66666666666666	144.0	105.83162728283702	('nanr', 'apag')	False												nanr	apag	45	4	0	1	63	0.24234660496290988	0.5647681294740127
189	111	164	(111, 189)	154.66666666666666	164.0	39.82880029995046	('xylr', 'cbpm')	False												xylr	cbpm	45	4	0	1	63	0.24234660496290988	0.5647681294740127
221	143	100	(100, 221)	154.66666666666666	143.0	61.3378621516379	('slya', 'leup')	False												slya	leup	45	4	0	1	63	0.24234660496290988	0.5647681294740127
255	121	93	(93, 255)	156.33333333333334	121.0	86.58714300248816	('nanr', 'thru')	False												nanr	thru	45	4	0	1	63	0.24234660496290988	0.5647681294740127
265	189	15	(15, 265)	156.33333333333334	189.0	128.16135663035615	('cspa', 'leuw')	False												cspa	leuw	45	4	0	1	63	0.24234660496290988	0.5647681294740127
158	109	206	(109, 206)	157.66666666666666	158.0	48.50085909892044	('mtlr', 'apag')	False												mtlr	apag	45	4	0	1	63	0.24234660496290988	0.5647681294740127
203	166	104	(104, 203)	157.66666666666666	166.0	50.023327891428146	('nanr', 'prok')	False												nanr	prok	45	4	0	1	63	0.24234660496290988	0.5647681294740127
160	194	121	(121, 194)	158.33333333333334	160.0	36.528527664461556	('slya', 'sert')	False												slya	sert	45	4	0	1	63	0.24234660496290988	0.5647681294740127
251	161	66	(66, 251)	159.33333333333334	161.0	92.51126057585277	('mtlr', 'gltx')	False												mtlr	gltx	45	4	0	1	63	0.24234660496290988	0.5647681294740127
212	249	38	(38, 249)	166.33333333333334	212.0	112.6691321229259	('cspa', 'xylr')	False												cspa	xylr	45	4	0	1	63	0.24234660496290988	0.5647681294740127
57	127	316	(57, 316)	166.66666666666666	127.0	133.97885405291888	('slya', 'yhch')	False												slya	yhch	45	4	0	1	63	0.24234660496290988	0.5647681294740127
164	89	248	(89, 248)	167.0	164.0	79.54244150137711	('mtlr', 'cbpm')	False												mtlr	cbpm	45	4	0	1	63	0.24234660496290988	0.5647681294740127
67	139	296	(67, 296)	167.33333333333334	139.0	117.09967264400586	('fis', 'nant')	True	1545.0	('fis', 'nant')	10.0	[(0, -0.37049383853346834, 1.4318392371165922e-05), (10, -0.56850789133269131, 2.152244181858669e-06), (20, -0.52385741418561271, 2.8909071411469661e-05), (30, -0.1336967612247866, 0.26633093089325405), (60, -0.078804508991282912, 0.66289389412484168), (90, -0.32596661641208541, 0.21791192115233762)]	['-']	fis	nant	fis	45.0	nant	45.0	fis	nant	45	4	0	1	63	0.24234660496290988	0.5647681294740127
142	82	279	(82, 279)	167.66666666666666	142.0	100.97689504700239	('fis', 'xylr')	True	105.0	('fis', 'xylr')		[(0, -0.27170062640194081, 0.0017660836824994833), (10, -0.50917732244292746, 3.258757895528705e-05), (20, -0.48220709098035219, 0.00014571232077460056), (30, -0.27472880477772704, 0.02041542481769857), (60, 0.18727847292499383, 0.2966612289883156), (90, -0.37272682523113077, 0.15507985451866724)]	['-']	fis	xylr	fis	45.0	xylr	45.0	fis	xylr	45	4	0	1	63	0.24234660496290988	0.5647681294740127
197	92	216	(92, 216)	168.33333333333334	197.0	66.78572701807875	('nanr', 'leux')	False												nanr	leux	45	4	0	1	63	0.24234660496290988	0.5647681294740127
148	170	187	(148, 187)	168.33333333333334	170.0	19.55334583474995	('slya', 'xylh')	False												slya	xylh	45	4	0	1	63	0.24234660496290988	0.5647681294740127
309	178	19	(19, 309)	168.66666666666666	178.0	145.22511261256895	('xylr', 'hlye')	False												xylr	hlye	45	4	0	1	63	0.24234660496290988	0.5647681294740127
159	186	161	(159, 186)	168.66666666666666	161.0	15.044378795195676	('cspa', 'xylg')	False												cspa	xylg	45	4	0	1	63	0.24234660496290988	0.5647681294740127
222	205	80	(80, 222)	169.0	205.0	77.54353615872827	('nanr', 'prom')	False												nanr	prom	45	4	0	1	63	0.24234660496290988	0.5647681294740127
252	226	30	(30, 252)	169.33333333333334	226.0	121.36446487062568	('nanr', 'leup')	False												nanr	leup	45	4	0	1	63	0.24234660496290988	0.5647681294740127
241	175	95	(95, 241)	170.33333333333334	175.0	73.11178655547499	('nanr', 'leuw')	False												nanr	leuw	45	4	0	1	63	0.24234660496290988	0.5647681294740127
185	192	135	(135, 192)	170.66666666666666	185.0	31.085902485424697	('cspa', 'gltx')	False												cspa	gltx	45	4	0	1	63	0.24234660496290988	0.5647681294740127
134	210	172	(134, 210)	172.0	172.0	38.0	('fis', 'prok')	True	1584.0	('fis', 'prok')		[(0, 0.15781986667852027, 0.07292495281082878), (10, -0.1672766319358773, 0.20143092952322972), (20, -0.094866836672749463, 0.48271241712080604), (30, 0.11560340317819205, 0.33704256385619402), (60, 0.16625748988879543, 0.35511750015885957), (90, 0.50327328003647331, 0.046894078917631268)]	['+']	fis	prok	fis	45.0	prok	45.0	fis	prok	45	4	0	1	63	0.24234660496290988	0.5647681294740127
272	132	112	(112, 272)	172.0	132.0	87.17797887081348	('mtlr', 'xylh')	False												mtlr	xylh	45	4	0	1	63	0.24234660496290988	0.5647681294740127
98	228	194	(98, 228)	173.33333333333334	194.0	67.41908730718129	('xylr', 'yjhb')	False												xylr	yjhb	45	4	0	1	63	0.24234660496290988	0.5647681294740127
93	152	275	(93, 275)	173.33333333333334	152.0	92.85652014443215	('slya', 'xylr')	False												slya	xylr	45	4	0	1	63	0.24234660496290988	0.5647681294740127
254	138	132	(132, 254)	174.66666666666666	138.0	68.77014856268185	('nanr', 'gltx')	False												nanr	gltx	45	4	0	1	63	0.24234660496290988	0.5647681294740127
47	216	262	(47, 262)	175.0	216.0	113.21219015636082	('mtlr', 'tyru')	False												mtlr	tyru	45	4	0	1	63	0.24234660496290988	0.5647681294740127
114	151	268	(114, 268)	177.66666666666666	151.0	80.38863933002806	('slya', 'nana')	False												slya	nana	45	4	0	1	63	0.24234660496290988	0.5647681294740127
115	145	276	(115, 276)	178.66666666666666	145.0	85.61736583972514	('nanr', 'hns')	False												nanr	hns	45	4	0	1	63	0.24234660496290988	0.5647681294740127
207	296	35	(35, 296)	179.33333333333334	207.0	132.68132247356195	('xylr', 'glyu')	False												xylr	glyu	45	4	0	1	63	0.24234660496290988	0.5647681294740127
226	171	144	(144, 226)	180.33333333333334	171.0	41.78915329763614	('xylr', 'mtlr')	False												xylr	mtlr	45	4	0	1	63	0.24234660496290988	0.5647681294740127
184	172	185	(172, 185)	180.33333333333334	184.0	7.234178138070235	('mtlr', 'cbpa')	False												mtlr	cbpa	45	4	0	1	63	0.24234660496290988	0.5647681294740127
118	159	270	(118, 270)	182.33333333333334	159.0	78.64053238205686	('nanr', 'pdxa')	False												nanr	pdxa	45	4	0	1	63	0.24234660496290988	0.5647681294740127
199	93	257	(93, 257)	183.0	199.0	83.16249154516716	('slya', 'gltx')	False												slya	gltx	45	4	0	1	63	0.24234660496290988	0.5647681294740127
177	167	207	(167, 207)	183.66666666666666	177.0	20.81665999466133	('slya', 'xylf')	False												slya	xylf	45	4	0	1	63	0.24234660496290988	0.5647681294740127
200	256	96	(96, 256)	184.0	200.0	81.19113252073775	('nanr', 'nank')	True	2250.0	('nanr', 'nank')		[(0, 0.22193906952761241, 0.011155573633973289), (10, 0.39319881064399731, 0.0018845072718035138), (20, 0.26371827982150287, 0.047461185728161707), (30, 0.038734657828658627, 0.74842933278058621), (60, 0.13024628930947704, 0.47002120798920821), (90, 0.39583757292181815, 0.12908980735584705)]	['-']	nanr	nank	nanr	45.0	nank	45.0	nanr	nank	45	4	0	1	63	0.24234660496290988	0.5647681294740127
155	308	89	(89, 308)	184.0	155.0	112.34322409473569	('slya', 'prok')	False												slya	prok	45	4	0	1	63	0.24234660496290988	0.5647681294740127
66	203	283	(66, 283)	184.0	203.0	109.74060324237333	('fis', 'hisr')	True	1517.0	('fis', 'hisr')		[(0, -0.055044648616217516, 0.53393143230014217), (10, -0.059791839946148659, 0.64996612143313548), (20, -0.086604354846160442, 0.52180337533193266), (30, -0.0081612220080161495, 0.94614532601702961), (60, -0.071667243067957687, 0.69185943883339829), (90, 0.021651711133615331, 0.93656331153190298)]	['+']	fis	hisr	fis	45.0	hisr	45.0	fis	hisr	45	4	0	1	63	0.24234660496290988	0.5647681294740127
312	196	45	(45, 312)	184.33333333333334	196.0	133.88178865451917	('mtlr', 'xylf')	False												mtlr	xylf	45	4	0	1	63	0.24234660496290988	0.5647681294740127
257	247	56	(56, 257)	186.66666666666666	247.0	113.27106132341717	('slya', 'quea')	False												slya	quea	45	4	0	1	63	0.24234660496290988	0.5647681294740127
107	165	288	(107, 288)	186.66666666666666	165.0	92.42474416157901	('fis', 'argx')	True	1476.0	('fis', 'argx')		[(0, 0.32448031813658307, 0.00016565449359154968), (10, -0.21735250126635894, 0.095276457146740823), (20, -0.2554489634787897, 0.055133667680749177), (30, 0.2096868698468366, 0.079249085033557432), (60, 0.22579991681669187, 0.20640939556654139), (90, 0.57109867142706572, 0.020850192268309562)]	['+']	fis	argx	fis	45.0	argx	45.0	fis	argx	45	4	0	1	63	0.24234660496290988	0.5647681294740127
163	217	182	(163, 217)	187.33333333333334	182.0	27.392213005402343	('nanr', 'trma')	False												nanr	trma	45	4	0	1	63	0.24234660496290988	0.5647681294740127
139	183	240	(139, 240)	187.33333333333334	183.0	50.63924696649165	('fis', 'topa')	True	1608.0	('fis', 'topa')		[(0, 0.32338954994793068, 0.000174760835653859), (10, -0.015577369028312596, 0.90596413137291587), (20, -0.13766721804807022, 0.3071547401987319), (30, 0.11109043730025221, 0.35636764537002497), (60, 0.60105445917394029, 0.00021647895343331262), (90, 0.14144235325233503, 0.60131183033215896)]	['+']	fis	topa	fis	45.0	topa	45.0	fis	topa	45	4	0	1	63	0.24234660496290988	0.5647681294740127
116	242	205	(116, 242)	187.66666666666666	205.0	64.76367294504948	('xylr', 'yhch')	False												xylr	yhch	45	4	0	1	63	0.24234660496290988	0.5647681294740127
239	232	92	(92, 239)	187.66666666666666	232.0	82.92365967161201	('fis', 'pdxa')	True	1581.0	('fis', 'pdxa')		[(0, 0.038678666184347128, 0.66217741886066805), (10, -0.42595181805091309, 0.00069083539097353555), (20, -0.45703226583639683, 0.0003517759253973091), (30, -0.10349352820526647, 0.39040526165240064), (60, 0.38836172053185886, 0.025520438337929399), (90, 0.50526584133196673, 0.04588923784783306)]	['+']	fis	pdxa	fis	45.0	pdxa	45.0	fis	pdxa	45	4	0	1	63	0.24234660496290988	0.5647681294740127
165	279	119	(119, 279)	187.66666666666666	165.0	82.37313477908518	('cspa', 'fis')	False												cspa	fis	45	4	0	1	63	0.24234660496290988	0.5647681294740127
194	223	147	(147, 223)	188.0	194.0	38.353617821530214	('xylr', 'apah')	False												xylr	apah	45	4	0	1	63	0.24234660496290988	0.5647681294740127
103	219	244	(103, 244)	188.66666666666666	219.0	75.23518680333913	('fis', 'flxa')	True	1497.0	('fis', 'flxa')		[(0, -0.090964797271843922, 0.30334957817572716), (10, -0.13636729445847881, 0.29883297462179026), (20, 0.089137264392276969, 0.50965394654402174), (30, 0.061148444407402601, 0.61245319282145638), (60, 0.077098618621912432, 0.6697754591990881), (90, -0.075084691565336967, 0.78226724713994966)]	['+']	fis	flxa	fis	45.0	flxa	45.0	fis	flxa	45	4	0	1	63	0.24234660496290988	0.5647681294740127
219	112	236	(112, 236)	189.0	219.0	67.22350779303324	('nanr', 'mazg')	False												nanr	mazg	45	4	0	1	63	0.24234660496290988	0.5647681294740127
171	200	196	(171, 200)	189.0	196.0	15.716233645501712	('fis', 'mazg')	True	1535.0	('fis', 'mazg')		[(0, -0.24650961746241867, 0.0046947778627844322), (10, -0.44064523838624964, 0.00042577918803097593), (20, -0.29216297207518255, 0.02743482158895507), (30, -0.16059160213799345, 0.18094476839041215), (60, -0.30425305098841182, 0.08516220045720975), (90, 0.19345538138554058, 0.47283337510962653)]	['+']	fis	mazg	fis	45.0	mazg	45.0	fis	mazg	45	4	0	1	63	0.24234660496290988	0.5647681294740127
89	266	218	(89, 266)	191.0	218.0	91.53687781435414	('fis', 'glyu')	True	1512.0	('fis', 'glyu')		[(0, 0.04364733303123243, 0.62195266923593695), (10, -0.061804344620138708, 0.63898913099591281), (20, -0.036000706132220249, 0.79034400767208357), (30, 0.14783106421617687, 0.21858125156667821), (60, 0.16867780078506206, 0.34805666258758994), (90, 0.37742020091316025, 0.14953776758200382)]	['+']	fis	glyu	fis	45.0	glyu	45.0	fis	glyu	45	4	0	1	63	0.24234660496290988	0.5647681294740127
147	288	140	(140, 288)	191.66666666666666	147.0	83.50049900050497	('fis', 'prol')	True	1585.0	('fis', 'prol')		[(0, 0.15975335542953065, 0.069438647572311871), (10, -0.13463840516132428, 0.30505883897617991), (20, -0.0069201166429732159, 0.95925473177056098), (30, 0.043174511495630973, 0.72071429444674329), (60, 0.082367224287122634, 0.64860935000022035), (90, 0.30407582328887001, 0.2522035315919588)]	['+']	fis	prol	fis	45.0	prol	45.0	fis	prol	45	4	0	1	63	0.24234660496290988	0.5647681294740127
224	224	127	(127, 224)	191.66666666666666	224.0	56.0029761113937	('xylr', 'argw')	False												xylr	argw	45	4	0	1	63	0.24234660496290988	0.5647681294740127
287	156	134	(134, 287)	192.33333333333334	156.0	82.71839779234928	('mtlr', 'thrw')	False												mtlr	thrw	45	4	0	1	63	0.24234660496290988	0.5647681294740127
201	83	294	(83, 294)	192.66666666666666	201.0	105.74655234726725	('nanr', 'cspa')	False												nanr	cspa	45	4	0	1	63	0.24234660496290988	0.5647681294740127
176	174	228	(174, 228)	192.66666666666666	176.0	30.615900008546756	('nanr', 'thrw')	False												nanr	thrw	45	4	0	1	63	0.24234660496290988	0.5647681294740127
237	283	59	(59, 283)	193.0	237.0	118.30469136936202	('nanr', 'nana')	True	2248.0	('nanr', 'nana')		[(0, 0.21620356230369231, 0.013489208507922958), (10, 0.18453637903681999, 0.15809763433946142), (20, 0.1862432997475503, 0.16540370629750395), (30, 0.045612626578537332, 0.70564343554389919), (60, -0.19345421282991554, 0.28072587380012953), (90, -0.0043691587595464931, 0.98718741910426788)]	['-']	nanr	nana	nanr	45.0	nana	45.0	nanr	nana	45	4	0	1	63	0.24234660496290988	0.5647681294740127
246	271	64	(64, 271)	193.66666666666666	246.0	112.98819997386157	('mtlr', 'leup')	False												mtlr	leup	45	4	0	1	63	0.24234660496290988	0.5647681294740127
231	282	72	(72, 282)	195.0	231.0	109.5308175811721	('xylr', 'leuw')	False												xylr	leuw	45	4	0	1	63	0.24234660496290988	0.5647681294740127
223	78	287	(78, 287)	196.0	223.0	107.08407911543154	('mtlr', 'trma')	False												mtlr	trma	45	4	0	1	63	0.24234660496290988	0.5647681294740127
162	215	211	(162, 215)	196.0	211.0	29.512709126747414	('xylr', 'gltx')	False												xylr	gltx	45	4	0	1	63	0.24234660496290988	0.5647681294740127
280	306	3	(3, 306)	196.33333333333334	280.0	167.93550349266036	('mtlr', 'yhch')	False												mtlr	yhch	45	4	0	1	63	0.24234660496290988	0.5647681294740127
183	305	101	(101, 305)	196.33333333333334	183.0	102.65151403332214	('fis', 'hlye')	True	1518.0	('fis', 'hlye')	0.0	[(0, -0.37806757358838583, 9.218201719858003e-06), (10, -0.15101312820956303, 0.24942151413255625), (20, -0.071786045972059939, 0.5956606459788869), (30, -0.25086874312475288, 0.034840318707637208), (60, -0.65221285422766706, 3.9122227484006596e-05), (90, -0.77339834798448071, 0.00044097185888079788)]	['-']	fis	hlye	fis	45.0	hlye	45.0	fis	hlye	45	4	0	1	63	0.24234660496290988	0.5647681294740127
260	265	67	(67, 265)	197.33333333333334	260.0	112.89966046597897	('xylr', 'cbpa')	False												xylr	cbpa	45	4	0	1	63	0.24234660496290988	0.5647681294740127
273	235	84	(84, 273)	197.33333333333334	235.0	99.9716626516401	('mtlr', 'nana')	False												mtlr	nana	45	4	0	1	63	0.24234660496290988	0.5647681294740127
154	211	233	(154, 233)	199.33333333333334	211.0	40.771722226726375	('nanr', 'apah')	False												nanr	apah	45	4	0	1	63	0.24234660496290988	0.5647681294740127
289	273	36	(36, 289)	199.33333333333334	273.0	141.67686237820675	('xylr', 'cspa')	False												xylr	cspa	45	4	0	1	63	0.24234660496290988	0.5647681294740127
179	131	289	(131, 289)	199.66666666666666	179.0	81.002057587035	('nanr', 'thrt')	False												nanr	thrt	45	4	0	1	63	0.24234660496290988	0.5647681294740127
100	314	188	(100, 314)	200.66666666666666	188.0	107.56083549942021	('fis', 'prom')	True	1586.0	('fis', 'prom')		[(0, 0.1590566715536412, 0.070678926012881602), (10, 0.046767473349594392, 0.72271466294897069), (20, 0.037502930896123728, 0.78180662116111621), (30, 0.072358575538412309, 0.54872695972754471), (60, 0.38296945954657713, 0.027821213323029181), (90, 0.34951079628779413, 0.18452456872665296)]	['+']	fis	prom	fis	45.0	prom	45.0	fis	prom	45	4	0	1	63	0.24234660496290988	0.5647681294740127
153	208	241	(153, 241)	200.66666666666666	208.0	44.45597072760118	('cspa', 'leup')	False												cspa	leup	45	4	0	1	63	0.24234660496290988	0.5647681294740127
277	258	69	(69, 277)	201.33333333333334	258.0	114.99710141274576	('nanr', 'hisr')	False												nanr	hisr	45	4	0	1	63	0.24234660496290988	0.5647681294740127
204	222	180	(180, 222)	202.0	204.0	21.071307505705477	('nanr', 'xylh')	False												nanr	xylh	45	4	0	1	63	0.24234660496290988	0.5647681294740127
313	289	6	(6, 313)	202.66666666666666	289.0	170.74054390604869	('xylr', 'tyru')	False												xylr	tyru	45	4	0	1	63	0.24234660496290988	0.5647681294740127
202	291	117	(117, 291)	203.33333333333334	202.0	87.007662497813	('nanr', 'yhch')	True	2252.0	('nanr', 'yhch')		[(0, 0.17688063420957903, 0.044096307631132481), (10, 0.13389418146515089, 0.30776446377918465), (20, 0.17176017047705947, 0.20140804675522347), (30, 0.015365868206623555, 0.89879445277091041), (60, 0.20688800330365037, 0.24800582571431765), (90, 0.32796774188008032, 0.21493403263927174)]	['-']	nanr	yhch	nanr	45.0	yhch	45.0	nanr	yhch	45	4	0	1	63	0.24234660496290988	0.5647681294740127
267	130	215	(130, 267)	204.0	215.0	69.15923654870693	('nanr', 'fis')	False												nanr	fis	45	4	0	1	63	0.24234660496290988	0.5647681294740127
210	107	297	(107, 297)	204.66666666666666	210.0	95.11221442766083	('fis', 'nanr')	False												fis	nanr	45	4	0	1	63	0.24234660496290988	0.5647681294740127
249	141	227	(141, 249)	205.66666666666666	227.0	57.07305260219864	('slya', 'glyt')	False												slya	glyt	45	4	0	1	63	0.24234660496290988	0.5647681294740127
300	119	202	(119, 300)	207.0	202.0	90.60353193998566	('cspa', 'xylh')	False												cspa	xylh	45	4	0	1	63	0.24234660496290988	0.5647681294740127
175	142	305	(142, 305)	207.33333333333334	175.0	86.17617613548035	('fis', 'gyrb')	True	1516.0	('fis', 'gyrb')	0.0	[(0, 0.42536017708389479, 4.5417784924207205e-07), (10, 0.33521048019586375, 0.0088412721756583705), (20, 0.33645038517397613, 0.010498986135988448), (30, 0.22312761219392935, 0.061429679639524462), (60, 0.62013986245277752, 0.0001184198189793057), (90, 0.4170961912539457, 0.10798641538925671)]	['-']	fis	gyrb	fis	45.0	gyrb	45.0	fis	gyrb	45	4	0	1	63	0.24234660496290988	0.5647681294740127
245	237	141	(141, 245)	207.66666666666666	237.0	57.87342510456188	('slya', 'leuw')	False												slya	leuw	45	4	0	1	63	0.24234660496290988	0.5647681294740127
296	302	25	(25, 302)	207.66666666666666	296.0	158.22241729076615	('mtlr', 'nane')	False												mtlr	nane	45	4	0	1	63	0.24234660496290988	0.5647681294740127
269	122	235	(122, 269)	208.66666666666666	235.0	76.95669778085163	('nanr', 'glyt')	False												nanr	glyt	45	4	0	1	63	0.24234660496290988	0.5647681294740127
291	225	110	(110, 291)	208.66666666666666	225.0	91.59876272817954	('cspa', 'glyu')	False												cspa	glyu	45	4	0	1	63	0.24234660496290988	0.5647681294740127
298	136	192	(136, 298)	208.66666666666666	192.0	82.27595841637661	('cspa', 'prom')	False												cspa	prom	45	4	0	1	63	0.24234660496290988	0.5647681294740127
205	292	130	(130, 292)	209.0	205.0	81.0740402348372	('nanr', 'xylr')	False												nanr	xylr	45	4	0	1	63	0.24234660496290988	0.5647681294740127
195	133	300	(133, 300)	209.33333333333334	195.0	84.41761269624564	('slya', 'thru')	False												slya	thru	45	4	0	1	63	0.24234660496290988	0.5647681294740127
242	243	145	(145, 243)	210.0	242.0	56.293871780150276	('xylr', 'nanr')	False												xylr	nanr	45	4	0	1	63	0.24234660496290988	0.5647681294740127
268	240	126	(126, 268)	211.33333333333334	240.0	75.21524668133006	('mtlr', 'hisr')	False												mtlr	hisr	45	4	0	1	63	0.24234660496290988	0.5647681294740127
196	244	195	(195, 244)	211.66666666666666	196.0	28.00595174839329	('xylr', 'prol')	False												xylr	prol	45	4	0	1	63	0.24234660496290988	0.5647681294740127
256	201	181	(181, 256)	212.66666666666666	201.0	38.83726732577014	('slya', 'tyru')	False												slya	tyru	45	4	0	1	63	0.24234660496290988	0.5647681294740127
230	188	224	(188, 230)	214.0	224.0	22.715633383201094	('slya', 'fis')	False												slya	fis	45	4	0	1	63	0.24234660496290988	0.5647681294740127
125	300	230	(125, 300)	218.33333333333334	230.0	88.08140174482541	('fis', 'thrw')	True	1607.0	('fis', 'thrw')		[(0, -0.055554428400856046, 0.53014455498146051), (10, -0.089581808952155895, 0.4960794935273628), (20, -0.047847779265146058, 0.72375697854569943), (30, 0.076134310983562312, 0.52800844683072157), (60, -0.0048433457058360769, 0.97865897027825866), (90, 0.251170380771921, 0.34806555379761861)]	['+']	fis	thrw	fis	45.0	thrw	45.0	fis	thrw	45	4	0	1	63	0.24234660496290988	0.5647681294740127
227	254	174	(174, 254)	218.33333333333334	227.0	40.69807530256601	('xylr', 'fis')	False												xylr	fis	45	4	0	1	63	0.24234660496290988	0.5647681294740127
217	148	291	(148, 291)	218.66666666666666	217.0	71.51456728061306	('fis', 'gyra')	True	1515.0	('fis', 'gyra')		[(0, 0.36627398759072294, 1.8213442644407182e-05), (10, 0.28854948225618088, 0.02536037791788304), (20, 0.31883043808341938, 0.015638661853039755), (30, 0.20977625255207069, 0.079118294326296704), (60, 0.5637858549271777, 0.00063370289373901843), (90, 0.60226929638006454, 0.013555599452598611)]	['-']	fis	gyra	fis	45.0	gyra	45.0	fis	gyra	45	4	0	1	63	0.24234660496290988	0.5647681294740127
220	276	160	(160, 276)	218.66666666666666	220.0	58.011493114152245	('fis', 'slya')	False												fis	slya	45	4	0	1	63	0.24234660496290988	0.5647681294740127
228	263	167	(167, 263)	219.33333333333334	228.0	48.58326186386967	('xylr', 'sert')	False												xylr	sert	45	4	0	1	63	0.24234660496290988	0.5647681294740127
270	193	197	(193, 270)	220.0	197.0	43.347433603386484	('mtlr', 'leux')	False												mtlr	leux	45	4	0	1	63	0.24234660496290988	0.5647681294740127
315	173	175	(173, 315)	221.0	175.0	81.41252974819048	('mtlr', 'xylg')	False												mtlr	xylg	45	4	0	1	63	0.24234660496290988	0.5647681294740127
285	124	258	(124, 285)	222.33333333333334	258.0	86.22258018253301	('mtlr', 'argw')	False												mtlr	argw	45	4	0	1	63	0.24234660496290988	0.5647681294740127
243	197	231	(197, 243)	223.66666666666666	231.0	23.860706890897706	('xylr', 'pdxa')	False												xylr	pdxa	45	4	0	1	63	0.24234660496290988	0.5647681294740127
225	316	131	(131, 316)	224.0	225.0	92.50405396521819	('xylr', 'gyra')	False												xylr	gyra	45	4	0	1	63	0.24234660496290988	0.5647681294740127
253	155	265	(155, 265)	224.33333333333334	253.0	60.343461396686	('cspa', 'hisr')	False												cspa	hisr	45	4	0	1	63	0.24234660496290988	0.5647681294740127
161	204	308	(161, 308)	224.33333333333334	204.0	75.57997971244325	('fis', 'cspa')	False												fis	cspa	45	4	0	1	63	0.24234660496290988	0.5647681294740127
263	137	274	(137, 274)	224.66666666666666	263.0	76.12051847782786	('cspa', 'xylf')	False												cspa	xylf	45	4	0	1	63	0.24234660496290988	0.5647681294740127
264	182	229	(182, 264)	225.0	229.0	41.14608122288197	('cspa', 'osme')	False												cspa	osme	45	4	0	1	63	0.24234660496290988	0.5647681294740127
248	180	249	(180, 249)	225.66666666666666	248.0	39.55165398985652	('nanr', 'argx')	False												nanr	argx	45	4	0	1	63	0.24234660496290988	0.5647681294740127
234	206	242	(206, 242)	227.33333333333334	234.0	18.90326250501043	('mtlr', 'sert')	False												mtlr	sert	45	4	0	1	63	0.24234660496290988	0.5647681294740127
247	255	186	(186, 255)	229.33333333333334	247.0	37.74034092762456	('fis', 'hns')	True	99.0	('fis', 'hns')		[(0, -0.021216443914168395, 0.81064401927276775), (10, -0.12365855540869342, 0.34653827548338245), (20, -0.12867397951142481, 0.34012512192062139), (30, 0.071982197144493582, 0.55081355855983505), (60, 0.17611987548558813, 0.32688247215225252), (90, 0.063029230762915597, 0.81661930260682714)]	['+']	fis	hns	fis	45.0	hns	45.0	fis	hns	45	4	0	1	63	0.24234660496290988	0.5647681294740127
146	269	282	(146, 282)	232.33333333333334	269.0	75.04887296511076	('fis', 'argw')	True	1475.0	('fis', 'argw')		[(0, 0.20185510724614888, 0.021276934149288256), (10, -0.053416999851685715, 0.68521884156358692), (20, -0.055906040413281122, 0.67956733133764757), (30, 0.067632075964843913, 0.57520325056016308), (60, 0.12320283860355527, 0.49456492978648126), (90, 0.35990547817808333, 0.17091983846915429)]	['+']	fis	argw	fis	45.0	argw	45.0	fis	argw	45	4	0	1	63	0.24234660496290988	0.5647681294740127
169	248	281	(169, 281)	232.66666666666666	248.0	57.55287424041769	('slya', 'prom')	False												slya	prom	45	4	0	1	63	0.24234660496290988	0.5647681294740127
299	227	173	(173, 299)	233.0	227.0	63.21392251711643	('nanr', 'tyru')	False												nanr	tyru	45	4	0	1	63	0.24234660496290988	0.5647681294740127
181	310	208	(181, 310)	233.0	208.0	68.03675477269621	('xylr', 'yjhc')	False												xylr	yjhc	45	4	0	1	63	0.24234660496290988	0.5647681294740127
208	272	220	(208, 272)	233.33333333333334	220.0	34.019602192461534	('xylr', 'argu')	False												xylr	argu	45	4	0	1	63	0.24234660496290988	0.5647681294740127
157	238	306	(157, 306)	233.66666666666666	238.0	74.59445913292309	('slya', 'prol')	False												slya	prol	45	4	0	1	63	0.24234660496290988	0.5647681294740127
240	311	152	(152, 311)	234.33333333333334	240.0	79.65132348764416	('nanr', 'nant')	True	2251.0	('nanr', 'nant')		[(0, 0.14174246378660377, 0.10769577578404722), (10, 0.11610143546485474, 0.37702428892680351), (20, 0.18195289565240644, 0.17553906766926081), (30, 0.040764803964938007, 0.73571457892364256), (60, -0.10132006648482152, 0.57476748146174317), (90, 0.11328022496337573, 0.67615638760751973)]	['-']	nanr	nant	nanr	45.0	nant	45.0	nanr	nant	45	4	0	1	63	0.24234660496290988	0.5647681294740127
275	230	199	(199, 275)	234.66666666666666	230.0	38.214307966170644	('cspa', 'prol')	False												cspa	prol	45	4	0	1	63	0.24234660496290988	0.5647681294740127
216	181	314	(181, 314)	237.0	216.0	68.94200461257273	('xylr', 'mtld')	False												xylr	mtld	45	4	0	1	63	0.24234660496290988	0.5647681294740127
206	280	232	(206, 280)	239.33333333333334	232.0	37.5410886008029	('slya', 'hisr')	False												slya	hisr	45	4	0	1	63	0.24234660496290988	0.5647681294740127
191	250	278	(191, 278)	239.66666666666666	250.0	44.41095960833692	('xylr', 'apag')	False												xylr	apag	45	4	0	1	63	0.24234660496290988	0.5647681294740127
301	285	133	(133, 301)	239.66666666666666	285.0	92.72180613713978	('xylr', 'topa')	False												xylr	topa	45	4	0	1	63	0.24234660496290988	0.5647681294740127
266	252	203	(203, 266)	240.33333333333334	252.0	33.08070938376826	('nanr', 'yjhc')	True	2254.0	('nanr', 'yjhc')		[(0, 0.072603975612425972, 0.41170229120152813), (10, 0.10726952520316684, 0.41462316191208726), (20, 0.10622922760500188, 0.43158990843521661), (30, 0.085813009319952005, 0.47674171101783402), (60, -0.10350979147293081, 0.5664860169858531), (90, 0.38765995504282086, 0.13791571133940803)]	['-']	nanr	yjhc	nanr	45.0	yjhc	45.0	nanr	yjhc	45	4	0	1	63	0.24234660496290988	0.5647681294740127
293	259	170	(170, 293)	240.66666666666666	259.0	63.51640208114226	('cspa', 'prok')	False												cspa	prok	45	4	0	1	63	0.24234660496290988	0.5647681294740127
305	268	149	(149, 305)	240.66666666666666	268.0	81.51278018405048	('fis', 'mtld')	True	1541.0	('fis', 'mtld')		[(0, -0.32667599528005298, 0.00014864612427176809), (10, -0.50768029977615703, 3.4677740591615344e-05), (20, -0.50713707615107073, 5.675748571913667e-05), (30, -0.20684294129644104, 0.083501040347889272), (60, -0.58083082911141115, 0.00039400894185141213), (90, -0.73305326431357176, 0.001234687654562772)]	['-']	fis	mtld	fis	45.0	mtld	45.0	fis	mtld	45	4	0	1	63	0.24234660496290988	0.5647681294740127
198	267	259	(198, 267)	241.33333333333334	259.0	37.74034092762456	('fis', 'apah')	True	1473.0	('fis', 'apah')	20.0	[(0, -0.30264464479349396, 0.00046560972815407699), (10, -0.56680966607422401, 2.3437019624024819e-06), (20, -0.58462371056213658, 1.7963372522265551e-06), (30, -0.20878068829543922, 0.080584801023318386), (60, -0.20136220356511444, 0.26114309905926775), (90, -0.10878381998027921, 0.68839671593055141)]	['+']	fis	apah	fis	45.0	apah	45.0	fis	apah	45	4	0	1	63	0.24234660496290988	0.5647681294740127
310	202	214	(202, 310)	242.0	214.0	59.19459434779497	('mtlr', 'prol')	False												mtlr	prol	45	4	0	1	63	0.24234660496290988	0.5647681294740127
235	270	222	(222, 270)	242.33333333333334	235.0	24.826061575153908	('cspa', 'thrw')	False												cspa	thrw	45	4	0	1	63	0.24234660496290988	0.5647681294740127
278	301	156	(156, 301)	245.0	278.0	77.92945527847606	('mtlr', 'nant')	False												mtlr	nant	45	4	0	1	63	0.24234660496290988	0.5647681294740127
187	303	245	(187, 303)	245.0	245.0	58.0	('xylr', 'osme')	False												xylr	osme	45	4	0	1	63	0.24234660496290988	0.5647681294740127
259	229	250	(229, 259)	246.0	250.0	15.394804318340652	('mtlr', 'msra')	False												mtlr	msra	45	4	0	1	63	0.24234660496290988	0.5647681294740127
186	251	304	(186, 304)	247.0	251.0	59.10160742314882	('slya', 'glyu')	False												slya	glyu	45	4	0	1	63	0.24234660496290988	0.5647681294740127
304	231	212	(212, 304)	249.0	231.0	48.569537778323564	('mtlr', 'glyu')	False												mtlr	glyu	45	4	0	1	63	0.24234660496290988	0.5647681294740127
282	199	269	(199, 282)	250.0	269.0	44.64302857109943	('cspa', 'nank')	False												cspa	nank	45	4	0	1	63	0.24234660496290988	0.5647681294740127
317	299	137	(137, 317)	251.0	299.0	99.13626985114983	('mtlr', 'osme')	False												mtlr	osme	45	4	0	1	63	0.24234660496290988	0.5647681294740127
303	236	217	(217, 303)	252.0	236.0	45.17742799230607	('xylr', 'thru')	False												xylr	thru	45	4	0	1	63	0.24234660496290988	0.5647681294740127
193	297	272	(193, 297)	254.0	272.0	54.286278192559855	('xylr', 'slya')	False												xylr	slya	45	4	0	1	63	0.24234660496290988	0.5647681294740127
233	294	239	(233, 294)	255.33333333333334	239.0	33.6204302966713	('xylr', 'leup')	False												xylr	leup	45	4	0	1	63	0.24234660496290988	0.5647681294740127
232	261	273	(232, 273)	255.33333333333334	261.0	21.07921567168317	('xylr', 'thrw')	False												xylr	thrw	45	4	0	1	63	0.24234660496290988	0.5647681294740127
188	281	301	(188, 301)	256.6666666666667	281.0	60.302017655575455	('nanr', 'xylf')	False												nanr	xylf	45	4	0	1	63	0.24234660496290988	0.5647681294740127
292	253	226	(226, 292)	257.0	253.0	33.18132004607411	('cspa', 'sert')	False												cspa	sert	45	4	0	1	63	0.24234660496290988	0.5647681294740127
314	245	213	(213, 314)	257.3333333333333	245.0	51.61718060232788	('mtlr', 'prom')	False												mtlr	prom	45	4	0	1	63	0.24234660496290988	0.5647681294740127
311	312	150	(150, 312)	257.6666666666667	311.0	93.2434090610877	('cspa', 'nana')	False												cspa	nana	45	4	0	1	63	0.24234660496290988	0.5647681294740127
244	220	315	(220, 315)	259.6666666666667	244.0	49.399730093729595	('cspa', 'flxa')	False												cspa	flxa	45	4	0	1	63	0.24234660496290988	0.5647681294740127
294	233	254	(233, 294)	260.3333333333333	254.0	30.98924544633724	('nanr', 'quea')	False												nanr	quea	45	4	0	1	63	0.24234660496290988	0.5647681294740127
302	298	183	(183, 302)	261.0	298.0	67.57958271549181	('cspa', 'nane')	False												cspa	nane	45	4	0	1	63	0.24234660496290988	0.5647681294740127
258	275	251	(251, 275)	261.3333333333333	258.0	12.34233905438241	('nanr', 'nane')	True	2249.0	('nanr', 'nane')		[(0, 0.16271054138634891, 0.064369246534878091), (10, 0.27972102672890403, 0.030422786241477179), (20, 0.23424765545988657, 0.079457540165291204), (30, 0.025510674328486443, 0.83275023623775501), (60, -0.11239057315819656, 0.5334698045590458), (90, 0.23631219277409884, 0.37823762371829794)]	['-']	nanr	nane	nanr	45.0	nane	45.0	nanr	nane	45	4	0	1	63	0.24234660496290988	0.5647681294740127
192	290	303	(192, 303)	261.6666666666667	290.0	60.682232435312834	('xylr', 'leux')	False												xylr	leux	45	4	0	1	63	0.24234660496290988	0.5647681294740127
307	260	219	(219, 307)	262.0	260.0	44.034077712607996	('mtlr', 'argu')	False												mtlr	argu	45	4	0	1	63	0.24234660496290988	0.5647681294740127
211	287	293	(211, 293)	263.6666666666667	287.0	45.70922591045853	('xylr', 'gyrb')	False												xylr	gyrb	45	4	0	1	63	0.24234660496290988	0.5647681294740127
288	262	255	(255, 288)	268.3333333333333	262.0	17.3877351409933	('xylr', 'thrt')	False												xylr	thrt	45	4	0	1	63	0.24234660496290988	0.5647681294740127
218	277	313	(218, 313)	269.3333333333333	277.0	47.9617903474561	('xylr', 'prom')	False												xylr	prom	45	4	0	1	63	0.24234660496290988	0.5647681294740127
261	257	295	(257, 295)	271.0	261.0	20.8806130178211	('nanr', 'glyu')	False												nanr	glyu	45	4	0	1	63	0.24234660496290988	0.5647681294740127
274	307	238	(238, 307)	273.0	274.0	34.51086785347479	('nanr', 'argu')	False												nanr	argu	45	4	0	1	63	0.24234660496290988	0.5647681294740127
284	246	298	(246, 298)	276.0	284.0	26.90724809414742	('cspa', 'yhch')	False												cspa	yhch	45	4	0	1	63	0.24234660496290988	0.5647681294740127
271	241	317	(241, 317)	276.3333333333333	271.0	38.27967258654825	('mtlr', 'fis')	False												mtlr	fis	45	4	0	1	63	0.24234660496290988	0.5647681294740127
238	295	307	(238, 307)	280.0	295.0	36.864617182333525	('cspa', 'leux')	False												cspa	leux	45	4	0	1	63	0.24234660496290988	0.5647681294740127
295	313	237	(237, 313)	281.6666666666667	295.0	39.71565602295061	('xylr', 'argx')	False												xylr	argx	45	4	0	1	63	0.24234660496290988	0.5647681294740127
276	293	277	(276, 293)	282.0	277.0	9.539392014169456	('cspa', 'msra')	False												cspa	msra	45	4	0	1	63	0.24234660496290988	0.5647681294740127
279	304	267	(267, 304)	283.3333333333333	279.0	18.876793513023692	('mtlr', 'leuw')	False												mtlr	leuw	45	4	0	1	63	0.24234660496290988	0.5647681294740127
286	278	310	(278, 310)	291.3333333333333	286.0	16.65332799572906	('xylr', 'quea')	False												xylr	quea	45	4	0	1	63	0.24234660496290988	0.5647681294740127
306	284	290	(284, 306)	293.3333333333333	290.0	11.372481406154654	('fis', 'mtlr')	True	104.0	('fis', 'mtlr')	10.0	[(0, -0.25543385400482482, 0.003356128159810593), (10, -0.63698842875959161, 4.4586106084521507e-08), (20, -0.58555791381302447, 1.7135788393764981e-06), (30, -0.12063048993633899, 0.31630796591098437), (60, 0.0017717669020365094, 0.99219237159627172), (90, -0.37593147318863329, 0.15128095841202507)]	['-']	fis	mtlr	fis	45.0	mtlr	45.0	fis	mtlr	45	4	0	1	63	0.24234660496290988	0.5647681294740127
297	274	312	(274, 312)	294.3333333333333	297.0	19.139836293274122	('xylr', 'glyt')	False												xylr	glyt	45	4	0	1	63	0.24234660496290988	0.5647681294740127
283	315	285	(283, 315)	294.3333333333333	285.0	17.925772879665004	('mtlr', 'nank')	False												mtlr	nank	45	4	0	1	63	0.24234660496290988	0.5647681294740127
290	286	309	(286, 309)	295.0	290.0	12.288205727444508	('slya', 'argx')	False												slya	argx	45	4	0	1	63	0.24234660496290988	0.5647681294740127
308	309	271	(271, 309)	296.0	308.0	21.656407827707714	('cspa', 'argw')	False												cspa	argw	45	4	0	1	63	0.24234660496290988	0.5647681294740127
316	317	261	(261, 317)	298.0	316.0	32.046840717924134	('cspa', 'nant')	False												cspa	nant	45	4	0	1	63	0.24234660496290988	0.5647681294740127
4	9	3	(3, 9)	5.333333333333333	4.0	3.214550253664318	('cuer', 'hyfh')	False												cuer	hyfh	48	4	0	1	76	0.43444556460853484	0.5752708978328177
7	2	15	(2, 15)	8.0	7.0	6.557438524302	('hyfr', 'focb')	True	1863.0	('hyfr', 'focb')	0.0	[(0, 0.57314562210063402, 1.0321745175551047e-12), (10, 0.48214703259672953, 9.5867767833122044e-05), (20, 0.3841026842927065, 0.0031805658311837731), (30, 0.31639157801386664, 0.0071865578215484288), (60, 0.18400582492842132, 0.30533419268451578), (90, 0.53642089151475569, 0.032182245740462183)]	['+']	hyfr	focb	hyfr	48.0	focb	48.0	hyfr	focb	48	4	0	1	76	0.43444556460853484	0.5752708978328177
5	20	10	(5, 20)	11.666666666666666	10.0	7.637626158259733	('hyfr', 'hyfj')	True	1873.0	('hyfr', 'hyfj')	0.0	[(0, 0.70096098237467686, 1.6196498755445378e-20), (10, 0.69090316480799374, 9.9889257504665944e-10), (20, 0.52637980648094929, 2.6030561941127335e-05), (30, 0.39012229781944974, 0.00077043617922216336), (60, 0.27875202018483103, 0.11620957056434987), (90, 0.13972600341211458, 0.60577707020705507)]	['+']	hyfr	hyfj	hyfr	48.0	hyfj	48.0	hyfr	hyfj	48	4	0	1	76	0.43444556460853484	0.5752708978328177
2	0	36	(0, 36)	12.666666666666666	2.0	20.231987873991358	('hyfr', 'hyfe')	True	1868.0	('hyfr', 'hyfe')	0.0	[(0, 0.76310453375544329, 4.9655374239842644e-26), (10, 0.50429417439461599, 3.9870816434074009e-05), (20, 0.48290836111383834, 0.00014203789098344866), (30, 0.41773712460485551, 0.00028933403510814554), (60, 0.23356175460072925, 0.19082049220268596), (90, -0.094359001167816189, 0.7281435155258007)]	['+']	hyfr	hyfe	hyfr	48.0	hyfe	48.0	hyfr	hyfe	48	4	0	1	76	0.43444556460853484	0.5752708978328177
13	6	29	(6, 29)	16.0	13.0	11.789826122551595	('hyfr', 'hyfb')	True	1865.0	('hyfr', 'hyfb')	0.0	[(0, 0.74920024489026826, 1.1721418905951418e-24), (10, 0.46490961687936183, 0.00018225276366917953), (20, 0.32599814108816966, 0.013334093034904517), (30, 0.44833761194428712, 8.8189541741385982e-05), (60, 0.16182680464548263, 0.36826390858563396), (90, 0.0097974332767285684, 0.97127339396045975)]	['+']	hyfr	hyfb	hyfr	48.0	hyfb	48.0	hyfr	hyfb	48	4	0	1	76	0.43444556460853484	0.5752708978328177
12	34	6	(6, 34)	17.333333333333332	12.0	14.742229591663989	('fhla', 'cueo')	False												fhla	cueo	48	4	0	1	76	0.43444556460853484	0.5752708978328177
47	4	5	(4, 47)	18.666666666666668	5.0	24.542480178933285	('mode', 'cueo')	False												mode	cueo	48	4	0	1	76	0.43444556460853484	0.5752708978328177
1	5	55	(1, 55)	20.333333333333332	5.0	30.088757590391356	('mode', 'hypb')	False												mode	hypb	48	4	0	1	76	0.43444556460853484	0.5752708978328177
3	24	35	(3, 35)	20.666666666666668	24.0	16.258331197676267	('hyfr', 'hyff')	True	1869.0	('hyfr', 'hyff')	0.0	[(0, 0.73802286998862465, 1.2855075382145161e-23), (10, 0.50970526447774178, 3.1878691508303122e-05), (20, 0.39068713311630804, 0.0026585942268876196), (30, 0.46300867555649722, 4.7875621761017677e-05), (60, 0.39617669494556723, 0.022465556280897445), (90, 0.35045532836493881, 0.18325986111569856)]	['+']	hyfr	hyff	hyfr	48.0	hyff	48.0	hyfr	hyff	48	4	0	1	76	0.43444556460853484	0.5752708978328177
37	12	17	(12, 37)	22.0	17.0	13.228756555322953	('fhla', 'hyfb')	True	1451.0	('fhla', 'hyfb')		[(0, 0.15568308823430593, 0.076941057673076893), (10, -0.028322115115613666, 0.82991523777816734), (20, 0.099610078265123581, 0.46099168828024673), (30, 0.17461853688532583, 0.14526515096021711), (60, 0.15945426303167615, 0.37542031748853188), (90, 0.30719489565178737, 0.24712500304675394)]	['+']	fhla	hyfb	fhla	48.0	hyfb	48.0	fhla	hyfb	48	4	0	1	76	0.43444556460853484	0.5752708978328177
35	3	28	(3, 35)	22.0	28.0	16.822603841260722	('cuer', 'copa')	True	1030.0	('cuer', 'copa')	0.0	[(0, 0.48716038240624204, 4.1627887099234702e-09), (10, 0.10782025207145818, 0.41221738996295809), (20, 0.13627711784342544, 0.31211176789445105), (30, 0.042582909411093189, 0.72438751092607045), (60, 0.64282817284721161, 5.4807667776473663e-05), (90, 0.16572121362316838, 0.53962611548106665)]	['+']	cuer	copa	cuer	48.0	copa	48.0	cuer	copa	48	4	0	1	76	0.43444556460853484	0.5752708978328177
18	32	16	(16, 32)	22.0	18.0	8.717797887081348	('cuer', 'hypb')	False												cuer	hypb	48	4	0	1	76	0.43444556460853484	0.5752708978328177
23	42	1	(1, 42)	22.0	23.0	20.518284528683193	('cuer', 'hypa')	False												cuer	hypa	48	4	0	1	76	0.43444556460853484	0.5752708978328177
6	21	49	(6, 49)	25.333333333333332	21.0	21.82506204649447	('cuer', 'hyci')	False												cuer	hyci	48	4	0	1	76	0.43444556460853484	0.5752708978328177
16	17	43	(16, 43)	25.333333333333332	17.0	15.307950004273378	('cuer', 'moda')	False												cuer	moda	48	4	0	1	76	0.43444556460853484	0.5752708978328177
14	29	62	(14, 62)	35.0	29.0	24.55605831561735	('cuer', 'hyff')	False												cuer	hyff	48	4	0	1	76	0.43444556460853484	0.5752708978328177
78	27	7	(7, 78)	37.333333333333336	27.0	36.610563138708116	('mode', 'hyfa')	False												mode	hyfa	48	4	0	1	76	0.43444556460853484	0.5752708978328177
36	52	26	(26, 52)	38.0	36.0	13.114877048604	('fhla', 'hyce')	True	1444.0	('fhla', 'hyce')	0.0	[(0, 0.44728057363264306, 9.5523815028410206e-08), (10, 0.40775977136105973, 0.0012213512800813308), (20, 0.46207600461755605, 0.0002964332598707848), (30, 0.41238477097833082, 0.000352144858873208), (60, 0.30064877910434812, 0.089114260990066391), (90, 0.023756795991902054, 0.93040898620495738)]	['+']	fhla	hyce	fhla	48.0	hyce	48.0	fhla	hyce	48	4	0	1	76	0.43444556460853484	0.5752708978328177
10	43	63	(10, 63)	38.666666666666664	43.0	26.764404221527766	('mode', 'cuer')	False												mode	cuer	48	4	0	1	76	0.43444556460853484	0.5752708978328177
90	15	12	(12, 90)	39.0	15.0	44.19275958796871	('mode', 'dmsa')	True	2144.0	('mode', 'dmsa')		[(0, 0.19539421766464957, 0.025891203725781763), (10, -0.033702445447465611, 0.79822960293546608), (20, 0.020483732937102452, 0.87978764563612943), (30, 0.23441915550975695, 0.049102349456486838), (60, 0.62205246010884241, 0.00011123045497053495), (90, 0.43770702968061936, 0.089961709591268188)]	['-']	mode	dmsa	mode	48.0	dmsa	48.0	mode	dmsa	48	4	0	1	76	0.43444556460853484	0.5752708978328177
59	51	9	(9, 59)	39.666666666666664	51.0	26.85764943797825	('hyfr', 'cueo')	False												hyfr	cueo	48	4	0	1	76	0.43444556460853484	0.5752708978328177
19	61	56	(19, 61)	45.333333333333336	56.0	22.94195574342635	('fhla', 'hypb')	True	1461.0	('fhla', 'hypb')		[(0, 0.28063582962403433, 0.0012203383799929285), (10, 0.15847948792891081, 0.22650374498489645), (20, 0.014379752726412707, 0.91545145381337045), (30, 0.090417882502912994, 0.45332137960554619), (60, 0.080898026569281981, 0.65448551143008227), (90, 0.077240175962122487, 0.77616288937643119)]	['+']	fhla	hypb	fhla	48.0	hypb	48.0	fhla	hypb	48	4	0	1	76	0.43444556460853484	0.5752708978328177
107	31	0	(0, 107)	46.0	31.0	55.054518434003214	('mode', 'hycf')	True	2152.0	('mode', 'hycf')		[(0, -0.3371139078779784, 8.7813994718171582e-05), (10, -0.21115431047750008, 0.10533844479774833), (20, -0.013431048774804021, 0.9210111587623997), (30, -0.27674602355695171, 0.019473343579404251), (60, -0.24778204984447158, 0.16443561250020741), (90, 0.12890284970417257, 0.63423149896995978)]	['+']	mode	hycf	mode	48.0	hycf	48.0	mode	hycf	48	4	0	1	76	0.43444556460853484	0.5752708978328177
26	10	102	(10, 102)	46.0	26.0	49.15282290977803	('mode', 'modb')	True	2162.0	('mode', 'modb')		[(0, 0.35139663116554792, 4.1429416868027103e-05), (10, 0.40458456675053084, 0.0013447314834015723), (20, 0.10031698102649901, 0.45780070647848214), (30, 0.13774829732757143, 0.25197876932924801), (60, 0.32765130950844246, 0.062688554720403952), (90, -0.14412325128851819, 0.59436379786322957)]	['-']	mode	modb	mode	48.0	modb	48.0	mode	modb	48	4	0	1	76	0.43444556460853484	0.5752708978328177
33	104	4	(4, 104)	47.0	33.0	51.44900387762624	('hyfr', 'hyca')	False												hyfr	hyca	48	4	0	1	76	0.43444556460853484	0.5752708978328177
44	66	31	(31, 66)	47.0	44.0	17.69180601295413	('fhla', 'ccmh')	False												fhla	ccmh	48	4	0	1	76	0.43444556460853484	0.5752708978328177
75	39	30	(30, 75)	48.0	39.0	23.811761799581316	('mode', 'hych')	True	2154.0	('mode', 'hych')		[(0, -0.21646372898136598, 0.013374779436974503), (10, 0.13867486103058582, 0.29065286618403269), (20, 0.001996530722833408, 0.98823997743674064), (30, -0.15288551603105388, 0.20306485041599073), (60, -0.3969995204862441, 0.022162292478360344), (90, 0.087330457488021401, 0.7477552858178973)]	['+']	mode	hych	mode	48.0	hych	48.0	mode	hych	48	4	0	1	76	0.43444556460853484	0.5752708978328177
34	47	69	(34, 69)	50.0	47.0	17.69180601295413	('fhla', 'ccme')	False												fhla	ccme	48	4	0	1	76	0.43444556460853484	0.5752708978328177
0	1	151	(0, 151)	50.666666666666664	1.0	86.89265408153518	('fhla', 'focb')	True	1439.0	('fhla', 'focb')		[(0, -0.23026346209244267, 0.0083997311188773564), (10, -0.32160554504466426, 0.012220949410984507), (20, -0.35352247414387761, 0.0069837336450668565), (30, -0.34599788593318626, 0.0031211160309994558), (60, -0.087701893195878664, 0.62744941543412103), (90, -0.17284105738688074, 0.52208908949513722)]	['+']	fhla	focb	fhla	48.0	focb	48.0	fhla	focb	48	4	0	1	76	0.43444556460853484	0.5752708978328177
62	70	20	(20, 70)	50.666666666666664	62.0	26.85764943797825	('hyfr', 'hyfd')	True	1867.0	('hyfr', 'hyfd')	0.0	[(0, 0.62755463604702277, 1.3524350887349147e-15), (10, 0.66319157944850837, 7.7509945723901316e-09), (20, 0.45699970180784671, 0.00035216188928598917), (30, 0.20267492070263535, 0.090056852804326681), (60, -0.0079652663007278093, 0.96490976503243264), (90, 0.053452412824823964, 0.84413645793201342)]	['+']	hyfr	hyfd	hyfr	48.0	hyfd	48.0	hyfr	hyfd	48	4	0	1	76	0.43444556460853484	0.5752708978328177
48	94	11	(11, 94)	51.0	48.0	41.58124577258358	('hyfr', 'hycc')	False												hyfr	hycc	48	4	0	1	76	0.43444556460853484	0.5752708978328177
29	7	121	(7, 121)	52.333333333333336	29.0	60.475890512941874	('mode', 'copa')	False												mode	copa	48	4	0	1	76	0.43444556460853484	0.5752708978328177
39	50	68	(39, 68)	52.333333333333336	50.0	14.6401275039985	('hyfr', 'hyci')	False												hyfr	hyci	48	4	0	1	76	0.43444556460853484	0.5752708978328177
15	75	67	(15, 75)	52.333333333333336	67.0	32.57811126098831	('hyfr', 'hycf')	False												hyfr	hycf	48	4	0	1	76	0.43444556460853484	0.5752708978328177
17	133	8	(8, 133)	52.666666666666664	17.0	69.71609092120221	('cuer', 'hypd')	False												cuer	hypd	48	4	0	1	76	0.43444556460853484	0.5752708978328177
46	38	74	(38, 74)	52.666666666666664	46.0	18.90326250501043	('mode', 'ccmh')	True	2139.0	('mode', 'ccmh')	0.0	[(0, 0.37313143013245464, 1.2297962512804972e-05), (10, 0.40808320734038361, 0.0012093731676366751), (20, 0.22990080902211987, 0.085362205022833607), (30, -0.0057592337354679946, 0.96198149790658238), (60, 0.02871980134545948, 0.87394167912297205), (90, -0.22234926778925934, 0.40784722645283722)]	['+']	mode	ccmh	mode	48.0	ccmh	48.0	mode	ccmh	48	4	0	1	76	0.43444556460853484	0.5752708978328177
106	41	14	(14, 106)	53.666666666666664	41.0	47.289886163252	('fhla', 'dmsb')	False												fhla	dmsb	48	4	0	1	76	0.43444556460853484	0.5752708978328177
43	44	85	(43, 85)	57.333333333333336	44.0	23.96525262402492	('fhla', 'ccma')	False												fhla	ccma	48	4	0	1	76	0.43444556460853484	0.5752708978328177
84	57	44	(44, 84)	61.666666666666664	57.0	20.404247923737188	('cuer', 'moae')	True	1036.0	('cuer', 'moae')	0.0	[(0, 0.44516470375974898, 1.1157466800819289e-07), (10, 0.60619192517997023, 2.8538246052131755e-07), (20, 0.62313647476335232, 2.2580570764810279e-07), (30, 0.40025271072857238, 0.00054317291741457418), (60, 0.26973238872529598, 0.12900328633029892), (90, 0.37235479401392713, 0.15552499724937002)]	['-']	cuer	moae	cuer	48.0	moae	48.0	cuer	moae	48	4	0	1	76	0.43444556460853484	0.5752708978328177
9	62	119	(9, 119)	63.333333333333336	62.0	55.012119876744734	('fhla', 'hyfh')	True	1457.0	('fhla', 'hyfh')		[(0, 0.013957739824982673, 0.87476147511032232), (10, -0.20214885226355681, 0.12139648815155894), (20, -0.23977766664740607, 0.072417732132182167), (30, -0.13212020185785023, 0.27206158439159728), (60, 0.35338687649904149, 0.043654073004806462), (90, 0.29865171067630636, 0.26118780506802708)]	['+']	fhla	hyfh	fhla	48.0	hyfh	48.0	fhla	hyfh	48	4	0	1	76	0.43444556460853484	0.5752708978328177
38	77	76	(38, 77)	63.666666666666664	76.0	22.233608194203057	('hyfr', 'hyfh')	True	1871.0	('hyfr', 'hyfh')	0.0	[(0, 0.58728479445839499, 2.0703643820810789e-13), (10, 0.50104195834104837, 4.5526333813442062e-05), (20, 0.41143497171733562, 0.0014750857720148671), (30, 0.043040647100255527, 0.72154490112477621), (60, 0.055025484257667671, 0.76102151943161911), (90, -0.18226542306215543, 0.49928440085811598)]	['+']	hyfr	hyfh	hyfr	48.0	hyfh	48.0	hyfr	hyfh	48	4	0	1	76	0.43444556460853484	0.5752708978328177
95	55	46	(46, 95)	65.33333333333333	55.0	26.083200212652844	('mode', 'fhla')	False												mode	fhla	48	4	0	1	76	0.43444556460853484	0.5752708978328177
32	53	111	(32, 111)	65.33333333333333	53.0	40.91861841916627	('mode', 'moab')	True	2157.0	('mode', 'moab')		[(0, 0.24825452415674529, 0.0044005478096721985), (10, 0.25460990231728775, 0.049623099929468319), (20, 0.28841117081226036, 0.029579300929980214), (30, 0.39014987650390742, 0.00076971492531913307), (60, 0.19938469163430197, 0.26595360263616785), (90, -0.13690477459767272, 0.61314521127534238)]	['+']	mode	moab	mode	48.0	moab	48.0	mode	moab	48	4	0	1	76	0.43444556460853484	0.5752708978328177
81	86	32	(32, 86)	66.33333333333333	81.0	29.838453936712828	('mode', 'hycc')	True	2149.0	('mode', 'hycc')		[(0, -0.2333920764764334, 0.0075313052278942931), (10, -0.071285876060908249, 0.58833405748595802), (20, 0.12027850668492907, 0.37281865608294962), (30, -0.30110347924801584, 0.01072224935226015), (60, -0.27569183092646443, 0.1204392594728716), (90, -0.21955311792163792, 0.41392007953150955)]	['+']	mode	hycc	mode	48.0	hycc	48.0	mode	hycc	48	4	0	1	76	0.43444556460853484	0.5752708978328177
56	8	136	(8, 136)	66.66666666666667	56.0	64.66323014923809	('mode', 'modc')	True	2163.0	('mode', 'modc')		[(0, 0.14506888692464159, 0.099601567071145203), (10, 0.27826647169751945, 0.031332970399886008), (20, 0.0998360064336236, 0.45997052901204805), (30, 0.094699412576786574, 0.43212792781288634), (60, 0.17908272943875475, 0.3186789787521494), (90, -0.15861712797690469, 0.55738065747990606)]	['-']	mode	modc	mode	48.0	modc	48.0	mode	modc	48	4	0	1	76	0.43444556460853484	0.5752708978328177
42	109	51	(42, 109)	67.33333333333333	51.0	36.363901514184825	('fhla', 'hych')	True	1447.0	('fhla', 'hych')	0.0	[(0, 0.51385570313766737, 4.0379395290495794e-10), (10, 0.46242070554865999, 0.00019941123933424866), (20, 0.46675644146744077, 0.00025229459579793136), (30, 0.45168654983713702, 7.6898282680271709e-05), (60, 0.21936208360393913, 0.21998920499819219), (90, -0.098804711440184906, 0.71581894502443544)]	['+']	fhla	hych	fhla	48.0	hych	48.0	fhla	hych	48	4	0	1	76	0.43444556460853484	0.5752708978328177
8	19	177	(8, 177)	68.0	19.0	94.5568612000208	('mode', 'hycd')	True	2150.0	('mode', 'hycd')		[(0, -0.36130486456531419, 2.407583314653707e-05), (10, -0.1381864747921735, 0.29237178962863908), (20, 0.012148989636477406, 0.92853034994435646), (30, -0.28888123986230557, 0.014554164598445146), (60, -0.21925486100180033, 0.22022041404487519), (90, 0.009985485024771432, 0.97072223384880796)]	['+']	mode	hycd	mode	48.0	hycd	48.0	mode	hycd	48	4	0	1	76	0.43444556460853484	0.5752708978328177
66	58	84	(58, 84)	69.33333333333333	66.0	13.316656236958787	('cuer', 'ccmb')	False												cuer	ccmb	48	4	0	1	76	0.43444556460853484	0.5752708978328177
28	67	116	(28, 116)	70.33333333333333	67.0	44.09459528483432	('mode', 'hypf')	False												mode	hypf	48	4	0	1	76	0.43444556460853484	0.5752708978328177
69	82	60	(60, 82)	70.33333333333333	69.0	11.06044001535804	('cuer', 'moaa')	True	1032.0	('cuer', 'moaa')	0.0	[(0, 0.38770231603400968, 5.1804119755806101e-06), (10, 0.53360442192919422, 1.1325751694683792e-05), (20, 0.48732909243460265, 0.00012076086733856444), (30, 0.16930219727810286, 0.158110151292016), (60, -0.27059897543719336, 0.12773078236044438), (90, -0.23215677043844093, 0.38692382269091552)]	['-']	cuer	moaa	cuer	48.0	moaa	48.0	cuer	moaa	48	4	0	1	76	0.43444556460853484	0.5752708978328177
30	37	146	(30, 146)	71.0	37.0	65.04613747179766	('mode', 'moaa')	True	2156.0	('mode', 'moaa')		[(0, 0.3381708556401663, 8.3168367203783684e-05), (10, 0.1777589194977881, 0.17421014749310149), (20, 0.15481963741363663, 0.25017833002775325), (30, 0.48467869035470051, 1.8425711845153129e-05), (60, 0.12688404350065066, 0.48165678400363532), (90, -0.37196715190480489, 0.15598973352598597)]	['+']	mode	moaa	mode	48.0	moaa	48.0	mode	moaa	48	4	0	1	76	0.43444556460853484	0.5752708978328177
71	101	42	(42, 101)	71.33333333333333	71.0	29.50141239556732	('mode', 'hycb')	True	2148.0	('mode', 'hycb')		[(0, -0.31596394293382635, 0.00025023254781509675), (10, -0.20269656265244049, 0.12036948402819443), (20, -0.041366820716797571, 0.75996687423345854), (30, -0.16991465010830131, 0.15658890735171668), (60, -0.40778685327096414, 0.018489658417939286), (90, 0.19270411467010934, 0.47458745747052866)]	['+']	mode	hycb	mode	48.0	hycb	48.0	mode	hycb	48	4	0	1	76	0.43444556460853484	0.5752708978328177
94	105	18	(18, 105)	72.33333333333333	94.0	47.37439533475159	('cuer', 'hyfb')	False												cuer	hyfb	48	4	0	1	76	0.43444556460853484	0.5752708978328177
123	36	58	(36, 123)	72.33333333333333	58.0	45.23641600893392	('fhla', 'moae')	False												fhla	moae	48	4	0	1	76	0.43444556460853484	0.5752708978328177
27	120	71	(27, 120)	72.66666666666667	71.0	46.52239604033022	('mode', 'moac')	True	2158.0	('mode', 'moac')		[(0, 0.33658223203662396, 9.0241416894137002e-05), (10, 0.3834317183535082, 0.002493995143107866), (20, 0.41243699311326271, 0.0014323407927754365), (30, 0.42887749116433116, 0.00019019402859450681), (60, 0.1386471137010159, 0.44160593669287251), (90, -0.0238256568590904, 0.9302077284971727)]	['+']	mode	moac	mode	48.0	moac	48.0	mode	moac	48	4	0	1	76	0.43444556460853484	0.5752708978328177
22	11	186	(11, 186)	73.0	22.0	98.01530492734285	('mode', 'moda')	True	2161.0	('mode', 'moda')		[(0, 0.30293996077463653, 0.00045938758798306508), (10, 0.41775312136909531, 0.00089662436739929821), (20, 0.091216801322223082, 0.49978795719475266), (30, 0.083364958106552589, 0.48945131670005837), (60, 0.25878784807649863, 0.14588889580346129), (90, 0.002752496415586338, 0.99192810401276954)]	['-']	mode	moda	mode	48.0	moda	48.0	mode	moda	48	4	0	1	76	0.43444556460853484	0.5752708978328177
40	13	169	(13, 169)	74.0	40.0	83.37265738837884	('cuer', 'cueo')	True	1031.0	('cuer', 'cueo')	0.0	[(0, 0.43074908018682262, 3.1271945195066333e-07), (10, 0.10349074390920075, 0.43134690909449314), (20, 0.073549862653642412, 0.58663114133564842), (30, -0.00058857872481330744, 0.99611318374043634), (60, 0.70158048139844109, 5.3952740126338593e-06), (90, 0.52446395581320571, 0.037013237258527627)]	['+']	cuer	cueo	cuer	48.0	cueo	48.0	cuer	cueo	48	4	0	1	76	0.43444556460853484	0.5752708978328177
31	74	118	(31, 118)	74.33333333333333	74.0	43.50095784386056	('cuer', 'dmsa')	False												cuer	dmsa	48	4	0	1	76	0.43444556460853484	0.5752708978328177
125	96	2	(2, 125)	74.33333333333333	96.0	64.29878174066235	('hyfr', 'ccme')	False												hyfr	ccme	48	4	0	1	76	0.43444556460853484	0.5752708978328177
126	73	25	(25, 126)	74.66666666666667	73.0	50.520622851795224	('mode', 'hypa')	False												mode	hypa	48	4	0	1	76	0.43444556460853484	0.5752708978328177
24	33	167	(24, 167)	74.66666666666667	33.0	80.08953323208554	('cuer', 'ccmh')	False												cuer	ccmh	48	4	0	1	76	0.43444556460853484	0.5752708978328177
21	125	79	(21, 125)	75.0	79.0	52.11525688318153	('cuer', 'ccma')	False												cuer	ccma	48	4	0	1	76	0.43444556460853484	0.5752708978328177
51	18	156	(18, 156)	75.0	51.0	72.06247289678588	('mode', 'hydn')	False												mode	hydn	48	4	0	1	76	0.43444556460853484	0.5752708978328177
11	22	199	(11, 199)	77.33333333333333	22.0	105.50987315570679	('mode', 'hyfi')	False												mode	hyfi	48	4	0	1	76	0.43444556460853484	0.5752708978328177
86	76	73	(73, 86)	78.33333333333333	76.0	6.8068592855540455	('hyfr', 'ccma')	False												hyfr	ccma	48	4	0	1	76	0.43444556460853484	0.5752708978328177
98	14	125	(14, 125)	79.0	98.0	57.88782255362521	('mode', 'hyfj')	False												mode	hyfj	48	4	0	1	76	0.43444556460853484	0.5752708978328177
80	126	38	(38, 126)	81.33333333333333	80.0	44.01514890731751	('hyfr', 'hydn')	False												hyfr	hydn	48	4	0	1	76	0.43444556460853484	0.5752708978328177
116	78	50	(50, 116)	81.33333333333333	78.0	33.126021996812916	('mode', 'hyfb')	False												mode	hyfb	48	4	0	1	76	0.43444556460853484	0.5752708978328177
72	140	34	(34, 140)	82.0	72.0	53.70288632839021	('hyfr', 'copa')	False												hyfr	copa	48	4	0	1	76	0.43444556460853484	0.5752708978328177
50	168	33	(33, 168)	83.66666666666667	50.0	73.52777253074741	('mode', 'hyfr')	False												mode	hyfr	48	4	0	1	76	0.43444556460853484	0.5752708978328177
108	88	57	(57, 108)	84.33333333333333	88.0	25.69695182961071	('fhla', 'hyfe')	True	1454.0	('fhla', 'hyfe')		[(0, 0.017480010887169634, 0.84352003765385808), (10, 0.0044782910125706864, 0.97290973721312846), (20, 0.04086783851975654, 0.76277721272260146), (30, 0.049961882967550969, 0.67904081148748063), (60, 0.23759379017658211, 0.18305626918066736), (90, 0.36980143358411266, 0.15860337505213845)]	['+']	fhla	hyfe	fhla	48.0	hyfe	48.0	fhla	hyfe	48	4	0	1	76	0.43444556460853484	0.5752708978328177
103	87	64	(64, 103)	84.66666666666667	87.0	19.604421270043485	('fhla', 'fdhf')	True	1438.0	('fhla', 'fdhf')		[(0, 0.12848692294478661, 0.14515138452365348), (10, 0.13716792295540278, 0.29597803472986811), (20, 0.147314021372698, 0.27415873251587786), (30, 0.080550815843680179, 0.50427909057745235), (60, 0.0080876591806163054, 0.96437091293565191), (90, -0.27778151868823436, 0.29756193106185014)]	['+']	fhla	fdhf	fhla	48.0	fdhf	48.0	fhla	fdhf	48	4	0	1	76	0.43444556460853484	0.5752708978328177
60	40	154	(40, 154)	84.66666666666667	60.0	60.87144924620518	('mode', 'hyfc')	False												mode	hyfc	48	4	0	1	76	0.43444556460853484	0.5752708978328177
67	80	108	(67, 108)	85.0	80.0	20.952326839756964	('hyfr', 'ccmh')	False												hyfr	ccmh	48	4	0	1	76	0.43444556460853484	0.5752708978328177
68	25	165	(25, 165)	86.0	68.0	71.71471257698799	('cuer', 'modb')	False												cuer	modb	48	4	0	1	76	0.43444556460853484	0.5752708978328177
45	63	152	(45, 152)	86.66666666666667	63.0	57.29165151514951	('cuer', 'hypc')	False												cuer	hypc	48	4	0	1	76	0.43444556460853484	0.5752708978328177
82	156	23	(23, 156)	87.0	82.0	66.64082832618455	('mode', 'hyca')	True	2147.0	('mode', 'hyca')		[(0, -0.15721492208445076, 0.074044359279104605), (10, 0.095884361566907217, 0.46613935899997228), (20, 0.32472258094501072, 0.013721450332226579), (30, -0.11234789689606661, 0.35091565343740205), (60, -0.28894292912285319, 0.10292223462835104), (90, -0.13145445615355275, 0.62747796874784267)]	['+']	mode	hyca	mode	48.0	hyca	48.0	mode	hyca	48	4	0	1	76	0.43444556460853484	0.5752708978328177
89	148	24	(24, 148)	87.0	89.0	62.02418882984283	('hyfr', 'hycd')	False												hyfr	hycd	48	4	0	1	76	0.43444556460853484	0.5752708978328177
53	54	160	(53, 160)	89.0	54.0	61.48983655857283	('mode', 'hyfh')	False												mode	hyfh	48	4	0	1	76	0.43444556460853484	0.5752708978328177
77	150	40	(40, 150)	89.0	77.0	55.97320787662612	('fhla', 'hyfd')	True	1453.0	('fhla', 'hyfd')		[(0, 0.04051782813887736, 0.64716761623320607), (10, -0.14099441817036668, 0.2825795102233099), (20, -0.13443566970330137, 0.31875675906559847), (30, -0.091013193898318176, 0.45034071804153575), (60, 0.15905764875758041, 0.37662455712278664), (90, 0.20497964006931635, 0.44632848978418294)]	['+']	fhla	hyfd	fhla	48.0	hyfd	48.0	fhla	hyfd	48	4	0	1	76	0.43444556460853484	0.5752708978328177
52	90	127	(52, 127)	89.66666666666667	90.0	37.501111094650696	('mode', 'hyce')	True	2151.0	('mode', 'hyce')		[(0, -0.15497052337399045, 0.078319276181540581), (10, 0.18172990094878791, 0.16463086764125387), (20, 0.29303675733131418, 0.026954557439953758), (30, 0.069268595294485438, 0.56596942109616366), (60, -0.28747293489821907, 0.10476450638959017), (90, 0.29932726467471688, 0.2600582785138123)]	['+']	mode	hyce	mode	48.0	hyce	48.0	mode	hyce	48	4	0	1	76	0.43444556460853484	0.5752708978328177
92	99	78	(78, 99)	89.66666666666667	92.0	10.692676621563626	('fhla', 'hype')	True	1464.0	('fhla', 'hype')		[(0, 0.19080027491323254, 0.029670282951438226), (10, -0.097289776528339034, 0.45959887913983299), (20, -0.033894433308953115, 0.80235540161285912), (30, 0.10138434874539309, 0.40018718648919738), (60, -0.057119207800681422, 0.75220685309043578), (90, -0.15061620754821356, 0.5776730659050946)]	['+']	fhla	hype	fhla	48.0	hype	48.0	fhla	hype	48	4	0	1	76	0.43444556460853484	0.5752708978328177
141	81	48	(48, 141)	90.0	81.0	47.148700936505136	('fhla', 'mode')	False												fhla	mode	48	4	0	1	76	0.43444556460853484	0.5752708978328177
61	64	148	(61, 148)	91.0	64.0	49.38623289946298	('mode', 'hycg')	True	2153.0	('mode', 'hycg')		[(0, -0.26619874608470917, 0.0022041378523217432), (10, 0.046571155388135922, 0.72383211266868741), (20, -0.0096471816832783327, 0.94322057633923584), (30, -0.23736918535639398, 0.046240380939557769), (60, -0.26853315712937903, 0.13077965677093772), (90, 0.24644067366691008, 0.35751858383098273)]	['+']	mode	hycg	mode	48.0	hycg	48.0	mode	hycg	48	4	0	1	76	0.43444556460853484	0.5752708978328177
64	45	166	(45, 166)	91.66666666666667	64.0	65.0717552655016	('hyfr', 'fdhf')	False												hyfr	fdhf	48	4	0	1	76	0.43444556460853484	0.5752708978328177
49	131	96	(49, 131)	92.0	96.0	41.14608122288197	('hyfr', 'hycg')	False												hyfr	hycg	48	4	0	1	76	0.43444556460853484	0.5752708978328177
76	149	54	(54, 149)	93.0	76.0	49.72926703662542	('mode', 'hyfg')	False												mode	hyfg	48	4	0	1	76	0.43444556460853484	0.5752708978328177
135	23	124	(23, 135)	94.0	124.0	61.73329733620261	('cuer', 'hyce')	False												cuer	hyce	48	4	0	1	76	0.43444556460853484	0.5752708978328177
104	141	41	(41, 141)	95.33333333333333	104.0	50.560195147302714	('cuer', 'mode')	False												cuer	mode	48	4	0	1	76	0.43444556460853484	0.5752708978328177
55	69	164	(55, 164)	96.0	69.0	59.30430001273095	('mode', 'moad')	True	2159.0	('mode', 'moad')		[(0, 0.27494948246920325, 0.0015461618619667717), (10, 0.39303722005333713, 0.0018933947561893506), (20, 0.40273341745578461, 0.0018971085933328592), (30, 0.44384423472774348, 0.00010575132202942793), (60, -0.020946120120769244, 0.90789092196341692), (90, 0.15846704219357141, 0.5577584559669887)]	['+']	mode	moad	mode	48.0	moad	48.0	mode	moad	48	4	0	1	76	0.43444556460853484	0.5752708978328177
54	48	192	(48, 192)	98.0	54.0	81.4616474176652	('hyfr', 'hyfa')	True	1864.0	('hyfr', 'hyfa')	0.0	[(0, 0.71607264922009828, 1.0114768732770918e-21), (10, 0.58670975672621795, 8.3732173264067991e-07), (20, 0.3751704551836571, 0.0040330253522055286), (30, 0.38292058696598902, 0.00098120998804660073), (60, 0.15040720909806571, 0.40344954278850564), (90, -0.13841578595746754, 0.60919456075725986)]	['+']	hyfr	hyfa	hyfr	48.0	hyfa	48.0	hyfr	hyfa	48	4	0	1	76	0.43444556460853484	0.5752708978328177
41	112	143	(41, 143)	98.66666666666667	112.0	52.290853247325515	('mode', 'moae')	True	2160.0	('mode', 'moae')		[(0, 0.21579030123592738, 0.013672730704032103), (10, 0.37719833531769892, 0.0029693930290656473), (20, 0.38513547462589143, 0.0030931200176818325), (30, 0.3618536904174367, 0.0019305445449114011), (60, -0.02799651499991955, 0.87709205903484877), (90, 0.17318318461650911, 0.52125299981621043)]	['+']	mode	moae	mode	48.0	moae	48.0	mode	moae	48	4	0	1	76	0.43444556460853484	0.5752708978328177
164	30	104	(30, 164)	99.33333333333333	104.0	67.12177987310328	('hyfr', 'dmsb')	False												hyfr	dmsb	48	4	0	1	76	0.43444556460853484	0.5752708978328177
154	60	94	(60, 154)	102.66666666666667	94.0	47.59551799627076	('cuer', 'hycd')	False												cuer	hycd	48	4	0	1	76	0.43444556460853484	0.5752708978328177
102	121	86	(86, 121)	103.0	102.0	17.52141546793523	('hyfr', 'dmsc')	False												hyfr	dmsc	48	4	0	1	76	0.43444556460853484	0.5752708978328177
118	116	77	(77, 118)	103.66666666666667	116.0	23.115651263447745	('hyfr', 'hyce')	False												hyfr	hyce	48	4	0	1	76	0.43444556460853484	0.5752708978328177
112	165	37	(37, 165)	104.66666666666667	112.0	64.31433225443092	('cuer', 'ccme')	False												cuer	ccme	48	4	0	1	76	0.43444556460853484	0.5752708978328177
57	115	144	(57, 144)	105.33333333333333	115.0	44.298231717906454	('hyfr', 'hyfc')	True	1866.0	('hyfr', 'hyfc')	0.0	[(0, 0.70658982776257717, 5.8844599020735092e-21), (10, 0.59344084776295314, 5.8191264872611669e-07), (20, 0.38631618109558302, 0.0029957667918012474), (30, 0.46125523058010304, 5.1577734892114892e-05), (60, 0.21310716782394115, 0.23375487711081402), (90, 0.3405244658758057, 0.19684398897081176)]	['+']	hyfr	hyfc	hyfr	48.0	hyfc	48.0	hyfr	hyfc	48	4	0	1	76	0.43444556460853484	0.5752708978328177
160	137	22	(22, 160)	106.33333333333333	137.0	73.93465583427933	('fhla', 'hyff')	True	1455.0	('fhla', 'hyff')		[(0, 0.20568858115644609, 0.018888628027097436), (10, 0.072747981524013378, 0.58068642780918445), (20, 0.18404525577735101, 0.17054135279633312), (30, 0.33208054149942934, 0.0046655867244217988), (60, 0.1279102231119201, 0.47808981895951008), (90, 0.061999334602359478, 0.81956946017489818)]	['+']	fhla	hyff	fhla	48.0	hyff	48.0	fhla	hyff	48	4	0	1	76	0.43444556460853484	0.5752708978328177
170	59	92	(59, 170)	107.0	92.0	57.0	('fhla', 'modb')	False												fhla	modb	48	4	0	1	76	0.43444556460853484	0.5752708978328177
20	102	201	(20, 201)	107.66666666666667	102.0	90.6329594205846	('cuer', 'dmsb')	False												cuer	dmsb	48	4	0	1	76	0.43444556460853484	0.5752708978328177
79	72	174	(72, 174)	108.33333333333333	79.0	56.97660338536629	('cuer', 'hyfr')	False												cuer	hyfr	48	4	0	1	76	0.43444556460853484	0.5752708978328177
25	114	189	(25, 189)	109.33333333333333	114.0	82.09953308840028	('fhla', 'hyfj')	True	1459.0	('fhla', 'hyfj')		[(0, 0.089749976615181679, 0.30987950176604301), (10, -0.13342273629002344, 0.30948637916239374), (20, 0.01188536471630358, 0.93007728367223241), (30, 0.1117506343353529, 0.35349873692521905), (60, 0.11293663926883152, 0.53147030720613353), (90, -0.014207984187048529, 0.95835023847956025)]	['+']	fhla	hyfj	fhla	48.0	hyfj	48.0	fhla	hyfj	48	4	0	1	76	0.43444556460853484	0.5752708978328177
167	35	129	(35, 167)	110.33333333333333	129.0	67.95096271086477	('fhla', 'modc')	False												fhla	modc	48	4	0	1	76	0.43444556460853484	0.5752708978328177
101	119	112	(101, 119)	110.66666666666667	112.0	9.073771725877465	('hyfr', 'hyfg')	True	1870.0	('hyfr', 'hyfg')	0.0	[(0, 0.50107419455933233, 1.2652250554284477e-09), (10, 0.29600178157621582, 0.021658161858600786), (20, 0.26719773868026148, 0.044505211318983336), (30, -0.042970346455870882, 0.72198123385224799), (60, 0.15950611916151172, 0.37526303408608341), (90, -0.20584356727225853, 0.44437235872669723)]	['+']	hyfr	hyfg	hyfr	48.0	hyfg	48.0	hyfr	hyfg	48	4	0	1	76	0.43444556460853484	0.5752708978328177
159	129	45	(45, 159)	111.0	129.0	59.09314681077663	('hyfr', 'dmsa')	False												hyfr	dmsa	48	4	0	1	76	0.43444556460853484	0.5752708978328177
156	157	21	(21, 157)	111.33333333333333	156.0	78.23255929172542	('mode', 'ccme')	True	2136.0	('mode', 'ccme')		[(0, 0.033014909822088996, 0.70922736548908472), (10, 0.099991554834222951, 0.44716719242618308), (20, 0.14564405851073287, 0.27969520057670705), (30, 0.077835030681103493, 0.5188052374255514), (60, 0.13237903306739754, 0.46271780001955176), (90, -0.51159209151902341, 0.042805355798727608)]	['+']	mode	ccme	mode	48.0	ccme	48.0	mode	ccme	48	4	0	1	76	0.43444556460853484	0.5752708978328177
186	65	83	(65, 186)	111.33333333333333	83.0	65.28654787422394	('fhla', 'moac')	False												fhla	moac	48	4	0	1	76	0.43444556460853484	0.5752708978328177
149	85	103	(85, 149)	112.33333333333333	103.0	33.005050118630834	('cuer', 'moad')	True	1035.0	('cuer', 'moad')	0.0	[(0, 0.47735784391041475, 9.3355324610898193e-09), (10, 0.6075878694086978, 2.6346679495479045e-07), (20, 0.63109617080120328, 1.4194950350855437e-07), (30, 0.39906394423799657, 0.0005662403025759326), (60, 0.29206286517664148, 0.099093436345136135), (90, 0.37420582125569918, 0.15331870051613045)]	['-']	cuer	moad	cuer	48.0	moad	48.0	cuer	moad	48	4	0	1	76	0.43444556460853484	0.5752708978328177
137	26	175	(26, 175)	112.66666666666667	137.0	77.42308010750627	('cuer', 'moac')	True	1034.0	('cuer', 'moac')	0.0	[(0, 0.50309847780566652, 1.0591806641765202e-09), (10, 0.60931440325634667, 2.3854770107089523e-07), (20, 0.63111157080526892, 1.4182026564012439e-07), (30, 0.3495587270296891, 0.0028078295719598089), (60, 0.25513183948307472, 0.15187262121982956), (90, 0.13988000178277687, 0.60537589155837024)]	['-']	cuer	moac	cuer	48.0	moac	48.0	cuer	moac	48	4	0	1	76	0.43444556460853484	0.5752708978328177
65	83	195	(65, 195)	114.33333333333333	83.0	70.43673284113434	('cuer', 'modc')	False												cuer	modc	48	4	0	1	76	0.43444556460853484	0.5752708978328177
145	135	65	(65, 145)	115.0	135.0	43.58898943540674	('hyfr', 'mode')	False												hyfr	mode	48	4	0	1	76	0.43444556460853484	0.5752708978328177
85	174	89	(85, 174)	116.0	89.0	50.269274910227224	('hyfr', 'ccmf')	False												hyfr	ccmf	48	4	0	1	76	0.43444556460853484	0.5752708978328177
136	49	163	(49, 163)	116.0	136.0	59.57348403442592	('mode', 'hyfe')	False												mode	hyfe	48	4	0	1	76	0.43444556460853484	0.5752708978328177
74	84	191	(74, 191)	116.33333333333333	84.0	64.85625130496932	('cuer', 'fdhf')	False												cuer	fdhf	48	4	0	1	76	0.43444556460853484	0.5752708978328177
88	164	97	(88, 164)	116.33333333333333	97.0	41.52509281546922	('cuer', 'hyfe')	False												cuer	hyfe	48	4	0	1	76	0.43444556460853484	0.5752708978328177
63	97	193	(63, 193)	117.66666666666667	97.0	67.41908730718129	('fhla', 'hyfr')	True	94.0	('fhla', 'hyfr')		[(0, -0.027419650489221653, 0.75681124004981015), (10, -0.10379347343118597, 0.42999325167318858), (20, -0.0069402784738717433, 0.95913612085379873), (30, -0.088515105032570596, 0.46292103541251484), (60, 0.0065815775027178898, 0.97100265605910385), (90, 0.10144488115160231, 0.708530560510646)]	['+']	fhla	hyfr	fhla	48.0	hyfr	48.0	fhla	hyfr	48	4	0	1	76	0.43444556460853484	0.5752708978328177
58	92	206	(58, 206)	118.66666666666667	92.0	77.51988992080248	('hyfr', 'hypf')	False												hyfr	hypf	48	4	0	1	76	0.43444556460853484	0.5752708978328177
114	170	72	(72, 170)	118.66666666666667	114.0	49.16638417997945	('cuer', 'hyca')	False												cuer	hyca	48	4	0	1	76	0.43444556460853484	0.5752708978328177
147	197	13	(13, 197)	119.0	147.0	95.14199913813037	('cuer', 'ccmg')	False												cuer	ccmg	48	4	0	1	76	0.43444556460853484	0.5752708978328177
148	16	197	(16, 197)	120.33333333333333	148.0	93.61801820874726	('cuer', 'fhla')	False												cuer	fhla	48	4	0	1	76	0.43444556460853484	0.5752708978328177
117	93	155	(93, 155)	121.66666666666667	117.0	31.262330900515614	('cuer', 'moab')	True	1033.0	('cuer', 'moab')	0.0	[(0, 0.56681024086791709, 2.0687433665972758e-12), (10, 0.53703407836742156, 9.6991809490528587e-06), (20, 0.54820311618241202, 1.013429938471477e-05), (30, 0.29104733932374127, 0.013799525449481044), (60, 0.18610577241143395, 0.29975085057525713), (90, 0.034319589724123321, 0.89959045202387899)]	['-']	cuer	moab	cuer	48.0	moab	48.0	cuer	moab	48	4	0	1	76	0.43444556460853484	0.5752708978328177
143	207	19	(19, 207)	123.0	143.0	95.58242516278817	('fhla', 'hycf')	True	1445.0	('fhla', 'hycf')		[(0, 0.098631025998977939, 0.26423808757171707), (10, -0.1710037378426113, 0.19142622941862894), (20, -0.067498343245957507, 0.61786330040196125), (30, -0.028871997006214203, 0.81109677469160357), (60, 0.10529525235139411, 0.55977401710746455), (90, -0.00491822988099522, 0.98557741226287532)]	['+']	fhla	hycf	fhla	48.0	hycf	48.0	fhla	hycf	48	4	0	1	76	0.43444556460853484	0.5752708978328177
73	159	138	(73, 159)	123.33333333333333	138.0	44.83674088661366	('fhla', 'hyci')	True	1448.0	('fhla', 'hyci')		[(0, 0.32728154661547471, 0.00014424966280914323), (10, 0.44144640111520805, 0.00041442843675216422), (20, 0.45617414482128171, 0.00036207629768687864), (30, 0.26718868959595288, 0.024288687332355844), (60, -0.011207161821344236, 0.95064272318481258), (90, -0.15506307259880209, 0.56635653940623731)]	['+']	fhla	hyci	fhla	48.0	hyci	48.0	fhla	hyci	48	4	0	1	76	0.43444556460853484	0.5752708978328177
110	79	182	(79, 182)	123.66666666666667	110.0	52.84253337353663	('mode', 'hyfd')	False												mode	hyfd	48	4	0	1	76	0.43444556460853484	0.5752708978328177
176	108	87	(87, 176)	123.66666666666667	108.0	46.52239604033023	('fhla', 'moad')	False												fhla	moad	48	4	0	1	76	0.43444556460853484	0.5752708978328177
128	184	59	(59, 184)	123.66666666666667	128.0	62.612565299094186	('cuer', 'hyfc')	False												cuer	hyfc	48	4	0	1	76	0.43444556460853484	0.5752708978328177
144	123	105	(105, 144)	124.0	123.0	19.519221295943137	('cuer', 'narx')	False												cuer	narx	48	4	0	1	76	0.43444556460853484	0.5752708978328177
96	71	205	(71, 205)	124.0	96.0	71.25307010929424	('fhla', 'narx')	False												fhla	narx	48	4	0	1	76	0.43444556460853484	0.5752708978328177
166	182	27	(27, 182)	125.0	166.0	85.246700815926	('fhla', 'hydn')	True	1449.0	('fhla', 'hydn')		[(0, 0.18889816019866096, 0.031366983147080911), (10, 0.01665719517805268, 0.8994781510183989), (20, 0.20318383099111809, 0.12954961604653156), (30, 0.20858124028291153, 0.080881175869637972), (60, 0.19413944110063661, 0.27899250564002981), (90, 0.42138333763176516, 0.10404415749179506)]	['+']	fhla	hydn	fhla	48.0	hydn	48.0	fhla	hydn	48	4	0	1	76	0.43444556460853484	0.5752708978328177
153	130	93	(93, 153)	125.33333333333333	130.0	30.2709982216202	('mode', 'hypd')	False												mode	hypd	48	4	0	1	76	0.43444556460853484	0.5752708978328177
175	68	134	(68, 175)	125.66666666666667	134.0	53.98456569551462	('fhla', 'hyfc')	True	1452.0	('fhla', 'hyfc')		[(0, 0.06070237196409714, 0.49267400644414594), (10, -0.21696114461504565, 0.095888739620102054), (20, -0.091458738903628545, 0.49864656525941431), (30, 0.050553197865000579, 0.67545311835417177), (60, 0.059032945690593135, 0.74417669087495897), (90, 0.13143176192651063, 0.62753791426659389)]	['+']	fhla	hyfc	fhla	48.0	hyfc	48.0	fhla	hyfc	48	4	0	1	76	0.43444556460853484	0.5752708978328177
105	145	128	(105, 145)	126.0	128.0	20.074859899884732	('cuer', 'hyfj')	False												cuer	hyfj	48	4	0	1	76	0.43444556460853484	0.5752708978328177
139	46	194	(46, 194)	126.33333333333333	139.0	74.80864477674578	('mode', 'hyff')	False												mode	hyff	48	4	0	1	76	0.43444556460853484	0.5752708978328177
163	177	39	(39, 177)	126.33333333333333	163.0	75.95612768785237	('hyfr', 'hypa')	False												hyfr	hypa	48	4	0	1	76	0.43444556460853484	0.5752708978328177
120	111	149	(111, 149)	126.66666666666667	120.0	19.85782801147531	('hyfr', 'ccmb')	False												hyfr	ccmb	48	4	0	1	76	0.43444556460853484	0.5752708978328177
87	180	114	(87, 180)	127.0	114.0	47.843494855622744	('fhla', 'copa')	False												fhla	copa	48	4	0	1	76	0.43444556460853484	0.5752708978328177
174	160	47	(47, 174)	127.0	160.0	69.63476143421474	('fhla', 'hyca')	True	1440.0	('fhla', 'hyca')		[(0, 0.27597815554941518, 0.00148191142280912), (10, 0.063184954795428808, 0.63150285350495938), (20, 0.08790916483709954, 0.51552664635642087), (30, 0.087368765492950931, 0.46875748153424701), (60, 0.27025022077403116, 0.12824177642875836), (90, 0.20817067555001276, 0.43912493655540752)]	['+']	fhla	hyca	fhla	48.0	hyca	48.0	fhla	hyca	48	4	0	1	76	0.43444556460853484	0.5752708978328177
93	186	106	(93, 186)	128.33333333333334	106.0	50.362022728771855	('hyfr', 'hych')	False												hyfr	hych	48	4	0	1	76	0.43444556460853484	0.5752708978328177
91	187	109	(91, 187)	129.0	109.0	51.02940328869229	('hyfr', 'hype')	False												hyfr	hype	48	4	0	1	76	0.43444556460853484	0.5752708978328177
189	89	110	(89, 189)	129.33333333333334	110.0	52.7288662246149	('hyfr', 'moae')	False												hyfr	moae	48	4	0	1	76	0.43444556460853484	0.5752708978328177
133	169	91	(91, 169)	131.0	133.0	39.03844259188627	('hyfr', 'moda')	False												hyfr	moda	48	4	0	1	76	0.43444556460853484	0.5752708978328177
121	175	99	(99, 175)	131.66666666666666	121.0	39.1066916694999	('cuer', 'hyfd')	False												cuer	hyfd	48	4	0	1	76	0.43444556460853484	0.5752708978328177
115	200	80	(80, 200)	131.66666666666666	115.0	61.71169527191206	('hyfr', 'ccmg')	False												hyfr	ccmg	48	4	0	1	76	0.43444556460853484	0.5752708978328177
109	100	190	(100, 190)	133.0	109.0	49.56813492557492	('mode', 'fdhf')	False												mode	fdhf	48	4	0	1	76	0.43444556460853484	0.5752708978328177
70	153	179	(70, 179)	134.0	153.0	56.929781309961136	('mode', 'dmsc')	True	2146.0	('mode', 'dmsc')		[(0, -0.21376687938188413, 0.014603100580401858), (10, -0.21220131410463619, 0.10358344320227054), (20, -0.078364289000469059, 0.56230438608728095), (30, -0.097793665403373586, 0.41716755818303886), (60, 0.39508375894545461, 0.022873665904664889), (90, 0.42370832894166899, 0.10194917156274785)]	['-']	mode	dmsc	mode	48.0	dmsc	48.0	mode	dmsc	48	4	0	1	76	0.43444556460853484	0.5752708978328177
83	124	196	(83, 196)	134.33333333333334	124.0	57.204312191768665	('mode', 'dmsb')	True	2145.0	('mode', 'dmsb')		[(0, 0.23713526784309247, 0.0065975171709727843), (10, -0.026101897821102921, 0.84307248268438939), (20, -0.068682383036240094, 0.61169691873520593), (30, 0.19420096450262495, 0.10462967418875734), (60, 0.63878979087702914, 6.3147278566740893e-05), (90, 0.23087514470248935, 0.38962445722371247)]	['-']	mode	dmsb	mode	48.0	dmsb	48.0	mode	dmsb	48	4	0	1	76	0.43444556460853484	0.5752708978328177
127	110	168	(110, 168)	135.0	127.0	29.816103031751148	('cuer', 'hych')	False												cuer	hych	48	4	0	1	76	0.43444556460853484	0.5752708978328177
169	28	209	(28, 209)	135.33333333333334	169.0	95.08066750572029	('fhla', 'moda')	False												fhla	moda	48	4	0	1	76	0.43444556460853484	0.5752708978328177
124	142	141	(124, 142)	135.66666666666666	141.0	10.115993936995679	('hyfr', 'hyfi')	True	1872.0	('hyfr', 'hyfi')	0.0	[(0, 0.67581094966661481, 1.1357134281550335e-18), (10, 0.5300754935660511, 1.3261276703743417e-05), (20, 0.38021869553282167, 0.0035293519465084489), (30, 0.44300334574212946, 0.00010937638357929764), (60, 0.1401906021245245, 0.43648896833047168), (90, -0.011662975054136819, 0.96580626193699659)]	['+']	hyfr	hyfi	hyfr	48.0	hyfi	48.0	hyfr	hyfi	48	4	0	1	76	0.43444556460853484	0.5752708978328177
180	146	81	(81, 180)	135.66666666666666	146.0	50.30241876225569	('cuer', 'hycb')	False												cuer	hycb	48	4	0	1	76	0.43444556460853484	0.5752708978328177
206	138	66	(66, 206)	136.66666666666666	138.0	70.00952316173374	('mode', 'focb')	False												mode	focb	48	4	0	1	76	0.43444556460853484	0.5752708978328177
140	98	176	(98, 176)	138.0	140.0	39.03844259188627	('cuer', 'hyfg')	False												cuer	hyfg	48	4	0	1	76	0.43444556460853484	0.5752708978328177
152	194	70	(70, 194)	138.66666666666666	152.0	63.06610288683877	('hyfr', 'ccmc')	False												hyfr	ccmc	48	4	0	1	76	0.43444556460853484	0.5752708978328177
168	196	52	(52, 196)	138.66666666666666	168.0	76.35007094517552	('cuer', 'hyfa')	False												cuer	hyfa	48	4	0	1	76	0.43444556460853484	0.5752708978328177
195	147	75	(75, 195)	139.0	147.0	60.398675482166	('fhla', 'moab')	False												fhla	moab	48	4	0	1	76	0.43444556460853484	0.5752708978328177
132	188	98	(98, 188)	139.33333333333334	132.0	45.44593857907803	('hyfr', 'modc')	False												hyfr	modc	48	4	0	1	76	0.43444556460853484	0.5752708978328177
146	134	140	(134, 146)	140.0	140.0	6.0	('cuer', 'hyfi')	False												cuer	hyfi	48	4	0	1	76	0.43444556460853484	0.5752708978328177
172	118	130	(118, 172)	140.0	130.0	28.35489375751565	('cuer', 'hycg')	False												cuer	hycg	48	4	0	1	76	0.43444556460853484	0.5752708978328177
191	91	142	(91, 191)	141.33333333333334	142.0	50.00333322222963	('mode', 'ccmd')	True	2135.0	('mode', 'ccmd')		[(0, 0.0053170659379047089, 0.95212474609849262), (10, -0.15886887149753107, 0.22535009202808454), (20, 0.016736493983468916, 0.90165815996576848), (30, 0.0060350690983604002, 0.96016206930955561), (60, 0.30861993240877433, 0.080556017426710064), (90, -0.49130307298633458, 0.053279631137881096)]	['+']	mode	ccmd	mode	48.0	ccmd	48.0	mode	ccmd	48	4	0	1	76	0.43444556460853484	0.5752708978328177
205	161	61	(61, 205)	142.33333333333334	161.0	73.79250187744913	('hyfr', 'moad')	False												hyfr	moad	48	4	0	1	76	0.43444556460853484	0.5752708978328177
188	117	122	(117, 188)	142.33333333333334	122.0	39.62743157628732	('mode', 'ccmc')	True	2134.0	('mode', 'ccmc')		[(0, 0.017955624469240126, 0.83931896517913529), (10, -0.120322554757964, 0.35980247649501274), (20, 0.0064772566862672945, 0.96186026871466612), (30, 0.010391333365346041, 0.93146080753593263), (60, 0.27223774896435576, 0.12534979554800299), (90, -0.35833298942076719, 0.17293380384388138)]	['+']	mode	ccmc	mode	48.0	ccmc	48.0	mode	ccmc	48	4	0	1	76	0.43444556460853484	0.5752708978328177
157	189	82	(82, 189)	142.66666666666666	157.0	54.92115560813823	('cuer', 'hypf')	False												cuer	hypf	48	4	0	1	76	0.43444556460853484	0.5752708978328177
119	163	147	(119, 163)	143.0	147.0	22.271057451320086	('hyfr', 'hycb')	False												hyfr	hycb	48	4	0	1	76	0.43444556460853484	0.5752708978328177
151	107	171	(107, 171)	143.0	151.0	32.7414110874898	('mode', 'narx')	True	2171.0	('mode', 'narx')		[(0, -0.12440536888518719, 0.15847336981107174), (10, -0.38265488190956598, 0.0025492856609044706), (20, -0.23205893771458244, 0.082388943705629339), (30, 0.0042681565260980214, 0.971819861095511), (60, 0.26767736193574704, 0.13205829127853891), (90, -0.016477265339654483, 0.95170471638616128)]	['+']	mode	narx	mode	48.0	narx	48.0	mode	narx	48	4	0	1	76	0.43444556460853484	0.5752708978328177
99	172	159	(99, 172)	143.33333333333334	159.0	38.940124978399	('cuer', 'ccmd')	False												cuer	ccmd	48	4	0	1	76	0.43444556460853484	0.5752708978328177
129	181	123	(123, 181)	144.33333333333334	129.0	31.89566323708183	('fhla', 'hyfg')	True	1456.0	('fhla', 'hyfg')		[(0, 0.16620209985164319, 0.058776762283858065), (10, 0.060708857199657122, 0.64495499069090356), (20, -0.10504754110342997, 0.43675996179076504), (30, -0.016890413601401696, 0.88881414757269717), (60, 0.10449211222608826, 0.56278868419332495), (90, 0.57336761624608845, 0.020234405694818981)]	['+']	fhla	hyfg	fhla	48.0	hyfg	48.0	fhla	hyfg	48	4	0	1	76	0.43444556460853484	0.5752708978328177
162	122	150	(122, 162)	144.66666666666666	150.0	20.526405757787536	('hyfr', 'hypb')	False												hyfr	hypb	48	4	0	1	76	0.43444556460853484	0.5752708978328177
111	151	172	(111, 172)	144.66666666666666	151.0	30.989245446337243	('hyfr', 'fhla')	False												hyfr	fhla	48	4	0	1	76	0.43444556460853484	0.5752708978328177
142	128	170	(128, 170)	146.66666666666666	142.0	21.385353243127255	('fhla', 'cuer')	False												fhla	cuer	48	4	0	1	76	0.43444556460853484	0.5752708978328177
130	209	101	(101, 209)	146.66666666666666	130.0	55.89573627150226	('hyfr', 'ccmd')	False												hyfr	ccmd	48	4	0	1	76	0.43444556460853484	0.5752708978328177
184	95	162	(95, 184)	147.0	162.0	46.357307945997036	('cuer', 'focb')	False												cuer	focb	48	4	0	1	76	0.43444556460853484	0.5752708978328177
138	143	161	(138, 161)	147.33333333333334	143.0	12.096831541082702	('mode', 'hyci')	True	2155.0	('mode', 'hyci')		[(0, -0.16639433324480668, 0.058480819725262083), (10, 0.080143680039167622, 0.54271553343839374), (20, 0.097674728420476253, 0.46978945318462173), (30, 0.21649736282448526, 0.069765226826786597), (60, 0.26665758118922228, 0.1335939280972458), (90, 0.56394569707706788, 0.022886618570596359)]	['+']	mode	hyci	mode	48.0	hyci	48.0	mode	hyci	48	4	0	1	76	0.43444556460853484	0.5752708978328177
182	103	158	(103, 182)	147.66666666666666	158.0	40.5010287935175	('fhla', 'ccmg')	False												fhla	ccmg	48	4	0	1	76	0.43444556460853484	0.5752708978328177
179	152	113	(113, 179)	148.0	152.0	33.18132004607411	('fhla', 'hycb')	True	1441.0	('fhla', 'hycb')		[(0, 0.1826448476725395, 0.037535831756922537), (10, 0.055697643239628829, 0.6725252015210117), (20, 0.25706451219628956, 0.053560544196481971), (30, 0.21652552901092523, 0.069727987154458687), (60, 0.27010331239586921, 0.12845747761476645), (90, 0.26004357036401649, 0.33071690247794133)]	['+']	fhla	hycb	fhla	48.0	hycb	48.0	fhla	hycb	48	4	0	1	76	0.43444556460853484	0.5752708978328177
192	162	95	(95, 192)	149.66666666666666	162.0	49.66219219218311	('fhla', 'hyfi')	True	1458.0	('fhla', 'hyfi')		[(0, 0.089991585123778917, 0.30857354964274147), (10, -0.054951086096955211, 0.67667061443306586), (20, 0.14022678295533234, 0.29816082684828454), (30, 0.19659978294069144, 0.10033012785208173), (60, 0.29456019525614424, 0.096107350046573031), (90, 0.36282135450579089, 0.16722672412575876)]	['+']	fhla	hyfi	fhla	48.0	hyfi	48.0	fhla	hyfi	48	4	0	1	76	0.43444556460853484	0.5752708978328177
204	192	53	(53, 204)	149.66666666666666	192.0	83.93052682625871	('fhla', 'hypd')	True	1463.0	('fhla', 'hypd')		[(0, 0.0174691377042651, 0.84361613190398099), (10, -0.23130474006072599, 0.075372751763116183), (20, -0.28214322049522295, 0.033474054330592813), (30, -0.017487897266555013, 0.88490738159186), (60, 0.1157019953837487, 0.5214003724732329), (90, 0.1267322377257028, 0.63999801972519421)]	['+']	fhla	hypd	fhla	48.0	hypd	48.0	fhla	hypd	48	4	0	1	76	0.43444556460853484	0.5752708978328177
208	56	198	(56, 208)	154.0	198.0	85.01764522732913	('fhla', 'hypf')	True	1465.0	('fhla', 'hypf')		[(0, 0.12489523063912772, 0.15682781026340026), (10, -0.059955915739758031, 0.64906837162231934), (20, 0.13108462759154213, 0.33107849474990736), (30, 0.20379146328480319, 0.088262185226018156), (60, 0.090034476631513566, 0.61828671239024446), (90, 0.21886863300307163, 0.41541388727714934)]	['+']	fhla	hypf	fhla	48.0	hypf	48.0	fhla	hypf	48	4	0	1	76	0.43444556460853484	0.5752708978328177
97	167	203	(97, 203)	155.66666666666666	167.0	53.90114408185909	('hyfr', 'cuer')	False												hyfr	cuer	48	4	0	1	76	0.43444556460853484	0.5752708978328177
158	203	107	(107, 203)	156.0	158.0	48.03123983409131	('fhla', 'hyfa')	True	1450.0	('fhla', 'hyfa')		[(0, 0.084467029845186808, 0.33933518920574346), (10, -0.085534047688504478, 0.51582202999861271), (20, 0.10016552848319656, 0.45848335170185239), (30, 0.16615656348727043, 0.16609629281550675), (60, 0.23262736844559614, 0.19265217261258466), (90, 0.38315124984781324, 0.14295424650933308)]	['+']	fhla	hyfa	fhla	48.0	hyfa	48.0	fhla	hyfa	48	4	0	1	76	0.43444556460853484	0.5752708978328177
194	191	90	(90, 194)	158.33333333333334	191.0	59.19740985324724	('cuer', 'hydn')	False												cuer	hydn	48	4	0	1	76	0.43444556460853484	0.5752708978328177
190	113	178	(113, 190)	160.33333333333334	178.0	41.428653530296316	('mode', 'ccmg')	True	2138.0	('mode', 'ccmg')		[(0, 0.1456439049315566, 0.098252299234040455), (10, 0.021914866955872466, 0.86799890316507522), (20, 0.070142798731425773, 0.60412793238996243), (30, -0.08026442606937273, 0.50580096620387782), (60, -0.15678836136289331, 0.3835582454977341), (90, -0.14838541030160318, 0.58338540183434451)]	['+']	mode	ccmg	mode	48.0	ccmg	48.0	mode	ccmg	48	4	0	1	76	0.43444556460853484	0.5752708978328177
122	173	188	(122, 188)	161.0	173.0	34.597687784012386	('cuer', 'hype')	False												cuer	hype	48	4	0	1	76	0.43444556460853484	0.5752708978328177
203	144	139	(139, 203)	162.0	144.0	35.59494346111537	('fhla', 'ccmb')	False												fhla	ccmb	48	4	0	1	76	0.43444556460853484	0.5752708978328177
100	205	181	(100, 205)	162.0	181.0	55.018178813915675	('cuer', 'dmsc')	False												cuer	dmsc	48	4	0	1	76	0.43444556460853484	0.5752708978328177
199	155	133	(133, 199)	162.33333333333334	155.0	33.605555096342826	('cuer', 'hycf')	False												cuer	hycf	48	4	0	1	76	0.43444556460853484	0.5752708978328177
171	185	132	(132, 185)	162.66666666666666	171.0	27.465129406819358	('fhla', 'moaa')	False												fhla	moaa	48	4	0	1	76	0.43444556460853484	0.5752708978328177
155	154	180	(154, 180)	163.0	155.0	14.730919862656235	('fhla', 'hycg')	True	1446.0	('fhla', 'hycg')	0.0	[(0, 0.41490222523408554, 9.2010701702317168e-07), (10, 0.38392261067652295, 0.0024596096123016601), (20, 0.40302330656680052, 0.0018814744139985147), (30, 0.33281165378311961, 0.0045701235273896213), (60, 0.092110615572610147, 0.61017850020226505), (90, -0.071964274849893761, 0.79112536317048698)]	['+']	fhla	hycg	fhla	48.0	hycg	48.0	fhla	hycg	48	4	0	1	76	0.43444556460853484	0.5752708978328177
177	106	207	(106, 207)	163.33333333333334	177.0	51.86842327788009	('cuer', 'hycc')	False												cuer	hycc	48	4	0	1	76	0.43444556460853484	0.5752708978328177
131	158	202	(131, 202)	163.66666666666666	158.0	35.837596645608556	('fhla', 'dmsc')	False												fhla	dmsc	48	4	0	1	76	0.43444556460853484	0.5752708978328177
150	211	137	(137, 211)	166.0	150.0	39.50949253027682	('hyfr', 'modb')	False												hyfr	modb	48	4	0	1	76	0.43444556460853484	0.5752708978328177
173	208	117	(117, 208)	166.0	173.0	45.902069670114	('mode', 'hype')	False												mode	hype	48	4	0	1	76	0.43444556460853484	0.5752708978328177
211	202	88	(88, 211)	167.0	202.0	68.5638388656878	('fhla', 'hypc')	True	1462.0	('fhla', 'hypc')		[(0, -0.084219759830487351, 0.3407559956907783), (10, -0.30505381371351858, 0.017786932050032279), (20, -0.20466325221840148, 0.12672203748296798), (30, -0.10891690123664859, 0.36591383206100314), (60, 0.11850452389006011, 0.51129125042840273), (90, 0.095173374677577652, 0.72588110329858879)]	['+']	fhla	hypc	fhla	48.0	hypc	48.0	fhla	hypc	48	4	0	1	76	0.43444556460853484	0.5752708978328177
161	132	210	(132, 210)	167.66666666666666	161.0	39.42503434790303	('mode', 'hypc')	False												mode	hypc	48	4	0	1	76	0.43444556460853484	0.5752708978328177
196	178	131	(131, 196)	168.33333333333334	178.0	33.560889936551646	('hyfr', 'moab')	False												hyfr	moab	48	4	0	1	76	0.43444556460853484	0.5752708978328177
207	198	100	(100, 207)	168.33333333333334	198.0	59.34924880176103	('fhla', 'hycc')	True	1442.0	('fhla', 'hycc')		[(0, 0.094100655449643161, 0.28691431255280242), (10, -0.16886250812511042, 0.19712949688079473), (20, -0.084487118207321119, 0.53206892471866429), (30, -0.011187309484511623, 0.92622484316152243), (60, 0.23905649616282129, 0.18029544069073131), (90, -0.081651313090401564, 0.76370905162185709)]	['+']	fhla	hycc	fhla	48.0	hycc	48.0	fhla	hycc	48	4	0	1	76	0.43444556460853484	0.5752708978328177
198	195	115	(115, 198)	169.33333333333334	195.0	47.07794954470015	('fhla', 'hypa')	True	1460.0	('fhla', 'hypa')		[(0, -0.067010962542543046, 0.44874121377232423), (10, -0.22517985988841258, 0.083659407324208845), (20, -0.19971697286942514, 0.13636205457589573), (30, -0.13537589645613324, 0.26031738882073407), (60, 0.025032194934548897, 0.8900224334335185), (90, -0.00098537329392133985, 0.99711028295383841)]	['+']	fhla	hypa	fhla	48.0	hypa	48.0	fhla	hypa	48	4	0	1	76	0.43444556460853484	0.5752708978328177
187	139	184	(139, 187)	170.0	184.0	26.888659319497503	('fhla', 'dmsa')	False												fhla	dmsa	48	4	0	1	76	0.43444556460853484	0.5752708978328177
201	183	126	(126, 201)	170.0	183.0	39.153543900903784	('fhla', 'ccmd')	False												fhla	ccmd	48	4	0	1	76	0.43444556460853484	0.5752708978328177
113	199	200	(113, 200)	170.66666666666666	199.0	49.94330118577799	('hyfr', 'narx')	False												hyfr	narx	48	4	0	1	76	0.43444556460853484	0.5752708978328177
183	176	153	(153, 183)	170.66666666666666	176.0	15.695009822658072	('cuer', 'ccmf')	False												cuer	ccmf	48	4	0	1	76	0.43444556460853484	0.5752708978328177
165	193	157	(157, 193)	171.66666666666666	165.0	18.903262505010435	('mode', 'ccmf')	True	2137.0	('mode', 'ccmf')		[(0, -0.038829712040695616, 0.66093952831747305), (10, 0.017754636058513591, 0.89289306231180932), (20, 0.092358739347334712, 0.4944124815552372), (30, -0.26690565296976121, 0.024445448787735993), (60, -0.29138606908211923, 0.099914682215120995), (90, -0.20959429568601937, 0.43593045961923071)]	['+']	mode	ccmf	mode	48.0	ccmf	48.0	mode	ccmf	48	4	0	1	76	0.43444556460853484	0.5752708978328177
178	127	211	(127, 211)	172.0	178.0	42.320207938997655	('hyfr', 'hypc')	False												hyfr	hypc	48	4	0	1	76	0.43444556460853484	0.5752708978328177
181	136	208	(136, 208)	175.0	181.0	36.373066958946424	('hyfr', 'hypd')	False												hyfr	hypd	48	4	0	1	76	0.43444556460853484	0.5752708978328177
193	190	145	(145, 193)	176.0	190.0	26.888659319497503	('mode', 'ccma')	True	2132.0	('mode', 'ccma')		[(0, -0.07665419694205014, 0.38603656586427137), (10, -0.016404876844244579, 0.90099313272743409), (20, 0.076187063030328725, 0.57324688713378524), (30, 0.11858144479207834, 0.32465840360127329), (60, 0.11676577853306201, 0.51755167467419105), (90, 0.59865821962077059, 0.014279576474846225)]	['+']	mode	ccma	mode	48.0	ccma	48.0	mode	ccma	48	4	0	1	76	0.43444556460853484	0.5752708978328177
134	210	185	(134, 210)	176.33333333333334	185.0	38.7341365378568	('cuer', 'ccmc')	False												cuer	ccmc	48	4	0	1	76	0.43444556460853484	0.5752708978328177
209	206	120	(120, 209)	178.33333333333334	206.0	50.54041287260456	('hyfr', 'moac')	False												hyfr	moac	48	4	0	1	76	0.43444556460853484	0.5752708978328177
197	166	173	(166, 197)	178.66666666666666	173.0	16.258331197676263	('fhla', 'ccmc')	False												fhla	ccmc	48	4	0	1	76	0.43444556460853484	0.5752708978328177
200	204	135	(135, 204)	179.66666666666666	200.0	38.7341365378568	('fhla', 'ccmf')	False												fhla	ccmf	48	4	0	1	76	0.43444556460853484	0.5752708978328177
202	171	183	(171, 202)	185.33333333333334	183.0	15.631165450257805	('fhla', 'hycd')	True	1443.0	('fhla', 'hycd')		[(0, 0.085257993157195233, 0.33481559882666867), (10, -0.025565825150344366, 0.84625585373305068), (20, 0.17795634268849458, 0.18537869801557816), (30, 0.12454915576849093, 0.30072588556150714), (60, -0.023032803467782473, 0.89875972442243746), (90, -0.24368494989506556, 0.36309176177427394)]	['+']	fhla	hycd	fhla	48.0	hycd	48.0	fhla	hycd	48	4	0	1	76	0.43444556460853484	0.5752708978328177
185	179	204	(179, 204)	189.33333333333334	185.0	13.051181300301261	('mode', 'ccmb')	True	2133.0	('mode', 'ccmb')		[(0, -0.096401148371098838, 0.27524214785122614), (10, -0.093391936144411575, 0.47786127710194437), (20, 0.062098337428200333, 0.64631409789915173), (30, 0.0050369066873418586, 0.96674690963731313), (60, 0.017614331726159321, 0.92249417065030292), (90, 0.0065426811336714557, 0.98081446342833511)]	['+']	mode	ccmb	mode	48.0	ccmb	48.0	mode	ccmb	48	4	0	1	76	0.43444556460853484	0.5752708978328177
210	201	187	(187, 210)	199.33333333333334	201.0	11.590225767142472	('hyfr', 'moaa')	False												hyfr	moaa	48	4	0	1	76	0.43444556460853484	0.5752708978328177
0	9	1	(0, 9)	3.3333333333333335	1.0	4.932882862316247	('gade', 'gnd')	True	1762.0	('gade', 'gnd')	60.0	[(0, 0.031801564452853877, 0.71945856650301176), (10, 0.33166218708915379, 0.0096331790007424759), (20, 0.28178772158755605, 0.033707163888059131), (30, 0.50496060886863747, 7.0959231836505451e-06), (60, -0.70356064261125084, 4.9423617491685989e-06), (90, -0.11276066266674166, 0.67756695376650722)]	['+']	gade	gnd	gade	49.0	gnd	49.0	gade	gnd	49	4	0	1	34	0.6147069695587469	0.5127877237851663
5	0	8	(0, 8)	4.333333333333333	5.0	4.041451884327381	('cusr', 'cusf')	True	1040.0	('cusr', 'cusf')	0.0	[(0, 0.39917513667307603, 2.5460261596147117e-06), (10, 0.41189114002102911, 0.0010760849686564445), (20, 0.33728945422118878, 0.010295900980686813), (30, 0.072408352825390473, 0.5484512861555555), (60, -0.38709033101289742, 0.026048299562478745), (90, 0.060333730024670469, 0.82434540547775415)]	['+']	cusr	cusf	cusr	49.0	cusf	49.0	cusr	cusf	49	4	0	1	34	0.6147069695587469	0.5127877237851663
2	12	5	(2, 12)	6.333333333333333	5.0	5.131601439446884	('cusr', 'yedx')	True	1047.0	('cusr', 'yedx')		[(0, 0.11211012955584067, 0.20411523334493981), (10, 0.25701150272287532, 0.047438795680568697), (20, 0.21436078210487655, 0.10933082945498615), (30, 0.019553205785630325, 0.87142459267477257), (60, -0.32214080248785631, 0.067506481657304274), (90, -0.60073440771984576, 0.013859728926867643)]	['+']	cusr	yedx	cusr	49.0	yedx	49.0	cusr	yedx	49	4	0	1	34	0.6147069695587469	0.5127877237851663
6	1	12	(1, 12)	6.333333333333333	6.0	5.507570547286102	('cusr', 'lpxa')	False												cusr	lpxa	49	4	0	1	34	0.6147069695587469	0.5127877237851663
10	2	10	(2, 10)	7.333333333333333	10.0	4.618802153517007	('cusr', 'cuss')	True	1041.0	('cusr', 'cuss')		[(0, 0.29175824310335613, 0.0007571170575469303), (10, 0.0060653119497347582, 0.96331519321146442), (20, 0.076856517883503242, 0.56987184196723728), (30, 0.15764089420457164, 0.1891981853585408), (60, 0.081343233230791304, 0.65270270489294746), (90, 0.62360291016475589, 0.0098444176651050225)]	['+']	cusr	cuss	cusr	49.0	cuss	49.0	cusr	cuss	49	4	0	1	34	0.6147069695587469	0.5127877237851663
9	5	13	(5, 13)	9.0	9.0	4.0	('gade', 'yedx')	False												gade	yedx	49	4	0	1	34	0.6147069695587469	0.5127877237851663
7	15	6	(6, 15)	9.333333333333334	7.0	4.932882862316247	('cusr', 'cusc')	True	1039.0	('cusr', 'cusc')	0.0	[(0, 0.44604505868127742, 1.0460571729101556e-07), (10, 0.3501739724303678, 0.0060916716458562616), (20, 0.26311209602673663, 0.047992225978783012), (30, 0.085202455056048454, 0.47989489486408654), (60, -0.43243977204761413, 0.011958411113899753), (90, 0.18010708659144514, 0.50446517772386046)]	['+']	cusr	cusc	cusr	49.0	cusc	49.0	cusr	cusc	49	4	0	1	34	0.6147069695587469	0.5127877237851663
12	16	4	(4, 16)	10.666666666666666	12.0	6.110100926607786	('cusr', 'cusa')	True	1037.0	('cusr', 'cusa')		[(0, -0.0090312175244135085, 0.91877312428033642), (10, -0.088188702826103083, 0.50282960022896606), (20, -0.026390334451096002, 0.84550067444995514), (30, 0.020507589774320868, 0.86520624816754765), (60, -0.16244555755707926, 0.36641089757690393), (90, 0.37877250968220216, 0.14796614715010842)]	['+']	cusr	cusa	cusr	49.0	cusa	49.0	cusr	cusa	49	4	0	1	34	0.6147069695587469	0.5127877237851663
8	7	18	(7, 18)	11.0	8.0	6.082762530298219	('cusr', 'fabz')	False												cusr	fabz	49	4	0	1	34	0.6147069695587469	0.5127877237851663
1	3	37	(1, 37)	13.666666666666666	3.0	20.231987873991358	('yedw', 'flic')	False												yedw	flic	49	4	0	1	34	0.6147069695587469	0.5127877237851663
3	4	43	(3, 43)	16.666666666666668	4.0	22.81081614790083	('yedw', 'rcsa')	False												yedw	rcsa	49	4	0	1	34	0.6147069695587469	0.5127877237851663
19	10	25	(10, 25)	18.0	19.0	7.54983443527075	('gade', 'cyob')	True	1751.0	('gade', 'cyob')		[(0, -0.11803425878016409, 0.18106595570840583), (10, 0.025933467480541466, 0.84407240944805551), (20, 0.0050518851524829567, 0.97024890062122005), (30, 0.12066538613022933, 0.31616695893086905), (60, -0.46781393554515338, 0.0060455284361504106), (90, -0.20167107787650984, 0.45385992323645852)]	['+']	gade	cyob	gade	49.0	cyob	49.0	gade	cyob	49	4	0	1	34	0.6147069695587469	0.5127877237851663
42	17	0	(0, 42)	19.666666666666668	17.0	21.1266025033211	('yedw', 'cusa')	True	2834.0	('yedw', 'cusa')		[(0, 0.018322256276956692, 0.83608360237896417), (10, 0.27330115663089616, 0.034613099691648302), (20, 0.22459193544409337, 0.093035465328679193), (30, -0.07830527514476962, 0.51627495653418065), (60, -0.32138182736366205, 0.068192149072272987), (90, -0.33474262985803482, 0.20504630268982965)]	['+']	yedw	cusa	yedw	49.0	cusa	49.0	yedw	cusa	49	4	0	1	34	0.6147069695587469	0.5127877237851663
15	25	20	(15, 25)	20.0	20.0	5.0	('gade', 'cusb')	False												gade	cusb	49	4	0	1	34	0.6147069695587469	0.5127877237851663
4	26	32	(4, 32)	20.666666666666668	26.0	14.742229591663987	('cusr', 'gnd')	False												cusr	gnd	49	4	0	1	34	0.6147069695587469	0.5127877237851663
17	8	38	(8, 38)	21.0	17.0	15.394804318340652	('gade', 'cyoc')	True	1752.0	('gade', 'cyoc')		[(0, -0.061921666106654095, 0.48400923922528516), (10, 0.016566309083129404, 0.9000238128051864), (20, -0.00476263209239114, 0.97195164000866485), (30, 0.1243033016599866, 0.30168852337668334), (60, -0.50748333206800456, 0.0025738183207604372), (90, -0.21733663084465679, 0.41876752604843803)]	['+']	gade	cyoc	gade	49.0	cyoc	49.0	gade	cyoc	49	4	0	1	34	0.6147069695587469	0.5127877237851663
18	20	26	(18, 26)	21.333333333333332	20.0	4.163331998932266	('gade', 'cyoe')	True	1754.0	('gade', 'cyoe')		[(0, -0.07443969429489268, 0.39994782572570675), (10, 0.026233939673035209, 0.84228875699922257), (20, -0.0017415132687956583, 0.98974200218813169), (30, 0.074494254583682099, 0.53695979067720623), (60, -0.62656738915700616, 9.5785566708513564e-05), (90, -0.40165254521347504, 0.12305596245169935)]	['+']	gade	cyoe	gade	49.0	cyoe	49.0	gade	cyoe	49	4	0	1	34	0.6147069695587469	0.5127877237851663
32	24	9	(9, 32)	21.666666666666668	24.0	11.676186592091328	('cusr', 'cyod')	True	1045.0	('cusr', 'cyod')	30.0	[(0, 0.14991959534984489, 0.088666737225760142), (10, 0.050089620139770197, 0.70389386600476556), (20, 0.29554319992764289, 0.025615916347507144), (30, 0.54829215608002535, 7.4335917070460972e-07), (60, 0.67187848626770463, 1.8572699166836522e-05), (90, 0.47590920010222776, 0.062411071039614401)]	['+']	cusr	cyod	cusr	49.0	cyod	49.0	cusr	cyod	49	4	0	1	34	0.6147069695587469	0.5127877237851663
13	22	33	(13, 33)	22.666666666666668	22.0	10.016652800877813	('cusr', 'lpxd')	False												cusr	lpxd	49	4	0	1	34	0.6147069695587469	0.5127877237851663
30	19	19	(19, 30)	22.666666666666668	19.0	6.3508529610858835	('gade', 'cyoa')	True	1750.0	('gade', 'cyoa')		[(0, -0.15324693402166065, 0.081735171685817676), (10, 0.20277907782963975, 0.12021533681180131), (20, 0.12830230502999196, 0.34153351258347298), (30, 0.24481734445062489, 0.039621040639492199), (60, -0.45753582324520092, 0.0074245219341678558), (90, -0.3385074077133346, 0.19968083305516071)]	['+']	gade	cyoa	gade	49.0	cyoa	49.0	gade	cyoa	49	4	0	1	34	0.6147069695587469	0.5127877237851663
24	45	3	(3, 45)	24.0	24.0	21.0	('yedw', 'cuss')	True	2838.0	('yedw', 'cuss')		[(0, 0.12207422244912218, 0.16648159823339151), (10, 0.10051031265261094, 0.44480173609622464), (20, -0.019564607034079747, 0.88514445363521321), (30, 0.0074458184574595406, 0.95086004297192017), (60, -0.12246422259617754, 0.49717588796896472), (90, -0.072733289383711458, 0.78894004592595735)]	['+']	yedw	cuss	yedw	49.0	cuss	49.0	yedw	cuss	49	4	0	1	34	0.6147069695587469	0.5127877237851663
39	18	16	(16, 39)	24.333333333333332	18.0	12.741009902410928	('yedw', 'yedx')	True	2844.0	('yedw', 'yedx')		[(0, -0.02623506580858628, 0.76701032819396997), (10, -0.038489287258778385, 0.77030701926298595), (20, 0.073585772581916259, 0.58644795014101958), (30, 0.14381163476838757, 0.2315012404014635), (60, -0.053427105044695798, 0.76777073627201575), (90, 0.20822422318848635, 0.43900456480842909)]	['+']	yedw	yedx	yedw	49.0	yedx	49.0	yedw	yedx	49	4	0	1	34	0.6147069695587469	0.5127877237851663
11	11	53	(11, 53)	25.0	11.0	24.24871130596428	('cusr', 'gade')	False												cusr	gade	49	4	0	1	34	0.6147069695587469	0.5127877237851663
21	6	50	(6, 50)	25.666666666666668	21.0	22.368132093076824	('cusr', 'yedw')	False												cusr	yedw	49	4	0	1	34	0.6147069695587469	0.5127877237851663
25	42	11	(11, 42)	26.0	25.0	15.524174696260024	('gade', 'lpxd')	True	1767.0	('gade', 'lpxd')	30.0	[(0, -0.018682305272970021, 0.83290899454999989), (10, 0.33125396676650165, 0.0097281191450260297), (20, 0.32825489102987582, 0.012671768293302606), (30, 0.48641228217592447, 1.7022471170216176e-05), (60, -0.33128282211732624, 0.05966414195832398), (90, -0.33373960333766856, 0.2064913284692442)]	['+']	gade	lpxd	gade	49.0	lpxd	49.0	gade	lpxd	49	4	0	1	34	0.6147069695587469	0.5127877237851663
16	14	48	(14, 48)	26.0	16.0	19.078784028338912	('gade', 'cyod')	True	1753.0	('gade', 'cyod')		[(0, -0.026295002470676208, 0.766493307265108), (10, 0.004434608985427347, 0.97317388286749773), (20, -0.020305588286731891, 0.88082548995342669), (30, 0.11419931278653614, 0.3429831303976294), (60, -0.52901863910047886, 0.0015490820191679713), (90, -0.35900520214675291, 0.17207094977786522)]	['+']	gade	cyod	gade	49.0	cyod	49.0	gade	cyod	49	4	0	1	34	0.6147069695587469	0.5127877237851663
14	21	46	(14, 46)	27.0	21.0	16.822603841260722	('yedw', 'cusc')	True	2836.0	('yedw', 'cusc')		[(0, -0.24008280141663807, 0.0059361609320161945), (10, -0.19920982857892805, 0.1270217527194431), (20, -0.17054317796404939, 0.20466846759443305), (30, -0.22933504386671497, 0.054375031478922926), (60, -0.64412638453219317, 5.2345428574885197e-05), (90, -0.57602336067696858, 0.019531608397555401)]	['+']	yedw	cusc	yedw	49.0	cusc	49.0	yedw	cusc	49	4	0	1	34	0.6147069695587469	0.5127877237851663
34	51	2	(2, 51)	29.0	34.0	24.879710609249457	('yedw', 'lpxd')	False												yedw	lpxd	49	4	0	1	34	0.6147069695587469	0.5127877237851663
31	27	31	(27, 31)	29.666666666666668	31.0	2.309401076758503	('yedw', 'gnd')	False												yedw	gnd	49	4	0	1	34	0.6147069695587469	0.5127877237851663
47	28	15	(15, 47)	30.0	28.0	16.09347693943108	('cusr', 'cusb')	True	1038.0	('cusr', 'cusb')		[(0, 0.19227648096081359, 0.028407839451486075), (10, 0.2542444242688493, 0.04996259903408741), (20, 0.21231882895433249, 0.11283104000778481), (30, -0.14392524270043586, 0.23112892981622657), (60, -0.48933579892964657, 0.0038516169114403962), (90, 0.23002255557532189, 0.39142665076705696)]	['+']	cusr	cusb	cusr	49.0	cusb	49.0	cusr	cusb	49	4	0	1	34	0.6147069695587469	0.5127877237851663
26	23	42	(23, 42)	30.333333333333332	26.0	10.214368964029708	('cusr', 'cyoe')	True	1046.0	('cusr', 'cyoe')	60.0	[(0, 0.14525427595799092, 0.099164969302058412), (10, 0.025727018696495997, 0.84529837548285969), (20, 0.26825933368650923, 0.043634013629315682), (30, 0.51761386795267106, 3.7908717778315403e-06), (60, 0.71200005481838191, 3.3740433482188106e-06), (90, 0.57083529944634415, 0.020922597785187087)]	['+']	cusr	cyoe	cusr	49.0	cyoe	49.0	cusr	cyoe	49	4	0	1	34	0.6147069695587469	0.5127877237851663
27	13	55	(13, 55)	31.666666666666668	27.0	21.385353243127255	('cusr', 'flic')	False												cusr	flic	49	4	0	1	34	0.6147069695587469	0.5127877237851663
41	32	24	(24, 41)	32.333333333333336	32.0	8.504900548115383	('yedw', 'lpxa')	False												yedw	lpxa	49	4	0	1	34	0.6147069695587469	0.5127877237851663
28	50	21	(21, 50)	33.0	28.0	15.132745950421556	('gade', 'fabz')	True	1755.0	('gade', 'fabz')		[(0, 0.095156758257028115, 0.28151551304060862), (10, 0.419391273294838, 0.00085155374278822265), (20, 0.24238533244615179, 0.069275100697565803), (30, 0.3384144313676456, 0.0038941743955515904), (60, -0.2459236357218498, 0.16772671329089636), (90, -0.33175680075684555, 0.20936715200970973)]	['+']	gade	fabz	gade	49.0	fabz	49.0	gade	fabz	49	4	0	1	34	0.6147069695587469	0.5127877237851663
53	40	7	(7, 53)	33.333333333333336	40.0	23.713568549109883	('yedw', 'cusf')	True	2837.0	('yedw', 'cusf')		[(0, -0.16802890361280798, 0.056013503142808299), (10, -0.23694510402657265, 0.068331664925331353), (20, -0.22613629183573208, 0.090749800493090921), (30, -0.1786942434685676, 0.13595947758220644), (60, -0.48464985839861702, 0.0042592750245608645), (90, -0.48402900620846201, 0.057461940743733654)]	['+']	yedw	cusf	yedw	49.0	cusf	49.0	yedw	cusf	49	4	0	1	34	0.6147069695587469	0.5127877237851663
22	31	47	(22, 47)	33.333333333333336	31.0	12.662279942148386	('gade', 'rcsa')	True	122.0	('gade', 'rcsa')		[(0, -0.1502059930184248, 0.088052274540005346), (10, -0.056929425007263536, 0.66570667288329244), (20, 0.0078613679055199222, 0.95371838212307503), (30, -0.024675730341938554, 0.83814886929117194), (60, -0.42490786433258326, 0.013706481434163973), (90, -0.24818794176252362, 0.35400983674563458)]	['+']	gade	rcsa	gade	49.0	rcsa	49.0	gade	rcsa	49	4	0	1	34	0.6147069695587469	0.5127877237851663
33	41	29	(29, 41)	34.333333333333336	33.0	6.110100926607786	('gade', 'yedw')	False												gade	yedw	49	4	0	1	34	0.6147069695587469	0.5127877237851663
23	29	51	(23, 51)	34.333333333333336	29.0	14.742229591663987	('cusr', 'rcsa')	False												cusr	rcsa	49	4	0	1	34	0.6147069695587469	0.5127877237851663
45	46	14	(14, 46)	35.0	45.0	18.193405398660254	('yedw', 'cyoa')	True	2839.0	('yedw', 'cyoa')		[(0, 0.075108428548660774, 0.39571584590529274), (10, -0.28420991021387076, 0.027752190136137313), (20, -0.41144123710804781, 0.0014748149861012218), (30, -0.035568965130572346, 0.76838902159853228), (60, 0.3950121903608152, 0.022900602190524307), (90, 0.16848920779711135, 0.53277722461333099)]	['-']	yedw	cyoa	yedw	49.0	cyoa	49.0	yedw	cyoa	49	4	0	1	34	0.6147069695587469	0.5127877237851663
40	48	17	(17, 48)	35.0	40.0	16.09347693943108	('yedw', 'fabz')	False												yedw	fabz	49	4	0	1	34	0.6147069695587469	0.5127877237851663
29	38	40	(29, 40)	35.666666666666664	38.0	5.8594652770823155	('gade', 'lpxa')	True	1766.0	('gade', 'lpxa')		[(0, 0.10503984753903058, 0.23429611620109794), (10, 0.31585644603009494, 0.013954226291095159), (20, 0.17230349225439245, 0.19996440151823594), (30, 0.23174427245334647, 0.051821560085739939), (60, -0.072302413176729613, 0.68926350941403214), (90, -0.094391620340470661, 0.72805285555808164)]	['+']	gade	lpxa	gade	49.0	lpxa	49.0	gade	lpxa	49	4	0	1	34	0.6147069695587469	0.5127877237851663
20	34	54	(20, 54)	36.0	34.0	17.08800749063506	('gade', 'flic')	True	1756.0	('gade', 'flic')		[(0, -0.024547041398229722, 0.78161273271389098), (10, 0.1410584965946137, 0.28235860393934331), (20, 0.14861320559462537, 0.26990221494899136), (30, -0.02306193102029289, 0.84860440911004631), (60, -0.2885417629933581, 0.10342254877799205), (90, -0.28501856255992808, 0.2846245496595885)]	['+']	gade	flic	gade	49.0	flic	49.0	gade	flic	49	4	0	1	34	0.6147069695587469	0.5127877237851663
46	36	28	(28, 46)	36.666666666666664	36.0	9.018499505645789	('yedw', 'cusb')	True	2835.0	('yedw', 'cusb')	60.0	[(0, -0.12328418669035525, 0.16228825109837816), (10, -0.038153957213169012, 0.7722540981195265), (20, 0.021697964403718035, 0.87271914957951191), (30, -0.071116820613851592, 0.55562553912018875), (60, -0.70912021983927154, 3.8491837489298468e-06), (90, -0.73345415412912796, 0.0012232049453910943)]	['+']	yedw	cusb	yedw	49.0	cusb	49.0	yedw	cusb	49	4	0	1	34	0.6147069695587469	0.5127877237851663
38	33	39	(33, 39)	36.666666666666664	38.0	3.214550253664318	('cusr', 'cyob')	True	1043.0	('cusr', 'cyob')	30.0	[(0, 0.081536257894411532, 0.35641682623224324), (10, -0.0098636519249583193, 0.94037536979432401), (20, 0.23409345745161203, 0.079661323253856692), (30, 0.52082011296800212, 3.2210502187046988e-06), (60, 0.63106988409224563, 8.2326362826487168e-05), (90, 0.41299899517671879, 0.11185094251815098)]	['+']	cusr	cyob	cusr	49.0	cyob	49.0	cusr	cyob	49	4	0	1	34	0.6147069695587469	0.5127877237851663
37	39	35	(35, 39)	37.0	37.0	2.0	('cusr', 'cyoa')	True	1042.0	('cusr', 'cyoa')		[(0, 0.083246842536802132, 0.34638283768666256), (10, -0.071211780578764039, 0.58872282188219094), (20, 0.10939418302527527, 0.41791398593632889), (30, 0.4288852440859815, 0.00019013754005475138), (60, 0.5696214829710351, 0.00054011735555997741), (90, 0.61359969070029063, 0.0114688164991132)]	['+']	cusr	cyoa	cusr	49.0	cyoa	49.0	cusr	cyoa	49	4	0	1	34	0.6147069695587469	0.5127877237851663
36	43	34	(34, 43)	37.666666666666664	36.0	4.725815626252609	('cusr', 'cyoc')	True	1044.0	('cusr', 'cyoc')	30.0	[(0, 0.11573039128469832, 0.18979166652452725), (10, 0.029605868027146157, 0.82232847734089154), (20, 0.27945900839723109, 0.035267768100457113), (30, 0.53941682512937172, 1.210891338419185e-06), (60, 0.67475073464584467, 1.6580803462868635e-05), (90, 0.46785608041889737, 0.067621519043030265)]	['+']	cusr	cyoc	cusr	49.0	cyoc	49.0	cusr	cyoc	49	4	0	1	34	0.6147069695587469	0.5127877237851663
54	37	27	(27, 54)	39.333333333333336	37.0	13.650396819628847	('gade', 'cusf')	False												gade	cusf	49	4	0	1	34	0.6147069695587469	0.5127877237851663
35	35	52	(35, 52)	40.666666666666664	35.0	9.814954576223638	('gade', 'cusr')	False												gade	cusr	49	4	0	1	34	0.6147069695587469	0.5127877237851663
44	30	49	(30, 49)	41.0	44.0	9.848857801796104	('yedw', 'cusr')	True	202.0	('yedw', 'cusr')		[(0, -0.13933942798930637, 0.11385675506028906), (10, -0.39895454705833172, 0.0015912874862403987), (20, -0.53483588064520693, 1.8201317458100003e-05), (30, -0.3034739363998758, 0.010090570775537313), (60, 0.11568989375636479, 0.52144423576783705), (90, 0.22159240063380847, 0.40948636355031631)]	['+']	yedw	cusr	yedw	49.0	cusr	49.0	yedw	cusr	49	4	0	1	34	0.6147069695587469	0.5127877237851663
51	44	30	(30, 51)	41.666666666666664	44.0	10.692676621563628	('gade', 'cusc')	False												gade	cusc	49	4	0	1	34	0.6147069695587469	0.5127877237851663
52	55	22	(22, 55)	43.0	52.0	18.24828759089466	('yedw', 'gade')	False												yedw	gade	49	4	0	1	34	0.6147069695587469	0.5127877237851663
43	47	41	(41, 47)	43.666666666666664	43.0	3.055050463303893	('gade', 'cuss')	False												gade	cuss	49	4	0	1	34	0.6147069695587469	0.5127877237851663
56	56	23	(23, 56)	45.0	56.0	19.05255888325765	('yedw', 'cyob')	True	2840.0	('yedw', 'cyob')		[(0, -0.054330321518294804, 0.53926039683960858), (10, -0.36078702650000277, 0.0046270243950015284), (20, -0.4791907199217843, 0.00016253029158942194), (30, -0.19210183147588311, 0.10850826799008814), (60, 0.50235607799027582, 0.0028906995919234725), (90, 0.26938479513917091, 0.31300171945670829)]	['-']	yedw	cyob	yedw	49.0	cyob	49.0	yedw	cyob	49	4	0	1	34	0.6147069695587469	0.5127877237851663
48	52	45	(45, 52)	48.333333333333336	48.0	3.511884584284246	('yedw', 'cyoe')	True	2843.0	('yedw', 'cyoe')		[(0, -0.14642933665769428, 0.096432659177411326), (10, -0.38815087557422162, 0.0021804813086154858), (20, -0.48234301860915191, 0.00014499337749481362), (30, -0.25150327727259086, 0.034368192429889456), (60, 0.43966089615840737, 0.010462694215740861), (90, 0.14810148774858242, 0.5841141072650704)]	['-']	yedw	cyoe	yedw	49.0	cyoe	49.0	yedw	cyoe	49	4	0	1	34	0.6147069695587469	0.5127877237851663
55	54	36	(36, 55)	48.333333333333336	54.0	10.692676621563628	('yedw', 'cyoc')	True	2841.0	('yedw', 'cyoc')		[(0, -0.10847545460086029, 0.21926165774399181), (10, -0.38620092404261425, 0.002305487357309633), (20, -0.50081819909579117, 7.2581135714315913e-05), (30, -0.23129166739260262, 0.052293629628343122), (60, 0.45628422942798164, 0.0076094506741590353), (90, 0.16481739181290989, 0.54187089766147722)]	['-']	yedw	cyoc	yedw	49.0	cyoc	49.0	yedw	cyoc	49	4	0	1	34	0.6147069695587469	0.5127877237851663
50	53	44	(44, 53)	49.0	50.0	4.58257569495584	('yedw', 'cyod')	True	2842.0	('yedw', 'cyod')		[(0, -0.15410028129406986, 0.080029328656320842), (10, -0.41010501307224467, 0.001136862225111851), (20, -0.52715993050510934, 2.5195450735898412e-05), (30, -0.26666922314421831, 0.024577053304361562), (60, 0.47405558073447113, 0.0053201204256773634), (90, 0.23202256785845946, 0.38720613719905894)]	['-']	yedw	cyod	yedw	49.0	cyod	49.0	yedw	cyod	49	4	0	1	34	0.6147069695587469	0.5127877237851663
49	49	56	(49, 56)	51.333333333333336	49.0	4.041451884327381	('gade', 'cusa')	False												gade	cusa	49	4	0	1	34	0.6147069695587469	0.5127877237851663
0	1	4	(0, 4)	1.6666666666666667	1.0	2.081665999466133	('hipb', 'hipa')	True	134.0	('hipb', 'hipa')	0.0	[(0, 0.7899016731879448, 5.8081243124179993e-29), (10, 0.63251601161914561, 5.9128409646402513e-08), (20, 0.53224420841623465, 2.0331430644072423e-05), (30, 0.45271465590145088, 7.3709919347483079e-05), (60, 0.23172467021200099, 0.19443336621422092), (90, 0.025656890942067138, 0.92485712269577092)]	['-']	hipb	hipa	hipb	57.0	hipa	57.0	hipb	hipa	57	4	0	1	22	0.39767240916239366	0.5446708463949843
2	3	3	(2, 3)	2.6666666666666665	3.0	0.5773502691896258	('accb', 'accc')	True	206.0	('accb', 'accc')	0.0	[(0, 0.91717963834775662, 5.440009560485284e-53), (10, 0.57808573863492851, 1.3189706766956486e-06), (20, 0.49234671319981155, 0.00010017468397185183), (30, 0.49389709597133352, 1.2031834166359116e-05), (60, 0.77567405781854804, 1.1442036672763961e-07), (90, 0.75575119565736026, 0.00070827959719183746)]	['-']	accb	accc	accb	57.0	accc	57.0	accb	accc	57	4	0	1	22	0.39767240916239366	0.5446708463949843
1	0	10	(0, 10)	3.6666666666666665	1.0	5.507570547286102	('fadr', 'faba')	True	1423.0	('fadr', 'faba')	0.0	[(0, 0.67493916950550636, 1.3061447579270551e-18), (10, 0.67166729808624082, 4.2388017085154286e-09), (20, 0.53756637656571449, 1.6182038631080989e-05), (30, 0.44528234772887709, 9.9807515159055864e-05), (60, 0.037604357811687361, 0.83541286956077143), (90, -0.24824090220407702, 0.35390378786465171)]	['+']	fadr	faba	fadr	57.0	faba	57.0	fadr	faba	57	4	0	1	22	0.39767240916239366	0.5446708463949843
7	9	0	(0, 9)	5.333333333333333	7.0	4.725815626252609	('fadr', 'fadd')	True	1431.0	('fadr', 'fadd')	0.0	[(0, 0.38257990083298088, 7.0536550390127919e-06), (10, 0.52493794538662075, 1.6633199843076323e-05), (20, 0.44268344761999762, 0.00056440443024967336), (30, 0.33506128106431265, 0.0042871453161865049), (60, 0.13287649415526176, 0.46102298374767237), (90, -0.23292276120297256, 0.38531458653344342)]	['-']	fadr	fadd	fadr	57.0	fadd	57.0	fadr	fadd	57	4	0	1	22	0.39767240916239366	0.5446708463949843
5	8	9	(5, 9)	7.333333333333333	8.0	2.0816659994661326	('accb', 'accd')	False												accb	accd	57	4	0	1	22	0.39767240916239366	0.5446708463949843
4	14	19	(4, 19)	12.333333333333334	14.0	7.637626158259733	('fabr', 'uspa')	False												fabr	uspa	57	4	0	1	22	0.39767240916239366	0.5446708463949843
13	7	20	(7, 20)	13.333333333333334	13.0	6.506407098647712	('fadr', 'acca')	True	1420.0	('fadr', 'acca')	0.0	[(0, 0.38425434542511328, 6.3803211512153191e-06), (10, 0.17035055233059296, 0.19315334212490701), (20, 0.069121353468704294, 0.60941754888869215), (30, 0.22225495024006003, 0.062478343663194581), (60, 0.48954889074516278, 0.0038339085150576918), (90, 0.52857706730696219, 0.035293495832559064)]	['+']	fadr	acca	fadr	57.0	acca	57.0	fadr	acca	57	4	0	1	22	0.39767240916239366	0.5446708463949843
3	4	36	(3, 36)	14.333333333333334	4.0	18.77054430040145	('accb', 'fabr')	False												accb	fabr	57	4	0	1	22	0.39767240916239366	0.5446708463949843
6	5	48	(5, 48)	19.666666666666668	6.0	24.54248017893329	('accb', 'uspa')	False												accb	uspa	57	4	0	1	22	0.39767240916239366	0.5446708463949843
14	23	25	(14, 25)	20.666666666666668	23.0	5.8594652770823155	('fabr', 'rela')	False												fabr	rela	57	4	0	1	22	0.39767240916239366	0.5446708463949843
18	17	27	(17, 27)	20.666666666666668	18.0	5.507570547286102	('fadr', 'hipa')	False												fadr	hipa	57	4	0	1	22	0.39767240916239366	0.5446708463949843
24	42	2	(2, 42)	22.666666666666668	24.0	20.033305601755625	('fadr', 'accd')	True	1422.0	('fadr', 'accd')		[(0, 0.1725036569376846, 0.049694200966586978), (10, 0.086464484526085003, 0.51124905639680085), (20, 0.10782377859288761, 0.42466850081938845), (30, 0.16057577735653514, 0.18098832292502626), (60, 0.31435823428463161, 0.074798519198196939), (90, 0.41879613386280223, 0.10641088104429831)]	['+']	fadr	accd	fadr	57.0	accd	57.0	fadr	accd	57	4	0	1	22	0.39767240916239366	0.5446708463949843
43	19	7	(7, 43)	23.0	19.0	18.33030277982336	('hipb', 'fabi')	False												hipb	fabi	57	4	0	1	22	0.39767240916239366	0.5446708463949843
15	12	42	(12, 42)	23.0	15.0	16.522711641858304	('accb', 'rela')	False												accb	rela	57	4	0	1	22	0.39767240916239366	0.5446708463949843
41	22	8	(8, 41)	23.666666666666668	22.0	16.563010998406458	('fabr', 'fadd')	False												fabr	fadd	57	4	0	1	22	0.39767240916239366	0.5446708463949843
19	31	21	(19, 31)	23.666666666666668	21.0	6.429100507328637	('fabr', 'fada')	False												fabr	fada	57	4	0	1	22	0.39767240916239366	0.5446708463949843
22	10	43	(10, 43)	25.0	22.0	16.703293088490067	('fabr', 'hipa')	False												fabr	hipa	57	4	0	1	22	0.39767240916239366	0.5446708463949843
44	24	14	(14, 44)	27.333333333333332	24.0	15.275252316519467	('hipb', 'accd')	False												hipb	accd	57	4	0	1	22	0.39767240916239366	0.5446708463949843
12	13	61	(12, 61)	28.666666666666668	13.0	28.00595174839329	('fabr', 'accb')	False												fabr	accb	57	4	0	1	22	0.39767240916239366	0.5446708463949843
17	18	53	(17, 53)	29.333333333333332	18.0	20.50203241957571	('fabr', 'accc')	False												fabr	accc	57	4	0	1	22	0.39767240916239366	0.5446708463949843
21	46	22	(21, 46)	29.666666666666668	22.0	14.153915830374762	('accb', 'fabg')	False												accb	fabg	57	4	0	1	22	0.39767240916239366	0.5446708463949843
37	37	15	(15, 37)	29.666666666666668	37.0	12.701705922171765	('fabr', 'hipb')	False												fabr	hipb	57	4	0	1	22	0.39767240916239366	0.5446708463949843
25	30	39	(25, 39)	31.333333333333332	30.0	7.094598884597588	('accb', 'fabd')	False												accb	fabd	57	4	0	1	22	0.39767240916239366	0.5446708463949843
39	32	23	(23, 39)	31.333333333333332	32.0	8.020806277010642	('fadr', 'fabh')	True	1427.0	('fadr', 'fabh')		[(0, 0.20921602128217129, 0.01689932071878637), (10, 0.1716988151114526, 0.18960053124428197), (20, 0.127167662963309, 0.34585543622005799), (30, 0.094942795799958207, 0.43094029912509102), (60, 0.0098292279649746083, 0.95670519589911895), (90, 0.044279914039079951, 0.87065168843587948)]	['+']	fadr	fabh	fadr	57.0	fabh	57.0	fadr	fabh	57	4	0	1	22	0.39767240916239366	0.5446708463949843
11	6	77	(6, 77)	31.333333333333332	11.0	39.62743157628732	('accb', 'fadh')	False												accb	fadh	57	4	0	1	22	0.39767240916239366	0.5446708463949843
31	2	63	(2, 63)	32.0	31.0	30.512292604784715	('fadr', 'fabb')	True	1424.0	('fadr', 'fabb')		[(0, 0.2940857284361782, 0.00068345807748022673), (10, 0.22939998789566959, 0.07787672148024552), (20, 0.17621920367950139, 0.189777015802581), (30, 0.18870953924812314, 0.11501027028105426), (60, 0.296444671327868, 0.093899751537551382), (90, 0.37326272411431743, 0.15444015129453781)]	['+']	fadr	fabb	fadr	57.0	fabb	57.0	fadr	fabb	57	4	0	1	22	0.39767240916239366	0.5446708463949843
8	21	68	(8, 68)	32.333333333333336	21.0	31.564748269760262	('accb', 'fabh')	False												accb	fabh	57	4	0	1	22	0.39767240916239366	0.5446708463949843
10	16	72	(10, 72)	32.666666666666664	16.0	34.19551627528576	('accb', 'fadb')	False												accb	fadb	57	4	0	1	22	0.39767240916239366	0.5446708463949843
36	25	37	(25, 37)	32.666666666666664	36.0	6.658328118479393	('fabr', 'accd')	False												fabr	accd	57	4	0	1	22	0.39767240916239366	0.5446708463949843
54	20	24	(20, 54)	32.666666666666664	24.0	18.583146486355137	('hipb', 'fadh')	True	1861.0	('hipb', 'fadh')		[(0, 0.28517389052393155, 0.0010067124467394747), (10, 0.30499182265495894, 0.017811287350458054), (20, 0.17997828809893196, 0.18035216813601249), (30, 0.23979310001356977, 0.043992922776672952), (60, 0.53359514580510792, 0.0013846118277426717), (90, 0.51892002777270885, 0.039430392376300229)]	['-']	hipb	fadh	hipb	57.0	fadh	57.0	hipb	fadh	57	4	0	1	22	0.39767240916239366	0.5446708463949843
23	58	18	(18, 58)	33.0	23.0	21.79449471770337	('accb', 'acca')	False												accb	acca	57	4	0	1	22	0.39767240916239366	0.5446708463949843
16	27	62	(16, 62)	35.0	27.0	24.020824298928627	('accb', 'hipb')	False												accb	hipb	57	4	0	1	22	0.39767240916239366	0.5446708463949843
42	62	1	(1, 62)	35.0	42.0	31.096623610932426	('fadr', 'fadh')	True	1433.0	('fadr', 'fadh')	10.0	[(0, 0.21029376898024771, 0.016328950661885951), (10, 0.56264419328941051, 2.8828191139521645e-06), (20, 0.49981098340459618, 7.5449169456652895e-05), (30, 0.24126452224897504, 0.042673162398626924), (60, -0.12698179045270808, 0.48131642698805821), (90, -0.15418989541060027, 0.56857115598086505)]	['-']	fadr	fadh	fadr	57.0	fadh	57.0	fadr	fadh	57	4	0	1	22	0.39767240916239366	0.5446708463949843
20	28	58	(20, 58)	35.333333333333336	28.0	20.033305601755625	('fabr', 'fadb')	False												fabr	fadb	57	4	0	1	22	0.39767240916239366	0.5446708463949843
32	44	30	(30, 44)	35.333333333333336	32.0	7.571877794400366	('accb', 'fade')	False												accb	fade	57	4	0	1	22	0.39767240916239366	0.5446708463949843
40	15	52	(15, 52)	35.666666666666664	40.0	18.876793513023692	('fadr', 'fabg')	True	1426.0	('fadr', 'fabg')		[(0, 0.14609263102661657, 0.097209428284840263), (10, 0.030893637051748, 0.81473420318838252), (20, 0.03691750528363779, 0.78513071080015728), (30, 0.053474057411094629, 0.65783825945870666), (60, -0.053751879845312295, 0.76639798870171782), (90, -0.20498537109128576, 0.44631549910039137)]	['+']	fadr	fabg	fadr	57.0	fabg	57.0	fadr	fabg	57	4	0	1	22	0.39767240916239366	0.5446708463949843
56	40	11	(11, 56)	35.666666666666664	40.0	22.81081614790083	('hipb', 'rela')	True	1862.0	('hipb', 'rela')		[(0, 0.2055574506383771, 0.01896632539489803), (10, 0.045132631621869479, 0.73203760805476925), (20, 0.14739105709018357, 0.27390510360185555), (30, 0.32773849229059454, 0.005269778117578062), (60, 0.19431247150404263, 0.27855590098011096), (90, 0.15495446047329306, 0.56663180922023826)]	['-']	hipb	rela	hipb	57.0	rela	57.0	hipb	rela	57	4	0	1	22	0.39767240916239366	0.5446708463949843
28	41	38	(28, 41)	35.666666666666664	38.0	6.8068592855540455	('fadr', 'fabd')	True	1425.0	('fadr', 'fabd')		[(0, 0.22092001526892563, 0.011542285072233953), (10, 0.18969352709726156, 0.14659407954434003), (20, 0.1372297748034946, 0.30870914369339342), (30, 0.14408739581198055, 0.23059825029733791), (60, -0.061224578243668198, 0.7350128874298949), (90, -0.077751962962215093, 0.7747152909877526)]	['+']	fadr	fabd	fadr	57.0	fabd	57.0	fadr	fabd	57	4	0	1	22	0.39767240916239366	0.5446708463949843
35	11	64	(11, 64)	36.666666666666664	35.0	26.539279065817393	('hipb', 'fadd')	False												hipb	fadd	57	4	0	1	22	0.39767240916239366	0.5446708463949843
49	50	12	(12, 50)	37.0	49.0	21.656407827707714	('fabr', 'fabi')	False												fabr	fabi	57	4	0	1	22	0.39767240916239366	0.5446708463949843
27	52	32	(27, 52)	37.0	32.0	13.228756555322953	('accb', 'fadd')	False												accb	fadd	57	4	0	1	22	0.39767240916239366	0.5446708463949843
38	34	44	(34, 44)	38.666666666666664	38.0	5.033222956847167	('fabr', 'acca')	False												fabr	acca	57	4	0	1	22	0.39767240916239366	0.5446708463949843
9	29	78	(9, 78)	38.666666666666664	29.0	35.50117368951812	('accb', 'fada')	False												accb	fada	57	4	0	1	22	0.39767240916239366	0.5446708463949843
26	78	16	(16, 78)	40.0	26.0	33.28663395418648	('fabr', 'fabh')	False												fabr	fabh	57	4	0	1	22	0.39767240916239366	0.5446708463949843
33	49	41	(33, 49)	41.0	41.0	8.0	('fadr', 'fabi')	True	1428.0	('fadr', 'fabi')		[(0, 0.20211676143992591, 0.021106030663004895), (10, 0.20530909385729854, 0.11556168535605801), (20, 0.17679832355313663, 0.18830249447176986), (30, 0.2207485946614417, 0.064322545211834309), (60, 0.28624376649425548, 0.10632397513873847), (90, 0.31861744260373892, 0.22907324777628962)]	['+']	fadr	fabi	fadr	57.0	fabi	57.0	fadr	fabi	57	4	0	1	22	0.39767240916239366	0.5446708463949843
64	26	33	(26, 64)	41.0	33.0	20.223748416156685	('fadr', 'rela')	False												fadr	rela	57	4	0	1	22	0.39767240916239366	0.5446708463949843
57	36	31	(31, 57)	41.333333333333336	36.0	13.79613472438325	('hipb', 'fabg')	False												hipb	fabg	57	4	0	1	22	0.39767240916239366	0.5446708463949843
66	55	6	(6, 66)	42.333333333333336	55.0	31.942656954820357	('hipb', 'fabr')	False												hipb	fabr	57	4	0	1	22	0.39767240916239366	0.5446708463949843
68	48	13	(13, 68)	43.0	48.0	27.83882181415011	('hipb', 'fabb')	False												hipb	fabb	57	4	0	1	22	0.39767240916239366	0.5446708463949843
34	35	67	(34, 67)	45.333333333333336	35.0	18.77054430040145	('fadr', 'fade')	True	1432.0	('fadr', 'fade')		[(0, -0.126354703184058, 0.15200100289668128), (10, 0.020122702711512435, 0.87870875267545434), (20, 0.073312708516535097, 0.58784160835564281), (30, 0.043854885791592566, 0.71649768164435068), (60, -0.28467827589897482, 0.10833539018719039), (90, -0.48662061077260194, 0.055945043717040489)]	['-']	fadr	fade	fadr	57.0	fade	57.0	fadr	fade	57	4	0	1	22	0.39767240916239366	0.5446708463949843
58	57	26	(26, 58)	47.0	57.0	18.193405398660254	('hipb', 'fabd')	False												hipb	fabd	57	4	0	1	22	0.39767240916239366	0.5446708463949843
45	72	28	(28, 72)	48.333333333333336	45.0	22.18858565419016	('fabr', 'fabg')	False												fabr	fabg	57	4	0	1	22	0.39767240916239366	0.5446708463949843
73	67	5	(5, 73)	48.333333333333336	67.0	37.64748774265467	('fadr', 'fabr')	False												fadr	fabr	57	4	0	1	22	0.39767240916239366	0.5446708463949843
47	33	65	(33, 65)	48.333333333333336	47.0	16.041612554021288	('fabr', 'fabb')	True	1419.0	('fabr', 'fabb')	0.0	[(0, 0.3685682710542858, 1.5986713139279053e-05), (10, 0.18401838641178239, 0.15928885528186587), (20, 0.11909751804753974, 0.37756472888335035), (30, 0.24886200511264148, 0.036369226155729524), (60, 0.0050878164779757408, 0.97758203208488403), (90, -0.44401951048606242, 0.084899788475475663)]	['-']	fabr	fabb	fabr	57.0	fabb	57.0	fabr	fabb	57	4	0	1	22	0.39767240916239366	0.5446708463949843
78	39	29	(29, 78)	48.666666666666664	39.0	25.890796305508513	('accb', 'hipa')	False												accb	hipa	57	4	0	1	22	0.39767240916239366	0.5446708463949843
52	45	50	(45, 52)	49.0	50.0	3.605551275463989	('accb', 'fabb')	False												accb	fabb	57	4	0	1	22	0.39767240916239366	0.5446708463949843
53	38	56	(38, 56)	49.0	53.0	9.643650760992955	('hipb', 'acca')	False												hipb	acca	57	4	0	1	22	0.39767240916239366	0.5446708463949843
51	63	35	(35, 63)	49.666666666666664	51.0	14.047538337136984	('hipb', 'accb')	False												hipb	accb	57	4	0	1	22	0.39767240916239366	0.5446708463949843
62	71	17	(17, 71)	50.0	62.0	28.930952282978865	('fadr', 'accc')	True	1421.0	('fadr', 'accc')		[(0, 0.16447328968477243, 0.061493858599240371), (10, -0.20951923614612233, 0.1081250275031849), (20, -0.15377393003807302, 0.25343105826080475), (30, 0.115349477446752, 0.3381120776063733), (60, 0.54820952960270353, 0.00095717603750896155), (90, 0.52825811411253143, 0.035424649417338361)]	['+']	fadr	accc	fadr	57.0	accc	57.0	fadr	accc	57	4	0	1	22	0.39767240916239366	0.5446708463949843
29	54	71	(29, 71)	51.333333333333336	54.0	21.1266025033211	('accb', 'fabi')	False												accb	fabi	57	4	0	1	22	0.39767240916239366	0.5446708463949843
60	53	45	(45, 60)	52.666666666666664	53.0	7.505553499465135	('hipb', 'fadr')	False												hipb	fadr	57	4	0	1	22	0.39767240916239366	0.5446708463949843
76	51	34	(34, 76)	53.666666666666664	51.0	21.1266025033211	('fabr', 'faba')	True	1418.0	('fabr', 'faba')		[(0, 0.29283712785310517, 0.00072211181546520632), (10, 0.31501063877422886, 0.014226261030601799), (20, 0.30819156798920072, 0.019683254495832556), (30, 0.22542142444679522, 0.058741084024582627), (60, -0.28282973155122576, 0.1107471826952167), (90, -0.049950035815198558, 0.85424389592882966)]	['-']	fabr	faba	fabr	57.0	faba	57.0	fabr	faba	57	4	0	1	22	0.39767240916239366	0.5446708463949843
50	43	70	(43, 70)	54.333333333333336	50.0	14.011899704655802	('fabr', 'fade')	False												fabr	fade	57	4	0	1	22	0.39767240916239366	0.5446708463949843
70	47	47	(47, 70)	54.666666666666664	47.0	13.279056191361391	('fadr', 'hipb')	False												fadr	hipb	57	4	0	1	22	0.39767240916239366	0.5446708463949843
30	61	74	(30, 74)	55.0	61.0	22.60530911091463	('fabr', 'fadh')	False												fabr	fadh	57	4	0	1	22	0.39767240916239366	0.5446708463949843
46	74	49	(46, 74)	56.333333333333336	49.0	15.37313674346694	('fabr', 'fabd')	False												fabr	fabd	57	4	0	1	22	0.39767240916239366	0.5446708463949843
55	60	54	(54, 60)	56.333333333333336	55.0	3.214550253664318	('hipb', 'accc')	False												hipb	accc	57	4	0	1	22	0.39767240916239366	0.5446708463949843
48	66	57	(48, 66)	57.0	57.0	9.0	('accb', 'fadr')	False												accb	fadr	57	4	0	1	22	0.39767240916239366	0.5446708463949843
77	56	40	(40, 77)	57.666666666666664	56.0	18.556220879622373	('hipb', 'faba')	False												hipb	faba	57	4	0	1	22	0.39767240916239366	0.5446708463949843
59	64	59	(59, 64)	60.666666666666664	59.0	2.8867513459481287	('hipb', 'fabh')	False												hipb	fabh	57	4	0	1	22	0.39767240916239366	0.5446708463949843
74	65	46	(46, 74)	61.666666666666664	65.0	14.29452109492771	('hipb', 'fade')	False												hipb	fade	57	4	0	1	22	0.39767240916239366	0.5446708463949843
63	75	60	(60, 75)	66.0	63.0	7.937253933193772	('hipb', 'uspa')	False												hipb	uspa	57	4	0	1	22	0.39767240916239366	0.5446708463949843
65	69	66	(65, 69)	66.66666666666667	66.0	2.081665999466133	('fabr', 'fadr')	False												fabr	fadr	57	4	0	1	22	0.39767240916239366	0.5446708463949843
67	79	55	(55, 79)	67.0	67.0	12.0	('hipb', 'fadb')	False												hipb	fadb	57	4	0	1	22	0.39767240916239366	0.5446708463949843
75	76	51	(51, 76)	67.33333333333333	75.0	14.153915830374762	('accb', 'faba')	False												accb	faba	57	4	0	1	22	0.39767240916239366	0.5446708463949843
71	68	69	(68, 71)	69.33333333333333	69.0	1.5275252316519468	('fadr', 'fada')	True	1429.0	('fadr', 'fada')		[(0, 0.13797693465347941, 0.1174698413316843), (10, 0.48204014423634334, 9.6260653773824035e-05), (20, 0.44815712782615458, 0.00047241590453592837), (30, 0.22576307134590839, 0.058348940690560527), (60, -0.13102576894553344, 0.46734494746308741), (90, -0.41950248784536581, 0.10576100052323729)]	['-']	fadr	fada	fadr	57.0	fada	57.0	fadr	fada	57	4	0	1	22	0.39767240916239366	0.5446708463949843
79	59	73	(59, 79)	70.33333333333333	73.0	10.263202878893768	('fadr', 'uspa')	True	1435.0	('fadr', 'uspa')		[(0, 0.16576943796179772, 0.059447340381536165), (10, 0.42339140866800501, 0.00074996919958643881), (20, 0.28254551678333345, 0.033211877475004974), (30, 0.15590162010158787, 0.19418844795042411), (60, 0.068215412098740297, 0.70602659565872861), (90, -0.079894210549245753, 0.76866350225309987)]	['-']	fadr	uspa	fadr	57.0	uspa	57.0	fadr	uspa	57	4	0	1	22	0.39767240916239366	0.5446708463949843
61	77	75	(61, 77)	71.0	75.0	8.717797887081348	('fadr', 'accb')	True	92.0	('fadr', 'accb')		[(0, 0.0050469598889291145, 0.95455413049713278), (10, -0.43106221849025345, 0.00058524846131753866), (20, -0.35312110803458707, 0.007052766486402213), (30, -0.034731555788259372, 0.77369470485359182), (60, 0.54308957756050047, 0.001091411887692826), (90, 0.56469462026743966, 0.022666502395847256)]	['+']	fadr	accb	fadr	57.0	accb	57.0	fadr	accb	57	4	0	1	22	0.39767240916239366	0.5446708463949843
69	73	76	(69, 76)	72.66666666666667	73.0	3.5118845842842465	('hipb', 'fada')	False												hipb	fada	57	4	0	1	22	0.39767240916239366	0.5446708463949843
72	70	79	(70, 79)	73.66666666666667	72.0	4.725815626252609	('fadr', 'fadb')	True	1430.0	('fadr', 'fadb')		[(0, 0.049262920364855509, 0.57780281783396203), (10, 0.44142607223491198, 0.00041471301720621853), (20, 0.48999259558114983, 0.00010939474506468062), (30, 0.2361886023136805, 0.047368784467916314), (60, -0.24015070956800028, 0.17824945135894377), (90, -0.47477515742769161, 0.0631263886649088)]	['-']	fadr	fadb	fadr	57.0	fadb	57.0	fadr	fadb	57	4	0	1	22	0.39767240916239366	0.5446708463949843
0	6	5	(0, 6)	3.6666666666666665	5.0	3.2145502536643185	('norr', 'moeb')	False												norr	moeb	58	4	0	1	83	0.5857022720288555	0.6402753872633392
1	3	24	(1, 24)	9.333333333333334	3.0	12.741009902410928	('norr', 'moea')	False												norr	moea	58	4	0	1	83	0.5857022720288555	0.6402753872633392
6	19	6	(6, 19)	10.333333333333334	6.0	7.505553499465135	('narp', 'nirc')	True	2401.0	('narp', 'nirc')	0.0	[(0, 0.46114340077458388, 3.3625942740646047e-08), (10, 0.50812957631570965, 3.4037793595346413e-05), (20, 0.46878537796501035, 0.00023509411940527832), (30, 0.18736237268178471, 0.11767399537319716), (60, 0.10845507354257217, 0.54798616341873929), (90, 0.59734432878853283, 0.014550363661078472)]	['+']	narp	nirc	narp	58.0	nirc	58.0	narp	nirc	58	4	0	1	83	0.5857022720288555	0.6402753872633392
8	1	33	(1, 33)	14.0	8.0	16.822603841260722	('narl', 'ynff')	True	2367.0	('narl', 'ynff')	0.0	[(0, 0.42998539395761315, 3.2983278262912971e-07), (10, 0.29438992199841368, 0.022417491713400694), (20, 0.2942977010901891, 0.026273951471553425), (30, 0.43690426656466763, 0.00013930228345317866), (60, 0.47771241261581404, 0.0049308587824026633), (90, 0.40280545169377524, 0.12188330140171209)]	['-']	narl	ynff	narl	58.0	ynff	58.0	narl	ynff	58	4	0	1	83	0.5857022720288555	0.6402753872633392
4	8	31	(4, 31)	14.333333333333334	8.0	14.571661996262929	('narl', 'hybo')	True	2306.0	('narl', 'hybo')	0.0	[(0, 0.61535767899281768, 6.6971044407458016e-15), (10, 0.5500729856375749, 5.2954532942514762e-06), (20, 0.28490327086910083, 0.031709452319104527), (30, 0.40423888537653652, 0.00047193190362662652), (60, 0.30893796591771427, 0.080228224667884623), (90, 0.71568396146629865, 0.0018237647960964263)]	['-']	narl	hybo	narl	58.0	hybo	58.0	narl	hybo	58	4	0	1	83	0.5857022720288555	0.6402753872633392
9	0	35	(0, 35)	14.666666666666666	9.0	18.175074506954115	('narl', 'ydhy')	True	2364.0	('narl', 'ydhy')	0.0	[(0, 0.39484344129098048, 3.3396343815710407e-06), (10, 0.16844021355555694, 0.19826845107536356), (20, 0.32201957697070049, 0.014574326758931028), (30, 0.3987711799596923, 0.00057205647167410975), (60, 0.63883952351245676, 6.30380012464541e-05), (90, 0.40343580708389803, 0.12124543398714419)]	['-']	narl	ydhy	narl	58.0	ydhy	58.0	narl	ydhy	58	4	0	1	83	0.5857022720288555	0.6402753872633392
12	21	12	(12, 21)	15.0	12.0	5.196152422706632	('narl', 'moea')	True	2307.0	('narl', 'moea')	0.0	[(0, 0.59431691532599007, 9.0425166111161052e-14), (10, 0.37003377915888791, 0.0036138705270296408), (20, 0.26356543775070829, 0.047594626174578769), (30, 0.27530040146163759, 0.020144611089449826), (60, -0.10964648354817086, 0.54357205050779711), (90, 0.26937441390488448, 0.31302109278391604)]	['+']	narl	moea	narl	58.0	moea	58.0	narl	moea	58	4	0	1	83	0.5857022720288555	0.6402753872633392
21	10	14	(10, 21)	15.0	14.0	5.5677643628300215	('narl', 'hybd')	True	2302.0	('narl', 'hybd')	0.0	[(0, 0.47753639770756201, 9.2012784404281052e-09), (10, 0.55911138993562659, 3.4286534978581567e-06), (20, 0.60449243279658738, 6.3761480495334571e-07), (30, 0.45929928882018084, 5.6019404866487422e-05), (60, 0.55355338276095978, 0.00083277349777601255), (90, 0.22672154216816087, 0.39844651642353845)]	['-']	narl	hybd	narl	58.0	hybd	58.0	narl	hybd	58	4	0	1	83	0.5857022720288555	0.6402753872633392
14	12	30	(12, 30)	18.666666666666668	14.0	9.865765724632494	('narp', 'hybe')	False												narp	hybe	58	4	0	1	83	0.5857022720288555	0.6402753872633392
16	32	11	(11, 32)	19.666666666666668	16.0	10.96965511460289	('narl', 'hyba')	True	2299.0	('narl', 'hyba')	0.0	[(0, 0.47457599269465306, 1.1686581764777984e-08), (10, 0.42641713137988596, 0.00068055346200202428), (20, 0.47240764749105979, 0.00020702199820556432), (30, 0.45690950275019326, 6.1926649423091668e-05), (60, 0.18008526334254218, 0.31593246622239579), (90, 0.41680374974388151, 0.1082590973744635)]	['-']	narl	hyba	narl	58.0	hyba	58.0	narl	hyba	58	4	0	1	83	0.5857022720288555	0.6402753872633392
5	45	10	(5, 45)	20.0	10.0	21.79449471770337	('narp', 'ogt')	False												narp	ogt	58	4	0	1	83	0.5857022720288555	0.6402753872633392
10	5	47	(5, 47)	20.666666666666668	10.0	22.94195574342635	('norr', 'yoag')	False												norr	yoag	58	4	0	1	83	0.5857022720288555	0.6402753872633392
32	24	19	(19, 32)	25.0	24.0	6.557438524302	('narl', 'ydhw')	True	2362.0	('narl', 'ydhw')		[(0, 0.31890951738842677, 0.00021726175410058683), (10, 0.41501068703543137, 0.00097691575266998349), (20, 0.20710418939323544, 0.12215920909213375), (30, 0.17751548435681502, 0.13860328731637248), (60, 0.49276909493865123, 0.0035747325364596781), (90, 0.015179451794176442, 0.95550498583797183)]	['-']	narl	ydhw	narl	58.0	ydhw	58.0	narl	ydhw	58	4	0	1	83	0.5857022720288555	0.6402753872633392
17	31	28	(17, 31)	25.333333333333332	28.0	7.371114795831994	('narl', 'nirc')	True	2327.0	('narl', 'nirc')	0.0	[(0, 0.51931200272539835, 2.443935010778456e-10), (10, 0.47794828364753589, 0.00011246183598327996), (20, 0.33315746094924076, 0.011329835805368326), (30, 0.29748642983689333, 0.011752350695239926), (60, -0.21702434675010035, 0.22506778364413729), (90, -0.3772103451862403, 0.14978266582560554)]	['+']	narl	nirc	narl	58.0	nirc	58.0	narl	nirc	58	4	0	1	83	0.5857022720288555	0.6402753872633392
28	18	32	(18, 32)	26.0	28.0	7.211102550927978	('narp', 'ytfe')	True	2421.0	('narp', 'ytfe')	0.0	[(0, 0.39233075722512101, 3.9020603570776301e-06), (10, 0.26400702755119054, 0.041520941817863873), (20, 0.060077081989306898, 0.65709704903299881), (30, 0.1106555138538734, 0.35826543914870745), (60, 0.20527930850295692, 0.25178415335185445), (90, 0.31656022158451319, 0.23226105930680982)]	['+']	narp	ytfe	narp	58.0	ytfe	58.0	narp	ytfe	58	4	0	1	83	0.5857022720288555	0.6402753872633392
25	40	26	(25, 40)	30.333333333333332	26.0	8.386497083606082	('narp', 'cysg')	True	2380.0	('narp', 'cysg')		[(0, 0.15498384099876916, 0.078293336803807387), (10, 0.31637362207207909, 0.013790101010018253), (20, 0.23936596814348757, 0.072924103792204362), (30, 0.12827836918843805, 0.28636985648905899), (60, -0.08556363799914303, 0.63589706722495787), (90, 0.26464786483574293, 0.32191443859122987)]	['+']	narp	cysg	narp	58.0	cysg	58.0	narp	cysg	58	4	0	1	83	0.5857022720288555	0.6402753872633392
23	30	38	(23, 38)	30.333333333333332	30.0	7.505553499465135	('narl', 'cydd')	True	2272.0	('narl', 'cydd')		[(0, 0.3433227021051905, 6.3631984370930499e-05), (10, 0.31265052539929522, 0.015009557240023749), (20, 0.21086597168846485, 0.11537328804730504), (30, 0.19726276167557028, 0.09916646752336046), (60, -0.38524096999764057, 0.026832108755309874), (90, -0.29752066511847286, 0.26308564408300888)]	['+']	narl	cydd	narl	58.0	cydd	58.0	narl	cydd	58	4	0	1	83	0.5857022720288555	0.6402753872633392
2	33	61	(2, 61)	32.0	33.0	29.512709126747414	('narl', 'nrfd')	True	2334.0	('narl', 'nrfd')		[(0, 0.1733638551730188, 0.048549825664417859), (10, 0.065489960055570895, 0.61908603169226939), (20, 0.25207941234640763, 0.058535284032975816), (30, 0.11284971355703612, 0.3487544323282068), (60, -0.14118163699291802, 0.43322069325662393), (90, -0.28046078807135078, 0.29273228536218804)]	['+']	narl	nrfd	narl	58.0	nrfd	58.0	narl	nrfd	58	4	0	1	83	0.5857022720288555	0.6402753872633392
38	20	42	(20, 42)	33.333333333333336	38.0	11.718930554164631	('narp', 'ydhu')	True	2414.0	('narp', 'ydhu')	20.0	[(0, 0.36915745564074615, 1.5457736123849208e-05), (10, 0.46917038225946711, 0.00015598490649949742), (20, 0.56814805045403349, 4.0309656592351339e-06), (30, 0.25507966001368521, 0.031806072389960957), (60, -0.32746897678927084, 0.062843523692067485), (90, -0.65894840007899103, 0.0054993993437906855)]	['-']	narp	ydhu	narp	58.0	ydhu	58.0	narp	ydhu	58	4	0	1	83	0.5857022720288555	0.6402753872633392
20	15	67	(15, 67)	34.0	20.0	28.687976575562104	('narl', 'ynfg')	True	2368.0	('narl', 'ynfg')	0.0	[(0, 0.39894367291012306, 2.5834585944837488e-06), (10, 0.39444203664350785, 0.0018173680560964012), (20, 0.2333899887220309, 0.080596251195601057), (30, 0.25154007203823658, 0.034340980026092094), (60, 0.52142514208736668, 0.001859818841731113), (90, 0.37524271378286422, 0.15209207405508549)]	['-']	narl	ynfg	narl	58.0	ynfg	58.0	narl	ynfg	58	4	0	1	83	0.5857022720288555	0.6402753872633392
7	39	57	(7, 57)	34.333333333333336	39.0	25.32455988429677	('norr', 'ydhv')	False												norr	ydhv	58	4	0	1	83	0.5857022720288555	0.6402753872633392
37	7	64	(7, 64)	36.0	37.0	28.513154858766505	('narl', 'ubic')	True	2357.0	('narl', 'ubic')	30.0	[(0, -0.067266037689032165, 0.44701236790517673), (10, -0.27088286725056304, 0.036311233840671288), (20, -0.40877446123805211, 0.0015941784529301833), (30, -0.4970400043732382, 1.0375157495084118e-05), (60, -0.059965103657930112, 0.74027479649413674), (90, 0.16745308976929557, 0.53533632570201495)]	['-']	narl	ubic	narl	58.0	ubic	58.0	narl	ubic	58	4	0	1	83	0.5857022720288555	0.6402753872633392
39	52	20	(20, 52)	37.0	39.0	16.09347693943108	('narl', 'norr')	False												narl	norr	58	4	0	1	83	0.5857022720288555	0.6402753872633392
54	58	1	(1, 58)	37.666666666666664	54.0	31.817186131607134	('norr', 'norv')	True	2429.0	('norr', 'norv')		[(0, 0.34456407284760543, 5.9614399737706744e-05), (10, 0.51240262718687646, 2.8474236073790184e-05), (20, 0.44156136178201238, 0.00058515491760980037), (30, 0.23280375732645991, 0.050730137162310368), (60, 0.33100745227432188, 0.059889366885249401), (90, -0.047522880346920877, 0.86126095332878982)]	['+']	norr	norv	norr	58.0	norv	58.0	norr	norv	58	4	0	1	83	0.5857022720288555	0.6402753872633392
13	61	40	(13, 61)	38.0	40.0	24.06241883103193	('narl', 'ydhu')	True	2360.0	('narl', 'ydhu')	0.0	[(0, 0.46239489545199391, 3.0530956352047754e-08), (10, 0.26995449286995932, 0.036981248896743452), (20, 0.12729788951546359, 0.3453576808516361), (30, 0.15455222671716612, 0.1981246541409048), (60, 0.079278007673358325, 0.66098855588956307), (90, -0.21114822981202669, 0.43245720212836647)]	['-']	narl	ydhu	narl	58.0	ydhu	58.0	narl	ydhu	58	4	0	1	83	0.5857022720288555	0.6402753872633392
19	46	52	(19, 52)	39.0	46.0	17.578395831246947	('narl', 'nrfg')	True	2337.0	('narl', 'nrfg')		[(0, -0.03392427821450221, 0.70159308332838066), (10, 0.33959805318885933, 0.0079408322734901438), (20, 0.22573282764567132, 0.091342649822257566), (30, -0.060221847639083427, 0.61786077717481269), (60, -0.094693944172599881, 0.60015272955481636), (90, -0.12042234036440586, 0.65687014158965895)]	['+']	narl	nrfg	narl	58.0	nrfg	58.0	narl	nrfg	58	4	0	1	83	0.5857022720288555	0.6402753872633392
34	71	21	(21, 71)	42.0	34.0	25.942243542145693	('narl', 'fdng')	True	2282.0	('narl', 'fdng')		[(0, 0.36031483332818476, 2.5438295440794173e-05), (10, 0.50917411539428536, 3.2591929378361515e-05), (20, 0.37338904242811233, 0.0042253366747795366), (30, 0.32857506148252147, 0.0051482635069295939), (60, -0.052841553733454096, 0.77024747374847147), (90, -0.083416258759620485, 0.75874112330220933)]	['+']	narl	fdng	narl	58.0	fdng	58.0	narl	fdng	58	4	0	1	83	0.5857022720288555	0.6402753872633392
50	65	16	(16, 65)	43.666666666666664	50.0	25.106440076867397	('narp', 'ubic')	False												narp	ubic	58	4	0	1	83	0.5857022720288555	0.6402753872633392
89	25	17	(17, 89)	43.666666666666664	25.0	39.46306289852998	('norr', 'hybd')	False												norr	hybd	58	4	0	1	83	0.5857022720288555	0.6402753872633392
11	2	124	(2, 124)	45.666666666666664	11.0	67.98774399355618	('narp', 'hybf')	False												narp	hybf	58	4	0	1	83	0.5857022720288555	0.6402753872633392
15	17	110	(15, 110)	47.333333333333336	17.0	54.28013755816517	('narl', 'ydhx')	True	2363.0	('narl', 'ydhx')		[(0, 0.34974870145736098, 4.5264791875004119e-05), (10, 0.40560887114218591, 0.0013037586699460152), (20, 0.45390537576081813, 0.00039064338070038824), (30, 0.46364627172791667, 4.6591659794924054e-05), (60, 0.16252292452286143, 0.36617959226834218), (90, -0.080503539174459501, 0.76694443517549193)]	['-']	narl	ydhx	narl	58.0	ydhx	58.0	narl	ydhx	58	4	0	1	83	0.5857022720288555	0.6402753872633392
107	13	23	(13, 107)	47.666666666666664	23.0	51.62686639079825	('norr', 'ydhu')	False												norr	ydhu	58	4	0	1	83	0.5857022720288555	0.6402753872633392
36	62	45	(36, 62)	47.666666666666664	45.0	13.203534880225572	('narp', 'cydd')	False												narp	cydd	58	4	0	1	83	0.5857022720288555	0.6402753872633392
71	37	36	(36, 71)	48.0	37.0	19.924858845171276	('narl', 'ytfe')	True	2371.0	('narl', 'ytfe')		[(0, 0.22370662772446703, 0.010511735854136733), (10, 0.30155249503934972, 0.019207870064306704), (20, 0.13780064701855266, 0.30668162079243222), (30, 0.037636205934422198, 0.75533715687332337), (60, -0.08293972545749477, 0.64632518566557795), (90, -0.27471873923910123, 0.30314041910568479)]	['+']	narl	ytfe	narl	58.0	ytfe	58.0	narl	ytfe	58	4	0	1	83	0.5857022720288555	0.6402753872633392
24	9	114	(9, 114)	49.0	24.0	56.789083458002736	('norr', 'hybc')	False												norr	hybc	58	4	0	1	83	0.5857022720288555	0.6402753872633392
26	111	13	(13, 111)	50.0	26.0	53.225933528685054	('narl', 'nird')	True	2328.0	('narl', 'nird')		[(0, 0.3040773170900965, 0.0004361335272727668), (10, 0.35588778986626096, 0.0052593013876008361), (20, 0.29138075410154679, 0.027870826189748132), (30, 0.2292685336377471, 0.054446954107632568), (60, 0.03612355679972766, 0.84181097258959836), (90, -0.1163605542727503, 0.66781441914299999)]	['+']	narl	nird	narl	58.0	nird	58.0	narl	nird	58	4	0	1	83	0.5857022720288555	0.6402753872633392
84	59	8	(8, 84)	50.333333333333336	59.0	38.734136537856806	('narp', 'norv')	True	2403.0	('narp', 'norv')		[(0, 0.030381908326850504, 0.7314926717553657), (10, 0.32693595882039778, 0.010783140398229711), (20, 0.18061324675116947, 0.17879417369473902), (30, 0.075875094939492932, 0.52941826993370866), (60, -0.072598641755448529, 0.68805401426856894), (90, -0.29631932446916454, 0.26511066323723498)]	['-']	narp	norv	narp	58.0	norv	58.0	narp	norv	58	4	0	1	83	0.5857022720288555	0.6402753872633392
109	43	0	(0, 109)	50.666666666666664	43.0	54.90294466905517	('narp', 'ydhv')	True	2415.0	('narp', 'ydhv')		[(0, -0.02910536953492043, 0.74236972794569811), (10, 0.094691509777888802, 0.47172986532557826), (20, 0.085205561676700833, 0.52857439018544694), (30, -0.031481525986412545, 0.79438237776008114), (60, 0.11446652462956955, 0.52588772689179575), (90, -0.47971248606683176, 0.060055465766456172)]	['-']	narp	ydhv	narp	58.0	ydhv	58.0	narp	ydhv	58	4	0	1	83	0.5857022720288555	0.6402753872633392
64	87	3	(3, 87)	51.333333333333336	64.0	43.40890845590722	('narl', 'norw')	True	2330.0	('narl', 'norw')		[(0, -0.0040574116344844662, 0.9634577089868398), (10, 0.46117993377515054, 0.00020850582259629468), (20, 0.42436553766378227, 0.0010022545920681644), (30, 0.22214619535452237, 0.062610041413542039), (60, -0.24900255402917515, 0.16229950831376841), (90, 0.10163783005880553, 0.70799883061214153)]	['-']	narl	norw	narl	58.0	norw	58.0	narl	norw	58	4	0	1	83	0.5857022720288555	0.6402753872633392
47	86	22	(22, 86)	51.666666666666664	47.0	32.25419869309007	('norr', 'nuob')	False												norr	nuob	58	4	0	1	83	0.5857022720288555	0.6402753872633392
3	16	141	(3, 141)	53.333333333333336	16.0	76.19930008427461	('narp', 'hybg')	False												narp	hybg	58	4	0	1	83	0.5857022720288555	0.6402753872633392
62	23	75	(23, 75)	53.333333333333336	62.0	27.061657993059725	('narp', 'hybd')	False												narp	hybd	58	4	0	1	83	0.5857022720288555	0.6402753872633392
110	4	49	(4, 110)	54.333333333333336	49.0	53.20087718575074	('norr', 'narp')	False												norr	narp	58	4	0	1	83	0.5857022720288555	0.6402753872633392
73	85	7	(7, 85)	55.0	73.0	42.0	('norr', 'hybo')	False												norr	hybo	58	4	0	1	83	0.5857022720288555	0.6402753872633392
53	91	25	(25, 91)	56.333333333333336	53.0	33.126021996812916	('norr', 'nrfg')	False												norr	nrfg	58	4	0	1	83	0.5857022720288555	0.6402753872633392
45	26	102	(26, 102)	57.666666666666664	45.0	39.55165398985652	('narl', 'hybf')	True	2304.0	('narl', 'hybf')	0.0	[(0, 0.37426432824568595, 1.1515461932282002e-05), (10, 0.31184102991935042, 0.015286606349855339), (20, 0.25118684574171091, 0.059464181059730864), (30, 0.40601586593928402, 0.00044301132933668042), (60, 0.44586601856862956, 0.0093068127859834478), (90, 0.27495125894947325, 0.30271476186399537)]	['-']	narl	hybf	narl	58.0	hybf	58.0	narl	hybf	58	4	0	1	83	0.5857022720288555	0.6402753872633392
68	57	51	(51, 68)	58.666666666666664	57.0	8.621678104251709	('narp', 'nrfe')	True	2409.0	('narp', 'nrfe')		[(0, -0.01191581618971505, 0.892964667430726), (10, 0.34627021713360895, 0.0067247948372415774), (20, 0.047548473668372275, 0.72541675106968051), (30, -0.0753277809748822, 0.53240113575055559), (60, -0.26977470886644012, 0.12894092646626754), (90, -0.047808969886913709, 0.86043333482125783)]	['+']	narp	nrfe	narp	58.0	nrfe	58.0	narp	nrfe	58	4	0	1	83	0.5857022720288555	0.6402753872633392
31	66	81	(31, 81)	59.333333333333336	66.0	25.65800719723442	('norr', 'nuoa')	False												norr	nuoa	58	4	0	1	83	0.5857022720288555	0.6402753872633392
92	78	9	(9, 92)	59.666666666666664	78.0	44.43347086750408	('norr', 'nrfb')	False												norr	nrfb	58	4	0	1	83	0.5857022720288555	0.6402753872633392
65	101	18	(18, 101)	61.333333333333336	65.0	41.621308645131926	('narl', 'hybg')	True	2305.0	('narl', 'hybg')	0.0	[(0, 0.45159117906907548, 6.9385208308217762e-08), (10, 0.359570238052416, 0.0047774565522993489), (20, 0.076120145547880561, 0.57358475658324837), (30, 0.080773121645093399, 0.50309938794231934), (60, 0.30689981412042727, 0.082346870105135681), (90, -0.02387657785234662, 0.93005890570039607)]	['-']	narl	hybg	narl	58.0	hybg	58.0	narl	hybg	58	4	0	1	83	0.5857022720288555	0.6402753872633392
77	29	85	(29, 85)	63.666666666666664	77.0	30.28751117760146	('narl', 'nrfa')	True	2331.0	('narl', 'nrfa')		[(0, 0.11113668764370439, 0.20809593721177796), (10, -0.36451192722838716, 0.0041921507502023234), (20, -0.41253198238047956, 0.0014283468462774483), (30, 0.0098997672745071812, 0.93469581385475198), (60, 0.064169969936194352, 0.72275388614502045), (90, 0.38027806181192375, 0.14622964996659557)]	['+']	narl	nrfa	narl	58.0	nrfa	58.0	narl	nrfa	58	4	0	1	83	0.5857022720288555	0.6402753872633392
137	11	43	(11, 137)	63.666666666666664	43.0	65.49300217071541	('norr', 'ogt')	False												norr	ogt	58	4	0	1	83	0.5857022720288555	0.6402753872633392
44	107	44	(44, 107)	65.0	44.0	36.373066958946424	('norr', 'norw')	True	2430.0	('norr', 'norw')		[(0, 0.18538120605062502, 0.034721142825707943), (10, 0.41975766312293145, 0.00084175752131685269), (20, 0.38895833541162916, 0.0027876947891930437), (30, 0.271998440773836, 0.021752278712169039), (60, -0.042564540343696097, 0.81405892698120519), (90, -0.081485338144422464, 0.7641766820746605)]	['+']	norr	norw	norr	58.0	norw	58.0	norr	norw	58	4	0	1	83	0.5857022720288555	0.6402753872633392
95	99	2	(2, 99)	65.33333333333333	95.0	54.884727687520986	('norr', 'dcus')	False												norr	dcus	58	4	0	1	83	0.5857022720288555	0.6402753872633392
22	14	161	(14, 161)	65.66666666666667	22.0	82.65792964582003	('narl', 'hybb')	True	2300.0	('narl', 'hybb')	0.0	[(0, 0.42674858427957479, 4.1279823632416665e-07), (10, 0.20571280927761493, 0.11483203991378531), (20, 0.23108864999211126, 0.083715448622463134), (30, 0.34838162935432526, 0.0029081356429840636), (60, 0.24429835096564462, 0.17064327799315124), (90, 0.56209633962442396, 0.02343721373737331)]	['-']	narl	hybb	narl	58.0	hybb	58.0	narl	hybb	58	4	0	1	83	0.5857022720288555	0.6402753872633392
56	89	54	(54, 89)	66.33333333333333	56.0	19.655363983740756	('narp', 'nuob')	False												narp	nuob	58	4	0	1	83	0.5857022720288555	0.6402753872633392
120	41	39	(39, 120)	66.66666666666667	41.0	46.1988455844227	('norr', 'nrfd')	False												norr	nrfd	58	4	0	1	83	0.5857022720288555	0.6402753872633392
29	68	108	(29, 108)	68.33333333333333	68.0	39.50105483823607	('narl', 'hybc')	True	2301.0	('narl', 'hybc')	10.0	[(0, 0.41940840410184965, 6.8075306119936031e-07), (10, 0.64714901362170885, 2.3078843115168119e-08), (20, 0.45300265340738327, 0.00040256830872208372), (30, 0.31024403570698089, 0.0084615556738926612), (60, 0.48156008260598082, 0.0045479571274038158), (90, 0.52527490079358186, 0.036669266823719134)]	['-']	narl	hybc	narl	58.0	hybc	58.0	narl	hybc	58	4	0	1	83	0.5857022720288555	0.6402753872633392
30	56	120	(30, 120)	68.66666666666667	56.0	46.31774318048466	('narl', 'ynfe')	True	2366.0	('narl', 'ynfe')		[(0, 0.29552217740782721, 0.00064134495050067813), (10, 0.2268187164801615, 0.081374793502966267), (20, 0.0023512884381748926, 0.98615056205082607), (30, 0.1548489796459141, 0.19725416252280251), (60, 0.55478937810648754, 0.00080611608413984988), (90, 0.50764078973447391, 0.044712669697356239)]	['-']	narl	ynfe	narl	58.0	ynfe	58.0	narl	ynfe	58	4	0	1	83	0.5857022720288555	0.6402753872633392
82	79	46	(46, 82)	69.0	79.0	19.974984355438178	('narp', 'fdng')	True	2382.0	('narp', 'fdng')		[(0, 0.21240655730829625, 0.015259154877500895), (10, 0.49417685723975324, 5.9974560597716643e-05), (20, 0.24543343271012064, 0.065740775672381971), (30, 0.10626069521939718, 0.37778956280784237), (60, -0.25710101737672575, 0.14862801826952673), (90, -0.058790775250014519, 0.82877482948370695)]	['-']	narp	fdng	narp	58.0	fdng	58.0	narp	fdng	58	4	0	1	83	0.5857022720288555	0.6402753872633392
69	63	76	(63, 76)	69.33333333333333	69.0	6.506407098647712	('narl', 'nuob')	True	2339.0	('narl', 'nuob')		[(0, 0.28657821741428763, 0.00094789656858194655), (10, 0.37981864501258061, 0.0027605355179458196), (20, 0.4269592529039466, 0.00092577855443584797), (30, 0.12403089882355951, 0.30275745268027204), (60, -0.19251401065687757, 0.28311551783018196), (90, -0.049869391359539751, 0.85447688249424358)]	['+']	narl	nuob	narl	58.0	nuob	58.0	narl	nuob	58	4	0	1	83	0.5857022720288555	0.6402753872633392
70	27	119	(27, 119)	72.0	70.0	46.03259714593562	('narp', 'nuoa')	False												narp	nuoa	58	4	0	1	83	0.5857022720288555	0.6402753872633392
59	97	60	(59, 97)	72.0	60.0	21.656407827707714	('narl', 'hybe')	True	2303.0	('narl', 'hybe')	0.0	[(0, 0.4548796241816892, 5.420628190944472e-08), (10, 0.39014783899035044, 0.0020587661131082095), (20, 0.26525294760017265, 0.046138206828077094), (30, 0.17912337496337, 0.13500650462781491), (60, 0.3237454272964953, 0.066074598268631463), (90, -0.058604609105969999, 0.82930959403500903)]	['-']	narl	hybe	narl	58.0	hybe	58.0	narl	hybe	58	4	0	1	83	0.5857022720288555	0.6402753872633392
55	77	86	(55, 86)	72.66666666666667	77.0	15.947831618540915	('narl', 'yoag')	True	2370.0	('narl', 'yoag')		[(0, 0.25617600811296931, 0.0032620331735335331), (10, 0.18712599389031348, 0.15224071580311518), (20, 0.031288170652399042, 0.81728088465126059), (30, 0.13110203100646861, 0.27580610221402485), (60, -0.067978846940815962, 0.7070011367530773), (90, -0.25726594538228875, 0.33609329831163004)]	['+']	narl	yoag	narl	58.0	yoag	58.0	narl	yoag	58	4	0	1	83	0.5857022720288555	0.6402753872633392
72	48	99	(48, 99)	73.0	72.0	25.514701644346147	('norr', 'year')	False												norr	year	58	4	0	1	83	0.5857022720288555	0.6402753872633392
27	113	79	(27, 113)	73.0	79.0	43.31281565541543	('narl', 'nark')	True	2320.0	('narl', 'nark')	0.0	[(0, 0.37146129232357772, 1.35434810732973e-05), (10, 0.30782347634450019, 0.016727390890577232), (20, 0.073622291480298516, 0.58626167879517088), (30, 0.1020684773049861, 0.39699866921741223), (60, 0.00010163587333327883, 0.99955211538767907), (90, -0.37956266958985957, 0.14705304573546985)]	['+']	narl	nark	narl	58.0	nark	58.0	narl	nark	58	4	0	1	83	0.5857022720288555	0.6402753872633392
111	47	66	(47, 111)	74.66666666666667	66.0	32.86842456421258	('norr', 'ytfe')	False												norr	ytfe	58	4	0	1	83	0.5857022720288555	0.6402753872633392
60	34	131	(34, 131)	75.0	60.0	50.20956084253277	('norr', 'cydd')	False												norr	cydd	58	4	0	1	83	0.5857022720288555	0.6402753872633392
85	35	105	(35, 105)	75.0	85.0	36.05551275463989	('norr', 'narl')	False												norr	narl	58	4	0	1	83	0.5857022720288555	0.6402753872633392
104	64	59	(59, 104)	75.66666666666667	64.0	24.664414311581236	('norr', 'ynff')	False												norr	ynff	58	4	0	1	83	0.5857022720288555	0.6402753872633392
115	22	91	(22, 115)	76.0	91.0	48.28043081829324	('narp', 'ydhx')	True	2417.0	('narp', 'ydhx')		[(0, 0.22325494339428123, 0.010673076657869445), (10, 0.31415109155196491, 0.014507370125029468), (20, 0.23191070326268115, 0.082590519509107674), (30, 0.21460972191982378, 0.072297573804702184), (60, -0.42717061622803165, 0.013160131645107705), (90, -0.64733862485871829, 0.0067104715413442923)]	['-']	narp	ydhx	narp	58.0	ydhx	58.0	narp	ydhx	58	4	0	1	83	0.5857022720288555	0.6402753872633392
83	80	68	(68, 83)	77.0	80.0	7.937253933193772	('narl', 'ogt')	True	2351.0	('narl', 'ogt')		[(0, 0.16454594960166349, 0.061377628819607594), (10, 0.10825722379921734, 0.41031428954699456), (20, -0.14402708775535664, 0.28512592201913067), (30, -0.09045084131407545, 0.45315607407432701), (60, 0.030227213300106873, 0.86738208161885078), (90, -0.23428752079976484, 0.38245644407075835)]	['+']	narl	ogt	narl	58.0	ogt	58.0	narl	ogt	58	4	0	1	83	0.5857022720288555	0.6402753872633392
143	38	56	(38, 143)	79.0	56.0	56.15158056546583	('narp', 'norr')	False												narp	norr	58	4	0	1	83	0.5857022720288555	0.6402753872633392
35	69	135	(35, 135)	79.66666666666667	69.0	50.846173241782246	('narl', 'nrfe')	True	2335.0	('narl', 'nrfe')		[(0, 0.04581650547946834, 0.60472680458806427), (10, 0.31330236897251484, 0.014789605387108253), (20, 0.2231887531474441, 0.095150917341644867), (30, -0.020038366387831599, 0.8682625046717628), (60, -0.21504431209931096, 0.2294310768842599), (90, -0.059473119304032228, 0.82681539191086395)]	['+']	narl	nrfe	narl	58.0	nrfe	58.0	narl	nrfe	58	4	0	1	83	0.5857022720288555	0.6402753872633392
33	75	134	(33, 134)	80.66666666666667	75.0	50.73788853838256	('narl', 'ynfh')	True	2369.0	('narl', 'ynfh')		[(0, 0.239455075965787, 0.0060718402253606063), (10, 0.35356476910295115, 0.005584802590835344), (20, 0.44745779656072227, 0.00048335730544102519), (30, 0.40884775360580355, 0.00040024941373217155), (60, 0.16570893096462727, 0.35672968634915436), (90, 0.13493686519963755, 0.61830544512889218)]	['-']	narl	ynfh	narl	58.0	ynfh	58.0	narl	ynfh	58	4	0	1	83	0.5857022720288555	0.6402753872633392
58	123	65	(58, 123)	82.0	65.0	35.679125549822544	('narp', 'nrfd')	True	2408.0	('narp', 'nrfd')		[(0, 0.078848543250712347, 0.37254397897092695), (10, 0.14492112989390882, 0.26925287247479368), (20, 0.07620510573168271, 0.57315580441697966), (30, -0.045236979542067533, 0.70795826831139919), (60, -0.27122647273779116, 0.12681516855195224), (90, -0.4229268217025699, 0.10265001294811478)]	['+']	narp	nrfd	narp	58.0	nrfd	58.0	narp	nrfd	58	4	0	1	83	0.5857022720288555	0.6402753872633392
18	76	153	(18, 153)	82.33333333333333	76.0	67.72247288259145	('narp', 'cydc')	False												narp	cydc	58	4	0	1	83	0.5857022720288555	0.6402753872633392
91	117	50	(50, 117)	86.0	91.0	33.77869150810907	('narp', 'ynfg')	False												narp	ynfg	58	4	0	1	83	0.5857022720288555	0.6402753872633392
142	102	15	(15, 142)	86.33333333333333	102.0	64.93329911018947	('narp', 'year')	True	2419.0	('narp', 'year')		[(0, 0.25304652290059898, 0.0036756017639581599), (10, 0.15664589571889995, 0.23199138248611728), (20, 0.11039872238752976, 0.41362580194085941), (30, 0.016481725814419118, 0.89148796199376468), (60, 0.24074361266807218, 0.17714771223620315), (90, 0.22824331051538757, 0.39520203279866017)]	['+']	narp	year	narp	58.0	year	58.0	narp	year	58	4	0	1	83	0.5857022720288555	0.6402753872633392
42	54	163	(42, 163)	86.33333333333333	54.0	66.66583332812493	('narl', 'moeb')	True	2308.0	('narl', 'moeb')	0.0	[(0, 0.38737093662394118, 5.2857237497137385e-06), (10, 0.46637662060647594, 0.00017278337010981202), (20, 0.31502177790179514, 0.016996235070232159), (30, 0.29076009447260659, 0.013897612674400161), (60, -0.090908245051399522, 0.61486881129811533), (90, 0.12533451642096888, 0.64372152749250433)]	['+']	narl	moeb	narl	58.0	moeb	58.0	narl	moeb	58	4	0	1	83	0.5857022720288555	0.6402753872633392
40	90	130	(40, 130)	86.66666666666667	90.0	45.09249752822895	('narl', 'nrff')	True	2336.0	('narl', 'nrff')		[(0, 0.14995172138499985, 0.088597641627345014), (10, 0.34095358122851438, 0.0076793225296953654), (20, 0.32636162323229029, 0.013225447700150749), (30, 0.14809207618233758, 0.217760143266304), (60, -0.16037127398689599, 0.37264466959260478), (90, -0.12965158394146084, 0.63224693175286384)]	['+']	narl	nrff	narl	58.0	nrff	58.0	narl	nrff	58	4	0	1	83	0.5857022720288555	0.6402753872633392
57	100	103	(57, 103)	86.66666666666667	100.0	25.73583752927682	('narp', 'dcus')	False												narp	dcus	58	4	0	1	83	0.5857022720288555	0.6402753872633392
48	120	94	(48, 120)	87.33333333333333	94.0	36.460023770334175	('narl', 'year')	True	2365.0	('narl', 'year')		[(0, 0.20075602972347567, 0.022007885641759387), (10, 0.18784651716117248, 0.15064008433391199), (20, 0.097032165012555599, 0.47273025752499043), (30, 0.08733653857116104, 0.46892213441394237), (60, -0.062256908960895571, 0.73070874204402858), (90, -0.28505732536658146, 0.28455617986698772)]	['+']	narl	year	narl	58.0	year	58.0	narl	year	58	4	0	1	83	0.5857022720288555	0.6402753872633392
49	94	121	(49, 121)	88.0	94.0	36.373066958946424	('narl', 'fdni')	True	2284.0	('narl', 'fdni')		[(0, 0.17096622247781207, 0.051795211689569569), (10, 0.36122118620999982, 0.004574368942781481), (20, 0.18784004347216499, 0.1617431891968058), (30, -0.11255600163977557, 0.35001838342453528), (60, -0.26194543571719181, 0.14086056178875636), (90, -0.67519926985454115, 0.0041040818898712937)]	['+']	narl	fdni	narl	58.0	fdni	58.0	narl	fdni	58	4	0	1	83	0.5857022720288555	0.6402753872633392
43	144	78	(43, 144)	88.33333333333333	78.0	51.2867754234299	('narl', 'nirb')	True	2326.0	('narl', 'nirb')		[(0, 0.26451027171693481, 0.0023570782261564866), (10, 0.27737095291015251, 0.031904571806081375), (20, 0.14146551089648321, 0.29387019732625674), (30, 0.10654261044192589, 0.37651823390940764), (60, 0.057575041277834568, 0.75029179768549747), (90, -0.02852466038872422, 0.91648405246100595)]	['+']	narl	nirb	narl	58.0	nirb	58.0	narl	nirb	58	4	0	1	83	0.5857022720288555	0.6402753872633392
98	49	118	(49, 118)	88.33333333333333	98.0	35.50117368951811	('narp', 'dmsd')	False												narp	dmsd	58	4	0	1	83	0.5857022720288555	0.6402753872633392
100	84	82	(82, 100)	88.66666666666667	84.0	9.865765724632494	('narp', 'ydhy')	True	2418.0	('narp', 'ydhy')		[(0, -0.1276515499520495, 0.14780658698083521), (10, -0.032436302618936118, 0.80565907306308615), (20, -0.010632034888007895, 0.93743515855694903), (30, -0.039506643383500469, 0.74358630849647367), (60, 0.062704035852921183, 0.72884700480660003), (90, -0.50463391480289799, 0.046206157735310123)]	['-']	narp	ydhy	narp	58.0	ydhy	58.0	narp	ydhy	58	4	0	1	83	0.5857022720288555	0.6402753872633392
156	83	27	(27, 156)	88.66666666666667	83.0	64.68642309892651	('narp', 'nuog')	False												narp	nuog	58	4	0	1	83	0.5857022720288555	0.6402753872633392
126	28	113	(28, 126)	89.0	113.0	53.225933528685054	('norr', 'ydhx')	False												norr	ydhx	58	4	0	1	83	0.5857022720288555	0.6402753872633392
105	127	37	(37, 127)	89.66666666666667	105.0	46.918368826434424	('narp', 'ydhw')	True	2416.0	('narp', 'ydhw')		[(0, 0.065007320529979859, 0.46245118944345309), (10, 0.3515375152370166, 0.0058831887192902898), (20, 0.23411145451236107, 0.079637517649589082), (30, 0.092645943259431651, 0.44222170551801732), (60, -0.050796416137743189, 0.77891524444478166), (90, -0.58867343014442308, 0.016439440635299292)]	['-']	narp	ydhw	narp	58.0	ydhw	58.0	narp	ydhw	58	4	0	1	83	0.5857022720288555	0.6402753872633392
81	51	139	(51, 139)	90.33333333333333	81.0	44.73626418615365	('narl', 'dcus')	True	2276.0	('narl', 'dcus')		[(0, 0.20148351873092921, 0.0215216891285454), (10, 0.21419283351547469, 0.10030778689719554), (20, -0.026972070786006379, 0.84213805712626411), (30, -0.19237151683273654, 0.10800382741324478), (60, -0.29826296951933107, 0.091806523077409316), (90, -0.19058914579000083, 0.47954254336306801)]	['-']	narl	dcus	narl	58.0	dcus	58.0	narl	dcus	58	4	0	1	83	0.5857022720288555	0.6402753872633392
88	142	41	(41, 142)	90.33333333333333	88.0	50.54041287260456	('norr', 'nrfe')	False												norr	nrfe	58	4	0	1	83	0.5857022720288555	0.6402753872633392
132	44	98	(44, 132)	91.33333333333333	98.0	44.37717130838031	('norr', 'hybg')	False												norr	hybg	58	4	0	1	83	0.5857022720288555	0.6402753872633392
46	141	88	(46, 141)	91.66666666666667	88.0	47.60602202803059	('narl', 'nrfc')	True	2333.0	('narl', 'nrfc')		[(0, 0.24378382124835249, 0.0051897136179922471), (10, 0.14596306081288152, 0.26578844803914758), (20, 0.27498924466742797, 0.038431316944398476), (30, 0.2919906545252865, 0.013481599715881648), (60, -0.049031607062590597, 0.78641602900631558), (90, -0.048832916116517751, 0.85747231749039388)]	['+']	narl	nrfc	narl	58.0	nrfc	58.0	narl	nrfc	58	4	0	1	83	0.5857022720288555	0.6402753872633392
157	36	83	(36, 157)	92.0	83.0	61.0	('narp', 'nuol')	False												narp	nuol	58	4	0	1	83	0.5857022720288555	0.6402753872633392
93	110	73	(73, 110)	92.0	93.0	18.520259177452136	('norr', 'ubic')	False												norr	ubic	58	4	0	1	83	0.5857022720288555	0.6402753872633392
86	125	69	(69, 125)	93.33333333333333	86.0	28.71120571019847	('norr', 'ydhy')	False												norr	ydhy	58	4	0	1	83	0.5857022720288555	0.6402753872633392
61	67	154	(61, 154)	94.0	67.0	52.04805471869242	('narl', 'nuoa')	True	2338.0	('narl', 'nuoa')		[(0, 0.32778392042648902, 0.00014069445333563733), (10, 0.47061622734862479, 0.00014789175504508284), (20, 0.38368154101145108, 0.0032168479346447085), (30, 0.20587739131740584, 0.084985037475594119), (60, -0.12493698456957954, 0.48846234254806531), (90, 0.0093139042294259258, 0.97269062269162976)]	['+']	narl	nuoa	narl	58.0	nuoa	58.0	narl	nuoa	58	4	0	1	83	0.5857022720288555	0.6402753872633392
75	42	171	(42, 171)	96.0	75.0	67.01492371106603	('narp', 'nrfg')	True	2411.0	('narp', 'nrfg')		[(0, 0.12464023011441611, 0.15768281146392493), (10, 0.31186372876146568, 0.015278778362118666), (20, 0.13751936841551174, 0.30767954177054313), (30, 0.014565779039424286, 0.9040385386679255), (60, 0.090139025493415154, 0.61787733517313748), (90, 0.052023847447849894, 0.84825646081487438)]	['+']	narp	nrfg	narp	58.0	nrfg	58.0	narp	nrfg	58	4	0	1	83	0.5857022720288555	0.6402753872633392
90	151	48	(48, 151)	96.33333333333333	90.0	51.79124765183141	('narp', 'hybb')	False												narp	hybb	58	4	0	1	83	0.5857022720288555	0.6402753872633392
129	106	55	(55, 129)	96.66666666666667	106.0	37.87259343289463	('narp', 'nrfc')	True	2407.0	('narp', 'nrfc')		[(0, 0.083708751023925249, 0.3437041498611183), (10, 0.13717918649457098, 0.29593799762736067), (20, 0.023601019076810583, 0.86166081297941211), (30, -0.051679600939863318, 0.66863884740327528), (60, -0.14798707209871811, 0.41114435994466503), (90, -0.16797920893255669, 0.53403618013925902)]	['+']	narp	nrfc	narp	58.0	nrfc	58.0	narp	nrfc	58	4	0	1	83	0.5857022720288555	0.6402753872633392
154	105	34	(34, 154)	97.66666666666667	105.0	60.33517492585344	('narp', 'nuok')	False												narp	nuok	58	4	0	1	83	0.5857022720288555	0.6402753872633392
76	55	162	(55, 162)	97.66666666666667	76.0	56.69509091035425	('norr', 'dmsd')	False												norr	dmsd	58	4	0	1	83	0.5857022720288555	0.6402753872633392
66	82	147	(66, 147)	98.33333333333333	82.0	42.899106439800505	('narl', 'nrfb')	True	2332.0	('narl', 'nrfb')		[(0, 0.13268592220355457, 0.13234898793216435), (10, -0.18087879419547287, 0.16665075375231173), (20, -0.38786068919634398, 0.0028725240766118596), (30, -0.042244191635113899, 0.72649338956850851), (60, 0.035665370914401778, 0.8437926913797823), (90, 0.56232220024224278, 0.023369429209158684)]	['+']	narl	nrfb	narl	58.0	nrfb	58.0	narl	nrfb	58	4	0	1	83	0.5857022720288555	0.6402753872633392
87	50	158	(50, 158)	98.33333333333333	87.0	54.88472768752099	('narp', 'ydht')	True	2413.0	('narp', 'ydht')		[(0, 0.021557580311288901, 0.80765790148497962), (10, 0.219286225032152, 0.092295762947558146), (20, 0.018010298235803412, 0.89421470906602796), (30, -0.0047001224306256481, 0.96896918528969445), (60, -0.13537351745954404, 0.45256583736897027), (90, -0.55870654100013972, 0.024472827732296337)]	['-']	narp	ydht	narp	58.0	ydht	58.0	narp	ydht	58	4	0	1	83	0.5857022720288555	0.6402753872633392
63	132	101	(63, 132)	98.66666666666667	101.0	34.55912807542073	('narl', 'cysg')	True	2273.0	('narl', 'cysg')		[(0, 0.12520636860020551, 0.15578929416976534), (10, 0.44934311915401265, 0.00031639480144621159), (20, 0.41620135552763299, 0.001281499797411592), (30, 0.23825920328494699, 0.045404413444217383), (60, -0.31173609901175398, 0.077388443280743513), (90, -0.2453240402926081, 0.35977107294382232)]	['+']	narl	cysg	narl	58.0	cysg	58.0	narl	cysg	58	4	0	1	83	0.5857022720288555	0.6402753872633392
41	95	160	(41, 160)	98.66666666666667	95.0	59.58467364459868	('norr', 'cysg')	False												norr	cysg	58	4	0	1	83	0.5857022720288555	0.6402753872633392
78	130	90	(78, 130)	99.33333333333333	90.0	27.227437142216182	('narp', 'nrfa')	True	2405.0	('narp', 'nrfa')		[(0, -0.084127259383980232, 0.3412884669998002), (10, -0.17592577033018131, 0.17876652013586153), (20, -0.15499552002309128, 0.24963403612204246), (30, -0.15007540448176154, 0.21159166726996415), (60, -0.15072117293565598, 0.4024573425683422), (90, -0.093061941951073743, 0.73175121902232543)]	['+']	narp	nrfa	narp	58.0	nrfa	58.0	narp	nrfa	58	4	0	1	83	0.5857022720288555	0.6402753872633392
122	147	29	(29, 147)	99.33333333333333	122.0	62.17984668148783	('narl', 'nuoc')	True	2340.0	('narl', 'nuoc')		[(0, 0.19002399455220129, 0.030353069209538508), (10, 0.22139800878052712, 0.0891244517710158), (20, 0.11336919984779732, 0.40109456561272527), (30, -0.190553971346791, 0.1114388484380924), (60, 0.029860080118191818, 0.86897890210740347), (90, 0.17488250413048764, 0.51710930154243528)]	['+']	narl	nuoc	narl	58.0	nuoc	58.0	narl	nuoc	58	4	0	1	83	0.5857022720288555	0.6402753872633392
124	121	53	(53, 124)	99.33333333333333	121.0	40.15387071420803	('narp', 'fdnh')	True	2383.0	('narp', 'fdnh')		[(0, -0.0070121569344046373, 0.93688970842022401), (10, 0.10172618673593076, 0.43928486559075108), (20, 0.059753900174219735, 0.65882768164345973), (30, 0.039695505197454517, 0.74240299136172894), (60, -0.31863658955964097, 0.070717769996840554), (90, -0.31875099836089571, 0.2288672542694194)]	['-']	narp	fdnh	narp	58.0	fdnh	58.0	narp	fdnh	58	4	0	1	83	0.5857022720288555	0.6402753872633392
74	108	117	(74, 117)	99.66666666666667	108.0	22.6789182575654	('narl', 'narp')	False												narl	narp	58	4	0	1	83	0.5857022720288555	0.6402753872633392
117	60	127	(60, 127)	101.33333333333333	117.0	36.143233576055884	('narp', 'nrff')	True	2410.0	('narp', 'nrff')		[(0, 0.11525233680838812, 0.19163998512865835), (10, 0.19864070233624181, 0.12813352370437781), (20, 0.033431714727207733, 0.80500033655862724), (30, 0.030086263137560871, 0.80330826102569652), (60, 0.063873343863991822, 0.72398547088983756), (90, 0.3648026781067768, 0.16474786896490681)]	['+']	narp	nrff	narp	58.0	nrff	58.0	narp	nrff	58	4	0	1	83	0.5857022720288555	0.6402753872633392
67	96	144	(67, 144)	102.33333333333333	96.0	38.88873015840622	('norr', 'nrfa')	False												norr	nrfa	58	4	0	1	83	0.5857022720288555	0.6402753872633392
103	98	106	(98, 106)	102.33333333333333	103.0	4.041451884327381	('narp', 'norw')	True	2404.0	('narp', 'norw')		[(0, 0.032615060793774013, 0.71259336616460633), (10, 0.31419620733857123, 0.014492497605056116), (20, 0.13609554796045709, 0.31276300105836435), (30, 0.08133080773399784, 0.50014622248618357), (60, -0.20365293345199989, 0.2556425999212904), (90, -0.043087512705473889, 0.87410869557385684)]	['-']	narp	norw	narp	58.0	norw	58.0	narp	norw	58	4	0	1	83	0.5857022720288555	0.6402753872633392
102	103	104	(102, 104)	103.0	103.0	1.0	('norr', 'hybb')	False												norr	hybb	58	4	0	1	83	0.5857022720288555	0.6402753872633392
101	73	138	(73, 138)	104.0	101.0	32.60368077380221	('narp', 'fdni')	True	2384.0	('narp', 'fdni')		[(0, 0.18890412001495926, 0.031361541124133197), (10, 0.21270470878958067, 0.1027477435849566), (20, 0.12507556969433253, 0.35391273508580401), (30, 0.08758056367877029, 0.46767614722858974), (60, -0.1734911408337633, 0.33426897046521886), (90, 0.088138453062344704, 0.74549309532392716)]	['-']	narp	fdni	narp	58.0	fdni	58.0	narp	fdni	58	4	0	1	83	0.5857022720288555	0.6402753872633392
172	138	4	(4, 172)	104.66666666666667	138.0	88.82191921667383	('norr', 'nuof')	False												norr	nuof	58	4	0	1	83	0.5857022720288555	0.6402753872633392
80	93	145	(80, 145)	106.0	93.0	34.39476704383968	('narp', 'ynfh')	False												narp	ynfh	58	4	0	1	83	0.5857022720288555	0.6402753872633392
151	53	115	(53, 151)	106.33333333333333	115.0	49.57149718672348	('narp', 'moeb')	False												narp	moeb	58	4	0	1	83	0.5857022720288555	0.6402753872633392
79	155	89	(79, 155)	107.66666666666667	89.0	41.29568177586288	('narl', 'ydht')	True	2359.0	('narl', 'ydht')		[(0, 0.025683745941221633, 0.77177086132927264), (10, 0.3418393974060413, 0.0075125190520695887), (20, 0.34786232238914744, 0.0080138232242015928), (30, 0.3338586636945437, 0.0044364260671677187), (60, 0.2152094365665872, 0.22906503034386547), (90, -0.12130657035643472, 0.65449617780052005)]	['-']	narl	ydht	narl	58.0	ydht	58.0	narl	ydht	58	4	0	1	83	0.5857022720288555	0.6402753872633392
123	126	84	(84, 126)	111.0	123.0	23.430749027719962	('norr', 'ynfg')	False												norr	ynfg	58	4	0	1	83	0.5857022720288555	0.6402753872633392
119	88	126	(88, 126)	111.0	119.0	20.223748416156685	('norr', 'ynfh')	False												norr	ynfh	58	4	0	1	83	0.5857022720288555	0.6402753872633392
113	92	128	(92, 128)	111.0	113.0	18.083141320025124	('narl', 'cydc')	True	2271.0	('narl', 'cydc')		[(0, 0.26764439542340074, 0.0020803966755167801), (10, 0.13848905177266732, 0.29130605819592598), (20, -0.12503517383974297, 0.35406943819643044), (30, -0.29696875602376183, 0.011906585956362606), (60, -0.31594942993966518, 0.073259993977365101), (90, -0.36221903928393973, 0.16798518910308741)]	['+']	narl	cydc	narl	58.0	cydc	58.0	narl	cydc	58	4	0	1	83	0.5857022720288555	0.6402753872633392
51	119	164	(51, 164)	111.33333333333333	119.0	56.88878038184096	('narl', 'fdnh')	True	2283.0	('narl', 'fdnh')		[(0, 0.14773616789186433, 0.093464227949370579), (10, 0.35218206577068162, 0.0057868369724161347), (20, 0.44107142647742542, 0.000594429805249802), (30, 0.34742096048763305, 0.0029923561434280072), (60, 0.014170365132836472, 0.93761519473540011), (90, 0.00060829270611205779, 0.99821611167521107)]	['+']	narl	fdnh	narl	58.0	fdnh	58.0	narl	fdnh	58	4	0	1	83	0.5857022720288555	0.6402753872633392
125	70	140	(70, 140)	111.66666666666667	125.0	36.85557397915997	('narp', 'nuoc')	False												narp	nuoc	58	4	0	1	83	0.5857022720288555	0.6402753872633392
94	148	96	(94, 148)	112.66666666666667	96.0	30.615900008546756	('norr', 'nuok')	False												norr	nuok	58	4	0	1	83	0.5857022720288555	0.6402753872633392
139	145	58	(58, 145)	114.0	139.0	48.590122453025366	('norr', 'ydhw')	False												norr	ydhw	58	4	0	1	83	0.5857022720288555	0.6402753872633392
52	122	169	(52, 169)	114.33333333333333	122.0	58.87557501488485	('narl', 'ydhv')	True	2361.0	('narl', 'ydhv')		[(0, 0.19442314616679723, 0.026653788125867217), (10, 0.32078094449363997, 0.012457530387158022), (20, 0.20114793086607433, 0.13351832594047092), (30, 0.097403056971446939, 0.41903946433506867), (60, 0.52473024645512312, 0.0017184553620514299), (90, 0.2748077611383784, 0.30297741135400619)]	['-']	narl	ydhv	narl	58.0	ydhv	58.0	narl	ydhv	58	4	0	1	83	0.5857022720288555	0.6402753872633392
99	109	137	(99, 137)	115.0	109.0	19.697715603592208	('narp', 'ynff')	False												narp	ynff	58	4	0	1	83	0.5857022720288555	0.6402753872633392
145	139	62	(62, 145)	115.33333333333333	139.0	46.28534685333289	('norr', 'fdng')	False												norr	fdng	58	4	0	1	83	0.5857022720288555	0.6402753872633392
158	81	109	(81, 158)	116.0	109.0	38.97435053981015	('norr', 'hybe')	False												norr	hybe	58	4	0	1	83	0.5857022720288555	0.6402753872633392
155	116	80	(80, 155)	117.0	116.0	37.5099986670221	('narp', 'nuoh')	False												narp	nuoh	58	4	0	1	83	0.5857022720288555	0.6402753872633392
144	146	63	(63, 146)	117.66666666666667	144.0	47.353282181210346	('norr', 'fdni')	False												norr	fdni	58	4	0	1	83	0.5857022720288555	0.6402753872633392
121	157	77	(77, 157)	118.33333333333333	121.0	40.06661120351125	('norr', 'nirc')	False												norr	nirc	58	4	0	1	83	0.5857022720288555	0.6402753872633392
146	72	151	(72, 151)	123.0	146.0	44.23799272118933	('narp', 'yoag')	True	2420.0	('narp', 'yoag')		[(0, 0.27417859884544005, 0.0015959614414329452), (10, 0.20659302536040283, 0.11325344416393016), (20, 0.12155112594245732, 0.36774477639281544), (30, 0.092975747139249901, 0.44059172588896189), (60, 0.081719923824743482, 0.65119573824149957), (90, 0.14666310730836674, 0.58781156935567314)]	['+']	narp	yoag	narp	58.0	yoag	58.0	narp	yoag	58	4	0	1	83	0.5857022720288555	0.6402753872633392
96	143	132	(96, 143)	123.66666666666667	132.0	24.583192089989726	('narp', 'nrfb')	True	2406.0	('narp', 'nrfb')		[(0, 0.037234815239832776, 0.67405609708591174), (10, 0.1295211347119784, 0.32397404150914022), (20, -0.0062278507656367615, 0.96332780788565597), (30, -0.11700576678484143, 0.33117430323776453), (60, -0.14581060588837383, 0.41813459709860057), (90, 0.042438001622639276, 0.87599265890184808)]	['+']	narp	nrfb	narp	58.0	nrfb	58.0	narp	nrfb	58	4	0	1	83	0.5857022720288555	0.6402753872633392
166	115	92	(92, 166)	124.33333333333333	115.0	37.87259343289463	('narp', 'hybc')	False												narp	hybc	58	4	0	1	83	0.5857022720288555	0.6402753872633392
106	131	136	(106, 136)	124.33333333333333	131.0	16.072751268321593	('narl', 'norv')	True	2329.0	('narl', 'norv')		[(0, 0.016948178665445825, 0.84822289742717361), (10, 0.42616559357938988, 0.000686094310180721), (20, 0.43227365876198942, 0.00078527243354574168), (30, 0.29730044249801069, 0.011807562936342293), (60, 0.06640360241254438, 0.71350200800575214), (90, 0.075688268109378315, 0.78055669418043783)]	['-']	narl	norv	narl	58.0	norv	58.0	narl	norv	58	4	0	1	83	0.5857022720288555	0.6402753872633392
162	118	93	(93, 162)	124.33333333333333	118.0	34.93326972004386	('narp', 'nird')	True	2402.0	('narp', 'nird')		[(0, 0.15870354095598535, 0.07131441320889674), (10, 0.18735001522102443, 0.15174171113821069), (20, 0.062112534801328584, 0.64623860968015678), (30, -0.061541563491146464, 0.61016516442203372), (60, -0.04346089551311088, 0.81021356228323094), (90, 0.12923537117901393, 0.63334984052147725)]	['+']	narp	nird	narp	58.0	nird	58.0	narp	nird	58	4	0	1	83	0.5857022720288555	0.6402753872633392
133	156	87	(87, 156)	125.33333333333333	133.0	35.13308032799477	('narl', 'nuok')	True	2347.0	('narl', 'nuok')		[(0, -0.048730665360938813, 0.58192429658786393), (10, -0.15435964330058929, 0.2389616007220072), (20, -0.22839054206233053, 0.08749260259830452), (30, -0.38832595679951365, 0.00081875809979769544), (60, -0.14279930354552217, 0.42791491498190071), (90, -0.019918385834671787, 0.94163332157344859)]	['+']	narl	nuok	narl	58.0	nuok	58.0	narl	nuok	58	4	0	1	83	0.5857022720288555	0.6402753872633392
97	153	129	(97, 153)	126.33333333333333	129.0	28.09507667427397	('narl', 'nuol')	True	2348.0	('narl', 'nuol')		[(0, -0.12722742477592391, 0.14916861332288717), (10, -0.21327303974122311, 0.10181052835038489), (20, -0.27669687250945052, 0.037196097499609913), (30, -0.39888531175239816, 0.00056978264604757916), (60, -0.091237229256500602, 0.61358398256875235), (90, -0.13312154576946328, 0.62308043819164383)]	['+']	narl	nuol	narl	58.0	nuol	58.0	narl	nuol	58	4	0	1	83	0.5857022720288555	0.6402753872633392
140	74	167	(74, 167)	127.0	140.0	47.843494855622744	('norr', 'nrff')	False												norr	nrff	58	4	0	1	83	0.5857022720288555	0.6402753872633392
128	137	116	(116, 137)	127.0	128.0	10.535653752852738	('norr', 'ynfe')	False												norr	ynfe	58	4	0	1	83	0.5857022720288555	0.6402753872633392
147	168	74	(74, 168)	129.66666666666666	147.0	49.3389636426763	('narp', 'nuof')	False												narp	nuof	58	4	0	1	83	0.5857022720288555	0.6402753872633392
116	152	122	(116, 152)	130.0	122.0	19.28730152198591	('narp', 'hyba')	False												narp	hyba	58	4	0	1	83	0.5857022720288555	0.6402753872633392
114	114	166	(114, 166)	131.33333333333334	114.0	30.02221399786054	('norr', 'cydc')	False												norr	cydc	58	4	0	1	83	0.5857022720288555	0.6402753872633392
161	164	72	(72, 164)	132.33333333333334	161.0	52.271725945613596	('norr', 'nark')	False												norr	nark	58	4	0	1	83	0.5857022720288555	0.6402753872633392
108	134	156	(108, 156)	132.66666666666666	134.0	24.027761721253466	('narp', 'nuoe')	False												narp	nuoe	58	4	0	1	83	0.5857022720288555	0.6402753872633392
118	136	146	(118, 146)	133.33333333333334	136.0	14.189197769195175	('norr', 'nrfc')	False												norr	nrfc	58	4	0	1	83	0.5857022720288555	0.6402753872633392
159	173	70	(70, 173)	134.0	159.0	55.86591089385369	('norr', 'nirb')	False												norr	nirb	58	4	0	1	83	0.5857022720288555	0.6402753872633392
131	160	112	(112, 160)	134.33333333333334	131.0	24.172987679087857	('narl', 'nuoi')	True	2345.0	('narl', 'nuoi')		[(0, -0.086373166355805012, 0.32850890656291754), (10, -0.15178904613979394, 0.24696899095248295), (20, -0.24944773783882898, 0.061308225193120507), (30, -0.410987958048183, 0.00037047194004224612), (60, -0.048408463251501672, 0.78906905804537719), (90, -0.047973950564887666, 0.85995612977958913)]	['+']	narl	nuoi	narl	58.0	nuoi	58.0	narl	nuoi	58	4	0	1	83	0.5857022720288555	0.6402753872633392
134	104	170	(104, 170)	136.0	134.0	33.04542328371661	('norr', 'hyba')	False												norr	hyba	58	4	0	1	83	0.5857022720288555	0.6402753872633392
164	149	97	(97, 164)	136.66666666666666	149.0	35.16153201061258	('narp', 'ynfe')	False												narp	ynfe	58	4	0	1	83	0.5857022720288555	0.6402753872633392
168	172	71	(71, 172)	137.0	168.0	57.19265687131522	('narl', 'nuof')	True	2342.0	('narl', 'nuof')		[(0, 0.03897820203309578, 0.65972347697061351), (10, 0.059365794231094872, 0.65229956345958295), (20, -0.055164067842066997, 0.68359436460949297), (30, -0.32034726773579747, 0.0064583015662253596), (60, 0.066577626254771677, 0.71278284735871744), (90, 0.32189451491117238, 0.2240525624071257)]	['+']	narl	nuof	narl	58.0	nuof	58.0	narl	nuof	58	4	0	1	83	0.5857022720288555	0.6402753872633392
160	129	125	(125, 160)	138.0	129.0	19.157244060668017	('narp', 'nark')	False												narp	nark	58	4	0	1	83	0.5857022720288555	0.6402753872633392
112	169	133	(112, 169)	138.0	133.0	28.827070610799147	('norr', 'nuol')	False												norr	nuol	58	4	0	1	83	0.5857022720288555	0.6402753872633392
135	128	155	(128, 155)	139.33333333333334	135.0	14.0118997046558	('narl', 'dmsd')	True	2280.0	('narl', 'dmsd')		[(0, -0.13478491165581155, 0.12628241919315575), (10, -0.17673732609618589, 0.17673882804706367), (20, -0.11558899391225438, 0.391876637378472), (30, 0.11421301187733057, 0.34292485665194694), (60, -0.19379361848401516, 0.27986643906598802), (90, -0.28089234557535547, 0.29195875730518861)]	['-']	narl	dmsd	narl	58.0	dmsd	58.0	narl	dmsd	58	4	0	1	83	0.5857022720288555	0.6402753872633392
136	112	172	(112, 172)	140.0	136.0	30.199337741083	('narp', 'moea')	False												narp	moea	58	4	0	1	83	0.5857022720288555	0.6402753872633392
148	167	107	(107, 167)	140.66666666666666	148.0	30.6648550189518	('norr', 'nuoi')	False												norr	nuoi	58	4	0	1	83	0.5857022720288555	0.6402753872633392
149	135	142	(135, 149)	142.0	142.0	7.0	('norr', 'hybf')	False												norr	hybf	58	4	0	1	83	0.5857022720288555	0.6402753872633392
130	124	173	(124, 173)	142.33333333333334	130.0	26.72701504720146	('narp', 'narl')	False												narp	narl	58	4	0	1	83	0.5857022720288555	0.6402753872633392
167	171	95	(95, 171)	144.33333333333334	167.0	42.77070648625451	('narl', 'nuoe')	True	2341.0	('narl', 'nuoe')		[(0, 0.062891471249174921, 0.47717619387927057), (10, 0.043003187065888973, 0.74423891879442361), (20, -0.050124681910946975, 0.71117244161898663), (30, -0.26307718178637224, 0.026651526764491722), (60, 0.20198697253609743, 0.25963525068427828), (90, 0.24196350013754514, 0.36659756870951032)]	['+']	narl	nuoe	narl	58.0	nuoe	58.0	narl	nuoe	58	4	0	1	83	0.5857022720288555	0.6402753872633392
173	163	100	(100, 173)	145.33333333333334	163.0	39.576929306520654	('norr', 'nuoe')	False												norr	nuoe	58	4	0	1	83	0.5857022720288555	0.6402753872633392
153	140	149	(140, 153)	147.33333333333334	149.0	6.658328118479393	('narp', 'nuoi')	False												narp	nuoi	58	4	0	1	83	0.5857022720288555	0.6402753872633392
141	154	148	(141, 154)	147.66666666666666	148.0	6.506407098647712	('norr', 'nird')	False												norr	nird	58	4	0	1	83	0.5857022720288555	0.6402753872633392
138	162	143	(138, 162)	147.66666666666666	143.0	12.662279942148386	('narl', 'nuoh')	True	2344.0	('narl', 'nuoh')		[(0, -0.081612944323770725, 0.35596315799655132), (10, -0.12962096144717475, 0.32359808144797408), (20, -0.23346852606700347, 0.08049144534108528), (30, -0.4039799897512466, 0.00047628629115639974), (60, 0.0012400373852290651, 0.99453549671789521), (90, 0.16087862312328038, 0.55170142792375565)]	['+']	narl	nuoh	narl	58.0	nuoh	58.0	narl	nuoh	58	4	0	1	83	0.5857022720288555	0.6402753872633392
170	165	111	(111, 170)	148.66666666666666	165.0	32.715949219506584	('norr', 'ydht')	False												norr	ydht	58	4	0	1	83	0.5857022720288555	0.6402753872633392
165	159	123	(123, 165)	149.0	159.0	22.715633383201094	('narl', 'nuog')	True	2343.0	('narl', 'nuog')		[(0, 0.025231444653051435, 0.77568274915799462), (10, 0.038403270051680344, 0.77080634041941776), (20, -0.091127831741042248, 0.50020802895638827), (30, -0.30504292389725113, 0.0096905174253058453), (60, 0.097016793024368345, 0.59119888423299249), (90, 0.26945972077241448, 0.31286191498216404)]	['+']	narl	nuog	narl	58.0	nuog	58.0	narl	nuog	58	4	0	1	83	0.5857022720288555	0.6402753872633392
127	158	165	(127, 165)	150.0	158.0	20.223748416156685	('norr', 'fdnh')	False												norr	fdnh	58	4	0	1	83	0.5857022720288555	0.6402753872633392
169	133	159	(133, 169)	153.66666666666666	159.0	18.58314648635514	('narp', 'nirb')	True	2400.0	('narp', 'nirb')		[(0, 0.12670202108887271, 0.15086898478744967), (10, 0.27232951443290299, 0.035287278530050308), (20, 0.11770325047099948, 0.38321427558250198), (30, -0.068709770463642045, 0.56911467580985442), (60, 0.034653680215633288, 0.84817171134951863), (90, 0.33247787534726381, 0.20831835485676498)]	['+']	narp	nirb	narp	58.0	nirb	58.0	narp	nirb	58	4	0	1	83	0.5857022720288555	0.6402753872633392
163	150	152	(150, 163)	155.0	152.0	7.0	('norr', 'nuoc')	False												norr	nuoc	58	4	0	1	83	0.5857022720288555	0.6402753872633392
150	161	157	(150, 161)	156.0	157.0	5.5677643628300215	('narp', 'hybo')	False												narp	hybo	58	4	0	1	83	0.5857022720288555	0.6402753872633392
152	166	150	(150, 166)	156.0	152.0	8.717797887081348	('norr', 'nuoh')	False												norr	nuoh	58	4	0	1	83	0.5857022720288555	0.6402753872633392
171	170	168	(168, 171)	169.66666666666666	170.0	1.5275252316519465	('norr', 'nuog')	False												norr	nuog	58	4	0	1	83	0.5857022720288555	0.6402753872633392
1	2	10	(1, 10)	4.333333333333333	2.0	4.932882862316247	('gadw', 'hdea')	True	1776.0	('gadw', 'hdea')	0.0	[(0, 0.55025348871511748, 1.189196750769833e-11), (10, 0.49747056255031719, 5.2584156578894249e-05), (20, 0.44990219310493051, 0.00044608606521273137), (30, 0.52656340621244357, 2.3958599524074671e-06), (60, 0.6732091751793059, 1.7624440673982737e-05), (90, 0.69396067289760266, 0.00286263113255053)]	['+-']	gadw	hdea	gadw	59.0	hdea	59.0	gadw	hdea	59	4	0	1	40	0.32968509074943037	0.33382352941176463
9	0	8	(0, 9)	5.666666666666667	8.0	4.932882862316248	('gadw', 'slp')	True	1780.0	('gadw', 'slp')	0.0	[(0, 0.72041706567427355, 4.4065712720875086e-22), (10, 0.69257046271836586, 8.7666123816774592e-10), (20, 0.61349893804570688, 3.8941305123116185e-07), (30, 0.71702809067124762, 2.0172778558439644e-12), (60, 0.69066912623121068, 8.6399149237495412e-06), (90, 0.64546628040923837, 0.0069242287112152301)]	['-']	gadw	slp	gadw	59.0	slp	59.0	gadw	slp	59	4	0	1	40	0.32968509074943037	0.33382352941176463
2	5	13	(2, 13)	6.666666666666667	5.0	5.686240703077327	('appy', 'frc')	False												appy	frc	59	4	0	1	40	0.32968509074943037	0.33382352941176463
3	4	14	(3, 14)	7.0	4.0	6.082762530298219	('gadw', 'gady')	True	1775.0	('gadw', 'gady')	0.0	[(0, 0.70192829103424703, 1.3632888147025111e-20), (10, 0.66056890265415391, 9.3062593270909979e-09), (20, 0.756192645563181, 1.0354717653526185e-11), (30, 0.7444706359702089, 9.9633966848531928e-14), (60, 0.54589920541255399, 0.0010158348304659713), (90, 0.41901670944115404, 0.10620763982179202)]	['-']	gadw	gady	gadw	59.0	gady	59.0	gadw	gady	59	4	0	1	40	0.32968509074943037	0.33382352941176463
7	6	9	(6, 9)	7.333333333333333	7.0	1.5275252316519465	('ydeo', 'frc')	False												ydeo	frc	59	4	0	1	40	0.32968509074943037	0.33382352941176463
0	1	22	(0, 22)	7.666666666666667	1.0	12.423096769056148	('evga', 'evgs')	True	1133.0	('evga', 'evgs')	10.0	[(0, 0.46429840523615218, 2.6341237431169972e-08), (10, 0.65132556900820193, 1.7480300139494172e-08), (20, 0.56500291488980159, 4.6803874442437539e-06), (30, 0.33113818245542676, 0.0047912351854714303), (60, 0.028780236640712376, 0.87367852962849746), (90, 0.10653083526480427, 0.69455748820896068)]	['+']	evga	evgs	evga	59.0	evgs	59.0	evga	evgs	59	4	0	1	40	0.32968509074943037	0.33382352941176463
12	11	2	(2, 12)	8.333333333333334	11.0	5.507570547286102	('ydeo', 'yfdx')	False												ydeo	yfdx	59	4	0	1	40	0.32968509074943037	0.33382352941176463
4	3	30	(3, 30)	12.333333333333334	4.0	15.307950004273378	('appy', 'appc')	True	240.0	('appy', 'appc')		[(0, 0.31324858359269131, 0.00028467680150406406), (10, 0.315754171393133, 0.013986881131115401), (20, 0.44340691724271847, 0.00055138109862452856), (30, 0.46288978819838694, 4.8118630103207881e-05), (60, 0.62077554282688574, 0.00011598547072314716), (90, 0.5792656310860862, 0.018699380697752468)]	['+']	appy	appc	appy	59.0	appc	59.0	appy	appc	59	4	0	1	40	0.32968509074943037	0.33382352941176463
20	7	12	(7, 20)	13.0	12.0	6.557438524302	('ydeo', 'yegr')	False												ydeo	yegr	59	4	0	1	40	0.32968509074943037	0.33382352941176463
28	10	3	(3, 28)	13.666666666666666	10.0	12.897028081435401	('evga', 'hdea')	False												evga	hdea	59	4	0	1	40	0.32968509074943037	0.33382352941176463
18	13	11	(11, 18)	14.0	13.0	3.605551275463989	('gadw', 'evga')	False												gadw	evga	59	4	0	1	40	0.32968509074943037	0.33382352941176463
19	12	15	(12, 19)	15.333333333333334	15.0	3.5118845842842465	('gadw', 'appy')	False												gadw	appy	59	4	0	1	40	0.32968509074943037	0.33382352941176463
27	18	4	(4, 27)	16.333333333333332	18.0	11.590225767142474	('gadw', 'emry')	False												gadw	emry	59	4	0	1	40	0.32968509074943037	0.33382352941176463
6	26	18	(6, 26)	16.666666666666668	18.0	10.066445913694333	('evga', 'hyaa')	False												evga	hyaa	59	4	0	1	40	0.32968509074943037	0.33382352941176463
22	14	26	(14, 26)	20.666666666666668	22.0	6.110100926607787	('gadw', 'yegr')	False												gadw	yegr	59	4	0	1	40	0.32968509074943037	0.33382352941176463
44	15	6	(6, 44)	21.666666666666668	15.0	19.857828011475306	('appy', 'gady')	False												appy	gady	59	4	0	1	40	0.32968509074943037	0.33382352941176463
26	9	35	(9, 35)	23.333333333333332	26.0	13.203534880225572	('appy', 'yfdx')	False												appy	yfdx	59	4	0	1	40	0.32968509074943037	0.33382352941176463
23	17	37	(17, 37)	25.666666666666668	23.0	10.263202878893768	('ydeo', 'yfde')	False												ydeo	yfde	59	4	0	1	40	0.32968509074943037	0.33382352941176463
14	24	40	(14, 40)	26.0	24.0	13.114877048604	('ydeo', 'oxc')	False												ydeo	oxc	59	4	0	1	40	0.32968509074943037	0.33382352941176463
36	33	17	(17, 36)	28.666666666666668	33.0	10.214368964029708	('gadw', 'mdte')	True	1778.0	('gadw', 'mdte')	0.0	[(0, 0.69044806126507563, 1.0088461863668296e-19), (10, 0.62415077046541434, 9.9065219851638273e-08), (20, 0.6367729905349816, 1.0111813764698003e-07), (30, 0.76267340219946766, 1.0881466345533392e-14), (60, 0.67622132224424791, 1.5637652325866595e-05), (90, 0.69830429387617721, 0.0026238289056285118)]	['+']	gadw	mdte	gadw	59.0	mdte	59.0	gadw	mdte	59	4	0	1	40	0.32968509074943037	0.33382352941176463
29	54	5	(5, 54)	29.333333333333332	29.0	24.5017006212494	('appy', 'gadw')	False												appy	gadw	59	4	0	1	40	0.32968509074943037	0.33382352941176463
10	27	52	(10, 52)	29.666666666666668	27.0	21.1266025033211	('appy', 'yiis')	False												appy	yiis	59	4	0	1	40	0.32968509074943037	0.33382352941176463
32	20	38	(20, 38)	30.0	32.0	9.16515138991168	('gadw', 'hyac')	False												gadw	hyac	59	4	0	1	40	0.32968509074943037	0.33382352941176463
48	43	0	(0, 48)	30.333333333333332	43.0	26.38812864401971	('gadw', 'frc')	False												gadw	frc	59	4	0	1	40	0.32968509074943037	0.33382352941176463
45	22	27	(22, 45)	31.333333333333332	27.0	12.096831541082704	('appy', 'hdea')	False												appy	hdea	59	4	0	1	40	0.32968509074943037	0.33382352941176463
8	8	84	(8, 84)	33.333333333333336	8.0	43.87862045841156	('gadw', 'evgs')	False												gadw	evgs	59	4	0	1	40	0.32968509074943037	0.33382352941176463
35	38	31	(31, 38)	34.666666666666664	35.0	3.511884584284246	('ydeo', 'evga')	False												ydeo	evga	59	4	0	1	40	0.32968509074943037	0.33382352941176463
41	42	32	(32, 42)	38.333333333333336	41.0	5.507570547286102	('ydeo', 'mdte')	True	2830.0	('ydeo', 'mdte')		[(0, 0.31443129118539104, 0.00026916736429994829), (10, 0.38782127615855416, 0.0022011764921493955), (20, 0.30848406757203822, 0.019561203276888272), (30, 0.48557996951000909, 1.7683263459916037e-05), (60, 0.036993487613393175, 0.83805102856536906), (90, 0.15824474193151233, 0.55831823720600982)]	['+']	ydeo	mdte	ydeo	59.0	mdte	59.0	ydeo	mdte	59	4	0	1	40	0.32968509074943037	0.33382352941176463
21	32	62	(21, 62)	38.333333333333336	32.0	21.221058723196006	('gadw', 'hyaa')	False												gadw	hyaa	59	4	0	1	40	0.32968509074943037	0.33382352941176463
5	28	83	(5, 83)	38.666666666666664	28.0	40.07908847932215	('appy', 'yegr')	False												appy	yegr	59	4	0	1	40	0.32968509074943037	0.33382352941176463
66	34	19	(19, 66)	39.666666666666664	34.0	24.00694344004112	('appy', 'evga')	False												appy	evga	59	4	0	1	40	0.32968509074943037	0.33382352941176463
67	39	20	(20, 67)	42.0	39.0	23.643180835073778	('evga', 'gadw')	False												evga	gadw	59	4	0	1	40	0.32968509074943037	0.33382352941176463
30	60	36	(30, 60)	42.0	36.0	15.874507866387544	('ydeo', 'hyae')	True	2828.0	('ydeo', 'hyae')	0.0	[(0, 0.48054499654266314, 7.1995275391523054e-09), (10, 0.46381954462718317, 0.00018959412871850814), (20, 0.4370491315276584, 0.00067575188715078853), (30, 0.34044830527655146, 0.0036717183214056044), (60, 0.087779995910961695, 0.62714172192687556), (90, -0.29311293563100377, 0.27056199363920369)]	['+']	ydeo	hyae	ydeo	59.0	hyae	59.0	ydeo	hyae	59	4	0	1	40	0.32968509074943037	0.33382352941176463
74	29	25	(25, 74)	42.666666666666664	29.0	27.209067116190024	('ydeo', 'appa')	True	2821.0	('ydeo', 'appa')	0.0	[(0, 0.42925970709241407, 3.4691960739013092e-07), (10, 0.43471091045362448, 0.00051905754282804788), (20, 0.48094736999013232, 0.00015253212581551012), (30, 0.5364508592384889, 1.420949830127569e-06), (60, -0.0213659848775241, 0.90605265189224671), (90, -0.084519884114461388, 0.75563914034973867)]	['+']	ydeo	appa	ydeo	59.0	appa	59.0	ydeo	appa	59	4	0	1	40	0.32968509074943037	0.33382352941176463
33	25	71	(25, 71)	43.0	33.0	24.576411454889016	('ydeo', 'appy')	False												ydeo	appy	59	4	0	1	40	0.32968509074943037	0.33382352941176463
24	62	44	(24, 62)	43.333333333333336	44.0	19.008769905844336	('ydeo', 'slp')	True	2832.0	('ydeo', 'slp')		[(0, 0.24635767003008302, 0.0047212142675677349), (10, 0.41972546926433879, 0.00084261419709565327), (20, 0.29423309886936411, 0.026308466705622223), (30, 0.46010918935480954, 5.4138920378700915e-05), (60, 0.046831746544183157, 0.79579224531917692), (90, 0.093757590733017093, 0.7298156475273696)]	['+']	ydeo	slp	ydeo	59.0	slp	59.0	ydeo	slp	59	4	0	1	40	0.32968509074943037	0.33382352941176463
11	19	103	(11, 103)	44.333333333333336	19.0	50.96403960964371	('ydeo', 'evgs')	False												ydeo	evgs	59	4	0	1	40	0.32968509074943037	0.33382352941176463
75	35	24	(24, 75)	44.666666666666664	35.0	26.839026311200886	('ydeo', 'yiis')	True	2833.0	('ydeo', 'yiis')		[(0, 0.23577829975005085, 0.0069234185814184019), (10, 0.24169751066874429, 0.062816787658353121), (20, 0.22128702065890843, 0.098077560821156803), (30, 0.15540938383562328, 0.19561775401298878), (60, 0.063877842158943973, 0.72396678898855238), (90, 0.098898942568243567, 0.71555841258206221)]	['+']	ydeo	yiis	ydeo	59.0	yiis	59.0	ydeo	yiis	59	4	0	1	40	0.32968509074943037	0.33382352941176463
96	16	23	(16, 96)	45.0	23.0	44.30575583375144	('gadw', 'yiis')	False												gadw	yiis	59	4	0	1	40	0.32968509074943037	0.33382352941176463
60	36	41	(36, 60)	45.666666666666664	41.0	12.662279942148386	('gadw', 'hyab')	False												gadw	hyab	59	4	0	1	40	0.32968509074943037	0.33382352941176463
13	31	105	(13, 105)	49.666666666666664	31.0	48.75790534193745	('gadw', 'appc')	False												gadw	appc	59	4	0	1	40	0.32968509074943037	0.33382352941176463
77	46	29	(29, 77)	50.666666666666664	46.0	24.337899115029078	('appy', 'emry')	False												appy	emry	59	4	0	1	40	0.32968509074943037	0.33382352941176463
71	40	42	(40, 71)	51.0	42.0	17.349351572897472	('ydeo', 'gadw')	True	201.0	('ydeo', 'gadw')	0.0	[(0, 0.43016326469960653, 3.2576887318042651e-07), (10, 0.60216582367337113, 3.5857942347034294e-07), (20, 0.56897978054268639, 3.873839701278053e-06), (30, 0.492924137570039, 1.25927513977642e-05), (60, -0.1201372825734555, 0.5054468674928092), (90, 0.29988880070139973, 0.25912167828259275)]	['+']	ydeo	gadw	ydeo	59.0	gadw	59.0	ydeo	gadw	59	4	0	1	40	0.32968509074943037	0.33382352941176463
25	41	89	(25, 89)	51.666666666666664	41.0	33.30665599145813	('ydeo', 'hyac')	True	2826.0	('ydeo', 'hyac')		[(0, 0.24821511642864008, 0.0044070061914967167), (10, 0.29450464893779849, 0.022362710067824563), (20, 0.23078090201654963, 0.084139672913523686), (30, 0.26682028053899159, 0.024492900793223266), (60, -0.11774380860235867, 0.51402560287529087), (90, -0.048695240825544564, 0.85787034001532125)]	['+']	ydeo	hyac	ydeo	59.0	hyac	59.0	ydeo	hyac	59	4	0	1	40	0.32968509074943037	0.33382352941176463
46	45	66	(45, 66)	52.333333333333336	46.0	11.846237095944574	('appy', 'ydeo')	False												appy	ydeo	59	4	0	1	40	0.32968509074943037	0.33382352941176463
40	30	88	(30, 88)	52.666666666666664	40.0	31.00537587795596	('ydeo', 'hdea')	False												ydeo	hdea	59	4	0	1	40	0.32968509074943037	0.33382352941176463
49	63	47	(47, 63)	53.0	49.0	8.717797887081348	('ydeo', 'gady')	False												ydeo	gady	59	4	0	1	40	0.32968509074943037	0.33382352941176463
34	55	76	(34, 76)	55.0	55.0	21.0	('ydeo', 'emry')	False												ydeo	emry	59	4	0	1	40	0.32968509074943037	0.33382352941176463
92	23	50	(23, 92)	55.0	50.0	34.77067730142742	('appy', 'evgs')	False												appy	evgs	59	4	0	1	40	0.32968509074943037	0.33382352941176463
94	65	7	(7, 94)	55.333333333333336	65.0	44.298231717906454	('evga', 'hyad')	False												evga	hyad	59	4	0	1	40	0.32968509074943037	0.33382352941176463
16	66	86	(16, 86)	56.0	66.0	36.05551275463989	('evga', 'appa')	False												evga	appa	59	4	0	1	40	0.32968509074943037	0.33382352941176463
55	57	56	(55, 57)	56.0	56.0	1.0	('gadw', 'ydeo')	False												gadw	ydeo	59	4	0	1	40	0.32968509074943037	0.33382352941176463
56	49	68	(49, 68)	57.666666666666664	56.0	9.60902353693305	('gadw', 'emrk')	False												gadw	emrk	59	4	0	1	40	0.32968509074943037	0.33382352941176463
42	47	85	(42, 85)	58.0	47.0	23.515952032609693	('ydeo', 'emrk')	False												ydeo	emrk	59	4	0	1	40	0.32968509074943037	0.33382352941176463
82	59	34	(34, 82)	58.333333333333336	59.0	24.006943440041116	('appy', 'slp')	False												appy	slp	59	4	0	1	40	0.32968509074943037	0.33382352941176463
97	37	45	(37, 97)	59.666666666666664	45.0	32.57811126098831	('evga', 'yiis')	False												evga	yiis	59	4	0	1	40	0.32968509074943037	0.33382352941176463
39	64	77	(39, 77)	60.0	64.0	19.313207915827967	('ydeo', 'hyab')	True	2825.0	('ydeo', 'hyab')	0.0	[(0, 0.37939119871407745, 8.5256947103565077e-06), (10, 0.33719993482508026, 0.0084225375692517021), (20, 0.37731591001453335, 0.0038116991623442262), (30, 0.34490194467543639, 0.0032236199234328502), (60, 0.025055356110114387, 0.88992129204527637), (90, -0.25439735470809616, 0.34169782705598101)]	['+']	ydeo	hyab	ydeo	59.0	hyab	59.0	ydeo	hyab	59	4	0	1	40	0.32968509074943037	0.33382352941176463
58	74	49	(49, 74)	60.333333333333336	58.0	12.662279942148386	('gadw', 'yfdx')	False												gadw	yfdx	59	4	0	1	40	0.32968509074943037	0.33382352941176463
43	52	90	(43, 90)	61.666666666666664	52.0	24.94660965609021	('appy', 'mdtf')	False												appy	mdtf	59	4	0	1	40	0.32968509074943037	0.33382352941176463
37	61	87	(37, 87)	61.666666666666664	61.0	25.006665778014735	('appy', 'hyac')	True	243.0	('appy', 'hyac')	60.0	[(0, 0.0064004008710199789, 0.94238567029629983), (10, -0.11571146723901971, 0.37863991051894674), (20, -0.12352617960472306, 0.3599536200295681), (30, -0.048031013158953105, 0.69080525934001868), (60, 0.72802735626173654, 1.5731572965681828e-06), (90, 0.37737733051087646, 0.14958777459745531)]	['+']	appy	hyac	appy	59.0	hyac	59.0	appy	hyac	59	4	0	1	40	0.32968509074943037	0.33382352941176463
15	99	74	(15, 99)	62.666666666666664	74.0	43.131581623368895	('gadw', 'yfde')	False												gadw	yfde	59	4	0	1	40	0.32968509074943037	0.33382352941176463
91	70	28	(28, 91)	63.0	70.0	32.07802986469088	('evga', 'hyac')	False												evga	hyac	59	4	0	1	40	0.32968509074943037	0.33382352941176463
98	90	1	(1, 98)	63.0	90.0	53.842362503887216	('evga', 'emrk')	True	1131.0	('evga', 'emrk')		[(0, -0.061752695383328386, 0.4852051132188393), (10, -0.0061735170350014608, 0.96266119813970485), (20, 0.048423557753999161, 0.72056760583500212), (30, -0.03016027911048573, 0.80283411864414456), (60, -0.34073726795718273, 0.052328014123316322), (90, -0.16514328317109978, 0.54106101894156389)]	['+']	evga	emrk	evga	59.0	emrk	59.0	evga	emrk	59	4	0	1	40	0.32968509074943037	0.33382352941176463
69	67	53	(53, 69)	63.0	67.0	8.717797887081348	('evga', 'appb')	False												evga	appb	59	4	0	1	40	0.32968509074943037	0.33382352941176463
59	53	78	(53, 78)	63.333333333333336	59.0	13.051181300301263	('appy', 'oxc')	False												appy	oxc	59	4	0	1	40	0.32968509074943037	0.33382352941176463
81	48	61	(48, 81)	63.333333333333336	61.0	16.623276853055575	('appy', 'hyaa')	True	241.0	('appy', 'hyaa')	60.0	[(0, 0.18181282658857303, 0.038428801872259159), (10, -0.014057176557582041, 0.91510543976282721), (20, -0.10561705681290015, 0.43426392810041714), (30, 0.11939203320325802, 0.32133839756569993), (60, 0.76765837795594705, 1.8555587845809827e-07), (90, 0.27930016168090721, 0.29481865748118113)]	['+']	appy	hyaa	appy	59.0	hyaa	59.0	appy	hyaa	59	4	0	1	40	0.32968509074943037	0.33382352941176463
38	88	65	(38, 88)	63.666666666666664	65.0	25.026652459594615	('ydeo', 'yfdv')	False												ydeo	yfdv	59	4	0	1	40	0.32968509074943037	0.33382352941176463
72	69	51	(51, 72)	64.0	69.0	11.357816691600547	('evga', 'slp')	False												evga	slp	59	4	0	1	40	0.32968509074943037	0.33382352941176463
85	68	39	(39, 85)	64.0	68.0	23.259406699226016	('appy', 'appa')	True	238.0	('appy', 'appa')	0.0	[(0, 0.42800229194309714, 3.7854305360215504e-07), (10, 0.42855782878860632, 0.00063501223796989673), (20, 0.37990803482145447, 0.0035586583361710781), (30, 0.34009313529449792, 0.0037097312535511241), (60, 0.65329688291312182, 3.7600183397603743e-05), (90, 0.43980609077071803, 0.088255180637790767)]	['+']	appy	appa	appy	59.0	appa	59.0	appy	appa	59	4	0	1	40	0.32968509074943037	0.33382352941176463
50	71	73	(50, 73)	64.66666666666667	71.0	12.741009902410928	('gadw', 'oxc')	False												gadw	oxc	59	4	0	1	40	0.32968509074943037	0.33382352941176463
17	79	99	(17, 99)	65.0	79.0	42.7551166528639	('appy', 'hyad')	True	244.0	('appy', 'hyad')	60.0	[(0, 0.026927602138092518, 0.76104273127526934), (10, -0.095478394432803912, 0.46803796177595702), (20, -0.11914199046029228, 0.377385352978865), (30, -0.042498945635427783, 0.72490934172092336), (60, 0.74010055758865401, 8.5419883757540666e-07), (90, 0.43096710033742747, 0.09560042910425337)]	['+']	appy	hyad	appy	59.0	hyad	59.0	appy	hyad	59	4	0	1	40	0.32968509074943037	0.33382352941176463
76	21	100	(21, 100)	65.66666666666667	76.0	40.5010287935175	('gadw', 'appa')	False												gadw	appa	59	4	0	1	40	0.32968509074943037	0.33382352941176463
84	56	60	(56, 84)	66.66666666666667	60.0	15.143755588800731	('evga', 'yfde')	True	1140.0	('evga', 'yfde')		[(0, -0.2566003809539944, 0.0032093022298058352), (10, -0.32155149326426413, 0.012236337473313857), (20, -0.17613293564909921, 0.18999737237301337), (30, -0.21955259691676043, 0.065817870807959963), (60, -0.34424165215233793, 0.049798442382840744), (90, 0.041944708029734101, 0.87742391751096283)]	['+']	evga	yfde	evga	59.0	yfde	59.0	evga	yfde	59	4	0	1	40	0.32968509074943037	0.33382352941176463
31	92	80	(31, 92)	67.66666666666667	80.0	32.31614663497697	('gadw', 'appb')	False												gadw	appb	59	4	0	1	40	0.32968509074943037	0.33382352941176463
73	77	54	(54, 77)	68.0	73.0	12.288205727444508	('appy', 'emrk')	False												appy	emrk	59	4	0	1	40	0.32968509074943037	0.33382352941176463
93	72	43	(43, 93)	69.33333333333333	72.0	25.106440076867393	('evga', 'appy')	False												evga	appy	59	4	0	1	40	0.32968509074943037	0.33382352941176463
54	81	75	(54, 81)	70.0	75.0	14.177446878757825	('ydeo', 'hyaf')	True	2829.0	('ydeo', 'hyaf')	0.0	[(0, 0.47445929393910424, 1.1796704131221583e-08), (10, 0.33479981880926846, 0.0089299268077766003), (20, 0.3201670357779014, 0.015184759906633838), (30, 0.43058274493238258, 0.00017813408491964498), (60, 0.20749239366897135, 0.24659609867704887), (90, -0.2544662153409159, 0.34156267178347149)]	['+']	ydeo	hyaf	ydeo	59.0	hyaf	59.0	ydeo	hyaf	59	4	0	1	40	0.32968509074943037	0.33382352941176463
79	50	81	(50, 81)	70.0	79.0	17.349351572897472	('ydeo', 'appc')	True	2823.0	('ydeo', 'appc')	30.0	[(0, 0.17780212742351309, 0.042987426847468896), (10, 0.15884698993871957, 0.22541481342747324), (20, 0.37499726385127252, 0.0040513769294297508), (30, 0.51312006602328375, 4.7499142169279372e-06), (60, 0.12053260579441248, 0.50403687389690544), (90, 0.006707879983738816, 0.98033012602549674)]	['+']	ydeo	appc	ydeo	59.0	appc	59.0	ydeo	appc	59	4	0	1	40	0.32968509074943037	0.33382352941176463
95	94	21	(21, 95)	70.0	94.0	42.43819034784589	('evga', 'ydeo')	True	73.0	('evga', 'ydeo')		[(0, -0.13784979975236694, 0.1178114655211871), (10, -0.16472879104023652, 0.20848038635716259), (20, -0.12987009969533403, 0.33561726288824767), (30, -0.09477882853979383, 0.4317402008300858), (60, -0.25709279393974194, 0.14864146249899549), (90, 0.037782489430606796, 0.88951408781693753)]	['+']	evga	ydeo	evga	59.0	ydeo	59.0	evga	ydeo	59	4	0	1	40	0.32968509074943037	0.33382352941176463
52	104	55	(52, 104)	70.33333333333333	55.0	29.19474838619667	('gadw', 'yfdv')	False												gadw	yfdv	59	4	0	1	40	0.32968509074943037	0.33382352941176463
86	80	46	(46, 86)	70.66666666666667	80.0	21.571586249817916	('evga', 'gady')	False												evga	gady	59	4	0	1	40	0.32968509074943037	0.33382352941176463
88	76	48	(48, 88)	70.66666666666667	76.0	20.526405757787536	('evga', 'appc')	False												evga	appc	59	4	0	1	40	0.32968509074943037	0.33382352941176463
63	58	95	(58, 95)	72.0	63.0	20.074859899884732	('gadw', 'hyaf')	False												gadw	hyaf	59	4	0	1	40	0.32968509074943037	0.33382352941176463
65	85	67	(65, 85)	72.33333333333333	67.0	11.015141094572204	('appy', 'mdte')	False												appy	mdte	59	4	0	1	40	0.32968509074943037	0.33382352941176463
78	51	91	(51, 91)	73.33333333333333	78.0	20.404247923737184	('gadw', 'hyad')	False												gadw	hyad	59	4	0	1	40	0.32968509074943037	0.33382352941176463
102	102	16	(16, 102)	73.33333333333333	102.0	49.652123150307816	('evga', 'mdte')	True	1135.0	('evga', 'mdte')		[(0, -0.18419422425510557, 0.035919431334568104), (10, -0.26058052455751235, 0.044338678320648361), (20, -0.14011478781221487, 0.29855074409777205), (30, -0.1268975269544842, 0.29163184764559508), (60, 0.28828697554541421, 0.10374125959146584), (90, 0.72076061959500837, 0.0016319594194984448)]	['+']	evga	mdte	evga	59.0	mdte	59.0	evga	mdte	59	4	0	1	40	0.32968509074943037	0.33382352941176463
57	107	59	(57, 107)	74.33333333333333	59.0	28.307831660749525	('appy', 'hyaf')	True	246.0	('appy', 'hyaf')		[(0, 0.10927657094661072, 0.21585660463006004), (10, 0.012673923411364182, 0.92343284047014085), (20, -0.0046422722567790124, 0.97266019656918601), (30, 0.079245206276649049, 0.51123621956151744), (60, 0.52755708711542082, 0.0016050887494463064), (90, 0.3303099557911478, 0.2114817989270811)]	['+']	appy	hyaf	appy	59.0	hyaf	59.0	appy	hyaf	59	4	0	1	40	0.32968509074943037	0.33382352941176463
53	82	93	(53, 93)	76.0	82.0	20.663978319771825	('gadw', 'hyae')	False												gadw	hyae	59	4	0	1	40	0.32968509074943037	0.33382352941176463
47	87	94	(47, 94)	76.0	87.0	25.357444666211933	('ydeo', 'hyaa')	True	2824.0	('ydeo', 'hyaa')		[(0, 0.2305195334532289, 0.0083254652943655968), (10, 0.26093766764469828, 0.044037841052634773), (20, 0.30592031894820249, 0.020653168049864373), (30, 0.3394767932428171, 0.0037765277869458063), (60, -0.054846220161107948, 0.76177761879660588), (90, -0.20697913179349278, 0.44180780263292274)]	['+']	ydeo	hyaa	ydeo	59.0	hyaa	59.0	ydeo	hyaa	59	4	0	1	40	0.32968509074943037	0.33382352941176463
64	75	92	(64, 92)	77.0	75.0	14.106735979665885	('ydeo', 'appb')	True	2822.0	('ydeo', 'appb')	30.0	[(0, 0.33431976722748497, 0.00010128818250088862), (10, 0.42404416017858659, 0.00073447420840767918), (20, 0.43561329833640561, 0.00070713245203631611), (30, 0.61294901746866681, 1.3328721035943383e-08), (60, 0.057209377408331111, 0.75182791551066352), (90, -0.043678975179756004, 0.87239365836621741)]	['+']	ydeo	appb	ydeo	59.0	appb	59.0	ydeo	appb	59	4	0	1	40	0.32968509074943037	0.33382352941176463
68	84	82	(68, 84)	78.0	82.0	8.717797887081348	('ydeo', 'mdtf')	True	2831.0	('ydeo', 'mdtf')		[(0, 0.25603701914743621, 0.0032794722145948331), (10, 0.32790552523242006, 0.010537995112235472), (20, 0.19885684066379294, 0.1380931223521247), (30, 0.41555594091415632, 0.00031357482604193592), (60, 0.092815881046694956, 0.60743438784939596), (90, 0.13815571320848649, 0.60987382328241968)]	['+']	ydeo	mdtf	ydeo	59.0	mdtf	59.0	ydeo	mdtf	59	4	0	1	40	0.32968509074943037	0.33382352941176463
80	86	70	(70, 86)	78.66666666666667	80.0	8.082903768654761	('appy', 'yfdv')	False												appy	yfdv	59	4	0	1	40	0.32968509074943037	0.33382352941176463
62	97	79	(62, 97)	79.33333333333333	79.0	17.502380790433435	('appy', 'appb')	True	239.0	('appy', 'appb')		[(0, 0.11015712771603894, 0.21215750391700666), (10, 0.010779427407886588, 0.93485110091458157), (20, -0.018197718902315228, 0.89312026843893044), (30, 0.039601240319210092, 0.7429935354364896), (60, 0.62801309747049561, 9.1263379563361153e-05), (90, 0.5568250962008976, 0.025062590896191908)]	['+']	appy	appb	appy	59.0	appb	59.0	appy	appb	59	4	0	1	40	0.32968509074943037	0.33382352941176463
100	105	33	(33, 105)	79.33333333333333	100.0	40.20364825899925	('evga', 'hyae')	False												evga	hyae	59	4	0	1	40	0.32968509074943037	0.33382352941176463
90	44	106	(44, 106)	80.0	90.0	32.18695387886216	('evga', 'mdtf')	True	1136.0	('evga', 'mdtf')		[(0, -0.18630869041977774, 0.033808465461236094), (10, -0.25104781198419396, 0.053013535621978351), (20, -0.24607936336406994, 0.065010695613829925), (30, -0.30357144165825151, 0.010065296671723872), (60, 0.24226846865891949, 0.17433637586634357), (90, 0.66374069198071106, 0.0050535733534632209)]	['+']	evga	mdtf	evga	59.0	mdtf	59.0	evga	mdtf	59	4	0	1	40	0.32968509074943037	0.33382352941176463
99	83	64	(64, 99)	82.0	83.0	17.52141546793523	('evga', 'yfdv')	True	1141.0	('evga', 'yfdv')		[(0, -0.19616212074283002, 0.025301441595838286), (10, 0.012404503785558523, 0.92505576834314762), (20, 0.085993273085881741, 0.52475604007890153), (30, -0.098222162368174978, 0.41511963617693615), (60, -0.46279356018498674, 0.006688910567710182), (90, -0.15508554378385803, 0.56629959487889714)]	['+']	evga	yfdv	evga	59.0	yfdv	59.0	evga	yfdv	59	4	0	1	40	0.32968509074943037	0.33382352941176463
61	93	97	(61, 97)	83.66666666666667	93.0	19.731531449264992	('appy', 'hyab')	True	242.0	('appy', 'hyab')	60.0	[(0, 0.10407081316760371, 0.23866418412914756), (10, 0.019460856436766764, 0.88266947693047038), (20, 0.015363698036898871, 0.90968947273244605), (30, 0.1252120708134063, 0.29814023869177853), (60, 0.7035355168267885, 4.9478852497295349e-06), (90, 0.37482665607307208, 0.15258346413859611)]	['+']	appy	hyab	appy	59.0	hyab	59.0	appy	hyab	59	4	0	1	40	0.32968509074943037	0.33382352941176463
83	73	96	(73, 96)	84.0	83.0	11.532562594670797	('ydeo', 'hyad')	True	2827.0	('ydeo', 'hyad')		[(0, 0.32582365401236441, 0.0001550458653144921), (10, 0.34755702223347262, 0.0065100130021320439), (20, 0.23672972219692984, 0.076233691575406354), (30, 0.2956693722724516, 0.012301477726281059), (60, -0.07395463756832471, 0.68252722916557451), (90, -0.21452498575003479, 0.42495900594869807)]	['+']	ydeo	hyad	ydeo	59.0	hyad	59.0	ydeo	hyad	59	4	0	1	40	0.32968509074943037	0.33382352941176463
51	101	101	(51, 101)	84.33333333333333	101.0	28.867513459481287	('appy', 'hyae')	True	245.0	('appy', 'hyae')	60.0	[(0, 0.13815392559954703, 0.11699552899478943), (10, 0.022914641808214807, 0.86203442690814547), (20, 0.047569762164547003, 0.72529865606335064), (30, 0.088094351746151656, 0.46505863255722379), (60, 0.68335417514058783, 1.1715518889337724e-05), (90, 0.37830196998329751, 0.14851172076268293)]	['+']	appy	hyae	appy	59.0	hyae	59.0	appy	hyae	59	4	0	1	40	0.32968509074943037	0.33382352941176463
104	78	72	(72, 104)	84.66666666666667	78.0	17.009801096230767	('evga', 'yegr')	True	1139.0	('evga', 'yegr')		[(0, 0.011112919322651156, 0.90013810660689086), (10, -0.090857368231139879, 0.48994049302435605), (20, -0.046332451250814526, 0.73217293106686543), (30, 0.057254466652151045, 0.63531390513186969), (60, -0.061365560196250092, 0.7344246147043666), (90, 0.15607018926572488, 0.56380679138362355)]	['+']	evga	yegr	evga	59.0	yegr	59.0	evga	yegr	59	4	0	1	40	0.32968509074943037	0.33382352941176463
105	98	58	(58, 105)	87.0	98.0	25.357444666211933	('evga', 'hyab')	False												evga	hyab	59	4	0	1	40	0.32968509074943037	0.33382352941176463
101	91	69	(69, 101)	87.0	91.0	16.3707055437449	('evga', 'oxc')	True	1137.0	('evga', 'oxc')		[(0, -0.16613329558034493, 0.058882984363410731), (10, -0.13711566170545667, 0.29616384749303032), (20, -0.051365946266863652, 0.70434377274943327), (30, -0.091110473978290932, 0.44985468127425066), (60, -0.3350052300845297, 0.056684633002895966), (90, -0.10386012272719117, 0.70188378901630877)]	['+']	evga	oxc	evga	59.0	oxc	59.0	evga	oxc	59	4	0	1	40	0.32968509074943037	0.33382352941176463
103	103	57	(57, 103)	87.66666666666667	103.0	26.558112382722786	('evga', 'emry')	True	1132.0	('evga', 'emry')		[(0, 0.047517841967922726, 0.59136605761844008), (10, 0.14626119644721808, 0.26480267079429742), (20, 0.21870114769640422, 0.10216865370079344), (30, 0.072843711122651617, 0.54604306630386257), (60, -0.2862378011927515, 0.10633158583887467), (90, -0.37838871848079075, 0.14841103669720285)]	['+']	evga	emry	evga	59.0	emry	59.0	evga	emry	59	4	0	1	40	0.32968509074943037	0.33382352941176463
107	96	63	(63, 107)	88.66666666666667	96.0	22.898325994127458	('evga', 'frc')	True	1134.0	('evga', 'frc')		[(0, -0.050636372062251279, 0.56723079091644313), (10, -0.23863126157852194, 0.066332247607363545), (20, -0.093714964392965353, 0.48806756331290746), (30, -0.074898541096911464, 0.53474630456371153), (60, -0.12333737509204284, 0.49409010382807395), (90, -0.016739339305457093, 0.95093742490119149)]	['+']	evga	frc	evga	59.0	frc	59.0	evga	frc	59	4	0	1	40	0.32968509074943037	0.33382352941176463
70	95	107	(70, 107)	90.66666666666667	95.0	18.876793513023692	('gadw', 'mdtf')	True	1779.0	('gadw', 'mdtf')	0.0	[(0, 0.58580710569180394, 2.4578001404416066e-13), (10, 0.4683440107930702, 0.00016079082048237259), (20, 0.47287782616951096, 0.0002036118292279371), (30, 0.56305110798075175, 3.1989017275645477e-07), (60, 0.65657834186567821, 3.3312467584297896e-05), (90, 0.6549067924818347, 0.0058993317078124352)]	['+']	gadw	mdtf	gadw	59.0	mdtf	59.0	gadw	mdtf	59	4	0	1	40	0.32968509074943037	0.33382352941176463
87	89	104	(87, 104)	93.33333333333333	89.0	9.29157324317757	('appy', 'yfde')	False												appy	yfde	59	4	0	1	40	0.32968509074943037	0.33382352941176463
89	100	102	(89, 102)	97.0	100.0	7.0	('evga', 'yfdx')	True	1142.0	('evga', 'yfdx')		[(0, -0.11543913511224757, 0.1909162090060712), (10, -0.32249757385133998, 0.011969397603732897), (20, -0.21042784907942769, 0.11614845790173527), (30, -0.054085137693675546, 0.65417599939905346), (60, -0.072430309722781985, 0.68874121764342244), (90, 0.18102913124867406, 0.50224886693384196)]	['+']	evga	yfdx	evga	59.0	yfdx	59.0	evga	yfdx	59	4	0	1	40	0.32968509074943037	0.33382352941176463
106	106	98	(98, 106)	103.33333333333333	106.0	4.618802153517006	('evga', 'hyaf')	False												evga	hyaf	59	4	0	1	40	0.32968509074943037	0.33382352941176463
0	0	11	(0, 11)	3.6666666666666665	0.0	6.3508529610858835	('kdgr', 'gntk')	False												kdgr	gntk	62	4	0	1	19	0.4225959252163651	0.35294117647058826
2	7	2	(2, 7)	3.6666666666666665	2.0	2.886751345948129	('kdgr', 'idnr')	False												kdgr	idnr	62	4	0	1	19	0.4225959252163651	0.35294117647058826
7	5	1	(1, 7)	4.333333333333333	5.0	3.055050463303893	('kdgr', 'eda')	True	1911.0	('kdgr', 'eda')		[(0, 0.34938051689491273, 4.6166014996399425e-05), (10, 0.19422699921987169, 0.13700709393835409), (20, 0.076771499244633334, 0.5702999506246389), (30, 0.10044136224971489, 0.40460675361311493), (60, -0.18460377586744542, 0.30373772575689117), (90, -0.31157878898426566, 0.24009537171355003)]	['-']	kdgr	eda	kdgr	62.0	eda	62.0	kdgr	eda	62	4	0	1	19	0.4225959252163651	0.35294117647058826
4	2	7	(2, 7)	4.333333333333333	4.0	2.516611478423583	('kdgr', 'gntx')	False												kdgr	gntx	62	4	0	1	19	0.4225959252163651	0.35294117647058826
3	8	3	(3, 8)	4.666666666666667	3.0	2.8867513459481287	('idnr', 'idnt')	True	1882.0	('idnr', 'idnt')	0.0	[(0, 0.37462251519601492, 1.1277996030004121e-05), (10, 0.047014383977413636, 0.7213100552909304), (20, 0.063931149743672061, 0.63659844328476733), (30, 0.21282381690362406, 0.074760697922536215), (60, 0.51730220275201655, 0.0020503085348958306), (90, 0.51963703858176891, 0.039111262844066887)]	['+']	idnr	idnt	idnr	62.0	idnt	62.0	idnr	idnt	62	4	0	1	19	0.4225959252163651	0.35294117647058826
8	6	4	(4, 8)	6.0	6.0	2.0	('idnr', 'eda')	False												idnr	eda	62	4	0	1	19	0.4225959252163651	0.35294117647058826
6	10	6	(6, 10)	7.333333333333333	6.0	2.309401076758503	('kdgr', 'idnt')	False												kdgr	idnt	62	4	0	1	19	0.4225959252163651	0.35294117647058826
1	19	8	(1, 19)	9.333333333333334	8.0	9.073771725877467	('idnr', 'kdgr')	False												idnr	kdgr	62	4	0	1	19	0.4225959252163651	0.35294117647058826
5	12	16	(5, 16)	11.0	12.0	5.5677643628300215	('idnr', 'gntk')	True	1877.0	('idnr', 'gntk')		[(0, 0.17705042867208795, 0.043890210503357036), (10, 0.065337615109545791, 0.61990348947783003), (20, -0.038842137223093876, 0.77421715634872079), (30, -0.0011799730251483478, 0.99220786517985282), (60, 0.11081764897072566, 0.53924940730123416), (90, 0.02009834836175305, 0.94110682680074564)]	['-']	idnr	gntk	idnr	62.0	gntk	62.0	idnr	gntk	62	4	0	1	19	0.4225959252163651	0.35294117647058826
9	11	15	(9, 15)	11.666666666666666	11.0	3.055050463303893	('idnr', 'gntt')	False												idnr	gntt	62	4	0	1	19	0.4225959252163651	0.35294117647058826
13	9	13	(9, 13)	11.666666666666666	13.0	2.3094010767585034	('gntr', 'gntu')	True	1842.0	('gntr', 'gntu')	10.0	[(0, 0.21899803841588344, 0.012303731791487549), (10, 0.58528134360362138, 9.0359174576179659e-07), (20, 0.47677259186692833, 0.00017727484643620276), (30, 0.18849139600678935, 0.11543842402598699), (60, -0.24184826096911616, 0.17510792012493739), (90, -0.70512550608441671, 0.0022815341407513767)]	['-']	gntr	gntu	gntr	62.0	gntu	62.0	gntr	gntu	62	4	0	1	19	0.4225959252163651	0.35294117647058826
24	14	5	(5, 24)	14.333333333333334	14.0	9.50438495292217	('kdgr', 'gntu')	False												kdgr	gntu	62	4	0	1	19	0.4225959252163651	0.35294117647058826
30	15	0	(0, 30)	15.0	15.0	15.0	('gntr', 'idno')	True	1846.0	('gntr', 'idno')	10.0	[(0, 0.27399302796216624, 0.001608165299715786), (10, 0.64906067720610117, 2.0333577227917726e-08), (20, 0.4725719028123842, 0.00020582478540108218), (30, 0.25529499959771712, 0.031657058105496801), (60, 0.28945490079760489, 0.10228638929481733), (90, 0.054875408970366239, 0.84003627889275589)]	['-']	gntr	idno	gntr	62.0	idno	62.0	gntr	idno	62	4	0	1	19	0.4225959252163651	0.35294117647058826
10	23	14	(10, 23)	15.666666666666666	14.0	6.6583281184793925	('gntr', 'gntx')	True	1843.0	('gntr', 'gntx')		[(0, 0.19763889287663999, 0.024199503032910744), (10, 0.1353704277220317, 0.30241261243198464), (20, 0.098884719406821933, 0.46427850784459801), (30, -0.17406312338127325, 0.14656933669391753), (60, -0.1467830239771199, 0.41500326031935464), (90, 0.012860337072234935, 0.96229802642433437)]	['-']	gntr	gntx	gntr	62.0	gntx	62.0	gntr	gntx	62	4	0	1	19	0.4225959252163651	0.35294117647058826
20	22	9	(9, 22)	17.0	20.0	7.0	('kdgr', 'idnd')	False												kdgr	idnd	62	4	0	1	19	0.4225959252163651	0.35294117647058826
15	3	34	(3, 34)	17.333333333333332	15.0	15.631165450257805	('kdgr', 'edd')	True	1912.0	('kdgr', 'edd')		[(0, -0.16406026868423637, 0.06215796970135283), (10, -0.32461022102083037, 0.01139139306085849), (20, -0.36025506598931623, 0.0059105977942470684), (30, -0.44795240605704195, 8.9582146538630172e-05), (60, -0.4915718851697114, 0.0036692635884813477), (90, -0.59498316723548172, 0.015047054361315051)]	['-']	kdgr	edd	kdgr	62.0	edd	62.0	kdgr	edd	62	4	0	1	19	0.4225959252163651	0.35294117647058826
12	17	26	(12, 26)	18.333333333333332	17.0	7.094598884597588	('kdgr', 'gntt')	False												kdgr	gntt	62	4	0	1	19	0.4225959252163651	0.35294117647058826
19	1	35	(1, 35)	18.333333333333332	19.0	17.009801096230767	('idnr', 'gntx')	False												idnr	gntx	62	4	0	1	19	0.4225959252163651	0.35294117647058826
27	20	10	(10, 27)	19.0	20.0	8.54400374531753	('gntr', 'gntk')	True	1840.0	('gntr', 'gntk')	0.0	[(0, 0.44072466581726155, 1.5404081546438051e-07), (10, 0.49469100365462243, 5.8761158548401074e-05), (20, 0.32609619200809387, 0.013304710194753922), (30, -0.097641765167647776, 0.41789493346621254), (60, -0.16315880529460733, 0.36428177141809326), (90, -0.1503665908228721, 0.57831108839224499)]	['-']	gntr	gntk	gntr	62.0	gntk	62.0	gntr	gntk	62	4	0	1	19	0.4225959252163651	0.35294117647058826
16	30	12	(12, 30)	19.333333333333332	16.0	9.451631252505216	('idnr', 'idno')	True	1881.0	('idnr', 'idno')		[(0, 0.038198983862164339, 0.66611467630536936), (10, 0.13504000186789147, 0.30360523911697901), (20, 0.27461692106158453, 0.038705091709217473), (30, 0.27004774640676027, 0.022752399912497036), (60, -0.17862029210846223, 0.31995085146713925), (90, -0.1573750016134336, 0.56051068479868427)]	['+']	idnr	idno	idnr	62.0	idno	62.0	idnr	idno	62	4	0	1	19	0.4225959252163651	0.35294117647058826
21	13	24	(13, 24)	19.333333333333332	21.0	5.686240703077327	('kdgr', 'gntr')	False												kdgr	gntr	62	4	0	1	19	0.4225959252163651	0.35294117647058826
22	4	32	(4, 32)	19.333333333333332	22.0	14.189197769195175	('idnr', 'gntr')	False												idnr	gntr	62	4	0	1	19	0.4225959252163651	0.35294117647058826
26	16	17	(16, 26)	19.666666666666668	17.0	5.507570547286102	('gntr', 'idnr')	True	130.0	('gntr', 'idnr')		[(0, -0.1776581307888796, 0.043159154239799012), (10, -0.059015078387530659, 0.65422291715503789), (20, -0.14698667832075366, 0.27523820171446473), (30, -0.10664887381578123, 0.37603969786382629), (60, -0.20777859174148774, 0.24593041386512382), (90, -0.2527593501139157, 0.34492174928651209)]	['-']	gntr	idnr	gntr	62.0	idnr	62.0	gntr	idnr	62	4	0	1	19	0.4225959252163651	0.35294117647058826
23	21	18	(18, 23)	20.666666666666668	21.0	2.516611478423583	('gntr', 'edd')	True	1839.0	('gntr', 'edd')		[(0, 0.26994234821085289, 0.001896614002726008), (10, 0.25242061975133762, 0.051685218950672837), (20, 0.11683726499320163, 0.38674844026264732), (30, 0.1112959427257498, 0.35547308004767231), (60, -0.24029763071514265, 0.17797599023598987), (90, 0.060971017818857921, 0.82251735849300689)]	['-']	gntr	edd	gntr	62.0	edd	62.0	gntr	edd	62	4	0	1	19	0.4225959252163651	0.35294117647058826
29	18	19	(18, 29)	22.0	19.0	6.082762530298219	('gntr', 'eda')	True	1838.0	('gntr', 'eda')		[(0, 0.29369517419018032, 0.00069533944927589123), (10, 0.37520908902973071, 0.0031372046246045493), (20, 0.31263196807027183, 0.017898413609728242), (30, 0.086635367812935848, 0.47251227310518484), (60, -0.37109471689283907, 0.033489921408823321), (90, -0.3689998204176802, 0.15957819555076355)]	['-']	gntr	eda	gntr	62.0	eda	62.0	gntr	eda	62	4	0	1	19	0.4225959252163651	0.35294117647058826
17	33	23	(17, 33)	24.333333333333332	23.0	8.082903768654761	('idnr', 'idnk')	True	1880.0	('idnr', 'idnk')		[(0, 0.095344556913733683, 0.2805626672145709), (10, 0.047883457582415009, 0.71637343600702619), (20, 0.22139411568654901, 0.09791091226379324), (30, 0.14730874683266465, 0.22023091834315309), (60, 0.34974245215891181, 0.046025289394630339), (90, 0.091583640560575025, 0.73586946686247456)]	['+']	idnr	idnk	idnr	62.0	idnk	62.0	idnr	idnk	62	4	0	1	19	0.4225959252163651	0.35294117647058826
11	34	28	(11, 34)	24.333333333333332	28.0	11.930353445448855	('idnr', 'idnd')	True	1879.0	('idnr', 'idnd')		[(0, 0.028364126462887676, 0.74870923947140233), (10, 0.095327950425815378, 0.46874260714841276), (20, 0.19188317570785354, 0.15274085201242132), (30, 0.24122151127101538, 0.042711270240341728), (60, -0.045432278128858715, 0.80177175228218001), (90, 0.13169825691330347, 0.62683412061491262)]	['+']	idnr	idnd	idnr	62.0	idnd	62.0	idnr	idnd	62	4	0	1	19	0.4225959252163651	0.35294117647058826
28	24	21	(21, 28)	24.333333333333332	24.0	3.5118845842842465	('gntr', 'kdgr')	False												gntr	kdgr	62	4	0	1	19	0.4225959252163651	0.35294117647058826
14	28	33	(14, 33)	25.0	28.0	9.848857801796104	('idnr', 'gntu')	True	1878.0	('idnr', 'gntu')		[(0, 0.1132405705605305, 0.19956157629585261), (10, 0.1933249768999315, 0.13887605530023281), (20, 0.29399472107317209, 0.026436155387037842), (30, 0.051821667803225842, 0.66778128070220255), (60, 0.093019369742585539, 0.60664360961848007), (90, -0.16510866952312694, 0.54114701246600516)]	['-']	idnr	gntu	idnr	62.0	gntu	62.0	idnr	gntu	62	4	0	1	19	0.4225959252163651	0.35294117647058826
18	31	31	(18, 31)	26.666666666666668	31.0	7.505553499465135	('kdgr', 'idno')	False												kdgr	idno	62	4	0	1	19	0.4225959252163651	0.35294117647058826
32	27	22	(22, 32)	27.0	27.0	5.0	('gntr', 'idnk')	True	1845.0	('gntr', 'idnk')	10.0	[(0, 0.31618556444539003, 0.00024759907085881094), (10, 0.54584277682327143, 6.4622185789790955e-06), (20, 0.37975934886264134, 0.0035727607289444407), (30, 0.21922575593178287, 0.066231350566646988), (60, -0.54300004381733036, 0.0010938993822966199), (90, -0.20696021242444859, 0.44185046834006192)]	['-']	gntr	idnk	gntr	62.0	idnk	62.0	gntr	idnk	62	4	0	1	19	0.4225959252163651	0.35294117647058826
33	29	20	(20, 33)	27.333333333333332	29.0	6.6583281184793925	('idnr', 'edd')	False												idnr	edd	62	4	0	1	19	0.4225959252163651	0.35294117647058826
31	25	27	(25, 31)	27.666666666666668	27.0	3.0550504633038935	('gntr', 'gntt')	True	1841.0	('gntr', 'gntt')		[(0, 0.09394166339026086, 0.28773302271579537), (10, 0.34574501972832333, 0.0068142226441510884), (20, 0.24265912588361901, 0.06895155678758752), (30, -0.18202014490144097, 0.12870522441941634), (60, 0.036189124323886088, 0.84152746137919776), (90, -0.2088471276792648, 0.43760555196207551)]	['-']	gntr	gntt	gntr	62.0	gntt	62.0	gntr	gntt	62	4	0	1	19	0.4225959252163651	0.35294117647058826
25	32	29	(25, 32)	28.666666666666668	29.0	3.5118845842842465	('kdgr', 'idnk')	False												kdgr	idnk	62	4	0	1	19	0.4225959252163651	0.35294117647058826
35	26	30	(26, 35)	30.333333333333332	30.0	4.509249752822894	('gntr', 'idnd')	True	1844.0	('gntr', 'idnd')	10.0	[(0, 0.22231435535129296, 0.011016051926755461), (10, 0.65689095783377016, 1.199057555014935e-08), (20, 0.42270933365645352, 0.0010540157356587077), (30, 0.19738194488169164, 0.098958398747372264), (60, 0.030832003876064076, 0.86475271093439621), (90, -0.34469070291124848, 0.19106777234309485)]	['-']	gntr	idnd	gntr	62.0	idnd	62.0	gntr	idnd	62	4	0	1	19	0.4225959252163651	0.35294117647058826
34	35	25	(25, 35)	31.333333333333332	34.0	5.507570547286102	('gntr', 'idnt')	True	1847.0	('gntr', 'idnt')		[(0, 0.10430292536966494, 0.23761276715212024), (10, 0.4888946622642848, 7.3849618925464581e-05), (20, 0.29631096929546846, 0.025217228437980722), (30, -0.029260106579808261, 0.80860534449810628), (60, -0.25001245741693312, 0.1605471006368967), (90, -0.58528896079383086, 0.017226507719302592)]	['-']	gntr	idnt	gntr	62.0	idnt	62.0	gntr	idnt	62	4	0	1	19	0.4225959252163651	0.35294117647058826
